1	-0.03532	-0.03532	0
2	0.067	0.01584	0.05116
3	0.11932	0.0503333	0.0454119
4	-0.21036	-0.01484	0.0726545
5	-0.30756	-0.073384	0.0812072
6	0.2044	-0.0270867	0.0808693
7	-0.58256	-0.10644	0.10473
8	0.07856	-0.083315	0.0936001
9	0.40768	-0.02876	0.0989461
10	0.12744	-0.01314	0.089868
11	-0.46144	-0.0538945	0.0909328
12	0.3182	-0.0228867	0.0886123
13	0.14004	-0.0103538	0.0824693
14	0.2886	0.011	0.0792816
15	0.3328	0.0324533	0.0768618
16	-0.17796	0.0193025	0.0730905
17	0.2928	0.0353906	0.0705163
18	-0.22936	0.0206822	0.068091
19	-0.05596	0.0166484	0.0645338
20	0.42952	0.037292	0.0646089
21	0.34244	0.0518229	0.0631498
22	-0.17824	0.0413655	0.0611124
23	0.14996	0.046087	0.0585855
24	0.66048	0.0716867	0.061657
25	0.00116	0.0688656	0.0592065
26	-0.28268	0.0553446	0.0584686
27	-0.03216	0.0521037	0.0563547
28	0.50664	0.0683371	0.0566792
29	-0.04016	0.0645959	0.0548177
30	-0.24828	0.0541667	0.0539761
31	-0.05576	0.0506206	0.0523262
32	0.52796	0.0655375	0.0528149
33	0.07912	0.0659491	0.0511911
34	0.14084	0.0681518	0.0497115
35	-0.168	0.0614046	0.0487395
36	0.1976	0.0651878	0.0475171
37	-0.10544	0.0605762	0.0464446
38	0.42728	0.0702263	0.0462244
39	0.31084	0.0763959	0.0454443
40	0.39888	0.084458	0.0450213
41	0.40296	0.0922263	0.0445914
42	0.26148	0.0962562	0.0437029
43	-0.11008	0.0914577	0.0429434
44	0.27692	0.0956727	0.0421673
45	0.31608	0.100571	0.0415096
46	0.35496	0.106101	0.0409721
47	0.56972	0.115965	0.0412866
48	0.30392	0.119881	0.0406065
49	-0.08416	0.115717	0.0399866
50	0.18516	0.117106	0.0392033
51	-0.17188	0.111439	0.0388425
52	-0.17176	0.105993	0.0384756
53	-0.43384	0.0958075	0.0390928
54	0.3708	0.1009	0.0386986
55	0.21556	0.102985	0.0380456
56	0.56764	0.111282	0.0382704
57	0.13128	0.111633	0.0375946
58	0.1088	0.111584	0.0369408
59	-0.107	0.107879	0.0364978
60	-0.44232	0.0987093	0.0370375
61	-0.09564	0.0955233	0.0365643
62	0.1872	0.0970019	0.0360001
63	0.25628	0.0995302	0.0355142
64	-0.12	0.0961	0.0351228
65	-0.22408	0.0911742	0.0349273
66	0.42816	0.09628	0.0347709
67	0.25804	0.0986943	0.034333
68	0.30072	0.101665	0.0339546
69	-0.58052	0.0917786	0.034889
70	-0.315	0.0859674	0.0348746
71	0.09776	0.0861335	0.0343803
72	0.1542	0.0870789	0.0339126
73	0.02396	0.0862142	0.033456
74	0.28372	0.0888832	0.0331085
75	-0.2918	0.0838075	0.0330561
76	0.66676	0.0914779	0.033508
77	-0.07692	0.0892909	0.0331422
78	0.0816	0.0891923	0.0327147
79	-0.14508	0.0862268	0.0324338
80	0.06724	0.0859895	0.0320267
81	0.09292	0.0860751	0.0316289
82	-0.367	0.0805498	0.0317257
83	-0.07424	0.0786848	0.0313965
84	-0.1708	0.0757148	0.0311624
85	-0.30104	0.0712824	0.0311109
86	-0.01488	0.0702805	0.0307634
87	-0.46348	0.0641453	0.0310205
88	0.10176	0.0645727	0.0306689
89	0.11692	0.0651609	0.0303281
90	-0.67788	0.0569049	0.0311049
91	0.18124	0.0582712	0.0307915
92	-0.13276	0.0561948	0.0305257
93	-0.54952	0.0496817	0.0308901
94	-0.4416	0.0444553	0.0310034
95	-0.22888	0.0415781	0.03081
96	0.11872	0.0423817	0.0304979
97	0.36268	0.0456837	0.030362
98	0.47548	0.0500694	0.0303689
99	0.09244	0.0504974	0.0300636
100	-0.54024	0.04459	0.0303421
