1	0.508592	0.508592	0
2	0.355598	0.432095	0.076497
3	0.443288	0.435826	0.0443229
4	0.336454	0.410983	0.039993
5	0.410218	0.41083	0.0309788
6	0.208045	0.377032	0.0422145
7	0.421384	0.383368	0.036236
8	0.441832	0.390676	0.032221
9	0.366997	0.388045	0.0285378
10	0.440283	0.393269	0.026054
11	0.270299	0.38209	0.0260838
12	0.47436	0.389779	0.0250219
13	0.463156	0.395424	0.0236987
14	0.497431	0.40271	0.023119
15	0.291337	0.395285	0.0227673
16	0.339617	0.391806	0.0215792
17	0.50654	0.398555	0.0213642
18	0.461282	0.40204	0.0204416
19	0.388426	0.401323	0.0193491
20	0.44268	0.403391	0.0184722
21	0.503183	0.408143	0.0182019
22	0.382012	0.406955	0.0173954
23	0.356716	0.404771	0.0167648
24	0.459949	0.40707	0.0162149
25	0.332951	0.404105	0.0158328
26	0.455601	0.406086	0.0153401
27	0.462853	0.408188	0.01491
28	0.41335	0.408373	0.0143688
29	0.368228	0.406988	0.0139334
30	0.348099	0.405025	0.0136033
31	0.481022	0.407477	0.0133836
32	0.448473	0.408758	0.0130218
33	0.432982	0.409492	0.0126424
34	0.419973	0.4098	0.0122688
35	0.368031	0.408607	0.0119727
36	0.305818	0.405752	0.0119806
37	0.246892	0.401458	0.0124181
38	0.416173	0.401845	0.0120931
39	0.432467	0.402631	0.0118051
40	0.630987	0.408339	0.0128446
41	0.4595	0.409587	0.0125894
42	0.398388	0.409321	0.0122889
43	0.336587	0.407629	0.0121183
44	0.387114	0.407163	0.0118489
45	0.398057	0.406961	0.0115844
46	0.321366	0.4051	0.0114815
47	0.42941	0.405617	0.0112465
48	0.396705	0.405431	0.0110112
49	0.393482	0.405188	0.0107869
50	0.291173	0.402907	0.0108122
51	0.368095	0.402225	0.01062
52	0.31241	0.400497	0.0105561
53	0.382649	0.400161	0.0103604
54	0.422564	0.400576	0.0101752
55	0.302653	0.398795	0.010146
56	0.422287	0.399215	0.00997196
57	0.662083	0.403826	0.0108268
58	0.514568	0.405736	0.0108084
59	0.367034	0.40508	0.0106439
60	0.222504	0.402037	0.0108984
61	0.43084	0.402509	0.0107287
62	0.576948	0.405322	0.0109228
63	0.401117	0.405256	0.0107482
64	0.426396	0.405586	0.0105841
65	0.347481	0.404692	0.0104583
66	0.348432	0.40384	0.0103338
67	0.474006	0.404887	0.0102321
68	0.469858	0.405842	0.0101257
69	0.374892	0.405394	0.00998797
70	0.43334	0.405793	0.00985234
71	0.463342	0.406604	0.00974634
72	0.414325	0.406711	0.00961062
73	0.320966	0.405536	0.00955056
74	0.495215	0.406748	0.00949824
75	0.409539	0.406785	0.00937082
76	0.52622	0.408357	0.00937929
77	0.440028	0.408768	0.00926581
78	0.340949	0.407899	0.00918748
79	0.306727	0.406618	0.0091604
80	0.301104	0.405299	0.00914083
81	0.316261	0.4042	0.00909395
82	0.311051	0.403064	0.00905391
83	0.433563	0.403431	0.00895171
84	0.44468	0.403922	0.00885812
85	0.547261	0.405609	0.00891424
86	0.439141	0.405999	0.0088186
87	0.312505	0.404924	0.00878265
88	0.526954	0.406311	0.00879231
89	0.483522	0.407178	0.00873614
90	0.531692	0.408562	0.00874861
91	0.416852	0.408653	0.00865242
92	0.435163	0.408941	0.00856271
93	0.435579	0.409227	0.00847497
94	0.407734	0.409212	0.00838435
95	0.399208	0.409106	0.00829629
96	0.434443	0.40937	0.00821365
97	0.342155	0.408677	0.00815802
98	0.378728	0.408372	0.00808013
99	0.295397	0.40723	0.00807909
100	0.442288	0.407581	0.00800557
