1	31.4106	31.4106	0
2	36.1618	33.7862	2.37563
3	36.9527	34.8417	1.73069
4	30.0954	33.6551	1.70459
5	30.117	32.9475	1.49803
6	20.9068	30.9407	2.35016
7	39.3642	32.1441	2.32233
8	23.3401	31.0436	2.2926
9	27.5626	30.6568	2.05855
10	32.9991	30.891	1.85606
11	30.5415	30.8593	1.67917
12	29.177	30.7191	1.53926
13	33.0052	30.8949	1.42679
14	41.2683	31.6359	1.51457
15	23.5505	31.0969	1.50951
16	21.2279	30.4801	1.54086
17	42.2208	31.1707	1.60371
18	45.1591	31.9478	1.70002
19	33.6425	32.037	1.61053
20	32.9492	32.0826	1.52856
21	44.0297	32.6515	1.56129
22	32.4241	32.6412	1.48867
23	32.6743	32.6426	1.42248
24	42.8052	33.0661	1.42622
25	22.8304	32.6566	1.42794
26	38.0385	32.8636	1.38745
27	44.5612	33.2969	1.40361
28	30.5691	33.1995	1.35606
29	51.1985	33.8201	1.4482
30	26.059	33.5614	1.42281
31	34.3978	33.5884	1.37641
32	36.2318	33.671	1.33527
33	34.2718	33.6892	1.2943
34	29.0911	33.554	1.26292
35	33.8735	33.5631	1.22634
36	26.7751	33.3745	1.20661
37	13.5545	32.8389	1.29002
38	52.737	33.3625	1.36043
39	50.2788	33.7962	1.39427
40	32.0308	33.7521	1.35968
41	45.937	34.0493	1.359
42	34.693	34.0646	1.32634
43	20.4162	33.7472	1.33345
44	22.4159	33.4897	1.328
45	21.3275	33.2194	1.32599
46	27.2647	33.09	1.30329
47	36.1825	33.1558	1.27696
48	34.3778	33.1812	1.25033
49	39.1589	33.3032	1.23061
50	21.6447	33.0701	1.22808
51	37.2353	33.1517	1.20653
52	44.4103	33.3682	1.20275
53	37.9589	33.4549	1.18301
54	35.2399	33.4879	1.16137
55	20.01	33.2429	1.1661
56	42.1678	33.4022	1.15612
57	39.3839	33.5072	1.1405
58	37.5198	33.5764	1.12279
59	29.6818	33.5103	1.10557
60	26.4886	33.3933	1.09327
61	35.622	33.4299	1.07582
62	26.4524	33.3173	1.06429
63	32.4855	33.3041	1.04734
64	39.0159	33.3934	1.03471
65	34.0606	33.4036	1.01872
66	35.4961	33.4353	1.00366
67	35.4837	33.4659	0.989041
68	43.4506	33.6127	0.985389
69	43.5809	33.7572	0.981691
70	29.5157	33.6966	0.969461
71	35.0639	33.7159	0.955903
72	17.655	33.4928	0.96857
73	33.541	33.4935	0.95521
74	32.2249	33.4763	0.942369
75	41.5829	33.5844	0.935981
76	47.434	33.7666	0.94139
77	22.9018	33.6255	0.939737
78	32.2998	33.6085	0.927767
79	22.5902	33.4691	0.926506
80	29.2661	33.4165	0.916358
81	21.6159	33.2708	0.916626
82	26.4321	33.1874	0.909212
83	31.3095	33.1648	0.898476
84	31.9417	33.1503	0.887835
85	39.5919	33.226	0.880594
86	39.2869	33.2965	0.873143
87	28.3307	33.2394	0.864934
88	40.8519	33.3259	0.859414
89	43.845	33.4441	0.857883
90	46.2214	33.5861	0.860096
91	33.893	33.5895	0.850598
92	39.0847	33.6492	0.84342
93	34.0586	33.6536	0.834313
94	34.6597	33.6643	0.825459
95	28.2427	33.6072	0.818715
96	23.1798	33.4986	0.817391
97	23.2223	33.3927	0.815828
98	39.1189	33.4511	0.809572
99	17.0106	33.285	0.818379
100	38.798	33.3402	0.812027
