1	-0.908	-0.908	0
2	-0.924	-0.916	0.008
3	-0.91512	-0.915707	0.00462811
4	-0.91392	-0.91526	0.00330291
5	-0.90976	-0.91416	0.00278487
6	-0.90832	-0.913187	0.0024734
7	-0.93032	-0.915634	0.0032188
8	-0.89904	-0.91356	0.00347464
9	-0.90856	-0.913004	0.0031143
10	-0.91064	-0.912768	0.00279553
11	-0.92088	-0.913505	0.00263399
12	-0.90112	-0.912473	0.00261665
13	-0.90536	-0.911926	0.00246838
14	-0.92848	-0.913109	0.00257306
15	-0.90496	-0.912565	0.00245621
16	-0.9008	-0.91183	0.00241238
17	-0.92376	-0.912532	0.00237221
18	-0.93264	-0.913649	0.00250002
19	-0.91728	-0.91384	0.00237249
20	-0.89744	-0.91302	0.00239546
21	-0.93032	-0.913844	0.00242289
22	-0.922	-0.914215	0.00233969
23	-0.91744	-0.914355	0.00224005
24	-0.92656	-0.914863	0.00220415
25	-0.9104	-0.914685	0.00212168
26	-0.91264	-0.914606	0.00203996
27	-0.93336	-0.915301	0.00208221
28	-0.90456	-0.914917	0.00204281
29	-0.94144	-0.915832	0.00217296
30	-0.9024	-0.915384	0.00214649
31	-0.9224	-0.91561	0.00208839
32	-0.90992	-0.915432	0.00202988
33	-0.91416	-0.915394	0.00196779
34	-0.90016	-0.914946	0.00196091
35	-0.91376	-0.914912	0.00190436
36	-0.9108	-0.914798	0.00185423
37	-0.8956	-0.914279	0.00187657
38	-0.94312	-0.915038	0.00197793
39	-0.94024	-0.915684	0.00203204
40	-0.8984	-0.915252	0.00202717
41	-0.93168	-0.915653	0.00201731
42	-0.92016	-0.91576	0.00197161
43	-0.8992	-0.915375	0.00196336
44	-0.90664	-0.915176	0.00192846
45	-0.89832	-0.914802	0.00192197
46	-0.90112	-0.914504	0.00190311
47	-0.90896	-0.914386	0.00186591
48	-0.9228	-0.914562	0.00183502
49	-0.92472	-0.914769	0.0018091
50	-0.90648	-0.914603	0.00178028
51	-0.92	-0.914709	0.00174823
52	-0.93688	-0.915135	0.00176651
53	-0.91776	-0.915185	0.00173356
54	-0.91376	-0.915159	0.00170136
55	-0.91184	-0.915098	0.00167123
56	-0.92856	-0.915339	0.00165863
57	-0.91504	-0.915333	0.00162928
58	-0.90824	-0.915211	0.00160561
59	-0.91608	-0.915226	0.00157823
60	-0.9132	-0.915192	0.00155207
61	-0.91728	-0.915226	0.00152679
62	-0.90456	-0.915054	0.00151179
63	-0.9104	-0.91498	0.00148943
64	-0.91744	-0.915019	0.00146648
65	-0.91232	-0.914977	0.00144434
66	-0.92248	-0.915091	0.00142682
67	-0.90864	-0.914995	0.00140866
68	-0.92968	-0.915211	0.00140449
69	-0.9364	-0.915518	0.00141765
70	-0.90528	-0.915371	0.00140488
71	-0.90704	-0.915254	0.00138992
72	-0.88248	-0.914799	0.00144409
73	-0.9228	-0.914908	0.00142838
74	-0.90952	-0.914836	0.00141083
75	-0.92728	-0.915002	0.00140175
76	-0.9372	-0.915294	0.00141368
77	-0.9004	-0.9151	0.00140855
78	-0.91768	-0.915133	0.00139076
79	-0.9076	-0.915038	0.00137635
80	-0.91144	-0.914993	0.00135979
81	-0.89648	-0.914764	0.0013622
82	-0.90832	-0.914686	0.00134778
83	-0.91352	-0.914672	0.00133152
84	-0.91024	-0.914619	0.00131663
85	-0.91696	-0.914647	0.00130134
86	-0.92112	-0.914722	0.00128832
87	-0.91312	-0.914703	0.00127356
88	-0.91872	-0.914749	0.00125983
89	-0.9312	-0.914934	0.00125923
90	-0.928	-0.915079	0.0012536
91	-0.918	-0.915111	0.00124016
92	-0.93144	-0.915289	0.00123938
93	-0.9176	-0.915314	0.00122623
94	-0.91136	-0.915271	0.00121385
95	-0.91288	-0.915246	0.00120127
96	-0.9024	-0.915113	0.0011962
97	-0.90456	-0.915004	0.00118879
98	-0.92248	-0.91508	0.00117907
99	-0.90176	-0.914945	0.00117483
100	-0.92568	-0.915053	0.00116796
