0.28146
0.650507
0.289861
0.298423
0.455466
0.77089
0.34937
0.282807
0.111554
0.503504
0.856943
0.906637
0.261348
0.284365
0.64457
0.706168
0.857063
0.821303
1.06703
1.01757
1.32401
1.62276
1.20869
1.03416
1.21228
0.768958
0.266459
0.508683
0.864801
0.492226
0.437757
1.13735
1.54309
1.32031
0.833426
0.915718
1.06763
0.824796
0.639097
0.944515
1.20411
0.939701
0.857514
0.872238
0.76098
0.615788
0.746404
1.10617
0.591107
0.488003
0.427384
0.547374
0.841203
0.569882
1.0549
1.33074
0.490486
0.472872
0.711112
0.820738
0.829774
0.552283
0.645125
0.583556
0.444397
0.410691
0.635287
0.720705
0.248756
0.386709
0.111244
0.544823
0.593856
0.880838
0.420577
0.713652
1.00366
0.976874
0.937118
0.550121
0.488991
0.796757
0.720219
0.534201
0.86335
0.914567
0.685893
0.829806
0.747213
0.975286
0.821596
0.776128
1.18161
1.24881
0.168944
1.48544
0.925993
0.773544
0.228085
1.06569
