0
0
0
0
0
0
0
0
0
0
0.0267128
0.868604
2.26233
2.42466
1.54138
1.05466
0.97402
0.519548
0.619883
0.751681
0.687161
0.784109
1.15254
1.18995
1.17336
1.41852
1.09947
1.00149
0.885283
0.849991
0
0
0
0
0
0
0
0
0
0
0
1.00224
2.48856
2.06905
1.58342
1.06692
0.844151
0.625382
0.688759
0.635442
0.792339
0.930731
1.05358
1.16861
1.18809
1.2599
1.1834
0.93914
0.91068
0.877083
0
0
0
0
0
0
0
0
0
0
0
0.82406
2.62053
2.24686
1.41527
1.04239
0.822506
0.663867
0.680149
0.759431
0.736244
0.886107
1.11179
1.13659
1.193
1.22817
1.09108
1.02877
0.975988
0.805968
0
0
0
0
0
0
0
0
0
0
0.0267128
0.779516
2.65824
2.19836
1.48533
1.16503
0.595235
0.663867
0.705978
0.736183
0.869469
0.96898
0.937164
1.13126
1.247
1.13753
1.17081
0.970314
0.943334
0.887242
0
0
0
0
0
0
0
0
0
0
0
0.913148
2.3943
2.27918
1.65349
0.882968
0.790039
0.596518
0.740416
0.774929
0.939588
0.796858
0.948806
1.23264
1.19791
1.22817
1.12045
0.927449
0.907052
0.897401
0
0
0
0
0
0
0
0
0
0
0.0267128
1.13587
2.22462
2.37617
1.42928
0.968812
0.822506
0.673488
0.731806
0.712935
0.799351
0.854232
1.03612
1.16327
1.31083
1.13753
1.1834
0.935243
0.874398
0.87031
0
0
0
0
0
0
0
0
0
0
0
0.935419
2.54512
2.1822
1.6675
0.78486
0.779216
0.769701
0.757635
0.681938
0.729232
0.822358
1.12925
1.16327
1.27155
1.30975
1.04912
0.93914
0.888911
0.849991
0
0
0
0
0
0
0
0
0
0
0.0267128
0.801788
2.54512
2.34384
1.47132
0.956548
0.854974
0.721595
0.66293
0.712935
0.743256
0.73311
1.20493
1.16861
1.34028
1.27349
1.00295
0.958624
0.903424
0.880469
0
0
0
0
0
0
0
0
0
0
0
0.801788
2.46971
2.45699
1.41527
1.11597
0.898263
0.635003
0.67154
0.666439
0.666126
0.815983
1.07687
1.26466
1.28628
1.29615
1.09528
0.943036
0.841744
0.853378
0
0
0
0
0
0
0
0
0
0
0.0267128
0.82406
2.58283
2.08521
1.52737
1.26313
0.790039
0.596518
0.723197
0.681938
0.652102
0.924356
0.983731
1.26466
1.23227
1.28709
1.07849
1.03656
0.859885
0.829673
0
0
0
0
0
0
0
0
0
0
0
1.00224
2.54512
2.11754
1.31718
1.21408
0.833329
0.711974
0.619883
0.751681
0.687161
0.854232
1.04194
1.20596
1.19791
1.26443
1.17501
1.05215
0.823603
0.87031
0
0
0
0
0
0
0
0
0
0
0.0267128
1.00224
2.56397
2.05288
1.34521
1.22634
0.854974
0.644625
0.637102
0.666439
0.848434
0.828733
1.12343
1.10991
1.20282
1.27803
1.10367
1.10281
0.845372
0.849991
0
0
0
0
0
0
0
0
0
0
0
0.779516
2.79021
2.08521
1.48533
1.11597
0.768394
0.692731
0.568226
0.720684
0.855446
0.841483
1.04776
1.1526
1.29119
1.08768
1.1876
1.1067
0.932449
0.792422
0
0
0
0
0
0
0
0
0
0
0
0.868604
2.58283
2.36001
1.41527
1.16503
0.541122
0.798565
0.602664
0.612194
0.890505
0.917981
1.02448
1.17928
1.19791
1.22817
1.16242
1.05215
0.91068
0.819514
0
0
0
0
0
0
0
0
0
0
0
0.734972
2.99759
1.84274
1.73756
0.907495
0.757571
0.702352
0.66293
0.697436
0.638078
1.05185
1.05358
1.18995
1.21264
1.25537
1.09108
1.00149
0.914308
0.836446
0
0
0
0
0
0
0
0
0
0
0
1.06905
2.41315
2.32768
1.42928
0.932022
0.876618
0.721595
0.576836
0.635442
0.792339
0.930731
1.17
1.13659
1.28628
1.11034
1.11206
0.993695
0.845372
0.95497
0
0
0
0
0
0
0
0
0
0
0
1.15814
2.13036
2.61864
1.37323
0.907495
0.681814
0.875535
0.559617
0.674188
0.904528
0.886107
1.0303
1.23264
1.23718
1.16473
1.13724
0.931346
0.823603
0.934652
0
0
0
0
0
0
0
0
0
0
0
0.890876
2.56397
2.32768
1.56941
0.932022
0.606057
0.769701
0.645711
0.674188
0.967635
0.879732
0.954627
1.27
1.23718
1.21005
1.03233
0.946933
0.899795
0.853378
0
0
0
0
0
0
0
0
0
0
0.0267128
1.06905
2.41315
2.16603
1.63947
0.895231
0.692637
0.635003
0.783463
0.759431
0.785327
0.94348
0.989552
1.21663
1.2961
1.12847
1.08269
0.958624
0.841744
0.910947
0
0
0
0
0
0
0
0
0
0
0.0267128
0.935419
2.62053
2.11754
1.47132
0.993339
0.714282
0.673488
0.714587
0.782678
0.701185
0.988104
1.09433
1.25399
1.193
1.1466
1.00295
1.00149
0.805462
0.971902
0
0
0
0
0
0
0
0
0
0
0
1.29177
2.65824
1.85891
1.51336
0.981075
0.627702
0.769701
0.637102
0.774929
0.820386
0.917981
1.11179
1.23798
1.17827
1.16019
1.02394
0.943036
0.867142
0.951584
0
0
0
0
0
0
0
0
0
0
0
1.24723
2.58283
2.06905
1.35922
0.993339
0.746749
0.702352
0.680149
0.743932
0.687161
1.02635
1.10597
1.27
1.23718
1.11487
0.981972
0.87679
1.0159
0.877083
0
0
0
0
0
0
0
0
0
0
0
1.06905
2.48856
2.50549
1.17706
0.858441
0.865796
0.673488
0.645711
0.728433
0.813374
0.911606
1.22239
1.19529
1.27155
1.09221
0.998757
0.915759
0.983244
0.826286
0
0
0
0
0
0
0
0
0
0
0.0267128
1.00224
2.63939
2.27918
1.31718
0.932022
0.692637
0.702352
0.757635
0.674188
0.820386
0.95623
1.16418
1.2113
1.32065
1.0333
0.998757
0.985902
0.856257
0.883855
0
0
0
0
0
0
0
0
0
0
0
0.913148
2.80906
1.98822
1.56941
0.981075
0.627702
0.673488
0.766244
0.736183
0.820386
0.905231
1.1409
1.17395
1.30101
1.10128
1.00295
0.985902
0.881654
0.897401
0
0
0
0
0
0
0
0
0
0
0
1.06905
2.31889
2.37617
1.49935
1.0056
0.768394
0.625382
0.568226
0.844673
0.75728
0.98173
1.05358
1.14193
1.28137
1.18739
1.00715
1.03656
0.903424
0.856764
0
0
0
0
0
0
0
0
0
0
0.0267128
0.757244
2.52627
2.45699
1.54138
1.03013
0.822506
0.423336
0.740416
0.712935
0.806363
0.949855
1.01284
1.22197
1.16845
1.27803
1.0659
0.982005
0.885283
0.924493
0
0
0
0
0
0
0
0
0
0
0
0.868604
2.58283
2.26302
1.49935
1.0056
0.854974
0.52917
0.654321
0.681938
0.869469
0.854232
1.11761
1.26466
1.16845
1.25537
1.03233
1.00149
0.841744
1.00577
0
0
0
0
0
0
0
0
0
0
0
1.00224
2.52627
2.23069
1.42928
1.11597
0.746749
0.52917
0.602664
0.751681
0.918552
0.911606
1.01284
1.28067
1.16845
1.25083
1.07849
0.923552
0.917936
0.91772
0
0
0
0
0
0
0
0
0
0
0
1.00224
2.48856
2.26302
1.5554
1.04239
0.703459
0.442578
0.637102
0.790428
0.988671
0.841483
1.05358
1.15794
1.33046
1.25083
1.02394
0.989799
0.834488
0.866923
0
0
0
0
0
0
0
0
0
0
0
0.913148
2.54512
2.42466
1.56941
0.821651
0.757571
0.558033
0.533788
0.813676
0.9466
0.873357
1.10597
1.16861
1.24209
1.26896
1.0701
0.970314
0.849001
0.866923
0
0
0
0
0
0
0
0
0
0
0
1.02451
2.82791
2.06905
1.40126
1.05466
0.606057
0.625382
0.594054
0.689687
0.953611
1.08373
1.00119
1.11525
1.27646
1.21911
1.11626
0.931346
0.852629
0.944811
0
0
0
0
0
0
0
0
0
0
0
1.18041
2.62053
2.1822
1.31718
1.03013
0.57359
0.731216
0.602664
0.720684
0.827398
1.21122
1.04194
1.14726
1.12427
1.22817
1.08688
1.03266
0.841744
0.890628
0
0
0
0
0
0
0
0
0
0
0.0267128
1.15814
2.58283
2.21453
1.45731
0.833914
0.692637
0.68311
0.619883
0.759431
0.869469
0.994479
1.18746
1.15794
1.15863
1.16019
1.04492
1.02487
0.888911
0.910947
0
0
0
0
0
0
0
0
0
0
0
0.957691
2.67709
2.27918
1.4433
0.882968
0.692637
0.721595
0.611273
0.65869
0.974647
0.924356
1.11179
1.25399
1.15372
1.16926
1.05331
0.93914
0.965103
0.948197
0
0
0
0
0
0
0
0
0
0
0.0267128
0.868604
2.69594
2.27918
1.28916
1.10371
0.606057
0.83705
0.559617
0.76718
0.764292
1.01998
1.07104
1.22197
1.25682
1.11941
1.01135
0.966418
0.95059
0.958357
0
0
0
0
0
0
0
0
0
0
0
1.04678
2.73365
2.1822
1.30317
0.993339
0.681814
0.779322
0.628492
0.720684
0.806363
0.930731
1.18164
1.20063
1.27155
1.04236
1.01554
1.00928
0.975988
0.914333
0
0
0
0
0
0
0
0
0
0
0
0.868604
2.80906
2.16603
1.4433
0.993339
0.757571
0.635003
0.67154
0.604445
0.925564
0.975355
1.13507
1.12592
1.32065
1.17379
0.860274
1.05604
0.979616
0.849991
0
0
0
0
0
0
0
0
0
0
0
0.868604
2.80906
2.31151
1.3312
1.06692
0.638525
0.663867
0.628492
0.689687
0.83441
1.07098
1.08851
1.12592
1.2961
1.16473
1.04492
0.872893
0.968731
0.944811
0
0
0
0
0
0
0
0
0
0
0.0267128
1.00224
2.58283
2.34384
1.35922
1.05466
0.660169
0.702352
0.637102
0.681938
0.771303
1.00085
1.19328
1.21663
1.20773
1.17379
1.04912
0.911862
0.917936
0.897401
0
0
0
0
0
0
0
0
0
0
0
1.24723
2.58283
2.1822
1.27515
1.11597
0.660169
0.625382
0.757635
0.681938
0.750268
0.917981
1.32716
1.10458
1.21264
1.21005
1.01974
0.970314
0.932449
0.894015
0
0
0
0
0
0
0
0
0
0
0.0267128
0.957691
2.99759
2.03672
1.35922
0.882968
0.757571
0.702352
0.731806
0.705186
0.736244
0.917981
1.13507
1.30201
1.16845
1.21911
0.973579
1.08332
0.892539
0.805968
0
0
0
0
0
0
0
0
0
0
0
0.868604
2.73365
2.48932
1.19107
0.981075
0.692637
0.788944
0.66293
0.619943
0.799351
0.917981
1.05358
1.30201
1.30101
1.09675
1.0617
0.974211
0.975988
0.900788
0
0
0
0
0
0
0
0
0
0
0
0.913148
2.69594
2.29535
1.37323
0.944285
0.833329
0.663867
0.654321
0.751681
0.617043
1.00085
1.04776
1.32869
1.247
1.11034
1.07429
0.958624
0.939706
0.914333
0
0
0
0
0
0
0
0
0
0
0
1.04678
2.69594
1.92357
1.72355
0.956548
0.725104
0.558033
0.792073
0.728433
0.631066
0.924356
1.10597
1.36071
1.10954
1.22817
1.05331
1.00928
0.943334
0.839832
0
0
0
0
0
0
0
0
0
0
0
0.979963
2.58283
2.08521
1.63947
1.0056
0.714282
0.68311
0.740416
0.697436
0.694173
0.809608
1.18164
1.11525
1.40902
1.14207
1.02394
1.02097
0.914308
0.924493
0
0
0
0
0
0
0
0
0
0
0
0.957691
2.73365
2.23069
1.30317
1.03013
0.844151
0.596518
0.680149
0.674188
0.799351
0.866982
1.07104
1.27
1.31574
1.10128
1.07429
0.985902
0.921565
0.921106
0
0
0
0
0
0
0
0
0
0
0
1.04678
2.46971
2.26302
1.35922
1.17729
0.703459
0.68311
0.66293
0.643191
0.750268
1.02635
1.04194
1.27
1.25191
1.17832
1.07849
0.880687
0.917936
0.931265
0
0
0
0
0
0
0
0
0
0
0
0.779516
2.97874
1.9559
1.51336
1.04239
0.725104
0.692731
0.568226
0.720684
0.799351
0.892481
1.20493
1.23798
1.21264
1.14207
1.10787
1.00539
0.859885
0.863537
0
0
0
0
0
0
0
0
0
0
0
0.913148
2.56397
2.26302
1.51336
1.04239
0.790039
0.586897
0.637102
0.720684
0.708197
0.962605
1.09433
1.28067
1.27155
1.133
1.10367
0.958624
0.961475
0.785649
0
0
0
0
0
0
0
0
0
0
0
0.979963
2.48856
2.05288
1.65349
1.22634
0.660169
0.615761
0.628492
0.697436
0.72222
0.975355
1.11761
1.11525
1.31574
1.21911
1.02394
1.12619
0.823603
0.900788
0
0
0
0
0
0
0
0
0
0
0.0267128
0.979963
2.33774
2.27918
1.5554
1.10371
0.779216
0.673488
0.551007
0.612194
0.855446
0.988104
1.01866
1.12058
1.33537
1.18285
1.15822
1.03656
0.834488
0.894015
0
0
0
0
0
0
0
0
0
0
0.0267128
1.02451
2.45086
2.36001
1.28916
1.07918
0.876618
0.548412
0.637102
0.643191
0.904528
0.879732
1.13507
1.14726
1.30101
1.11941
1.08269
1.05604
0.845372
0.931265
0
0
0
0
0
0
0
0
0
0
0
0.913148
2.52627
2.36001
1.38725
0.932022
0.909086
0.586897
0.637102
0.736183
0.785327
0.917981
1.12343
1.31268
1.15863
1.11487
1.14563
0.915759
0.936077
0.900788
0
0
0
0
0
0
0
0
0
0
0
1.09132
2.63939
2.02055
1.41527
0.944285
0.854974
0.740837
0.66293
0.674188
0.771303
0.905231
1.16418
1.2113
1.15863
1.23724
1.02813
0.974211
0.925193
0.843218
0
0
0
0
0
0
0
0
0
0
0
1.13587
2.46971
2.02055
1.48533
1.10371
0.768394
0.663867
0.697368
0.712935
0.750268
0.911606
1.0303
1.30735
1.18318
1.16473
1.08269
0.982005
0.899795
0.853378
0
0
0
0
0
0
0
0
0
0
0.0267128
0.890876
2.52627
2.24686
1.5554
1.06692
0.649347
0.635003
0.705978
0.774929
0.673137
0.95623
1.0594
1.29668
1.25682
1.22817
1.01135
0.923552
0.834488
0.944811
0
0
0
0
0
0
0
0
0
0
0
0.935419
2.52627
2.19836
1.63947
0.956548
0.779216
0.596518
0.654321
0.759431
0.666126
0.975355
1.14672
1.2113
1.22246
1.32788
1.03233
0.841719
0.888911
0.853378
0
0
0
0
0
0
0
0
0
0
0
1.04678
2.54512
2.1337
1.58342
0.932022
0.790039
0.586897
0.645711
0.728433
0.83441
0.937106
1.11179
1.14726
1.33046
1.24177
0.986168
0.915759
0.859885
0.904174
0
0
0
0
0
0
0
0
0
0
0.0801384
0.82406
2.62053
2.26302
1.48533
0.932022
0.746749
0.635003
0.688759
0.743932
0.855446
0.917981
0.983731
1.18462
1.40902
1.23271
0.931614
0.93914
0.885283
0.873696
0
0
0
0
0
0
0
0
0
0
0
0.82406
2.84677
1.89124
1.80762
0.846177
0.790039
0.548412
0.628492
0.898918
0.743256
0.892481
1.05358
1.29134
1.27155
1.17832
1.01974
0.888481
0.874398
0.91772
0
0
0
0
0
0
0
0
0
0
0
0.935419
2.63939
2.06905
1.72355
0.809387
0.779216
0.577276
0.723197
0.697436
0.869469
0.886107
1.06522
1.31802
1.247
1.06502
1.02813
1.02097
0.95059
0.816127
0
0
0
0
0
0
0
0
0
0
0.0267128
0.890876
2.56397
2.32768
1.40126
1.04239
0.61688
0.721595
0.723197
0.790428
0.708197
0.879732
1.10597
1.18995
1.34519
1.10128
1.00715
1.04825
0.903424
0.944811
0
0
0
0
0
0
0
0
0
0
0.0267128
0.979963
2.43201
2.27918
1.61145
0.821651
0.703459
0.808186
0.749025
0.674188
0.72222
0.898856
1.03612
1.35537
1.16354
1.16019
1.01135
1.09501
0.885283
0.877083
0
0
0
0
0
0
0
0
0
0
0.0801384
0.601341
2.77135
2.39234
1.3312
0.895231
0.898263
0.769701
0.654321
0.5502
0.75728
0.937106
1.06522
1.286
1.19791
1.24177
1.05751
0.958624
0.965103
0.809354
0
0
0
0
0
0
0
0
0
0
0.0267128
0.779516
2.77135
2.14987
1.48533
0.968812
0.909086
0.692731
0.628492
0.604445
0.799351
0.835108
1.11179
1.27533
1.21264
1.20551
1.09108
1.02877
0.841744
0.853378
0
0
0
0
0
0
0
0
0
0
0
0.979963
2.56397
2.14987
1.42928
1.1405
0.919908
0.577276
0.594054
0.681938
0.638078
1.01998
1.09433
1.27533
1.15372
1.20098
1.15822
0.997592
0.874398
0.802581
0
0
0
0
0
0
0
0
0
0
0
1.00224
2.31889
2.34384
1.41527
1.15276
0.790039
0.663867
0.619883
0.689687
0.736244
0.873357
1.12925
1.26466
1.247
1.133
1.16662
0.966418
0.91068
0.734853
0
0
0
0
0
0
0
0
0
0
0
0.868604
2.41315
2.45699
1.35922
1.17729
0.703459
0.76008
0.654321
0.596695
0.764292
0.796858
1.18164
1.24865
1.193
1.25083
1.04912
1.05215
0.888911
0.87031
0
0
0
0
0
0
0
0
0
0
0
0.957691
2.3943
2.08521
1.65349
1.20182
0.800861
0.692731
0.551007
0.666439
0.673137
0.905231
1.15836
1.25399
1.14881
1.21911
1.16242
0.978108
0.907052
0.873696
0
0
0
0
0
0
0
0
0
0
0
0.913148
2.46971
1.98822
1.58342
1.38577
0.865796
0.52917
0.585445
0.581197
0.785327
0.917981
1.12343
1.28067
1.14881
1.17379
1.19599
1.01708
0.87077
0.900788
0
0
0
0
0
0
0
0
0
0
0
0.979963
2.50742
1.93973
1.61145
1.33672
0.735927
0.625382
0.637102
0.495955
0.785327
1.01998
1.11179
1.13659
1.22737
1.27349
1.08269
1.02877
0.892539
0.846605
0
0
0
0
0
0
0
0
0
0
0
1.02451
2.46971
2.21453
1.51336
0.981075
0.833329
0.702352
0.602664
0.65094
0.750268
0.94348
0.995373
1.33403
1.23227
1.12847
1.12465
1.03656
0.899795
0.894015
0
0
0
0
0
0
0
0
0
0
0
1.04678
2.3943
2.39234
1.52737
0.870704
0.833329
0.625382
0.697368
0.736183
0.673137
0.917981
1.07104
1.29668
1.21264
1.12394
1.11206
1.01708
0.888911
0.982062
0
0
0
0
0
0
0
0
0
0
0
0.890876
2.80906
2.00439
1.51336
0.981075
0.822506
0.68311
0.680149
0.689687
0.652102
0.962605
1.08269
1.16327
1.33046
1.23724
0.914828
1.06384
0.921565
0.96513
0
0
0
0
0
0
0
0
0
0
0
0.957691
2.54512
2.24686
1.47132
0.932022
0.822506
0.740837
0.705978
0.705186
0.701185
0.873357
1.11179
1.09924
1.29119
1.2599
1.04912
0.935243
0.979616
0.890628
0
0
0
0
0
0
0
0
0
0
0
0.957691
2.7525
1.85891
1.61145
0.968812
0.865796
0.673488
0.697368
0.681938
0.792339
0.988104
0.931343
1.1526
1.26664
1.27803
1.02394
0.982005
0.979616
0.853378
0
0
0
0
0
0
0
0
0
0
0
1.18041
2.58283
2.00439
1.37323
1.07918
0.854974
0.663867
0.680149
0.736183
0.764292
0.924356
1.07687
1.0779
1.23718
1.24177
1.07849
1.02487
0.907052
0.87031
0
0
0
0
0
0
0
0
0
0
0
1.18041
2.31889
2.1337
1.5554
1.0056
0.779216
0.76008
0.645711
0.76718
0.701185
0.841483
1.21075
1.06722
1.23227
1.2463
1.10787
0.982005
0.888911
0.846605
0
0
0
0
0
0
0
0
0
0
0
0.868604
2.58283
2.21453
1.5554
1.0056
0.800861
0.644625
0.628492
0.782678
0.666126
0.930731
1.08269
1.17928
1.18809
1.30069
1.12045
1.00928
0.816347
0.880469
0
0
0
0
0
0
0
0
0
0
0
0.935419
2.35659
2.29535
1.61145
1.21408
0.57359
0.740837
0.533788
0.712935
0.708197
0.98173
1.06522
1.286
1.16845
1.23271
1.12045
0.974211
0.925193
0.751785
0
0
0
0
0
0
0
0
0
0
0.0267128
1.00224
2.37545
2.24686
1.56941
1.21408
0.649347
0.625382
0.66293
0.557949
0.83441
1.02635
0.995373
1.24331
1.29119
1.17379
1.12885
0.884584
0.914308
0.829673
0
0
0
0
0
0
0
0
0
0
0.0534256
0.890876
2.43201
2.58631
1.42928
1.03013
0.703459
0.52917
0.680149
0.635442
0.792339
1.00085
1.15836
1.21663
1.247
1.16473
1.04492
0.962521
0.867142
0.883855
0
0
0
0
0
0
0
0
0
0
0.0267128
0.82406
2.84677
2.1822
1.65349
0.907495
0.660169
0.644625
0.542398
0.681938
0.799351
0.962605
1.22821
1.22197
1.18809
1.12394
1.09108
1.04435
0.838116
0.860151
0
0
0
0
0
0
0
0
0
0
0.0267128
0.935419
2.58283
2.19836
1.61145
1.04239
0.703459
0.615761
0.50796
0.65869
0.83441
1.01998
1.21075
1.1526
1.18809
1.18739
1.12885
0.962521
0.903424
0.812741
0
0
0
0
0
0
0
0
0
0
0.0267128
0.979963
2.48856
2.19836
1.65349
1.03013
0.779216
0.596518
0.464912
0.728433
0.778315
1.01998
1.17582
1.22197
1.12427
1.17379
1.1834
0.911862
0.834488
0.968516
0
0
0
0
0
0
0
0
0
0
0
1.02451
2.45086
2.45699
1.30317
1.05466
0.800861
0.586897
0.568226
0.712935
0.743256
1.00085
1.18164
1.24331
1.18318
1.16019
1.04912
0.978108
0.921565
0.860151
0
0
0
0
0
0
0
0
0
0
0.0267128
0.913148
2.65824
2.42466
1.24712
1.03013
0.757571
0.596518
0.688759
0.627693
0.785327
0.988104
1.11761
1.2113
1.25682
1.1466
1.16242
0.868996
0.943334
0.87031
0
0
0
0
0
0
0
0
0
0
0.0267128
0.801788
2.84677
2.23069
1.37323
0.993339
0.746749
0.711974
0.585445
0.712935
0.785327
0.879732
1.09433
1.17395
1.33537
1.16019
1.08269
0.970314
0.932449
0.887242
0
0
0
0
0
0
0
0
0
0
0.0267128
1.09132
2.41315
2.19836
1.52737
1.06692
0.681814
0.731216
0.654321
0.76718
0.764292
0.790484
0.995373
1.30201
1.27646
1.15566
1.10367
0.974211
0.888911
0.992221
0
0
0
0
0
0
0
0
0
0
0
0.979963
2.62053
2.26302
1.34521
0.993339
0.735927
0.769701
0.66293
0.774929
0.72222
0.815983
1.06522
1.31268
1.19791
1.21005
1.07429
0.954727
0.917936
0.985448
0
0
0
0
0
0
0
0
0
0
0
0.868604
2.84677
2.23069
1.31718
0.932022
0.800861
0.692731
0.723197
0.619943
0.750268
1.0136
1.04776
1.16861
1.30592
1.10581
1.15822
0.923552
0.921565
0.91772
0
0
0
0
0
0
0
0
0
0
0
1.00224
2.62053
2.24686
1.58342
0.809387
0.779216
0.644625
0.654321
0.751681
0.736244
1.01998
1.00702
1.18462
1.2961
1.17379
1.03653
1.04825
0.878026
0.880469
0
0
0
0
0
0
0
0
0
0
0.133564
0.846332
2.73365
2.02055
1.58342
1.05466
0.681814
0.635003
0.611273
0.774929
0.729232
0.95623
1.10597
1.24865
1.16354
1.2463
1.09528
1.00149
0.874398
0.849991
0
0
0
0
0
0
0
0
0
0
0
0.757244
2.92218
2.14987
1.54138
0.993339
0.660169
0.644625
0.654321
0.612194
0.897517
0.949855
0.995373
1.22731
1.28628
1.21458
1.11626
0.974211
0.856257
0.849991
0
0
0
0
0
0
0
0
0
0
0.0267128
1.11359
2.7148
2.05288
1.27515
1.18955
0.725104
0.60614
0.645711
0.728433
0.792339
0.937106
1.09433
1.13126
1.30101
1.27803
1.0617
0.966418
0.878026
0.853378
0
0
0
0
0
0
0
0
0
0
0
1.00224
2.69594
2.1822
1.28916
1.07918
0.757571
0.654246
0.645711
0.751681
0.778315
0.930731
0.983731
1.27
1.21755
1.27803
1.0701
0.954727
0.936077
0.8229
0
0
0
0
0
0
0
0
0
0
0
1.00224
2.58283
2.29535
1.45731
0.907495
0.854974
0.625382
0.585445
0.798177
0.701185
0.930731
1.02448
1.24865
1.25682
1.25083
1.0659
1.01708
0.852629
0.860151
0
0
0
0
0
0
0
0
0
0
0
0.801788
2.69594
2.52165
1.12101
1.12824
0.768394
0.654246
0.688759
0.635442
0.806363
0.835108
1.17582
1.18462
1.23227
1.22364
1.13304
0.966418
0.899795
0.87031
0
0
0
0
0
0
0
0
0
0
0
1.04678
2.52627
2.1822
1.42928
1.16503
0.703459
0.635003
0.731806
0.674188
0.729232
0.873357
1.17
1.18995
1.19791
1.24177
1.11206
0.962521
0.885283
0.805968
