-3.90289
-3.9735
-3.95929
-3.94356
-3.94135
-3.9481
-3.95409
-3.95157
-3.95344
-3.93108
-3.94083
-3.95646
-3.97037
-3.93749
-3.95804
-3.93897
-3.95201
-3.94141
-3.95273
-3.93144
-3.94274
-3.94898
-3.95381
-3.93576
-3.94643
-3.96263
-3.96052
-3.92737
-3.94254
-3.97278
-3.92845
-3.93944
-3.94436
-3.95053
-3.9768
-3.93333
-3.94553
-3.93927
-3.96831
-3.92807
-3.9653
-3.96282
-3.92941
-3.95757
-3.93749
-3.96765
-3.93049
-3.95453
-3.95381
-3.94606
-3.95369
-3.95252
-3.92949
-3.96199
-3.9275
-3.95748
-3.96205
-3.9282
-3.95704
-3.94175
-3.93565
-3.96521
-3.94242
-3.95886
-3.92879
-3.9531
-3.91506
-3.96701
-3.95302
-3.93866
-3.95124
-3.94649
-3.94641
-3.93724
-3.96069
-3.93904
-3.94483
-3.95665
-3.95274
-3.96004
-3.93377
-3.977
-3.94958
-3.93732
-3.94512
-3.94644
-3.94447
-3.96192
-3.94789
-3.93521
-3.96816
-3.93913
-3.94087
-3.96674
-3.9398
-3.94516
-3.95127
-3.97056
-3.94716
-3.92871
