0.92039
0.820484
0.892492
0.897681
0.876727
0.816556
0.8906
0.90186
0.932416
0.892269
0.83953
0.814743
0.909182
0.93059
0.851845
0.856068
0.825544
0.84015
0.783785
0.83267
0.79722
0.745347
0.810823
0.846227
0.790973
0.832903
0.908818
0.894071
0.846064
0.891305
0.938773
0.830726
0.768105
0.791177
0.849386
0.872066
0.835703
0.878276
0.892173
0.883802
0.823947
0.872458
0.903383
0.870178
0.887373
0.886828
0.899515
0.810526
0.894164
0.897653
0.883811
0.858558
0.828718
0.86642
0.815631
0.74868
0.877139
0.901857
0.84916
0.841967
0.848601
0.874023
0.861796
0.856531
0.897608
0.890952
0.892991
0.827053
0.898639
0.868122
0.912963
0.854798
0.869336
0.838052
0.90969
0.867796
0.814328
0.810196
0.819523
0.869669
0.888008
0.806828
0.86828
0.935021
0.868647
0.842405
0.892594
0.865163
0.875214
0.828632
0.84218
0.88995
0.82426
0.773575
0.98677
0.747915
0.856047
0.850704
0.966547
0.825403
