-5.28347
-5.20423
-5.29802
-5.29008
-5.25644
-5.17293
-5.28999
-5.30436
-5.35206
-5.26948
-5.20013
-5.17858
-5.33414
-5.33337
-5.23581
-5.22307
-5.19033
-5.20164
-5.12841
-5.18044
-5.13857
-5.067
-5.17005
-5.2051
-5.13289
-5.21198
-5.32375
-5.26848
-5.21163
-5.30974
-5.33661
-5.18553
-5.09651
-5.1373
-5.25087
-5.24143
-5.19909
-5.25668
-5.30657
-5.25377
-5.20122
-5.2715
-5.28448
-5.26284
-5.26855
-5.2979
-5.27976
-5.17032
-5.29505
-5.29254
-5.27941
-5.24035
-5.17257
-5.26162
-5.15094
-5.0805
-5.27775
-5.28098
-5.23078
-5.2047
-5.20855
-5.27624
-5.23511
-5.24366
-5.2752
-5.28953
-5.25455
-5.20759
-5.30098
-5.24085
-5.32069
-5.22868
-5.25041
-5.19432
-5.32523
-5.24073
-5.16632
-5.17195
-5.18203
-5.26454
-5.26578
-5.18724
-5.252
-5.33985
-5.24809
-5.21005
-5.28337
-5.25967
-5.26071
-5.17816
-5.23143
-5.27406
-5.17726
-5.1271
-5.41996
-5.06703
-5.23534
-5.24662
-5.39698
-5.16682
