1.38058
1.23073
1.33874
1.34652
1.31509
1.22483
1.3359
1.35279
1.39862
1.3384
1.2593
1.22211
1.36377
1.39588
1.27777
1.2841
1.23832
1.26023
1.17568
1.249
1.19583
1.11802
1.21623
1.26934
1.18646
1.24936
1.36323
1.34111
1.2691
1.33696
1.40816
1.24609
1.15216
1.18677
1.27408
1.3081
1.25356
1.31741
1.33826
1.3257
1.23592
1.30869
1.35507
1.30527
1.33106
1.33024
1.34927
1.21579
1.34125
1.34648
1.32572
1.28784
1.24308
1.29963
1.22345
1.12302
1.31571
1.35279
1.27374
1.26295
1.2729
1.31103
1.29269
1.2848
1.34641
1.33643
1.33949
1.24058
1.34796
1.30218
1.36944
1.2822
1.304
1.25708
1.36453
1.30169
1.22149
1.21529
1.22928
1.3045
1.33201
1.21024
1.30242
1.40253
1.30297
1.26361
1.33889
1.29775
1.31282
1.24295
1.26327
1.33493
1.23639
1.16036
1.48016
1.12187
1.28407
1.27606
1.44982
1.2381
