1	-0.528853	-0.528853	0
2	-0.51243	-0.520641	0.0082116
3	-0.520856	-0.520713	0.00474151
4	-0.51803	-0.520042	0.00341916
5	-0.513885	-0.518811	0.00292078
6	-0.519075	-0.518855	0.00238521
7	-0.514611	-0.518249	0.00210505
8	-0.515796	-0.517942	0.00184863
9	-0.524186	-0.518636	0.00177183
10	-0.505598	-0.517332	0.00205218
11	-0.511228	-0.516777	0.00193744
12	-0.51553	-0.516673	0.00177168
13	-0.517107	-0.516707	0.00163005
14	-0.522233	-0.517101	0.0015599
15	-0.518094	-0.517167	0.0014537
16	-0.510198	-0.516732	0.00142786
17	-0.513438	-0.516538	0.00135516
18	-0.518345	-0.516639	0.0012816
19	-0.523462	-0.516998	0.00126435
20	-0.52183	-0.517239	0.00122356
21	-0.519498	-0.517347	0.0011688
22	-0.516859	-0.517325	0.00111463
23	-0.50453	-0.516768	0.0012016
24	-0.528677	-0.517265	0.00125288
25	-0.527194	-0.517662	0.00126565
26	-0.524783	-0.517936	0.00124647
27	-0.518315	-0.51795	0.00119949
28	-0.511346	-0.517714	0.00117968
29	-0.510551	-0.517467	0.00116476
30	-0.520415	-0.517565	0.00112955
31	-0.51147	-0.517368	0.00111006
32	-0.514553	-0.517281	0.00107841
33	-0.52795	-0.517604	0.00109409
34	-0.517783	-0.517609	0.00106143
35	-0.513218	-0.517484	0.00103827
36	-0.517917	-0.517496	0.00100909
37	-0.516818	-0.517477	0.000981606
38	-0.512763	-0.517353	0.000963446
39	-0.51723	-0.51735	0.000938422
40	-0.52754	-0.517605	0.000949474
41	-0.512231	-0.517474	0.000935256
42	-0.513441	-0.517378	0.000917753
43	-0.517903	-0.51739	0.000896239
44	-0.528498	-0.517642	0.000911302
45	-0.507779	-0.517423	0.000917389
46	-0.520169	-0.517483	0.000899208
47	-0.52589	-0.517662	0.000897864
48	-0.525251	-0.51782	0.000893067
49	-0.514916	-0.517761	0.000876657
50	-0.520587	-0.517817	0.000860803
51	-0.50841	-0.517633	0.000863681
52	-0.53086	-0.517887	0.000884284
53	-0.515802	-0.517848	0.000868331
54	-0.512902	-0.517756	0.000857006
55	-0.514761	-0.517702	0.000843041
56	-0.514046	-0.517636	0.000830419
57	-0.527173	-0.517804	0.000832701
58	-0.514136	-0.517741	0.000820658
59	-0.511549	-0.517636	0.000813427
60	-0.518659	-0.517653	0.000799937
61	-0.518326	-0.517664	0.000786791
62	-0.523855	-0.517764	0.000780413
63	-0.522915	-0.517845	0.000772267
64	-0.516967	-0.517832	0.000760228
65	-0.521569	-0.517889	0.000750646
66	-0.512757	-0.517811	0.000743264
67	-0.515322	-0.517774	0.000733029
68	-0.512709	-0.5177	0.000726
69	-0.523278	-0.517781	0.000719955
70	-0.526614	-0.517907	0.000720728
71	-0.518222	-0.517911	0.000710519
72	-0.523736	-0.517992	0.000705236
73	-0.520397	-0.518025	0.000696288
74	-0.509106	-0.517904	0.000697311
75	-0.516854	-0.51789	0.000688093
76	-0.513134	-0.517828	0.000681857
77	-0.524888	-0.51792	0.000679162
78	-0.519271	-0.517937	0.000670622
79	-0.519863	-0.517961	0.000662527
80	-0.514094	-0.517913	0.000655977
81	-0.509529	-0.517809	0.000656045
82	-0.520168	-0.517838	0.000648633
83	-0.519995	-0.517864	0.000641298
84	-0.518638	-0.517873	0.000633684
85	-0.518454	-0.51788	0.000626222
86	-0.516386	-0.517863	0.000619141
87	-0.51513	-0.517831	0.000612789
88	-0.514802	-0.517797	0.000606763
89	-0.515473	-0.517771	0.000600475
90	-0.525161	-0.517853	0.000599416
91	-0.517282	-0.517847	0.000592826
92	-0.511922	-0.517782	0.000589873
93	-0.515681	-0.51776	0.000583933
94	-0.513893	-0.517719	0.000579151
95	-0.516666	-0.517708	0.000573129
96	-0.517854	-0.517709	0.00056713
97	-0.517745	-0.517709	0.000561253
98	-0.523146	-0.517765	0.000558259
99	-0.534429	-0.517933	0.000577659
100	-0.519268	-0.517947	0.000572009
