1	0.03464	0.03464	0
2	0.05748	0.04606	0.01142
3	0.0228	0.0383067	0.0101777
4	0.04152	0.03911	0.00724144
5	0.02624	0.036536	0.00617159
6	0.05376	0.0394067	0.00579941
7	0.04656	0.0404286	0.00500679
8	0.0458	0.0411	0.00438768
9	0.02132	0.0389022	0.00445015
10	0.02788	0.0378	0.00413013
11	0.0454	0.0384909	0.00379919
12	0.04852	0.0393267	0.00356745
13	0.01936	0.0377908	0.00362322
14	0.06364	0.0396371	0.00382903
15	0.00468	0.0373067	0.00425884
16	0.04592	0.037845	0.00401999
17	0.00392	0.0358494	0.004271
18	0.02124	0.0350378	0.00410772
19	0.03712	0.0351474	0.00388706
20	0.03148	0.034964	0.00369215
21	0.05092	0.0357238	0.00359318
22	0.01496	0.03478	0.00355359
23	0.02648	0.0344191	0.0034147
24	0.03784	0.0345617	0.00327243
25	0.03968	0.0347664	0.00314547
26	0.06716	0.0360123	0.00326883
27	0.03576	0.036003	0.00314544
28	0.01128	0.03512	0.00315701
29	0.00756	0.0341697	0.00319101
30	0.04076	0.0343893	0.00309062
31	0.02548	0.0341019	0.00300305
32	0.03964	0.034275	0.00291283
33	0.04552	0.0346158	0.00284368
34	0.01716	0.0341024	0.00280614
35	0.04088	0.034296	0.00273165
36	0.03184	0.0342278	0.00265557
37	-0.00308	0.0332195	0.00277264
38	0.03816	0.0333495	0.00270182
39	0.03752	0.0334564	0.00263381
40	-0.003	0.032545	0.00272411
41	0.06356	0.0333015	0.00276243
42	0.04404	0.0335571	0.00270795
43	0.02316	0.0333153	0.00265526
44	0.04492	0.0335791	0.00260758
45	0.05696	0.0340987	0.00260139
46	0.00444	0.0334539	0.00262464
47	0.03848	0.0335609	0.00257041
48	0.03056	0.0334983	0.00251707
49	0.0338	0.0335045	0.00246517
50	0.03336	0.0335016	0.00241537
51	0.02452	0.0333255	0.00237407
52	0.087	0.0343577	0.00254655
53	0.03808	0.0344279	0.00249902
54	0.06512	0.0349963	0.00251731
55	0.02204	0.0347607	0.00248232
56	0.05832	0.0351814	0.00247363
57	0.03864	0.0352421	0.0024306
58	0.0108	0.0348207	0.00242522
59	0.04944	0.0350685	0.00239661
60	0.04096	0.0351667	0.00235837
61	0.08028	0.0359062	0.00243444
62	0.02876	0.035791	0.00239762
63	0.03776	0.0358222	0.00235947
64	0.01636	0.0355181	0.00234213
65	0.03444	0.0355015	0.00230588
66	0.02584	0.0353552	0.00227539
67	0.06608	0.0358137	0.0022876
68	0.03144	0.0357494	0.00225463
69	0.01592	0.035462	0.00224022
70	0.01868	0.0352223	0.00222096
71	0.04312	0.0353335	0.00219228
72	0.0508	0.0355483	0.00217227
73	0.04784	0.0357167	0.00214891
74	0.01128	0.0353865	0.00214524
75	0.05472	0.0356443	0.00213209
76	0.04068	0.0357105	0.00210489
77	0.0324	0.0356675	0.00207782
78	0.04756	0.03582	0.00205667
79	0.01716	0.0355838	0.00204416
80	0.03268	0.0355475	0.00201877
81	-0.00756	0.0350153	0.0020635
82	0.0364	0.0350322	0.00203825
83	0.04776	0.0351855	0.00201937
84	0.04392	0.0352895	0.0019979
85	0.03072	0.0352358	0.00197498
86	0.05528	0.0354688	0.00196575
87	0.00848	0.0351586	0.00196763
88	0.05608	0.0353964	0.00195962
89	0.06964	0.0357811	0.00197531
90	0.02604	0.0356729	0.00195624
91	0.03608	0.0356774	0.00193462
92	0.02808	0.0355948	0.00191526
93	0.05604	0.0358146	0.00190727
94	0.03464	0.0358021	0.00188691
95	0.02128	0.0356493	0.00187319
96	0.06872	0.0359938	0.00188531
97	0.04324	0.0360685	0.00186727
98	0.04128	0.0361216	0.00184888
99	0.04544	0.0362158	0.00183253
100	0.0474	0.0363276	0.00181756
