1	0.218602	0.218602	0
2	0.255629	0.237116	0.0185138
3	0.252615	0.242282	0.011872
4	0.242049	0.242224	0.008395
5	0.247538	0.243287	0.00658903
6	0.233338	0.241629	0.00562962
7	0.226477	0.239464	0.00522711
8	0.221169	0.237177	0.00507168
9	0.24043	0.237539	0.00448738
10	0.25185	0.23897	0.00426115
11	0.228847	0.23805	0.00396268
12	0.238794	0.238112	0.00361795
13	0.233947	0.237791	0.00334341
14	0.236209	0.237678	0.00309746
15	0.246586	0.238272	0.0029441
16	0.223694	0.237361	0.00290077
17	0.238727	0.237441	0.00272598
18	0.256342	0.238491	0.00277631
19	0.215824	0.237298	0.00288441
20	0.232578	0.237062	0.00274656
21	0.224375	0.236458	0.00268144
22	0.233856	0.23634	0.00255939
23	0.239891	0.236494	0.00245045
24	0.245859	0.236884	0.00237836
25	0.242725	0.237118	0.00229317
26	0.241503	0.237287	0.00220966
27	0.243522	0.237518	0.00213875
28	0.228132	0.237183	0.00208803
29	0.249841	0.237619	0.00206148
30	0.231029	0.237399	0.00200366
31	0.2349	0.237319	0.00193963
32	0.231039	0.237122	0.00188826
33	0.248773	0.237475	0.00186389
34	0.260687	0.238158	0.00193282
35	0.262589	0.238856	0.00200238
36	0.220443	0.238345	0.00201206
37	0.233762	0.238221	0.00196084
38	0.239664	0.238259	0.00190892
39	0.24018	0.238308	0.00185998
40	0.248059	0.238552	0.0018292
41	0.25023	0.238837	0.00180663
42	0.241288	0.238895	0.00176405
43	0.232998	0.238758	0.00172799
44	0.22771	0.238507	0.00170683
45	0.258569	0.238953	0.001727
46	0.247821	0.239145	0.00170001
47	0.245691	0.239285	0.00166926
48	0.224772	0.238982	0.00166185
49	0.254482	0.239299	0.00165804
50	0.240742	0.239328	0.0016248
51	0.251231	0.239561	0.00160963
52	0.247811	0.23972	0.00158633
53	0.246011	0.239838	0.00156063
54	0.243885	0.239913	0.00153329
55	0.221004	0.239569	0.00154392
56	0.224689	0.239304	0.00153921
57	0.245628	0.239415	0.00151603
58	0.26002	0.23977	0.00153144
59	0.228185	0.239574	0.00151801
60	0.260969	0.23993	0.00153451
61	0.261793	0.240289	0.00155112
62	0.248831	0.240426	0.0015321
63	0.219605	0.240096	0.00154339
64	0.254529	0.240321	0.00153573
65	0.241271	0.240336	0.00151199
66	0.245199	0.24041	0.00149072
67	0.244779	0.240475	0.00146975
68	0.236077	0.24041	0.00144942
69	0.243475	0.240455	0.00142895
70	0.227297	0.240267	0.00142088
71	0.249103	0.240391	0.00140624
72	0.240861	0.240398	0.00138659
73	0.240047	0.240393	0.00136747
74	0.253744	0.240573	0.00136088
75	0.226297	0.240383	0.00135604
76	0.237921	0.240351	0.00133847
77	0.240121	0.240348	0.00132097
78	0.239404	0.240335	0.00130398
79	0.242641	0.240365	0.0012877
80	0.24043	0.240365	0.0012715
81	0.223071	0.240152	0.00127373
82	0.239137	0.24014	0.00125816
83	0.233143	0.240055	0.00124577
84	0.247358	0.240142	0.00123392
85	0.246716	0.24022	0.00122176
86	0.233897	0.240146	0.00120971
87	0.23572	0.240095	0.0011968
88	0.210571	0.23976	0.00122978
89	0.25396	0.239919	0.0012263
90	0.232735	0.239839	0.00121523
91	0.220825	0.23963	0.00121983
92	0.228366	0.239508	0.00121269
93	0.23467	0.239456	0.00120071
94	0.239914	0.239461	0.00118788
95	0.218032	0.239235	0.00119676
96	0.244099	0.239286	0.00118531
97	0.239805	0.239291	0.00117304
98	0.233179	0.239229	0.00116268
99	0.254636	0.239385	0.00116135
100	0.249897	0.23949	0.00115447
