1	1.93472	1.93472	0
2	2.16105	2.04789	0.113166
3	1.8176	1.97112	0.100803
4	1.67104	1.8961	0.103483
5	1.81038	1.87896	0.0819708
6	1.57961	1.82907	0.0834781
7	1.79858	1.82471	0.0706861
8	1.80887	1.82273	0.061248
9	1.73097	1.81254	0.0549695
10	1.81673	1.81296	0.049168
11	1.78482	1.8104	0.0445476
12	2.0091	1.82696	0.043908
13	1.75973	1.82178	0.0407193
14	1.89006	1.82666	0.0380128
15	1.672	1.81635	0.0368595
16	1.61399	1.8037	0.0367254
17	1.69289	1.79718	0.0351079
18	1.77358	1.79587	0.0331261
19	1.70679	1.79118	0.031683
20	1.82222	1.79274	0.0300971
21	1.91895	1.79875	0.0292521
22	1.90107	1.8034	0.028276
23	1.71483	1.79955	0.0272917
24	1.90784	1.80406	0.0265165
25	2.08475	1.81529	0.0278018
26	2.12951	1.82737	0.0293179
27	1.76841	1.82519	0.0282956
28	1.66354	1.81942	0.0278708
29	1.69403	1.81509	0.0272379
30	1.8117	1.81498	0.0263145
31	1.66176	1.81004	0.025927
32	1.66743	1.80558	0.0254962
33	1.6309	1.80029	0.025272
34	1.55726	1.79314	0.0255382
35	1.82958	1.79418	0.0248197
36	1.55822	1.78763	0.0249951
37	1.76178	1.78693	0.0243202
38	1.78551	1.78689	0.0236716
39	1.69984	1.78466	0.0231644
40	1.85093	1.78631	0.0226386
41	1.8512	1.7879	0.0221361
42	1.70071	1.78582	0.0217022
43	1.64247	1.78249	0.0214521
44	1.84855	1.78399	0.0210126
45	1.80069	1.78436	0.0205437
46	1.68553	1.78221	0.0202067
47	2.04617	1.78783	0.0205542
48	1.61426	1.78421	0.0204438
49	1.63451	1.78116	0.0202539
50	1.93563	1.78425	0.0200838
51	1.77705	1.7841	0.0196865
52	1.88238	1.78599	0.0193965
53	1.79209	1.78611	0.0190274
54	1.95858	1.7893	0.0189429
55	1.59328	1.78574	0.0189338
56	1.67259	1.78372	0.0187021
57	1.73559	1.78287	0.0183904
58	1.81376	1.78341	0.0180784
59	1.77262	1.78322	0.0177703
60	1.88224	1.78487	0.0175494
61	2.12219	1.7904	0.0181235
62	1.93312	1.79271	0.0179768
63	1.75552	1.79212	0.017699
64	1.61632	1.78937	0.0176355
65	1.94784	1.79181	0.0175324
66	1.77024	1.79148	0.0172678
67	1.76137	1.79103	0.017014
68	1.82574	1.79154	0.0167697
69	2.19145	1.79734	0.0175118
70	1.70747	1.79605	0.0173075
71	1.74821	1.79538	0.0170753
72	2.14866	1.80029	0.0175369
73	2.03419	1.80349	0.0175893
74	1.41477	1.79824	0.0181278
75	1.77353	1.79791	0.0178875
76	1.76489	1.79747	0.0176559
77	2.08613	1.80122	0.0178238
78	1.83502	1.80166	0.0175991
79	1.97262	1.80382	0.0175092
80	1.74514	1.80309	0.0173045
81	1.704	1.80186	0.0171332
82	1.79328	1.80176	0.0169233
83	1.80434	1.80179	0.0167182
84	1.81943	1.802	0.0165193
85	1.53554	1.79886	0.0166221
86	1.7483	1.79828	0.0164382
87	1.65458	1.79663	0.0163319
88	1.83561	1.79707	0.0161513
89	1.73829	1.79641	0.0159824
90	1.81326	1.79659	0.015805
91	1.73458	1.79591	0.0156452
92	1.72279	1.79512	0.0154946
93	1.80896	1.79527	0.0153278
94	2.02048	1.79766	0.015352
95	1.83442	1.79805	0.0151944
96	2.19657	1.8022	0.0155979
97	1.92882	1.80351	0.0154913
98	1.75707	1.80303	0.0153398
99	1.86158	1.80362	0.0151955
100	1.83566	1.80394	0.0150462
