-4.71475
-4.71475
-4.71475
-4.71475
-4.71369
-4.71112
-4.70825
-4.70538
-4.70342
-4.70176
-4.69979
-4.69738
-4.69707
-4.69722
-4.69571
-4.69631
-4.69646
-4.69797
-4.69827
-4.69888
-4.69888
-4.69979
-4.69994
-4.70024
-4.70055
-4.70025
-4.7007
-4.70115
-4.7013
-4.70161
-4.70115
-4.70175
-4.70175
-4.70191
-4.7016
-4.70221
-4.70281
-4.70266
-4.70266
-4.70236
-4.701
-4.70085
-4.70054
-4.7007
-4.70054
-4.70145
-4.7019
-4.70236
-4.70145
-4.70236
-4.70175
-4.70221
-4.70266
-4.70251
-4.70205
-4.70266
-4.70281
-4.70266
-4.70296
-4.70251
-4.70221
-4.70175
-4.7013
-4.7016
-4.70236
-4.70251
-4.70266
-4.70311
-4.70266
-4.7022
-4.7013
-4.7019
-4.70221
-4.70251
-4.70296
-4.70251
-4.70206
-4.701
-4.70145
-4.70205
-4.7013
-4.70115
-4.7013
-4.7019
-4.70251
-4.70341
-4.70281
-4.70296
-4.70387
-4.70402
-4.70417
-4.70432
-4.70432
-4.70432
-4.70417
-4.70432
-4.70462
-4.70553
-4.70538
-4.70508
-4.70508
-4.70583
-4.70568
-4.70583
-4.70628
-4.70598
-4.70583
-4.70568
-4.70583
-4.70568
-4.70598
-4.70644
-4.70659
-4.70674
-4.70674
-4.70613
-4.70644
-4.70568
-4.70493
-4.70493
-4.70568
-4.70629
-4.70599
-4.70644
-4.70599
-4.70629
-4.7069
-4.7072
-4.70674
-4.70704
-4.7075
-4.7075
-4.70795
-4.70795
-4.70795
-4.7075
-4.70629
-4.70614
-4.70644
-4.70689
-4.70719
-4.70719
-4.70719
-4.7075
-4.70659
-4.70614
-4.70705
-4.70735
-4.70705
-4.70659
-4.70599
-4.70599
-4.70614
-4.70705
-4.70705
-4.70704
-4.70704
-4.70674
-4.70704
-4.70674
-4.70629
-4.70659
-4.70614
-4.70598
-4.70583
-4.70568
-4.70583
-4.70523
-4.70478
-4.70508
-4.70448
-4.70448
-4.70493
-4.70448
-4.70417
-4.70417
-4.70402
-4.70372
-4.70357
-4.70281
-4.70387
-4.70341
-4.70402
-4.70417
-4.70417
-4.70447
-4.70432
-4.70387
-4.70236
-4.70327
-4.70281
-4.70266
-4.70266
-4.70312
-4.70417
-4.70417
-4.70417
-4.70357
-4.70357
-4.70311
-4.70296
-4.70251
-4.70251
-4.70236
-4.70221
-4.70236
-4.70251
-4.70281
-4.70342
-4.70327
-4.70312
-4.70281
-4.70266
-4.70236
-4.70266
-4.70296
-4.70251
-4.70236
-4.70236
-4.70191
-4.70145
-4.70115
-4.70221
-4.70115
-4.7013
-4.70145
-4.701
-4.70161
-4.7013
-4.70085
-4.70085
-4.70009
-4.70055
-4.701
-4.70085
-4.701
-4.70085
-4.70115
-4.70191
-4.70251
-4.70236
-4.70206
-4.70145
-4.701
-4.701
-4.70085
-4.701
-4.70115
-4.70085
-4.70115
-4.70115
-4.70145
-4.70176
-4.70221
-4.70206
-4.70176
-4.70161
-4.70085
-4.701
-4.70145
-4.70115
-4.70115
-4.70206
-4.70145
-4.70191
-4.70145
-4.7013
-4.70175
-4.70176
-4.701
-4.70085
-4.70115
-4.70145
-4.70191
-4.70221
-4.70297
-4.70221
-4.70221
-4.70191
-4.70297
-4.70282
-4.70342
-4.70372
-4.70251
-4.70236
-4.70372
-4.70342
-4.70311
-4.70402
-4.70508
-4.70508
-4.70432
-4.70357
-4.70372
-4.70281
-4.70206
-4.70206
-4.70312
-4.70266
-4.70266
-4.70266
-4.70281
-4.70312
-4.70417
-4.70463
-4.70493
-4.70372
-4.70372
-4.70372
-4.70433
-4.70433
-4.70402
-4.70448
-4.70448
-4.70448
-4.70478
-4.70508
-4.70508
-4.70448
-4.70463
-4.70327
-4.70312
-4.70266
-4.70312
-4.70342
-4.70342
-4.70372
-4.70417
-4.70372
-4.70372
-4.70432
-4.70417
-4.70342
-4.70387
-4.70402
-4.70387
-4.70357
-4.70296
-4.70342
-4.70281
-4.70296
-4.70311
-4.70251
-4.70266
-4.70251
-4.70206
-4.70236
-4.70327
-4.70282
-4.70251
-4.70297
-4.70221
-4.70191
-4.70312
-4.70266
-4.70266
-4.70282
-4.70327
-4.70327
-4.70342
-4.70327
-4.70251
-4.70206
-4.70145
-4.7013
-4.70145
-4.70145
-4.70115
-4.70055
-4.70115
-4.7016
-4.70145
-4.70161
-4.70146
-4.70221
-4.70206
-4.70297
-4.70297
-4.70266
-4.70191
-4.70282
-4.70357
-4.70327
-4.70327
-4.70372
-4.70296
-4.70266
-4.70176
-4.70281
-4.70281
-4.70281
-4.70251
-4.70221
-4.70266
-4.70327
-4.70297
-4.70372
-4.70387
-4.70372
-4.70357
-4.70418
-4.70387
-4.70493
-4.70508
-4.70568
-4.70508
-4.70493
-4.70448
-4.70508
-4.70493
-4.70553
-4.70523
-4.70599
-4.70644
-4.70568
-4.70599
-4.70553
-4.70553
-4.70538
-4.70568
-4.70523
-4.70508
-4.70614
-4.70493
-4.70508
-4.70584
-4.70553
-4.70568
-4.70614
-4.70659
-4.70629
-4.70584
-4.70568
-4.70538
-4.70553
-4.70432
-4.70402
-4.70387
-4.70342
-4.70342
-4.70251
-4.70281
-4.70251
-4.70281
-4.70266
-4.70221
-4.70206
-4.70221
-4.70145
-4.70145
-4.7007
-4.7013
-4.7016
-4.70175
-4.701
-4.70024
-4.7013
-4.701
-4.70115
-4.70055
-4.70024
-4.70085
-4.7007
-4.70176
-4.70191
-4.70206
-4.70311
-4.70417
-4.70463
-4.70387
-4.70417
-4.70448
-4.70463
-4.70448
-4.70417
-4.70448
-4.70432
-4.70463
-4.70538
-4.70523
-4.70508
-4.70553
-4.70553
-4.70493
-4.70478
-4.70463
-4.70432
-4.70387
-4.70372
-4.70387
-4.70447
-4.70417
-4.70432
-4.70478
-4.70417
-4.70402
-4.70387
-4.70372
-4.70342
-4.70417
-4.70357
-4.70251
-4.70206
-4.70176
-4.70191
-4.70191
-4.70115
-4.70131
-4.701
-4.70191
-4.70312
-4.70312
-4.70342
-4.70312
-4.70281
-4.70221
-4.70251
-4.70251
-4.70236
-4.70176
-4.70221
-4.70146
-4.70206
-4.70161
-4.7013
-4.7013
-4.70206
-4.70221
-4.70221
-4.70221
-4.70221
-4.70236
-4.70236
-4.70266
-4.70327
-4.70387
-4.70387
-4.70493
-4.70523
-4.70448
-4.70372
-4.70327
-4.70312
-4.70327
-4.70206
-4.70236
-4.70206
-4.70221
-4.70342
-4.70296
-4.70266
-4.70236
-4.70296
-4.70387
-4.70417
-4.70402
-4.70463
-4.70447
-4.70463
-4.70432
-4.70463
-4.70448
-4.70417
-4.70312
-4.70312
-4.70357
-4.70432
-4.70447
-4.70447
-4.70402
-4.70372
-4.70281
-4.70221
-4.70206
-4.70145
-4.70221
-4.70266
-4.70221
-4.70312
-4.70342
-4.70236
-4.70236
-4.70251
-4.70206
-4.70145
-4.70206
-4.70221
-4.70251
-4.70251
-4.70191
-4.70206
-4.70251
-4.70251
-4.70281
-4.70266
-4.70281
-4.70251
-4.70221
-4.70206
-4.70342
-4.70312
-4.70297
-4.70251
-4.70387
-4.70433
-4.70433
-4.70493
-4.70523
-4.70568
-4.70614
-4.70689
-4.7081
-4.70765
-4.7078
-4.70749
-4.70765
-4.70749
-4.70704
-4.70689
-4.70704
-4.70689
-4.70689
-4.70704
-4.70735
-4.7084
-4.7078
-4.70765
-4.7078
-4.70734
-4.7078
-4.70765
-4.70719
-4.70659
-4.70674
-4.70749
-4.70644
-4.70598
-4.70523
-4.70508
-4.70417
-4.70432
-4.70402
-4.70508
-4.70508
-4.70387
-4.70327
-4.70251
-4.70191
-4.70191
-4.70206
-4.70206
-4.70236
-4.70296
-4.70296
-4.70372
-4.70327
-4.70417
-4.70432
-4.70402
-4.70342
-4.70266
-4.70236
-4.70251
-4.70206
-4.70176
-4.70115
-4.70085
-4.70221
-4.701
-4.69964
-4.69919
-4.69888
-4.69964
-4.69979
-4.69979
-4.69949
-4.69858
-4.69858
-4.69888
-4.69828
-4.69843
-4.69798
-4.69873
-4.69888
-4.69889
-4.69858
-4.69783
-4.69813
-4.69737
-4.69722
-4.69632
-4.69677
-4.69631
-4.69647
-4.69677
-4.69692
-4.69798
-4.69828
-4.69767
-4.69828
-4.69782
-4.69843
-4.69813
-4.69798
-4.69843
-4.69934
-4.69903
-4.69934
-4.69919
-4.69904
-4.69979
-4.69934
-4.69994
-4.70039
-4.70024
-4.69994
-4.70024
-4.69949
-4.69949
-4.69949
-4.69994
-4.69918
-4.69858
-4.69858
-4.69979
-4.69933
-4.70009
-4.69964
-4.69964
-4.70024
-4.69979
-4.69949
-4.69949
-4.69964
-4.69934
-4.69964
-4.70009
-4.7004
-4.70085
-4.69979
-4.69994
-4.70009
-4.70039
-4.7007
-4.70009
-4.70039
-4.7016
-4.70145
-4.70175
-4.7019
-4.70175
-4.70145
-4.70145
-4.70206
-4.70221
-4.7007
-4.70146
-4.70146
-4.70236
-4.70266
-4.70357
-4.70387
-4.70357
-4.70342
-4.70266
-4.70236
-4.70266
-4.70251
-4.7019
-4.70296
-4.70281
-4.70357
-4.70357
-4.70372
-4.70311
-4.70357
-4.70342
-4.70523
-4.70523
-4.70478
-4.70463
-4.70432
-4.70417
-4.70417
-4.70508
-4.70508
-4.70493
-4.70508
-4.70447
-4.70372
-4.70447
-4.70432
-4.70372
-4.70311
-4.70221
-4.70221
-4.70221
-4.70236
-4.70221
-4.70236
-4.70206
-4.70115
-4.7007
-4.70024
-4.70085
-4.70115
-4.7013
-4.70085
-4.70115
-4.70069
-4.701
-4.7013
-4.70145
-4.70206
-4.70206
-4.7016
-4.7013
-4.701
-4.7013
-4.70085
-4.70039
-4.70039
-4.70039
-4.70039
-4.701
-4.701
-4.70054
-4.70069
-4.70024
-4.70039
-4.70024
-4.70024
-4.69964
-4.69949
-4.69949
-4.69919
-4.69903
-4.69919
-4.69903
-4.69798
-4.69828
-4.69828
-4.69828
-4.69903
-4.69903
-4.69813
-4.69873
-4.69873
-4.69918
-4.69919
-4.69949
-4.69994
-4.70024
-4.70039
-4.70115
-4.70115
-4.70145
-4.70039
-4.70055
-4.70055
-4.70024
-4.70055
-4.69994
-4.69964
-4.70024
-4.69979
-4.69934
-4.69994
-4.70039
-4.70024
-4.69994
-4.70039
-4.69994
-4.70039
-4.70009
-4.69994
-4.69919
-4.69904
-4.69919
-4.69934
-4.69994
-4.69994
-4.70055
-4.69994
-4.70009
-4.70054
-4.70039
-4.69994
-4.69873
-4.69873
-4.69888
-4.69888
-4.69873
-4.69873
-4.69813
-4.69813
-4.69813
-4.69843
-4.69888
-4.69888
-4.69918
-4.69949
-4.69964
-4.70039
-4.7007
-4.701
-4.7016
-4.7016
-4.7016
-4.70115
-4.701
-4.7013
-4.7016
-4.7019
-4.7019
-4.70221
-4.70145
-4.70175
-4.7016
-4.70251
-4.70175
-4.701
-4.70145
-4.7013
-4.70175
-4.70145
-4.7013
-4.70175
-4.7016
-4.70145
-4.70085
-4.70085
-4.70024
-4.7007
-4.69994
-4.69979
-4.69918
-4.69919
-4.69903
-4.69964
-4.70009
-4.69979
-4.70024
-4.69964
-4.69979
-4.7004
-4.7004
-4.7007
-4.7013
-4.7016
-4.7016
-4.7007
-4.70024
-4.70009
-4.69994
-4.69964
-4.69934
-4.69904
-4.69904
-4.69903
-4.69994
-4.69949
-4.70054
-4.70085
-4.701
-4.69964
-4.70024
-4.7007
-4.70115
-4.70055
-4.7013
-4.7016
-4.70191
-4.70191
-4.70176
-4.70297
-4.70281
-4.70236
-4.70251
-4.70236
-4.70176
-4.70191
-4.70191
-4.7004
-4.70055
-4.70085
-4.70085
-4.70085
-4.70055
-4.69995
-4.69979
-4.69979
-4.69904
-4.69995
-4.69964
-4.69979
-4.69843
-4.69723
-4.69738
-4.69708
-3.88367
-3.88427
-3.88457
-3.88457
-3.88502
-3.88548
-3.88547
-3.88532
-3.88578
-3.88487
-3.88517
-3.88563
-3.88593
-3.88533
-3.88487
-3.88518
-3.88533
-3.88548
-3.88654
-3.88639
-3.88624
-3.88518
-3.88488
-3.88442
-3.88321
-3.88336
-3.88397
-3.88427
-3.88397
-3.88382
-3.88382
-3.88412
-3.88488
-3.88428
-3.88518
-3.88443
-3.88382
-3.88458
-3.88503
-3.88502
-3.88517
-3.88502
-3.88533
-3.88548
-3.88578
-3.88563
-3.88533
-3.88473
-3.88428
-3.88488
-3.88473
-3.88533
-3.88518
-3.88412
-3.88533
-3.88427
-3.88457
-3.88548
-3.88684
-3.88639
-3.88624
-3.88548
-3.88593
-3.88609
-3.88593
-3.88654
-3.88609
-3.88654
-3.88609
-3.88654
-3.88684
-3.88684
-3.88669
-3.88654
-3.88684
-3.88714
-3.8876
-3.8879
-3.88775
-3.88699
-3.88609
-3.88623
-3.88608
-3.88638
-3.88714
-3.8879
-3.88744
-3.88654
-3.88563
-3.88427
-3.88397
-3.88337
-3.88488
-3.88578
-3.88609
-3.88533
-3.88563
-3.88593
-3.88609
-3.88669
-3.88729
-3.8885
-3.88956
-3.88759
-3.88714
-3.88775
-3.8885
-3.88805
-3.88729
-3.8879
-3.8879
-3.8882
-3.8885
-3.88835
-3.8888
-3.8891
-3.88925
-3.88895
-3.88986
-3.88971
-3.88971
-3.89016
-3.89001
-3.89062
-3.89107
-3.89107
-3.89137
-3.89152
-3.89243
-3.89333
-3.89258
-3.89167
-3.89197
-3.89197
-3.89258
-3.89318
-3.89273
-3.89227
-3.89273
-3.89258
-3.89243
-3.89197
-3.89258
-3.89182
-3.89228
-3.89152
-3.89152
-3.89228
-3.89227
-3.89257
-3.89106
-3.89046
-3.89031
-3.89121
-3.89076
-3.89106
-3.89121
-3.89091
-3.89137
-3.89167
-3.89212
-3.89212
-3.89243
-3.89228
-3.89152
-3.89167
-3.89137
-3.89212
-3.89091
-3.89121
-3.89046
-3.89031
-3.89046
-3.89061
-3.8894
-3.88865
-3.88789
-3.88789
-3.88668
-3.88638
-3.88638
-3.88668
-3.88698
-3.88774
-3.88729
-3.88713
-3.88623
-3.88623
-3.88638
-3.88638
-3.88713
-3.88698
-3.88744
-3.88804
-3.88759
-3.88835
-3.88729
-3.88729
-3.88684
-3.88608
-3.88608
-3.88532
-3.88608
-3.88578
-3.88638
-3.88668
-3.88789
-3.88608
-3.88517
-3.88563
-3.88517
-3.88593
-3.88623
-3.88684
-3.88638
-3.88593
-3.88578
-3.88487
-3.88563
-3.88578
-3.88638
-3.88623
-3.88517
-3.88487
-3.88547
-3.88653
-3.88607
-3.88607
-3.88653
-3.88698
-3.88638
-3.88743
-3.88849
-3.88789
-3.88864
-3.88955
-3.8894
-3.8888
-3.88971
-3.88971
-3.89091
-3.89076
-3.89031
-3.89016
-3.89076
-3.89136
-3.89227
-3.89302
-3.89302
-3.89348
-3.89408
-3.89453
-3.89408
-3.89347
-3.89377
-3.89453
-3.89438
-3.89302
-3.89242
-3.89393
-3.89423
-3.89529
-3.89439
-3.89363
-3.89288
-3.89348
-3.89363
-3.89348
-3.89348
-3.89272
-3.89242
-3.89227
-3.89227
-3.89303
-3.89408
-3.89393
-3.89348
-3.89257
-3.89317
-3.89242
-3.89287
-3.89303
-3.89303
-3.89212
-3.89151
-3.89181
-3.89242
-3.89302
-3.89227
-3.89212
-3.89197
-3.89136
-3.89091
-3.89015
-3.88985
-3.88985
-3.8897
-3.88955
-3.88804
-3.88894
-3.88864
-3.8897
-3.8897
-3.88894
-3.88939
-3.88879
-3.88819
-3.88819
-3.88758
-3.88773
-3.88789
-3.88804
-3.88653
-3.88608
-3.88578
-3.88578
-3.88532
-3.88547
-3.88608
-3.88547
-3.88472
-3.88577
-3.88608
-3.88547
-3.88653
-3.88668
-3.88698
-3.88728
-3.88849
-3.88759
-3.88774
-3.88819
-3.8891
-3.88955
-3.89
-3.89015
-3.89076
-3.89136
-3.89137
-3.89333
-3.89394
-3.89258
-3.89197
-3.89152
-3.89106
-3.89046
-3.89091
-3.89
-3.89015
-3.89
-3.89015
-3.89076
-3.8897
-3.89015
-3.89031
-3.89015
-3.88985
-3.88894
-3.88925
-3.89
-3.88985
-3.8891
-3.88834
-3.88789
-3.88743
-3.88683
-3.88638
-3.88653
-3.88593
-3.88532
-3.88442
-3.88381
-3.88335
-3.88259
-3.88229
-3.88456
-3.88502
-3.88487
-3.88472
-3.88471
-3.8835
-3.88366
-3.88426
-3.88335
-3.8832
-3.88411
-3.88366
-3.88547
-3.88577
-3.88668
-3.88637
-3.88531
-3.88455
-3.88516
-3.88486
-3.88501
-3.88562
-3.88516
-3.88532
-3.88441
-3.88532
-3.88487
-3.88426
-3.88396
-3.88411
-3.88456
-3.88441
-3.8832
-3.88245
-3.88229
-3.88214
-3.88199
-3.88184
-3.88184
-3.88109
-3.8823
-3.8829
-3.88275
-3.88335
-3.88335
-3.8829
-3.8829
-3.88305
-3.88244
-3.88274
-3.88184
-3.88229
-3.88229
-3.8832
-3.8829
-3.88365
-3.88365
-3.8838
-3.88335
-3.8829
-3.88229
-3.88169
-3.88275
-3.88244
-3.88214
-3.88229
-3.88245
-3.88244
-3.88139
-3.88093
-3.88048
-3.87927
-3.87866
-3.87761
-3.87761
-3.87685
-3.877
-3.87791
-3.877
-3.87806
-3.87791
-3.87866
-3.87896
-3.87896
-3.87942
-3.88047
-3.88169
-3.88124
-3.8829
-3.8832
-3.88365
-3.8835
-3.88426
-3.88441
-3.88486
-3.88456
-3.88425
-3.88441
-3.8844
-3.88335
-3.88289
-3.88289
-3.88229
-3.88305
-3.88335
-3.88259
-3.88153
-3.88244
-3.88229
-3.88229
-3.8835
-3.8838
-3.8835
-3.88395
-3.88289
-3.88305
-3.8832
-3.8832
-3.88365
-3.88365
-3.88349
-3.88274
-3.88199
-3.88138
-3.88199
-3.88183
-3.88244
-3.88304
-3.88199
-3.88259
-3.88335
-3.88441
-3.8829
-3.88244
-3.88199
-3.88184
-3.88108
-3.88138
-3.88289
-3.88259
-3.88334
-3.88425
-3.88304
-3.88305
-3.8832
-3.88244
-3.88305
-3.88259
-3.88289
-3.88229
-3.88199
-3.88229
-3.8832
-3.8832
-3.88305
-3.88289
-3.88274
-3.88289
-3.8835
-3.88335
-3.88365
-3.88455
-3.8838
-3.88395
-3.8841
-3.8841
-3.88471
-3.88456
-3.8835
-3.8832
-3.8832
-3.88199
-3.88169
-3.88274
-3.88244
-3.8835
-3.88335
-3.88289
-3.88289
-3.88274
-3.88199
-3.88244
-3.88275
-3.88229
-3.88229
-3.88169
-3.88214
-3.88244
-3.88184
-3.88169
-3.88184
-3.88214
-3.88274
-3.88259
-3.88365
-3.8835
-3.8838
-3.88365
-3.88259
-3.8832
-3.8832
-3.88274
-3.88259
-3.88335
-3.88274
-3.8832
-3.8838
-3.8835
-3.88365
-3.88395
-3.88395
-3.88485
-3.885
-3.88576
-3.88531
-3.88456
-3.8838
-3.88305
-3.8829
-3.8832
-3.88365
-3.88426
-3.8838
-3.88395
-3.88365
-3.8832
-3.88304
-3.8841
-3.88304
-3.88335
-3.88334
-3.88289
-3.88319
-3.88274
-3.88214
-3.8826
-3.88245
-3.8829
-3.88199
-3.88214
-3.88093
-3.88123
-3.88078
-3.88002
-3.87972
-3.87987
-3.88078
-3.88153
-3.88078
-3.88078
-3.88123
-3.88063
-3.88048
-3.88093
-3.88214
-3.88274
-3.8838
-3.88425
-3.8844
-3.8844
-3.88395
-3.88274
-3.88244
-3.88229
-3.88199
-3.88169
-3.88153
-3.88244
-3.88274
-3.88274
-3.88244
-3.88229
-3.88168
-3.88259
-3.88274
-3.88365
-3.88425
-3.88395
-3.88515
-3.8847
-3.8841
-3.88485
-3.88455
-3.8844
-3.88485
-3.88425
-3.88546
-3.88652
-3.88637
-3.88576
-3.88682
-3.88576
-3.88561
-3.885
-3.8844
-3.8847
-3.88485
-3.88546
-3.88621
-3.88501
-3.88455
-3.8841
-3.88485
-3.88576
-3.88622
-3.88682
-3.88727
-3.88697
-3.88561
-3.88576
-3.8847
-3.88576
-3.88591
-3.88636
-3.88606
-3.88636
-3.88667
-3.88697
-3.88606
-3.88531
-3.88485
-3.8838
-3.8838
-3.88365
-3.8835
-3.88335
-3.88365
-3.88304
-3.88365
-3.8835
-3.8838
-3.88334
-3.88304
-3.88244
-3.88213
-3.88213
-3.88198
-3.88138
-3.88183
-3.88107
-3.88092
-3.88077
-3.88168
-3.88259
-3.88184
-3.88229
-3.88229
-3.88259
-3.8835
-3.88274
-3.88228
-3.88153
-3.88259
-3.88349
-3.88425
-3.88334
-3.8841
-3.88531
-3.8844
-3.88455
-3.88334
-3.88395
-3.88365
-3.88319
-3.88319
-3.88289
-3.88274
-3.88319
-3.88365
-3.8838
-3.88379
-3.88379
-3.88425
-3.88379
-3.88425
-3.8844
-3.88485
-3.88455
-3.8844
-3.88485
-3.88531
-3.88561
-3.88576
-3.88531
-3.88546
-3.88561
-3.88591
-3.88561
-3.88501
-3.88606
-3.88622
-3.88637
-3.88697
-3.88636
-3.88546
-3.88591
-3.8847
-3.88455
-3.8835
-3.88425
-3.88456
-3.88441
-3.88441
-3.88562
-3.88576
-3.88546
-3.88516
-3.88455
-3.88425
-3.88455
-3.88531
-3.88561
-3.88501
-3.88546
-3.88576
-3.88561
-3.88501
-3.88561
-3.88637
-3.88652
-3.88713
-3.88788
-3.88818
-3.88803
-3.88788
-3.88833
-3.88757
-3.88833
-3.88833
-3.88863
-3.88893
-3.88924
-3.88909
-3.88969
-3.88999
-3.88969
-3.88939
-3.8903
-3.89075
-3.89014
-3.88954
-3.88939
-3.88878
-3.88818
-3.88803
-3.88803
-3.88848
-3.88909
-3.88864
-3.88803
-3.88864
-3.88819
-3.88637
-3.88728
-3.88667
-3.88682
-3.88698
-3.88788
-3.88698
-3.88682
-3.88758
-3.88682
-3.88652
-3.88652
-3.88788
-3.88697
-3.88758
-3.88773
-3.88712
-3.88758
-3.88788
-3.88803
-3.88803
-3.88712
-3.88712
-3.88757
-3.88803
-3.88848
-3.88894
-3.88939
-3.88939
-3.88909
-3.88833
-3.88758
-3.88712
-3.88728
-3.88697
-3.88773
-3.88894
-3.88939
-3.88909
-3.88954
-3.88924
-3.88863
-3.88909
-3.88833
-3.88969
-3.88969
-3.88939
-3.88924
-3.88985
-3.8903
-3.89
-3.88985
-3.88939
-3.88939
-3.89045
-3.89075
-3.89014
-3.8906
-3.89029
-3.88999
-3.88969
-3.8903
-3.8915
-3.89075
-3.89015
-3.8903
-3.88954
-3.89075
-3.89045
-3.89105
-3.89045
-3.89045
-3.89045
-3.88969
-3.88999
-3.88954
-3.88954
-3.88969
-3.88954
-3.88999
-3.88939
-3.88863
-3.88637
-3.88607
-3.88622
-3.88606
-3.88576
-3.88697
-3.88697
-3.88666
-3.88712
-3.88697
-3.88787
-3.88848
-3.88803
-3.88818
-3.88728
-3.88592
-3.88577
-3.88546
-3.88516
-3.88561
-3.88531
-3.88515
-3.88621
-3.88576
-3.88622
-3.88712
-3.88682
-3.88712
-3.88788
-3.88803
-3.88878
-3.88803
-3.88803
-3.88878
-3.88924
-3.88818
-3.88833
-3.88697
-3.88606
-3.88652
-3.88637
-3.88622
-3.88697
-3.88773
-3.88682
-3.88667
-3.88667
-3.88637
-3.88697
-3.88712
-3.88667
-3.88667
-3.88637
-3.88607
-3.88607
-3.88607
-3.88622
-3.88713
-3.88682
-3.88682
-3.88682
-3.88682
-3.88682
-3.88697
-3.88576
-3.88637
-3.88652
-3.88697
-3.88743
-3.88728
-3.88622
-3.88803
-3.88833
-3.88818
-3.88803
-3.88803
-3.88818
-3.88788
-3.88803
-3.88743
-3.88728
-3.88622
-3.88606
-3.88788
-3.88651
-3.88606
-3.88531
-3.88667
-3.88637
-3.88652
-3.88743
-3.51242
-3.51227
-3.51181
-3.51121
-3.51075
-3.50985
-3.50939
-3.50939
-3.50909
-3.50939
-3.50908
-3.50953
-3.50984
-3.50938
-3.50954
-3.50984
-3.50924
-3.50954
-3.50985
-3.51015
-3.5109
-3.5106
-3.51014
-3.51044
-3.51029
-3.50969
-3.50894
-3.50818
-3.50924
-3.50864
-3.50954
-3.51075
-3.50985
-3.50954
-3.50984
-3.50924
-3.50924
-3.50863
-3.50818
-3.50773
-3.50863
-3.50954
-3.50878
-3.50984
-3.50803
-3.50788
-3.50773
-3.50803
-3.50773
-3.50788
-3.50637
-3.50606
-3.50516
-3.50516
-3.50546
-3.50576
-3.50622
-3.50637
-3.50592
-3.50622
-3.50607
-3.50637
-3.50803
-3.50803
-3.50818
-3.50743
-3.50818
-3.50878
-3.50848
-3.50788
-3.50712
-3.50728
-3.50713
-3.50819
-3.50894
-3.50834
-3.50819
-3.50758
-3.50713
-3.50849
-3.50698
-3.50713
-3.50652
-3.50607
-3.50682
-3.50667
-3.50698
-3.50788
-3.50864
-3.50894
-3.50849
-3.50849
-3.50879
-3.5097
-3.50985
-3.51045
-3.51045
-3.5106
-3.51151
-3.51197
-3.51166
-3.51166
-3.51318
-3.51378
-3.51393
-3.51333
-3.51287
-3.51272
-3.51302
-3.51272
-3.51302
-3.51302
-3.51287
-3.51287
-3.51468
-3.51438
-3.51453
-3.51423
-3.51453
-3.51408
-3.51362
-3.51408
-3.51453
-3.51453
-3.51469
-3.51423
-3.51408
-3.51408
-3.51363
-3.51317
-3.51302
-3.51257
-3.51302
-3.51226
-3.51227
-3.51181
-3.51167
-3.51136
-3.51136
-3.51212
-3.51257
-3.51212
-3.51288
-3.51242
-3.51272
-3.51272
-3.51272
-3.51272
-3.51257
-3.51272
-3.51272
-3.51287
-3.51242
-3.51257
-3.51212
-3.51182
-3.51182
-3.51106
-3.51152
-3.51137
-3.51106
-3.51061
-3.51076
-3.51061
-3.51121
-3.51076
-3.51015
-3.51106
-3.51076
-3.51061
-3.51167
-3.51227
-3.51137
-3.51152
-3.51091
-3.51076
-3.51166
-3.51181
-3.51181
-3.5103
-3.51106
-3.51091
-3.51091
-3.51151
-3.51257
-3.51181
-3.51197
-3.51287
-3.51151
-3.51151
-3.51166
-3.51061
-3.51091
-3.5103
-3.50985
-3.5091
-3.50834
-3.50955
-3.51015
-3.51121
-3.51136
-3.51121
-3.51151
-3.5097
-3.51046
-3.51046
-3.50985
-3.51061
-3.51046
-3.51091
-3.51151
-3.51151
-3.51257
-3.51241
-3.51347
-3.51332
-3.51302
-3.51303
-3.51303
-3.51303
-3.51213
-3.51243
-3.51349
-3.51348
-3.51378
-3.51257
-3.51242
-3.51257
-3.51197
-3.51182
-3.51151
-3.51151
-3.51182
-3.51212
-3.51242
-3.51317
-3.51363
-3.51348
-3.51257
-3.51257
-3.51197
-3.51273
-3.51212
-3.51288
-3.51243
-3.51243
-3.51273
-3.51212
-3.51197
-3.51227
-3.51091
-3.51182
-3.51122
-3.51167
-3.51167
-3.51107
-3.51182
-3.51197
-3.51273
-3.51258
-3.51363
-3.51318
-3.51303
-3.51288
-3.51212
-3.51303
-3.51303
-3.51242
-3.51227
-3.51197
-3.51121
-3.51015
-3.51031
-3.50985
-3.50925
-3.5085
-3.50789
-3.50834
-3.50865
-3.50849
-3.5091
-3.50895
-3.5091
-3.5091
-3.50895
-3.50865
-3.50774
-3.50759
-3.50804
-3.50804
-3.50819
-3.50804
-3.5091
-3.50925
-3.50985
-3.50925
-3.50925
-3.51016
-3.50971
-3.51031
-3.50925
-3.50925
-3.5082
-3.50774
-3.50774
-3.50774
-3.50759
-3.50668
-3.50593
-3.50562
-3.50623
-3.50623
-3.50608
-3.50578
-3.50699
-3.50729
-3.50759
-3.50789
-3.50804
-3.50834
-3.50728
-3.50698
-3.50592
-3.50653
-3.50653
-3.50804
-3.50819
-3.50789
-3.50744
-3.50668
-3.50653
-3.50577
-3.50622
-3.50743
-3.50744
-3.50744
-3.50804
-3.5088
-3.50956
-3.5091
-3.50971
-3.50956
-3.51031
-3.50986
-3.51031
-3.50925
-3.51016
-3.51016
-3.5097
-3.50925
-3.50879
-3.50759
-3.50834
-3.5088
-3.5088
-3.5088
-3.50895
-3.51001
-3.50805
-3.50774
-3.50714
-3.50744
-3.50729
-3.50714
-3.50699
-3.50683
-3.50744
-3.50744
-3.50638
-3.50653
-3.50638
-3.50607
-3.50608
-3.50683
-3.50774
-3.50759
-3.50774
-3.50774
-3.50925
-3.50895
-3.50955
-3.50971
-3.50819
-3.50819
-3.5085
-3.50819
-3.50804
-3.50729
-3.5085
-3.50925
-3.50941
-3.51001
-3.50986
-3.51016
-3.51137
-3.51106
-3.51121
-3.51197
-3.51257
-3.51287
-3.51197
-3.51137
-3.51197
-3.51061
-3.51001
-3.5094
-3.50955
-3.50955
-3.50969
-3.50999
-3.51
-3.50954
-3.5097
-3.51
-3.5097
-3.51031
-3.5094
-3.5094
-3.5085
-3.50895
-3.5094
-3.51046
-3.51152
-3.51091
-3.51091
-3.51166
-3.51212
-3.51197
-3.51197
-3.51151
-3.51317
-3.51348
-3.51227
-3.51091
-3.5097
-3.5091
-3.5091
-3.50955
-3.50895
-3.50986
-3.51016
-3.51016
-3.51016
-3.51061
-3.5103
-3.50955
-3.50955
-3.50834
-3.50758
-3.50698
-3.50728
-3.50774
-3.50789
-3.50789
-3.50864
-3.5097
-3.5094
-3.50939
-3.50894
-3.50894
-3.50879
-3.50879
-3.50924
-3.51061
-3.51121
-3.51046
-3.51121
-3.51121
-3.51076
-3.5094
-3.50894
-3.50925
-3.50985
-3.51045
-3.5103
-3.5097
-3.5103
-3.51091
-3.51136
-3.51182
-3.51257
-3.51257
-3.51303
-3.51288
-3.51288
-3.51363
-3.51257
-3.51196
-3.5103
-3.5097
-3.5103
-3.5103
-3.50985
-3.50985
-3.51031
-3.51016
-3.51001
-3.5094
-3.50925
-3.50879
-3.50819
-3.50773
-3.50834
-3.50955
-3.5091
-3.5091
-3.50865
-3.50804
-3.50804
-3.50864
-3.50774
-3.50864
-3.5094
-3.50909
-3.50789
-3.50759
-3.5091
-3.50955
-3.51061
-3.51061
-3.51015
-3.51061
-3.51076
-3.50985
-3.51121
-3.51061
-3.51106
-3.51061
-3.51046
-3.51016
-3.51107
-3.51167
-3.51212
-3.51151
-3.51211
-3.51151
-3.5109
-3.5106
-3.50955
-3.51001
-3.51016
-3.51077
-3.51061
-3.51046
-3.5094
-3.50985
-3.50909
-3.50908
-3.50969
-3.50984
-3.5106
-3.51197
-3.51152
-3.51152
-3.51167
-3.51287
-3.51242
-3.51121
-3.51061
-3.51091
-3.51091
-3.5103
-3.51
-3.51015
-3.51075
-3.51105
-3.5109
-3.51181
-3.51257
-3.51317
-3.51423
-3.51408
-3.51438
-3.51544
-3.51483
-3.51453
-3.51454
-3.51454
-3.51394
-3.51379
-3.51424
-3.51333
-3.51273
-3.51318
-3.51302
-3.51121
-3.51136
-3.51106
-3.51091
-3.51272
-3.51303
-3.51363
-3.51409
-3.51333
-3.51409
-3.51409
-3.51363
-3.51363
-3.51378
-3.51408
-3.51453
-3.51453
-3.51468
-3.51393
-3.51363
-3.51287
-3.51273
-3.51273
-3.51288
-3.51378
-3.51439
-3.51393
-3.51303
-3.51182
-3.51242
-3.51257
-3.51181
-3.51226
-3.51272
-3.51272
-3.51212
-3.51106
-3.51061
-3.50955
-3.51
-3.50955
-3.5091
-3.50864
-3.50925
-3.5097
-3.5094
-3.51016
-3.5091
-3.5094
-3.50954
-3.50984
-3.51075
-3.51045
-3.51091
-3.51212
-3.51302
-3.51272
-3.51196
-3.51272
-3.51317
-3.51453
-3.51468
-3.51438
-3.51408
-3.51393
-3.51317
-3.51242
-3.51227
-3.51363
-3.51136
-3.51121
-3.50985
-3.51015
-3.50924
-3.50804
-3.50774
-3.50773
-3.50743
-3.50758
-3.50727
-3.50697
-3.50712
-3.50667
-3.50713
-3.50653
-3.50894
-3.50804
-3.50804
-3.50925
-3.5088
-3.50834
-3.50819
-3.50819
-3.50909
-3.51
-3.51
-3.50969
-3.51
-3.50984
-3.51
-3.51045
-3.5109
-3.51091
-3.51
-3.51015
-3.51015
-3.5091
-3.51
-3.5094
-3.50909
-3.50924
-3.50985
-3.50985
-3.5094
-3.51076
-3.51091
-3.51136
-3.51151
-3.51061
-3.51046
-3.51015
-3.51045
-3.5097
-3.51015
-3.50879
-3.50924
-3.50894
-3.50849
-3.50879
-3.50924
-3.50955
-3.51121
-3.51166
-3.51226
-3.51241
-3.51166
-3.51166
-3.51151
-3.51166
-3.51212
-3.51181
-3.51136
-3.51197
-3.51151
-3.51136
-3.51075
-3.5103
-3.5106
-3.51075
-3.51121
-3.51272
-3.51257
-3.51181
-3.51257
-3.51197
-3.51182
-3.51227
-3.51197
-3.51181
-3.51272
-3.51166
-3.51166
-3.51227
-3.51166
-3.51166
-3.51212
-3.51182
-3.51076
-3.51091
-3.51167
-3.51243
-3.51258
-3.51318
-3.51409
-3.51363
-3.51333
-3.51242
-3.51257
-3.51302
-3.51302
-3.51317
-3.51318
-3.51333
-3.51242
-3.51318
-3.51333
-3.51242
-3.51212
-3.51167
-3.51107
-3.51031
-3.51167
-3.51288
-3.51363
-3.51378
-3.51454
-3.51439
-3.51484
-3.51544
-3.51468
-3.51559
-3.51529
-3.51454
-3.51514
-3.51529
-3.51575
-3.5162
-3.5159
-3.5159
-3.51756
-3.51711
-3.51635
-3.51665
-3.51484
-3.51499
-3.51454
-3.51469
-3.51424
-3.51514
-3.51424
-3.51378
-3.51287
-3.51197
-3.51106
-3.51136
-3.51166
-3.51212
-3.51303
-3.51318
-3.51197
-3.51106
-3.50955
-3.51061
-3.5097
-3.50985
-3.5097
-3.51
-3.5094
-3.51015
-3.51046
-3.51122
-3.51076
-3.51016
-3.50986
-3.50971
-3.51031
-3.51046
-3.51031
-3.50955
-3.50909
-3.51
-3.51015
-3.51076
-3.51016
-3.51091
-3.51137
-3.51076
-3.51107
-3.51152
-3.51152
-3.51182
-3.51243
-3.51182
-3.51091
-3.51061
-3.51167
-3.51136
-3.51061
-3.51076
-3.51031
-3.51046
-3.50865
-3.50849
-3.5091
-3.50864
-3.5097
-3.50985
-3.51136
-3.51061
-3.51182
-3.51122
-3.51046
-3.51167
-3.51242
-3.51273
-3.51363
-3.51408
-3.51423
-3.51439
-3.51453
-3.51574
-3.51559
-3.51529
-3.51484
-3.51499
-3.51529
-3.51589
-3.51574
-3.51574
-3.5165
-3.51665
-3.51544
-3.51574
-3.51544
-3.51574
-3.51423
-3.51423
-3.51272
-3.51226
-3.51211
-3.51226
-3.51211
-3.51197
-3.51182
-3.51258
-3.51318
-3.51273
-3.51273
-3.51197
-3.51136
-3.51061
-3.51045
-3.51
-3.51045
-3.51166
-3.51227
-3.51242
-3.51303
-3.51318
-3.51348
-3.51409
-3.51393
-3.51348
-3.51469
-3.51378
-3.51348
-3.51287
-3.51332
-3.51393
-3.51423
-3.51393
-3.51438
-3.51409
-3.51454
-3.51409
-3.51409
-3.51454
-3.51515
-3.51439
-3.51469
-3.51529
-3.5159
-3.5159
-3.51469
-3.5159
-3.51499
-3.51469
-3.51499
-3.51454
-3.51575
-3.51514
-3.51514
-3.51499
-3.51454
-3.51408
-3.51439
-3.51378
-3.51484
-3.51409
-3.51454
-3.51514
-3.51484
-3.51544
-3.51484
-3.51499
-3.51439
-3.51484
-3.51485
-3.51545
-3.51485
-3.5159
-3.51515
-3.515
-3.5147
-3.51454
-3.51499
-3.51454
-3.51423
-3.51499
-3.51589
-3.51514
-3.51575
-3.51514
-3.51529
-3.51424
-3.51439
-3.51409
-3.51288
-3.51243
-3.51213
-3.51137
-3.51182
-3.51197
-3.51197
-3.51182
-3.51151
-3.51061
-3.51151
-3.51136
-3.51061
-3.51106
-3.5094
-3.5088
-3.50895
-3.5082
-3.46812
-3.46827
-3.46826
-3.46796
-3.46841
-3.46857
-3.46796
-3.46827
-3.46842
-3.46812
-3.46978
-3.47054
-3.47099
-3.47038
-3.47008
-3.46977
-3.46977
-3.47083
-3.47099
-3.47129
-3.47129
-3.47129
-3.47099
-3.47144
-3.47114
-3.47084
-3.47068
-3.47038
-3.46962
-3.47098
-3.47083
-3.47053
-3.47114
-3.4722
-3.47175
-3.4719
-3.47205
-3.47144
-3.47114
-3.47129
-3.47099
-3.47159
-3.47068
-3.47053
-3.47008
-3.47053
-3.47038
-3.46977
-3.46917
-3.46872
-3.46872
-3.46842
-3.46826
-3.46841
-3.46886
-3.46841
-3.46781
-3.46751
-3.46887
-3.46993
-3.47038
-3.47053
-3.47053
-3.47159
-3.47189
-3.47189
-3.47264
-3.47143
-3.47113
-3.47219
-3.47265
-3.4725
-3.47204
-3.47174
-3.47204
-3.47174
-3.47113
-3.47159
-3.47144
-3.47129
-3.47174
-3.47204
-3.47189
-3.47219
-3.47189
-3.47219
-3.47189
-3.47144
-3.47083
-3.47038
-3.47113
-3.46947
-3.46932
-3.46993
-3.46827
-3.46736
-3.46706
-3.46887
-3.46872
-3.46887
-3.46887
-3.46872
-3.46857
-3.46872
-3.46932
-3.46947
-3.46872
-3.47008
-3.47054
-3.47099
-3.46993
-3.47008
-3.47023
-3.47023
-3.47008
-3.47008
-3.47023
-3.46947
-3.46948
-3.46933
-3.46887
-3.46842
-3.46858
-3.46843
-3.46948
-3.46873
-3.46948
-3.47023
-3.46963
-3.46932
-3.46902
-3.46963
-3.47039
-3.47009
-3.46994
-3.47009
-3.46948
-3.47099
-3.46963
-3.46948
-3.46933
-3.46948
-3.46933
-3.46963
-3.46948
-3.46918
-3.46979
-3.47084
-3.47175
-3.4722
-3.4716
-3.47265
-3.47295
-3.47401
-3.4731
-3.4731
-3.47371
-3.4722
-3.47356
-3.47371
-3.47326
-3.47296
-3.47265
-3.47281
-3.47205
-3.47235
-3.4722
-3.47159
-3.47235
-3.47265
-3.47159
-3.47039
-3.47039
-3.47114
-3.47114
-3.47038
-3.46917
-3.46963
-3.46993
-3.46993
-3.47054
-3.47069
-3.46933
-3.47069
-3.47084
-3.47084
-3.47205
-3.4725
-3.47235
-3.47205
-3.4719
-3.47129
-3.4722
-3.4722
-3.47175
-3.47159
-3.47219
-3.4725
-3.4731
-3.4737
-3.47325
-3.47356
-3.47326
-3.47356
-3.47326
-3.47342
-3.47387
-3.47236
-3.47115
-3.4713
-3.47205
-3.47114
-3.47114
-3.47129
-3.47054
-3.47039
-3.47144
-3.47175
-3.4725
-3.47205
-3.47099
-3.47069
-3.47099
-3.47114
-3.47114
-3.4719
-3.4716
-3.47235
-3.4722
-3.4713
-3.4719
-3.47205
-3.4722
-3.47265
-3.47326
-3.47477
-3.47477
-3.47553
-3.47568
-3.47538
-3.47538
-3.47523
-3.47522
-3.47432
-3.47417
-3.4725
-3.4725
-3.47265
-3.47326
-3.47356
-3.47477
-3.47568
-3.47507
-3.47462
-3.47463
-3.47462
-3.47538
-3.47613
-3.47613
-3.47552
-3.47552
-3.47447
-3.47508
-3.47523
-3.47523
-3.47538
-3.47644
-3.47719
-3.47598
-3.47583
-3.47522
-3.47431
-3.47477
-3.47446
-3.47492
-3.47477
-3.47462
-3.47417
-3.47448
-3.47432
-3.47357
-3.47326
-3.47341
-3.47386
-3.47386
-3.47235
-3.47266
-3.47311
-3.47371
-3.47357
-3.47311
-3.47205
-3.47266
-3.4713
-3.4722
-3.47205
-3.47175
-3.47281
-3.47342
-3.47357
-3.47311
-3.47251
-3.47296
-3.47205
-3.4725
-3.47175
-3.4722
-3.4719
-3.47175
-3.4722
-3.47205
-3.47236
-3.47251
-3.47206
-3.47085
-3.4707
-3.47146
-3.47176
-3.47266
-3.47266
-3.4719
-3.47205
-3.47205
-3.47175
-3.47356
-3.47372
-3.47296
-3.47251
-3.47236
-3.47236
-3.47176
-3.47145
-3.47145
-3.47084
-3.47084
-3.46979
-3.47039
-3.46994
-3.47009
-3.46949
-3.47039
-3.47024
-3.47055
-3.47145
-3.4707
-3.471
-3.4719
-3.47221
-3.471
-3.47099
-3.46978
-3.46963
-3.46857
-3.46872
-3.46887
-3.46888
-3.46918
-3.47009
-3.4713
-3.4713
-3.47099
-3.47069
-3.46948
-3.46964
-3.46933
-3.47054
-3.46888
-3.46903
-3.46994
-3.46888
-3.46873
-3.46903
-3.46842
-3.46842
-3.46767
-3.46858
-3.46828
-3.46903
-3.46948
-3.46978
-3.47069
-3.47145
-3.47115
-3.47085
-3.47054
-3.46949
-3.47009
-3.46918
-3.46858
-3.46979
-3.46994
-3.47024
-3.46993
-3.46978
-3.47008
-3.47023
-3.47084
-3.47084
-3.47039
-3.47039
-3.46949
-3.46934
-3.46888
-3.46903
-3.46918
-3.46873
-3.46873
-3.46918
-3.46948
-3.46918
-3.46963
-3.47009
-3.46963
-3.46948
-3.46903
-3.46842
-3.46797
-3.46691
-3.46721
-3.46721
-3.46767
-3.46752
-3.46903
-3.46888
-3.46979
-3.47009
-3.47145
-3.4716
-3.47221
-3.47266
-3.4728
-3.4719
-3.47265
-3.47295
-3.47326
-3.47266
-3.4713
-3.47054
-3.47039
-3.47009
-3.47099
-3.47069
-3.47009
-3.46978
-3.46978
-3.46873
-3.46827
-3.46842
-3.46888
-3.46888
-3.46873
-3.46828
-3.46843
-3.46858
-3.46964
-3.46933
-3.47009
-3.471
-3.4716
-3.4713
-3.47115
-3.47205
-3.47235
-3.47205
-3.47205
-3.4716
-3.47085
-3.47175
-3.47311
-3.47386
-3.47356
-3.47295
-3.47326
-3.47205
-3.4719
-3.4719
-3.4716
-3.47236
-3.47341
-3.47251
-3.4722
-3.47175
-3.47114
-3.4722
-3.47205
-3.47235
-3.47265
-3.47325
-3.4728
-3.47356
-3.47432
-3.47477
-3.47432
-3.47463
-3.47432
-3.47432
-3.47583
-3.47552
-3.47507
-3.47582
-3.47628
-3.47583
-3.47598
-3.47568
-3.47613
-3.47538
-3.47583
-3.47523
-3.47492
-3.47477
-3.47401
-3.47431
-3.47446
-3.47371
-3.47356
-3.47357
-3.47402
-3.47417
-3.47342
-3.47326
-3.47341
-3.47326
-3.47401
-3.47461
-3.47477
-3.47431
-3.47371
-3.47341
-3.47372
-3.47296
-3.47417
-3.47356
-3.47371
-3.47341
-3.47356
-3.47235
-3.47311
-3.47296
-3.47356
-3.47371
-3.47417
-3.47387
-3.47326
-3.47311
-3.47266
-3.47236
-3.47267
-3.47327
-3.47176
-3.471
-3.47024
-3.47069
-3.47084
-3.47069
-3.471
-3.47115
-3.47175
-3.47145
-3.47115
-3.47205
-3.471
-3.47205
-3.4719
-3.47175
-3.47175
-3.47175
-3.4719
-3.47145
-3.47099
-3.46979
-3.46979
-3.46994
-3.46964
-3.46994
-3.46979
-3.47069
-3.4707
-3.47115
-3.46994
-3.47009
-3.46918
-3.46963
-3.46948
-3.46918
-3.46842
-3.46963
-3.46964
-3.46949
-3.46933
-3.46933
-3.46918
-3.46872
-3.46903
-3.46903
-3.46918
-3.46979
-3.46979
-3.46933
-3.47024
-3.46994
-3.47054
-3.47114
-3.47039
-3.46978
-3.47009
-3.46964
-3.46964
-3.46934
-3.46994
-3.46933
-3.46994
-3.47099
-3.47145
-3.4716
-3.47115
-3.4713
-3.4716
-3.47145
-3.4719
-3.4719
-3.47205
-3.47205
-3.47205
-3.4722
-3.4713
-3.4716
-3.4707
-3.471
-3.4716
-3.47085
-3.471
-3.4713
-3.47114
-3.47054
-3.46948
-3.47023
-3.47039
-3.46948
-3.46978
-3.47054
-3.46964
-3.46979
-3.4707
-3.47115
-3.47145
-3.47145
-3.47085
-3.47236
-3.4722
-3.47175
-3.47099
-3.47069
-3.4713
-3.47205
-3.47296
-3.47205
-3.47175
-3.47221
-3.47236
-3.47175
-3.4719
-3.47236
-3.4722
-3.4722
-3.4725
-3.4719
-3.47266
-3.47296
-3.47447
-3.47402
-3.47326
-3.47341
-3.47356
-3.47296
-3.47371
-3.47341
-3.47265
-3.47311
-3.4728
-3.47114
-3.47053
-3.47113
-3.47204
-3.47204
-3.47265
-3.47311
-3.47326
-3.47266
-3.4722
-3.47205
-3.4722
-3.47145
-3.4713
-3.4719
-3.47159
-3.47159
-3.47204
-3.47219
-3.47234
-3.47129
-3.47008
-3.46872
-3.46812
-3.46812
-3.46843
-3.46888
-3.46827
-3.46842
-3.46842
-3.46888
-3.46873
-3.47024
-3.47024
-3.47084
-3.47099
-3.47129
-3.47099
-3.47084
-3.47054
-3.46993
-3.46978
-3.47084
-3.4713
-3.47235
-3.47296
-3.47356
-3.47326
-3.47507
-3.47507
-3.47477
-3.47447
-3.47402
-3.47251
-3.47387
-3.47387
-3.47311
-3.47371
-3.47417
-3.47235
-3.47371
-3.47432
-3.47432
-3.47356
-3.47326
-3.4725
-3.47099
-3.47205
-3.47145
-3.47235
-3.47266
-3.47326
-3.47371
-3.4725
-3.4725
-3.47265
-3.47235
-3.4728
-3.47235
-3.47205
-3.47175
-3.47235
-3.4722
-3.47114
-3.47114
-3.47114
-3.47069
-3.4713
-3.47085
-3.47069
-3.4716
-3.4713
-3.47266
-3.47296
-3.47205
-3.47205
-3.4716
-3.4716
-3.47114
-3.47039
-3.46978
-3.46978
-3.47129
-3.47114
-3.47068
-3.47084
-3.47023
-3.47009
-3.47099
-3.47145
-3.4713
-3.4719
-3.47235
-3.4722
-3.4731
-3.4725
-3.47356
-3.47356
-3.47446
-3.47476
-3.47461
-3.47492
-3.47613
-3.47598
-3.47643
-3.47598
-3.47598
-3.47537
-3.47582
-3.47673
-3.47613
-3.47597
-3.47688
-3.47718
-3.47885
-3.47839
-3.47839
-3.47749
-3.47749
-3.47749
-3.47749
-3.47568
-3.47537
-3.47522
-3.47432
-3.47402
-3.47507
-3.47582
-3.47597
-3.47673
-3.47613
-3.47553
-3.47447
-3.47432
-3.47326
-3.47341
-3.47371
-3.47341
-3.47416
-3.47447
-3.47431
-3.47401
-3.47431
-3.4728
-3.47295
-3.47386
-3.47477
-3.47462
-3.47431
-3.47447
-3.47492
-3.47416
-3.47476
-3.47507
-3.47401
-3.47461
-3.47431
-3.47295
-3.47356
-3.47401
-3.47401
-3.47461
-3.47386
-3.4731
-3.4728
-3.47265
-3.47295
-3.4731
-3.47325
-3.47325
-3.47325
-3.4728
-3.4731
-3.4725
-3.47159
-3.47068
-3.47023
-3.47204
-3.47295
-3.47295
-3.4734
-3.47325
-3.47355
-3.47325
-3.4731
-3.47234
-3.47249
-3.47325
-3.47249
-3.47234
-3.4728
-3.47325
-3.47431
-3.47446
-3.47522
-3.47401
-3.47401
-3.47385
-3.4737
-3.474
-3.47279
-3.47279
-3.47189
-3.47204
-3.4728
-3.4725
-3.47174
-3.47053
-3.47023
-3.46962
-3.46917
-3.46947
-3.46947
-3.46978
-3.46962
-3.46977
-3.47008
-3.47038
-3.47159
-3.47174
-3.47234
-3.4728
-3.4731
-3.4731
-3.4725
-3.47264
-3.47204
-3.47264
-3.47264
-3.47264
-3.47355
-3.4731
-3.4731
-3.4731
-3.4728
-3.4728
-3.47128
-3.47159
-3.47204
-3.47098
-3.47023
-3.47008
-3.46933
-3.46978
-3.47023
-3.46978
-3.47008
-3.47008
-3.46947
-3.46856
-3.46826
-3.46765
-3.46781
-3.46706
-3.46812
-3.46812
-3.46721
-3.46827
-3.46857
-3.46811
-3.46811
-3.4678
-3.46826
-3.46705
-3.46781
-3.46751
-3.46766
-3.46751
-3.46766
-3.46827
-3.46797
-3.46887
-3.46827
-3.46902
-3.46872
-3.46887
-3.46841
-3.46736
-3.46796
-3.46826
-3.46796
-3.46781
-3.4675
-3.46735
-3.46781
-3.46871
-3.46932
-3.46902
-3.46872
-3.46887
-3.46978
-3.46977
-3.47068
-3.47007
-3.46932
-3.46947
-3.46977
-3.47023
-3.4725
-3.47355
-3.47355
