1.09917
1.09625
1.09109
1.08342
1.07289
1.05902
1.04125
1.01891
0.991294
0.95779
0.918002
0.871946
0.820259
0.76441
0.706719
0.65019
0.598095
0.553378
0.518178
0.493528
0.479322
0.474448
0.477111
0.485168
0.496476
0.509169
0.521826
0.533511
0.543769
0.552532
0.559979
0.566369
0.571908
0.576699
0.580701
0.583794
0.585888
0.587024
0.587396
0.587334
0.587233
0.587458
0.588261
0.589798
0.592095
0.595025
0.59833
0.60162
0.604497
0.606632
0.607833
0.608121
0.607703
0.606908
0.606108
0.605612
0.605632
0.60629
0.60761
0.609516
0.611826
0.614248
0.616369
0.617778
0.618129
0.617227
0.615121
0.612127
0.608802
0.60578
0.603516
0.602042
0.600944
0.599574
0.597383
0.594189
0.590201
0.585954
0.582162
0.579561
0.578789
0.580275
0.584137
0.590153
0.597841
0.606575
0.615715
0.624687
0.633027
0.640366
0.646429
0.650984
0.653841
0.654897
0.654124
0.651591
0.647439
0.641856
0.635008
0.627054
0.618124
0.608405
0.598179
0.587851
0.577935
0.568974
0.561422
0.555555
0.551419
0.548888
0.547752
0.547871
0.549215
0.551914
0.556167
0.562153
0.569912
0.579255
0.589797
0.600994
0.612221
0.622828
0.632174
0.639662
0.644768
0.647158
0.646733
0.643596
0.638077
0.630654
0.621896
0.612404
0.602723
0.593314
0.584542
0.576712
0.570102
0.56502
0.56179
0.560805
0.56242
0.566846
0.573985
0.583361
0.594175
0.605465
0.616302
0.625903
0.633692
0.6393
0.642548
0.643409
0.642015
0.638614
0.63355
0.627231
0.620045
0.612328
0.604318
0.596198
0.588152
0.580485
0.573666
0.568314
0.565044
0.564269
0.566016
0.569873
0.575097
0.58081
0.586165
0.590486
0.593274
0.594206
0.593123
0.589994
0.584953
0.578303
0.570528
0.562328
0.554601
0.548353
0.544557
0.54395
0.546839
0.552989
0.561674
0.571835
0.58231
0.592
0.600032
0.605806
0.609016
0.609622
0.607847
0.604101
0.598937
0.593006
0.586969
0.58145
0.576956
0.573855
0.572342
0.572433
0.574004
0.576802
0.580496
0.58469
0.588943
0.592792
0.59581
0.597621
0.597958
0.596688
0.593846
0.58965
0.584519
0.579031
0.573869
0.569674
0.566867
0.565571
0.565627
0.566683
0.56833
0.570199
0.572006
0.573595
0.574917
0.575988
0.576839
0.577497
0.577973
0.578218
0.578145
0.577652
0.576633
0.575014
0.572813
0.57017
0.567441
0.565154
0.56393
0.564297
0.566542
0.570675
0.576438
0.583417
0.591112
0.598981
0.606498
0.613157
0.618506
0.622181
0.623964
0.623769
0.621658
0.617834
0.61261
0.606354
0.599481
0.592412
0.585553
0.579264
0.573816
0.569389
0.566037
0.56368
0.562155
0.561236
0.560712
0.560434
0.560338
0.560437
0.560811
0.561583
0.562826
0.564547
0.566611
0.568791
0.570778
0.572228
0.572859
0.572521
0.571227
0.569192
0.566794
0.564524
0.562818
0.561947
0.561911
0.562437
0.563114
0.563515
0.563405
0.562803
0.561946
0.561206
0.560935
0.56132
0.562294
0.563576
0.564721
0.56533
0.565188
0.564365
0.563182
0.56202
0.56108
0.560242
0.559153
0.557498
0.555183
0.552391
0.549484
0.546826
0.544668
0.543124
0.542208
0.541949
0.54244
0.543819
0.546168
0.549444
0.553376
0.557533
0.56144
0.564694
0.567012
0.568257
0.568367
0.567329
0.565119
0.561754
0.557355
0.552186
0.546675
0.541351
0.536743
0.533239
0.53101
0.530035
0.5302
0.5314
0.533603
0.536791
0.540898
0.545721
0.550962
0.5563
0.561475
0.566304
0.570652
0.574376
0.577253
0.579
0.579317
0.577947
0.574722
0.569628
0.562822
0.554632
0.545606
0.536484
0.528142
0.521477
0.517233
0.515845
0.517345
0.521398
0.527461
0.534962
0.543324
0.551956
0.560231
0.567552
0.573413
0.577495
0.579703
0.580125
0.578986
0.576605
0.573343
0.569583
0.565732
0.562181
0.559267
0.55725
0.556246
0.556294
0.557398
0.559573
0.562825
0.567072
0.572056
0.57734
0.582391
0.586711
0.589923
0.591831
0.592437
0.591904
0.590523
0.58864
0.586544
0.584406
0.582244
0.579961
0.577442
0.57464
0.571606
0.568468
0.565371
0.562477
0.559964
0.558022
0.556827
0.556468
0.556918
0.558001
0.559477
0.561115
0.562748
0.564294
0.565722
0.567009
0.568117
0.569018
0.569692
0.570161
0.570527
0.570954
0.571634
0.572748
0.574427
0.576716
0.579484
0.582513
0.585493
0.588069
0.589926
0.590762
0.590332
0.588495
0.58523
0.580692
0.575211
0.569285
0.563526
0.558599
0.555075
0.553355
0.553592
0.555696
0.559419
0.564392
0.570238
0.576602
0.583182
0.589709
0.595928
0.601598
0.606502
0.610452
0.613314
0.61501
0.615557
0.615035
0.613583
0.611358
0.608501
0.605104
0.601225
0.596913
0.592239
0.587343
0.582445
0.577814
0.573757
0.570525
0.568269
0.567
0.566565
0.566715
0.567184
0.567729
0.568212
0.568591
0.568927
0.569326
0.569945
0.570947
0.57247
0.574613
0.577393
0.580713
0.584372
0.588101
0.591597
0.594591
0.596859
0.598259
0.598733
0.598258
0.596853
0.594554
0.591379
0.587334
0.582422
0.576656
0.570072
0.562754
0.554861
0.546671
0.538609
0.531191
0.524964
0.520362
0.517567
0.516456
0.516641
0.517668
0.519192
0.521089
0.5234
0.526242
0.529746
0.534021
0.539166
0.54529
0.552433
0.560496
0.569235
0.578269
0.587166
0.595527
0.603043
0.609502
0.614741
0.618557
0.620697
0.620913
0.619105
0.615409
0.610238
0.604199
0.597978
0.592184
0.587279
0.583529
0.581002
0.579608
0.579118
0.579285
0.579872
0.580691
0.581597
0.582481
0.583215
0.583599
0.583365
0.582192
0.579772
0.575917
0.570676
0.564432
0.557885
0.551954
0.547572
0.545406
0.545681
0.548165
0.552305
0.557422
0.562894
0.568242
0.57312
0.577284
0.580557
0.582789
0.583893
0.583839
0.582698
0.580674
0.578093
0.575357
0.572851
0.570836
0.569393
0.568391
0.567583
0.566719
0.565665
0.56448
0.563419
0.5629
0.563387
0.565234
0.568581
0.573282
0.578858
0.584594
0.589659
0.593294
0.594922
0.594308
0.591595
0.587253
0.581963
0.576463
0.571371
0.567121
0.563971
0.562077
0.561571
0.562537
0.564963
0.568672
0.573309
0.578376
0.583335
0.587738
0.591321
0.594041
0.596029
0.597515
0.598741
0.599897
0.60114
0.602566
0.604227
0.606156
0.608336
0.610687
0.613047
0.615178
0.616784
0.617532
0.617107
0.615275
0.611905
0.607007
0.60075
0.593423
0.585397
0.577108
0.569032
0.561679
0.555555
0.551075
0.548508
0.547913
0.549092
0.551649
0.555057
0.558748
0.562184
0.564895
0.566507
0.566761
0.56551
0.562719
0.558502
0.55314
0.547102
0.540987
0.535427
0.530929
0.527743
0.525772
0.524665
0.523956
0.523263
0.52236
0.521246
0.520104
0.519262
0.519074
0.519857
0.521819
0.525044
0.529479
0.53494
0.541104
0.547456
0.553354
0.558131
0.561248
0.562397
0.561547
0.558924
0.554934
0.550078
0.544885
0.539866
0.535471
0.532086
0.530004
0.529442
0.530512
0.533186
0.537282
0.542496
0.548414
0.554577
0.560523
0.565828
0.570115
0.573125
0.574732
0.574985
0.574077
0.572325
0.570087
0.56767
0.565251
0.56284
0.560298
0.557452
0.55417
0.550462
0.54651
0.542699
0.539525
0.537543
0.537209
0.538827
0.54247
0.547956
0.554858
0.562567
0.570342
0.577414
0.583086
0.586787
0.588135
0.586927
0.583148
0.576909
0.56842
0.558007
0.546113
0.533298
0.520285
0.507936
0.497147
0.488758
0.483481
0.481837
0.484102
0.490193
0.499573
0.511253
0.523999
0.536553
0.547855
0.55714
0.563968
0.568219
0.570039
0.569786
0.567944
0.565035
0.561561
0.557977
0.554694
0.552076
0.550451
0.550134
0.551363
0.554265
0.558813
0.564805
0.571888
0.579573
0.587301
0.594486
0.600577
0.605118
0.607776
0.608405
0.607053
0.604019
0.599802
0.59508
0.590594
0.586963
0.584544
0.583353
0.583124
0.583475
0.584046
0.584635
0.585188
0.58575
0.586354
0.586958
0.587405
0.587433
0.586765
0.585204
0.58275
0.579614
0.576178
0.572933
0.570389
0.56902
0.56921
0.571161
0.574849
0.580008
0.586206
0.592903
0.599547
0.605621
0.610642
0.614158
0.615797
0.615286
0.612493
0.607483
0.600516
0.59207
0.582769
0.573327
0.564453
0.556743
0.550609
0.546203
0.543417
0.541919
0.541242
0.540856
0.540318
0.539364
0.537976
0.536369
0.534849
0.533646
0.532808
0.532217
0.531698
0.531111
0.530342
0.529308
0.527953
0.526293
0.524438
0.522591
0.52101
0.519946
0.519586
0.520038
0.521342
0.523496
0.526449
0.530102
0.534299
0.538782
0.543175
0.547008
0.549763
0.551007
0.55051
0.54836
0.54502
0.541282
0.538096
0.536291
0.536353
0.538382
0.542148
0.547217
0.553073
0.559185
0.565018
0.570055
0.573809
0.575844
0.575836
0.573598
0.569108
0.562504
0.554072
0.544223
0.533482
0.522444
0.511718
0.501866
0.493335
0.486397
0.481136
0.477478
0.475233
0.474139
0.47394
0.474419
0.475458
0.477062
0.479365
0.482512
0.486595
0.491564
0.497197
0.503173
0.509146
0.514791
0.519879
0.524284
0.528003
0.531148
0.533886
0.536369
0.53868
0.540824
0.542717
0.544256
0.545371
0.54608
0.546505
0.546827
0.547226
0.547778
0.548414
0.548889
0.548871
0.548055
0.546261
0.543496
0.539976
0.536074
0.53224
0.528925
0.5265
0.525201
0.525115
0.526213
0.528343
0.531291
0.534814
0.538655
0.542592
0.546438
0.550048
0.553325
0.556213
0.558687
0.560761
0.562453
0.563735
0.564533
0.564693
0.56401
0.562262
0.559315
0.555147
0.5499
0.543871
0.537485
0.531212
0.525488
0.52064
0.516816
0.51397
0.511884
0.510207
0.508535
0.506506
0.503921
0.500876
0.497803
0.495393
0.494355
0.495035
0.497186
0.500042
0.502646
0.504176
0.504162
0.50257
0.499824
0.496791
0.494676
0.494671
0.49753
0.503275
0.51125
0.520473
0.529996
0.53913
0.547439
0.554681
0.560687
0.56531
0.568402
0.569808
0.569423
0.567233
0.563341
0.558009
1.08967
1.07328
1.05233
1.02814
1.00213
0.975727
0.950178
0.926583
0.905778
0.888338
0.874545
0.86447
0.858031
0.854952
0.854707
0.856387
0.858648
0.859955
0.859006
0.855158
0.848659
0.840543
0.832338
0.825651
0.821755
0.821225
0.823844
0.828718
0.834573
0.840037
0.843956
0.84561
0.844731
0.841376
0.835803
0.828335
0.819482
0.810239
0.802423
0.798582
0.801053
0.810722
0.826679
0.846894
0.86905
0.890928
0.910645
0.926842
0.938824
0.946527
0.950381
0.95119
0.949987
0.947861
0.945758
0.944274
0.943617
0.943775
0.944824
0.947028
0.950533
0.955075
0.959998
0.964653
0.968599
0.971657
0.97371
0.974556
0.973814
0.971013
0.965821
0.958383
0.949519
0.940582
0.93284
0.926878
0.922357
0.918342
0.913898
0.908678
0.903276
0.899181
0.898128
0.901267
0.908742
0.919926
0.933789
0.949017
0.964024
0.97722
0.987323
0.993623
0.996026
0.994939
0.991099
0.98531
0.978161
0.969895
0.960519
0.950006
0.938555
0.926756
0.915511
0.905643
0.897509
0.891011
0.886112
0.883052
0.882031
0.882759
0.884457
0.88637
0.888219
0.890319
0.893312
0.897786
0.903991
0.911763
0.920589
0.929719
0.9383
0.945476
0.9505
0.952848
0.952295
0.948955
0.943268
0.935852
0.92729
0.918064
0.908536
0.899075
0.890094
0.882053
0.875428
0.870668
0.868122
0.867959
0.870121
0.874371
0.880311
0.887305
0.89434
0.900034
0.902975
0.902138
0.897291
0.889161
0.879275
0.869565
0.861872
0.857568
0.857323
0.861121
0.868316
0.877788
0.888215
0.898467
0.907926
0.916424
0.923734
0.929116
0.931298
0.929149
0.922283
0.911373
0.898051
0.884424
0.872562
0.864009
0.859479
0.858779
0.861036
0.864981
0.869274
0.872798
0.874842
0.875159
0.873918
0.87156
0.8687
0.865989
0.864019
0.863177
0.863656
0.865449
0.868407
0.872311
0.877078
0.882915
0.890327
0.899807
0.911387
0.924308
0.937099
0.948102
0.956011
0.960226
0.960788
0.958226
0.953342
0.947046
0.940215
0.933674
0.928182
0.924397
0.922753
0.923287
0.925534
0.928682
0.931848
0.934399
0.936136
0.937173
0.937761
0.938169
0.938575
0.93895
0.938971
0.937972
0.935107
0.929617
0.921148
0.909988
0.89724
0.884643
0.874081
0.867033
0.864166
0.865438
0.870486
0.878964
0.890585
0.90491
0.921142
0.938081
0.954231
0.968056
0.978242
0.983854
0.984483
0.980241
0.971712
0.959823
0.945646
0.93016
0.914106
0.89799
0.882198
0.867167
0.853475
0.841871
0.833179
0.828183
0.827564
0.831788
0.841081
0.855332
0.87389
0.895335
0.917359
0.937084
0.951939
0.960448
0.962574
0.95954
0.953306
0.94593
0.938939
0.933021
0.927995
0.923117
0.917565
0.910823
0.903009
0.894951
0.888016
0.883572
0.882317
0.883829
0.886775
0.889654
0.891614
0.892871
0.89445
0.897412
0.902066
0.907742
0.913225
0.9175
0.92024
0.921848
0.923106
0.924654
0.926544
0.92805
0.927975
0.925219
0.919449
0.911236
0.901918
0.893111
0.886172
0.881727
0.879677
0.879549
0.880952
0.883708
0.887794
0.892977
0.898559
0.903337
0.905828
0.904722
0.89937
0.890155
0.878418
0.865939
0.854225
0.843995
0.835235
0.827628
0.82107
0.815883
0.81269
0.812033
0.814062
0.818418
0.824298
0.830847
0.837555
0.844654
0.853047
0.863854
0.877772
0.89453
0.912887
0.930911
0.946512
0.957841
0.963538
0.962855
0.955707
0.942707
0.92511
0.9046
0.883066
0.862353
0.844124
0.829668
0.819663
0.814031
0.811995
0.812484
0.814505
0.817476
0.821243
0.825878
0.831349
0.837376
0.843472
0.849211
0.854412
0.859285
0.864323
0.869938
0.876065
0.881934
0.886175
0.887299
0.884462
0.87856
0.873078
0.873061
0.881677
0.897488
0.915961
0.932919
0.946085
0.954652
0.958524
0.957895
0.953065
0.944363
0.932152
0.916793
0.898682
0.878314
0.85634
0.833685
0.811672
0.792031
0.776797
0.767909
0.766672
0.773136
0.785852
0.802288
0.819666
0.835803
0.849462
0.860198
0.868012
0.873061
0.875586
0.875909
0.874486
0.871816
0.86838
0.864626
0.860977
0.857837
0.855492
0.853962
0.852961
0.85196
0.850392
0.847879
0.844383
0.84021
0.835934
0.832187
0.829547
0.828498
0.829522
0.833024
0.83908
0.847148
0.856099
0.864602
0.871728
0.877294
0.881794
0.885974
0.890357
0.894997
0.899476
0.90314
0.905392
0.905796
0.904168
0.90057
0.895309
0.888973
0.88232
0.876189
0.87125
0.867771
0.865526
0.863846
0.86184
0.858686
0.853839
0.847154
0.838876
0.829574
0.820136
0.811884
0.806565
0.805844
0.81032
0.818796
0.828598
0.836786
0.841206
0.841097
0.837182
0.831327
0.825724
0.821877
0.820186
0.820306
0.821804
0.824509
0.828493
0.833802
0.840191
0.84709
0.85379
0.859664
0.864317
0.867653
0.869776
0.870836
0.870798
0.869511
0.867001
0.863749
0.860469
0.857431
0.854171
0.8499
0.844265
0.837627
0.830787
0.824574
0.819503
0.81577
0.813556
0.813316
0.815884
0.822157
0.832483
0.846155
0.861468
0.876298
0.888816
0.897917
0.903278
0.905238
0.904528
0.90205
0.89877
0.89583
0.894508
0.895944
0.900668
0.908237
0.917344
0.926259
0.933505
0.938367
0.941044
0.942353
0.943318
0.944645
0.946438
0.948242
0.949358
0.949233
0.947622
0.944552
0.940142
0.934427
0.92736
0.91903
0.909902
0.900793
0.892559
0.885747
0.880516
0.876702
0.873935
0.871666
0.869321
0.866551
0.863325
0.859908
0.856719
0.854242
0.852992
0.853505
0.856239
0.861358
0.868576
0.877181
0.886115
0.894178
0.900207
0.903318
0.903103
0.899749
0.893984
0.886862
0.879529
0.873021
0.86815
0.865485
0.865305
0.867587
0.871929
0.877633
0.883845
0.889681
0.894337
0.897136
0.897599
0.895521
0.890963
0.884148
0.875284
0.864499
0.852039
0.838624
0.82583
0.815998
0.811621
0.814337
0.824164
0.839526
0.857915
0.876791
0.894214
0.909055
0.920797
0.929329
0.934804
0.937535
0.937898
0.936293
0.933115
0.928733
0.923595
0.91834
0.913822
0.911018
0.910731
0.913189
0.917709
0.922713
0.926127
0.925893
0.920481
0.909234
0.892614
0.872272
0.85076
0.830829
0.814404
0.802052
0.793392
0.788068
0.786307
0.788489
0.794354
0.802627
0.811429
0.81889
0.823548
0.824661
0.822606
0.819265
0.817599
0.820111
0.827198
0.83717
0.847819
0.85777
0.866685
0.874751
0.882148
0.888837
0.894562
0.89901
0.901953
0.903417
0.903715
0.903289
0.902567
0.901767
0.900934
0.900113
0.899543
0.899692
0.901139
0.904368
0.909597
0.916653
0.924907
0.933336
0.940757
0.946177
0.949029
0.949266
0.947414
0.944525
0.941965
0.941072
0.942642
0.946675
0.952434
0.95885
0.964981
0.970227
0.974403
0.977652
0.980154
0.981842
0.982263
0.980669
0.976291
0.968686
0.957889
0.944416
0.929127
0.913007
0.897096
0.8824
0.869875
0.860306
0.854103
0.851128
0.850837
0.852671
0.856536
0.862847
0.87203
0.8838
0.896937
0.909765
0.920791
0.92905
0.934186
0.936321
0.935885
0.933433
0.929533
0.92464
0.919082
0.913164
0.90735
0.902426
0.899503
0.899664
0.903465
0.910519
0.919396
0.92797
0.933942
0.935389
0.931231
0.921495
0.907277
0.89051
0.873464
0.858161
0.846011
0.837684
0.833283
0.832612
0.835396
0.841325
0.850004
0.860865
0.873179
0.886057
0.898542
0.90964
0.918406
0.924049
0.926092
0.924432
0.919362
0.911518
0.901807
0.891296
0.881173
0.872669
0.866921
0.864689
0.866048
0.870329
0.87641
0.883217
0.889957
0.896131
0.901324
0.905152
0.907388
0.907949
0.906906
0.904382
0.900491
0.895311
0.888897
0.881327
0.872827
0.864045
0.85611
0.850486
0.848342
0.84996
0.854668
0.861204
0.868007
0.87335
0.875489
0.873095
0.865753
0.854313
0.840857
0.828134
0.818641
0.813666
0.812998
0.815467
0.819944
0.825954
0.833612
0.843082
0.854218
0.866654
0.879973
0.893681
0.906922
0.918381
0.926599
0.930531
0.930023
0.925959
0.920056
0.914371
0.910748
0.910351
0.913377
0.919182
0.926578
0.934186
0.940807
0.945569
0.947936
0.947695
0.944948
0.940067
0.933665
0.926491
0.919319
0.912783
0.907346
0.903285
0.900837
0.900216
0.901479
0.904286
0.90778
0.910784
0.912278
0.911832
0.909753
0.906824
0.903861
0.901235
0.898754
0.895929
0.892464
0.888488
0.884427
0.88061
0.877059
0.873535
0.869917
0.866444
0.863543
0.8614
0.859839
0.8586
0.857753
0.857832
0.859567
0.863543
0.869949
0.878448
0.888122
0.897683
0.90579
0.91147
0.914373
0.914682
0.912799
0.909047
0.903525
0.896231
0.887271
0.877067
0.866438
0.856502
0.848479
0.843419
0.841857
0.843689
0.848292
0.854787
0.862305
0.87017
0.877866
0.884905
0.89063
0.894188
0.894773
0.892018
0.886254
0.878446
0.869845
0.861686
0.855084
0.850993
0.849983
0.851869
0.855742
0.860456
0.865242
0.869941
0.874803
0.880106
0.885993
0.892482
0.899587
0.907388
0.915987
0.925236
0.934474
0.942665
0.948778
0.952187
0.952804
0.950933
0.947011
0.941295
0.933747
0.924077
0.912021
0.897675
0.88168
0.865183
0.849693
0.836872
0.828283
0.82511
0.827707
0.835377
0.846503
0.858977
0.87067
0.879729
0.884842
0.885476
0.882068
0.876126
0.869962
0.865994
0.865828
0.869589
0.876057
0.883466
0.890272
0.895594
0.899249
0.901559
0.903062
0.904239
0.905356
0.906403
0.907216
0.907662
0.907792
0.907847
0.908166
0.908947
0.910065
0.911021
0.911079
0.909502
0.905812
0.899962
0.892433
0.884126
0.876077
0.869076
0.863425
0.859021
0.855699
0.853367
0.851977
0.851223
0.850536
0.849351
0.847519
0.845432
0.84379
0.843333
0.844728
0.848412
0.854381
0.862076
0.870498
0.878645
0.885838
0.891747
0.896227
0.899142
0.900232
0.899051
0.895086
0.887924
0.877423
0.863782
0.847545
0.829511
0.810733
0.792501
0.776299
0.763684
0.756098
0.754626
0.759756
0.771184
0.78775
0.807636
0.828783
0.849349
1.11921
1.13338
1.1414
1.14349
1.13971
1.13002
1.11457
1.09415
1.07035
1.04555
1.02256
1.0041
0.992215
0.987659
0.989581
0.995665
1.00289
1.00863
1.01144
1.01118
1.00879
1.00604
1.00533
1.00935
1.02008
1.0373
1.0581
1.07832
1.09446
1.10469
1.10874
1.10731
1.10152
1.09253
1.08147
1.06942
1.05757
1.04716
1.03923
1.03421
1.03167
1.03057
1.02988
1.02906
1.02815
1.02754
1.02765
1.02898
1.03209
1.03768
1.04631
1.05804
1.07238
1.08838
1.10496
1.12123
1.1366
1.15065
1.1629
1.17259
1.1788
1.18062
1.17756
1.16968
1.15777
1.14318
1.1277
1.11333
1.10191
1.09448
1.09084
1.08949
1.08841
1.08604
1.08178
1.07587
1.06891
1.06134
1.05321
1.04429
1.03434
1.02346
1.01238
1.00247
0.99539
0.992118
0.992492
0.99554
1.00016
1.00552
1.01083
1.01535
1.01862
1.02093
1.02359
1.0285
1.0372
1.04982
1.06473
1.07941
1.09165
1.10025
1.10487
1.10567
1.10299
1.09726
1.08896
1.07865
1.06701
1.05501
1.04387
1.03497
1.02936
1.02734
1.02841
1.03154
1.03562
1.03994
1.04446
1.04994
1.05749
1.06761
1.07963
1.09173
1.10173
1.10789
1.10945
1.1065
1.0998
1.09043
1.07965
1.06896
1.0602
1.05516
1.05456
1.05724
1.06061
1.06226
1.06106
1.05702
1.05047
1.04155
1.0303
1.01711
1.00306
0.989955
0.979906
0.974754
0.97562
0.982586
0.994554
1.0096
1.02554
1.04041
1.0528
1.06184
1.06722
1.0692
1.06841
1.06561
1.06126
1.05555
1.04877
1.04172
1.03573
1.03224
1.03225
1.03571
1.04134
1.04689
1.04998
1.04906
1.04387
1.03532
1.02472
1.01312
1.00142
0.991052
0.98417
0.982632
0.986351
0.993091
1.00018
1.00638
1.01215
1.01856
1.02601
1.03396
1.04142
1.04759
1.05245
1.05675
1.06133
1.06627
1.07079
1.07397
1.0754
1.07525
1.0739
1.07169
1.06882
1.06549
1.06181
1.05788
1.05366
1.04899
1.04352
1.03665
1.02764
1.01599
1.00191
0.98696
0.974106
0.967049
0.968949
0.981104
1.00238
1.02953
1.05824
1.08441
1.10509
1.11878
1.12526
1.12508
1.11928
1.10923
1.09652
1.08283
1.06961
1.05788
1.0481
1.04027
1.03441
1.03088
1.03048
1.03414
1.04241
1.05481
1.06986
1.08548
1.09984
1.11183
1.12102
1.12723
1.13026
1.12982
1.12596
1.11926
1.11082
1.10189
1.09341
1.086
1.07993
1.07522
1.07155
1.06829
1.06474
1.06044
1.05519
1.04892
1.04153
1.03294
1.02336
1.01338
1.00379
0.995339
0.988594
0.983975
0.981816
0.982297
0.985514
0.991484
0.999971
1.01029
1.02129
1.03172
1.04081
1.0486
1.05578
1.06313
1.07094
1.07872
1.08539
1.08975
1.09091
1.08854
1.08277
1.07409
1.06326
1.05136
1.03963
1.02933
1.02138
1.01634
1.01438
1.01536
1.0188
1.0238
1.02947
1.03539
1.04169
1.04855
1.05549
1.06124
1.06445
1.06441
1.06127
1.05599
1.04998
1.04471
1.04126
1.03998
1.04042
1.04145
1.04177
1.04043
1.03711
1.03225
1.02684
1.0221
1.0191
1.01849
1.02033
1.02407
1.02872
1.03314
1.03623
1.03714
1.03533
1.03064
1.0237
1.01615
1.01056
1.00923
1.01293
1.0204
1.02927
1.03743
1.04389
1.04887
1.05297
1.05624
1.05771
1.056
1.05036
1.04125
1.03011
1.01881
1.00919
1.00272
1.0005
1.00306
1.01032
1.02145
1.03504
1.04932
1.06268
1.07389
1.08217
1.08704
1.08822
1.08559
1.07932
1.07008
1.05923
1.04848
1.03918
1.03177
1.02619
1.02273
1.02234
1.02596
1.03385
1.04515
1.05815
1.07086
1.08179
1.09036
1.09698
1.10262
1.1082
1.11398
1.11951
1.12407
1.12721
1.12901
1.12989
1.13004
1.12898
1.1256
1.11878
1.10807
1.09399
1.07787
1.06162
1.04744
1.03749
1.03336
1.03536
1.04215
1.051
1.0587
1.06257
1.06106
1.05394
1.0421
1.02747
1.01294
1.00229
0.999283
1.00621
1.02278
1.0463
1.07306
1.09956
1.12325
1.14242
1.15604
1.1636
1.16497
1.16043
1.15069
1.13701
1.12102
1.10443
1.08852
1.07387
1.06068
1.04918
1.03993
1.03367
1.03103
1.03257
1.0385
1.04847
1.06137
1.07549
1.08898
1.10006
1.1072
1.10931
1.10623
1.09906
1.0899
1.08096
1.07369
1.06858
1.06557
1.06434
1.06439
1.06492
1.065
1.06389
1.06135
1.05759
1.05313
1.04857
1.0445
1.0415
1.04016
1.041
1.04405
1.04856
1.05306
1.056
1.05653
1.05486
1.0519
1.04883
1.04655
1.04549
1.04571
1.0471
1.04966
1.05351
1.05871
1.06507
1.07216
1.07958
1.08708
1.09432
1.10064
1.10496
1.10631
1.10442
1.09989
1.09405
1.08852
1.08468
1.08342
1.08499
1.08906
1.0948
1.10097
1.10618
1.10914
1.10889
1.10512
1.09813
1.08892
1.07886
1.06942
1.06174
1.05624
1.05259
1.05004
1.04776
1.04506
1.04156
1.0372
1.0325
1.02846
1.02627
1.02668
1.02954
1.03365
1.0371
1.03815
1.03596
1.03111
1.0254
1.02091
1.01896
1.01977
1.02304
1.02873
1.03681
1.04651
1.0558
1.06198
1.06294
1.05813
1.04889
1.03814
1.02951
1.02633
1.03034
1.04095
1.05538
1.06962
1.07974
1.08282
1.0775
1.06406
1.04457
1.0229
1.00444
0.994963
0.998243
1.01395
1.03775
1.06369
1.08672
1.10394
1.11451
1.1188
1.11763
1.11175
1.10175
1.08817
1.07181
1.05377
1.03539
1.01796
1.00254
0.98994
0.980708
0.975122
0.973114
0.97427
0.978036
0.984126
0.992916
1.00532
1.02201
1.04251
1.06493
1.08632
1.10357
1.11412
1.11656
1.11081
1.09829
1.08167
1.06436
1.04962
1.0399
1.03624
1.03827
1.04442
1.05235
1.05948
1.06344
1.06256
1.05619
1.04483
1.02993
1.01346
0.997423
0.983719
0.974089
0.969842
0.971303
0.977519
0.986617
0.996573
1.0058
1.01326
1.01843
1.02115
1.02131
1.01872
1.01324
1.00523
0.995882
0.987512
0.983133
0.984938
0.992612
1.00331
1.01368
1.02177
1.02738
1.03139
1.03491
1.03886
1.04363
1.04872
1.05273
1.05377
1.05034
1.04205
1.03004
1.0168
1.00556
0.999096
0.998655
1.00351
1.01146
1.02012
1.02804
1.03512
1.04212
1.05002
1.05952
1.07072
1.08303
1.0953
1.10617
1.11441
1.11916
1.11991
1.11624
1.10774
1.09429
1.07672
1.05699
1.03736
1.01884
1.00059
0.981197
0.960523
0.940663
0.925609
0.919569
0.924911
0.941069
0.965204
0.993697
1.02325
1.05122
1.07553
1.09451
1.10695
1.11204
1.10957
1.09996
1.08427
1.06407
1.04128
1.018
0.996337
0.97834
0.965719
0.959552
0.959864
0.965567
0.974816
0.985601
0.996362
1.00618
1.01459
1.02135
1.02655
1.03089
1.03565
1.04214
1.05081
1.06096
1.07099
1.07905
1.08375
1.08456
1.08187
1.07679
1.07067
1.06466
1.05927
1.05451
1.05026
1.04657
1.04367
1.04162
1.04007
1.03827
1.03543
1.03114
1.02568
1.02013
1.01608
1.01528
1.01889
1.02688
1.03787
1.04961
1.0598
1.06681
1.07007
1.06995
1.06753
1.06429
1.06177
1.06125
1.06352
1.06857
1.07557
1.083
1.08902
1.0919
1.0904
1.08412
1.07354
1.06004
1.04554
1.03197
1.0207
1.01232
1.00681
1.00417
1.00474
1.00896
1.01662
1.02626
1.03536
1.04105
1.04094
1.03362
1.01875
0.996964
0.96985
0.940087
0.911441
0.88814
0.873519
0.868793
0.873156
0.884968
0.902767
0.925492
0.952135
0.981249
1.01082
1.0385
1.06209
1.08012
1.09204
1.09813
1.09937
1.09703
1.09247
1.08688
1.08125
1.07646
1.07341
1.07285
1.07505
1.07955
1.08543
1.09172
1.09787
1.10371
1.10923
1.11432
1.11863
1.1217
1.12314
1.12272
1.1205
1.11694
1.11301
1.10982
1.10784
1.10648
1.10439
1.10053
1.09493
1.08867
1.08324
1.07968
1.07824
1.07842
1.07947
1.08059
1.08104
1.08022
1.07768
1.0732
1.06685
1.05909
1.05075
1.04321
1.03826
1.03752
1.0415
1.04901
1.05752
1.06417
1.0666
1.06336
1.05408
1.0394
1.02103
1.00173
0.984943
0.973936
0.970773
0.975865
0.988257
1.00612
1.0272
1.04931
1.07066
1.08996
1.10629
1.11883
1.12684
1.12968
1.12708
1.11938
1.10765
1.0936
1.07925
1.06615
1.05493
1.04518
1.03603
1.02692
1.01819
1.01119
1.00794
1.01019
1.0186
1.03215
1.04846
1.06461
1.07827
1.08824
1.0943
1.09692
1.09703
1.09575
1.09399
1.09229
1.09092
1.09041
1.09164
1.09556
1.10237
1.1112
1.12039
1.12819
1.13328
1.13503
1.13376
1.13045
1.12619
1.1216
1.11668
1.11105
1.10433
1.09641
1.08756
1.07841
1.07011
1.06426
1.06255
1.06573
1.0729
1.08168
1.08921
1.09308
1.09181
1.08503
1.07374
1.06031
1.04801
1.03979
1.03699
1.03915
1.04477
1.05206
1.05911
1.06398
1.06505
1.06175
1.05494
1.04648
1.03808
1.0304
1.02307
1.01573
1.00888
1.0042
1.00398
1.01005
1.02278
1.04062
1.0607
1.08001
1.09627
1.10819
1.11528
1.11767
1.11598
1.11119
1.10444
1.09688
1.0897
1.0839
1.08005
1.07804
1.07709
1.07614
1.07444
1.0719
1.06894
1.06633
1.06496
1.06556
1.06849
1.07355
1.08009
1.08735
1.09489
1.10276
1.11136
1.12116
1.13226
1.14414
1.15577
1.16587
1.1733
1.17726
1.17738
1.17353
1.16562
1.1536
1.13747
1.11766
1.09514
1.07176
1.04992
1.03201
1.01964
1.01341
1.01325
1.01884
1.02979
1.04519
1.06331
1.08155
1.09707
1.10752
1.11169
1.10945
1.10168
1.09
1.07665
1.06409
1.05437
1.04856
1.04661
1.04775
1.05093
1.05529
1.0602
1.0651
1.06942
1.07251
1.07378
1.09954
1.09688
1.09263
1.08787
1.08367
1.08065
1.07852
1.07608
1.07162
1.06358
1.05108
1.0343
1.01475
0.99506
0.978267
0.96654
0.960358
0.958656
0.959821
0.962538
0.966043
0.969927
0.973859
0.977363
0.97991
0.981175
0.981345
0.981289
0.982439
0.986312
0.994047
1.00595
1.02125
1.03819
1.05441
1.06764
1.07619
1.07936
1.07735
1.07084
1.06051
1.047
1.03116
1.01422
0.997602
0.982473
0.969454
0.958617
0.949546
0.941356
0.93305
0.92465
0.91837
0.918154
0.927037
0.944546
0.967134
0.990538
1.0115
1.02812
1.03968
1.04642
1.04933
1.04981
1.04938
1.04922
1.05002
1.0519
1.05444
1.05693
1.05866
1.0591
1.05813
1.05608
1.05367
1.05187
1.05159
1.05348
1.05763
1.06339
1.06953
1.07467
1.07772
1.07816
1.07602
1.07165
1.06556
1.05842
1.05102
1.04436
1.03956
1.03757
1.03887
1.04333
1.05028
1.05874
1.0676
1.07567
1.0818
1.08527
1.08612
1.08528
1.08423
1.08447
1.08697
1.09182
1.09806
1.1038
1.1067
1.10472
1.09702
1.08435
1.06877
1.05283
1.0388
1.02829
1.02215
1.02056
1.02318
1.02908
1.03662
1.04367
1.0483
1.04932
1.0465
1.04056
1.0329
1.02543
1.0204
1.01991
1.02519
1.03589
1.04995
1.06433
1.07627
1.08404
1.08723
1.08649
1.08293
1.0777
1.07177
1.06604
1.06139
1.05833
1.05655
1.05483
1.05152
1.04531
1.03579
1.02365
1.01043
0.998182
0.988866
0.983909
0.983829
0.98812
0.995439
1.00392
1.01166
1.01731
1.02035
1.02118
1.0207
1.01951
1.01738
1.01361
1.00801
1.00182
0.997421
0.996676
0.999333
1.00331
1.00657
1.00859
1.01036
1.01355
1.01972
1.02999
1.04467
1.06293
1.08286
1.102
1.1181
1.1297
1.13632
1.13829
1.13636
1.13131
1.12369
1.11369
1.10113
1.08588
1.06815
1.04876
1.02913
1.01119
0.997474
0.99083
0.993702
1.00692
1.02903
1.05678
1.08633
1.11435
1.13826
1.15616
1.16678
1.16958
1.16484
1.15364
1.13772
1.11919
1.10008
1.08201
1.06596
1.05229
1.04096
1.03174
1.02445
1.01903
1.01552
1.014
1.01462
1.01754
1.02278
1.03006
1.03866
1.04756
1.05577
1.0628
1.06877
1.07436
1.08042
1.08735
1.09487
1.10197
1.10723
1.10926
1.10717
1.10075
1.09037
1.07682
1.06102
1.04374
1.02567
1.00746
0.990018
0.97464
0.962934
0.956367
0.955624
0.960099
0.967845
0.976126
0.982379
0.985209
0.98515
0.984746
0.987538
0.996021
1.01025
1.02811
1.0466
1.06291
1.07495
1.08161
1.08283
1.07934
1.07234
1.06308
1.05272
1.04249
1.03402
1.02898
1.02818
1.03064
1.03363
1.03391
1.02905
1.01847
1.00356
0.98722
0.972589
0.961899
0.955989
0.954574
0.956862
0.961953
0.968984
0.977225
0.986216
0.995917
1.00668
1.01893
1.03255
1.04659
1.05947
1.06959
1.07566
1.07692
1.0732
1.06488
1.05285
1.03839
1.02321
1.00933
0.998862
0.993642
0.994765
1.00226
1.01482
1.02992
1.04435
1.05512
1.06024
1.05918
1.05259
1.04192
1.02901
1.01578
1.00401
0.995005
0.989422
0.987386
0.988712
0.992797
0.998491
1.00434
1.00906
1.01176
1.01207
1.01035
1.00845
1.00969
1.01714
1.03101
1.0483
1.06524
1.07946
1.09022
1.09758
1.10181
1.10295
1.10079
1.09494
1.08503
1.07096
1.05314
1.03264
1.01116
0.991022
0.974893
0.96544
0.964511
0.972191
0.986371
1.00363
1.02097
1.037
1.05197
1.06694
1.0826
1.09866
1.11399
1.12706
1.13656
1.1416
1.14185
1.13743
1.12897
1.11767
1.10506
1.09265
1.08123
1.07057
1.05977
1.04775
1.03407
1.01921
1.00442
0.991121
0.979992
0.970703
0.962279
0.9538
0.944749
0.935007
0.924643
0.913755
0.902534
0.89146
0.881722
0.875416
0.875208
0.883385
0.9007
0.925786
0.955595
0.986439
1.01499
1.03885
1.05673
1.06835
1.07418
1.07525
1.07284
1.06824
1.06252
1.05631
1.04975
1.04267
1.03474
1.02576
1.01603
1.00666
0.999464
0.996385
0.998595
1.00601
1.01752
1.0315
1.04626
1.06039
1.07278
1.08236
1.08785
1.08793
1.08187
1.07017
1.05491
1.03941
1.02724
1.0208
1.0205
1.02504
1.03241
1.04093
1.04952
1.05749
1.06421
1.06909
1.07157
1.07149
1.06914
1.06527
1.06091
1.05718
1.05509
1.05531
1.05793
1.06224
1.06697
1.0708
1.07284
1.07289
1.07137
1.06871
1.06482
1.05924
1.05192
1.04371
1.03629
1.03125
1.02921
1.02951
1.03054
1.03056
1.02859
1.02495
1.02121
1.01956
1.02171
1.02809
1.03762
1.04828
1.05782
1.06447
1.06718
1.06555
1.05984
1.05081
1.03973
1.02817
1.01776
1.01007
1.00632
1.00719
1.01269
1.02228
1.03509
1.04968
1.06374
1.07443
1.07951
1.07812
1.07084
1.05933
1.04599
1.03372
1.02511
1.02133
1.0215
1.02343
1.02488
1.02427
1.02076
1.0142
1.00538
0.996289
0.990021
0.98994
0.998347
1.01526
1.03819
1.06313
1.08609
1.10414
1.11566
1.12019
1.11813
1.1107
1.1
1.08889
1.08043
1.07684
1.07828
1.08285
1.08756
1.08982
1.0883
1.083
1.07481
1.06503
1.05501
1.0458
1.03791
1.03125
1.02536
1.01988
1.0148
1.01041
1.00743
1.00709
1.01079
1.0191
1.03053
1.04134
1.04723
1.04597
1.03874
1.02898
1.02038
1.01524
1.01361
1.01362
1.01314
1.01127
1.00848
1.00557
1.00271
0.999382
0.994993
0.989441
0.983501
0.978758
0.977068
0.979777
0.98697
0.997532
1.00989
1.02267
1.03475
1.04518
1.05339
1.05915
1.06213
1.06169
1.05719
1.0486
1.03681
1.02389
1.01289
1.00675
1.00686
1.01253
1.02161
1.03155
1.04025
1.04683
1.052
1.05767
1.06609
1.0784
1.09396
1.11038
1.12473
1.13496
1.14066
1.14264
1.14185
1.13891
1.13476
1.13107
1.12935
1.12974
1.1306
1.12963
1.12534
1.11774
1.10808
1.09796
1.08848
1.07997
1.07223
1.06488
1.05762
1.05033
1.04296
1.0356
1.02841
1.02203
1.01778
1.01736
1.02152
1.0289
1.03653
1.04164
1.04278
1.03969
1.03281
1.02296
1.01148
1.00017
0.990943
0.985557
0.985414
0.991363
1.00344
1.02059
1.04072
1.06118
1.07937
1.09323
1.10155
1.10397
1.10093
1.0936
1.08365
1.07291
1.06292
1.05466
1.04841
1.04408
1.0415
1.04068
1.04161
1.04406
1.04727
1.05009
1.05132
1.05025
1.04706
1.04278
1.0389
1.03666
1.03657
1.03827
1.04089
1.04348
1.04513
1.04516
1.04318
1.03927
1.03387
1.0274
1.02
1.01164
1.00259
0.993834
0.987342
0.985723
0.991349
1.00527
1.02648
1.05209
1.07834
1.10174
1.11966
1.13052
1.13358
1.12891
1.11717
1.09959
1.07778
1.05347
1.02834
1.00408
0.982552
0.965745
0.955212
0.951393
0.953204
0.958419
0.964527
0.969455
0.97204
0.972006
0.969756
0.966033
0.961561
0.956793
0.951798
0.946322
0.940185
0.93367
0.927657
0.923374
0.921851
0.923438
0.927615
0.933374
0.9399
0.947001
0.954953
0.964111
0.974555
0.985977
0.99783
1.00952
1.02052
1.0303
1.03827
1.04397
1.04744
1.0494
1.05086
1.05262
1.05486
1.05713
1.0586
1.05845
1.05622
1.05188
1.04584
1.03879
1.0314
1.02413
1.01704
1.00991
1.00236
0.994157
0.985215
0.975576
0.965339
0.954762
0.944565
0.936011
0.930659
0.929736
0.933584
0.941576
0.952555
0.96542
0.979551
0.994762
1.01079
1.02688
1.04177
1.05409
1.06275
1.0672
1.06753
1.06438
1.05869
1.05125
1.04263
1.03322
1.02347
1.01399
1.00563
0.999277
0.995942
0.996705
1.00258
1.01387
1.02942
1.04674
1.0629
1.07558
1.08346
1.08628
1.0847
1.08003
1.07389
1.06775
1.06257
1.05875
1.0564
1.05567
1.05689
1.06036
1.06593
1.07277
1.07957
1.08505
1.08839
1.08948
1.08871
1.0868
1.0846
1.08298
1.08264
1.0839
1.0864
1.08918
1.09099
1.09083
1.08833
1.08391
1.07838
1.07247
1.06636
1.05964
1.05177
1.04295
1.03465
1.02935
1.02929
1.03499
1.04498
1.0567
1.06784
1.0771
1.08421
1.08963
1.0939
1.09737
1.10015
1.10227
1.1038
1.10501
1.10635
1.10848
1.11204
1.11725
1.12357
1.12965
1.13386
1.13494
1.13256
1.12738
1.12089
1.11481
1.11041
1.10807
1.10721
1.10668
1.10533
1.10259
1.09869
1.09434
1.09031
1.08696
1.08419
1.08164
1.0791
1.07678
1.07528
1.07517
1.07659
1.07913
1.08222
1.08544
1.08861
1.09153
1.09377
1.09472
1.09375
1.0903
1.08411
1.07526
1.06432
1.05241
1.04124
1.03282
1.02887
1.0301
1.03564
1.04307
1.04941
1.05228
1.05068
1.04509
1.0368
1.02722
1.01724
1.00718
0.997426
0.989185
0.984636
0.985618
0.991889
1.00093
1.00957
1.0157
1.01876
1.01946
1.01927
1.01977
1.02197
1.02599
1.0313
1.03741
1.04406
1.05111
1.05821
1.06477
1.07012
1.07382
1.07571
1.07587
1.07434
1.07109
1.0663
1.06057
1.05494
1.05043
1.04755
1.04617
1.04557
1.04497
1.04392
1.04252
1.04144
1.0417
1.04438
1.05029
1.05969
1.07211
1.08602
1.09908
1.1087
1.1128
1.11025
1.10112
1.08678
1.06981
1.05378
1.04241
1.03837
1.04197
1.05104
1.06194
1.07098
1.0754
1.07375
1.06604
1.05376
1.03969
1.02734
1.01998
1.01974
1.02717
1.04141
1.06064
1.08231
1.10359
1.12178
1.13489
1.14198
1.1433
1.14006
1.13414
1.12751
1.12173
1.11746
1.11435
1.11127
1.10707
1.1013
1.09485
1.08971
1.08811
1.09117
1.09808
1.10636
1.11292
1.11522
1.11202
1.10365
1.09194
1.07956
1.06909
1.06196
1.05792
1.05541
1.05238
1.04721
1.03946
1.03026
