1.64875
1.64437
1.63663
1.62513
1.60933
1.58853
1.56188
1.52836
1.48694
1.43669
1.377
1.30792
1.23039
1.14661
1.06008
0.975285
0.897142
0.830067
0.777267
0.740292
0.718983
0.711671
0.715667
0.727752
0.744714
0.763753
0.782739
0.800267
0.815654
0.828797
0.839969
0.849554
0.857863
0.865048
0.871052
0.875691
0.878833
0.880536
0.881094
0.881
0.88085
0.881187
0.882392
0.884697
0.888142
0.892538
0.897495
0.902429
0.906745
0.909948
0.911749
0.912181
0.911555
0.910362
0.909162
0.908418
0.908449
0.909436
0.911415
0.914273
0.91774
0.921372
0.924553
0.926667
0.927194
0.925841
0.922681
0.91819
0.913203
0.90867
0.905274
0.903063
0.901415
0.899361
0.896075
0.891283
0.885301
0.878931
0.873243
0.869341
0.868184
0.870412
0.876205
0.885229
0.896761
0.909863
0.923572
0.937031
0.94954
0.960548
0.969644
0.976476
0.980761
0.982346
0.981186
0.977386
0.971159
0.962784
0.952512
0.940581
0.927186
0.912607
0.897268
0.881776
0.866903
0.853461
0.842133
0.833333
0.827128
0.823332
0.821628
0.821806
0.823823
0.827871
0.83425
0.843229
0.854867
0.868883
0.884696
0.901491
0.918331
0.934241
0.948262
0.959492
0.967152
0.970738
0.970099
0.965395
0.957115
0.945981
0.932844
0.918606
0.904085
0.889971
0.876813
0.865069
0.855154
0.84753
0.842686
0.841208
0.843631
0.850268
0.860978
0.875041
0.891263
0.908198
0.924453
0.938855
0.950537
0.95895
0.963822
0.965114
0.963022
0.95792
0.950325
0.940846
0.930068
0.918492
0.906478
0.894297
0.882228
0.870728
0.8605
0.852471
0.847566
0.846404
0.849023
0.854809
0.862645
0.871215
0.879248
0.885729
0.889911
0.891309
0.889684
0.884992
0.87743
0.867455
0.855792
0.843491
0.831901
0.82253
0.816835
0.815925
0.820259
0.829483
0.84251
0.857753
0.873465
0.888
0.900048
0.908709
0.913524
0.914433
0.91177
0.906151
0.898406
0.889509
0.880453
0.872175
0.865434
0.860783
0.858513
0.858649
0.861005
0.865203
0.870744
0.877035
0.883414
0.889188
0.893715
0.896432
0.896937
0.895032
0.890768
0.884475
0.876778
0.868546
0.860804
0.854511
0.8503
0.848356
0.84844
0.850024
0.852495
0.855299
0.858009
0.860392
0.862376
0.863983
0.865258
0.866245
0.86696
0.867327
0.867218
0.866478
0.864949
0.862522
0.85922
0.855255
0.851161
0.847731
0.845894
0.846445
0.849813
0.856012
0.864658
0.875126
0.886669
0.898471
0.909747
0.919736
0.927759
0.933271
0.935946
0.935654
0.932487
0.926751
0.918915
0.909531
0.899222
0.888619
0.87833
0.868897
0.860724
0.854083
0.849055
0.845519
0.843233
0.841855
0.841068
0.840651
0.840507
0.840656
0.841216
0.842375
0.844239
0.84682
0.849917
0.853186
0.856167
0.858343
0.859289
0.858781
0.85684
0.853788
0.850192
0.846785
0.844227
0.842921
0.842867
0.843656
0.844671
0.845272
0.845107
0.844205
0.842919
0.841808
0.841403
0.84198
0.84344
0.845363
0.847082
0.847995
0.847782
0.846548
0.844772
0.843029
0.84162
0.840363
0.838729
0.836248
0.832774
0.828586
0.824225
0.820238
0.817002
0.814686
0.813311
0.812924
0.813661
0.815729
0.819252
0.824166
0.830063
0.8363
0.84216
0.847042
0.850519
0.852386
0.85255
0.850993
0.847679
0.84263
0.836032
0.828279
0.820013
0.812027
0.805115
0.799858
0.796515
0.795053
0.795299
0.797101
0.800404
0.805186
0.811347
0.818582
0.826444
0.83445
0.842213
0.849457
0.855978
0.861563
0.865879
0.868499
0.868975
0.86692
0.862083
0.854442
0.844234
0.831948
0.818409
0.804726
0.792213
0.782216
0.77585
0.773767
0.776018
0.782097
0.791192
0.802443
0.814986
0.827933
0.840347
0.851328
0.86012
0.866242
0.869554
0.870188
0.868479
0.864908
0.860014
0.854374
0.848598
0.843271
0.838901
0.835874
0.834369
0.83444
0.836097
0.83936
0.844237
0.850608
0.858084
0.86601
0.873586
0.880066
0.884884
0.887747
0.888655
0.887855
0.885784
0.882959
0.879816
0.876608
0.873365
0.869941
0.866163
0.86196
0.85741
0.852702
0.848057
0.843715
0.839946
0.837033
0.835241
0.834702
0.835377
0.837002
0.839216
0.841672
0.844122
0.846441
0.848583
0.850513
0.852176
0.853527
0.854537
0.855241
0.85579
0.856431
0.857451
0.859121
0.861641
0.865074
0.869226
0.873769
0.878239
0.882104
0.884889
0.886143
0.885498
0.882742
0.877845
0.871038
0.862817
0.853927
0.845289
0.837899
0.832612
0.830033
0.830387
0.833544
0.839129
0.846588
0.855357
0.864904
0.874774
0.884563
0.893891
0.902398
0.909753
0.915679
0.919971
0.922515
0.923335
0.922552
0.920375
0.917037
0.912751
0.907656
0.901837
0.89537
0.888358
0.881014
0.873667
0.866722
0.860635
0.855787
0.852404
0.8505
0.849847
0.850072
0.850776
0.851594
0.852319
0.852887
0.853391
0.853989
0.854917
0.85642
0.858706
0.86192
0.86609
0.871069
0.876558
0.882151
0.887396
0.891887
0.895288
0.897388
0.898099
0.897386
0.895279
0.891831
0.887068
0.881001
0.873633
0.864985
0.855108
0.844131
0.832292
0.820006
0.807914
0.796787
0.787445
0.780542
0.77635
0.774684
0.774962
0.776501
0.778789
0.781633
0.785099
0.789363
0.794618
0.801031
0.808749
0.817934
0.828649
0.840744
0.853852
0.867404
0.880749
0.893291
0.904564
0.914253
0.922111
0.927835
0.931045
0.93137
0.928658
0.923114
0.915358
0.906299
0.896967
0.888276
0.880919
0.875294
0.871503
0.869411
0.868676
0.868928
0.869808
0.871036
0.872396
0.873721
0.874822
0.875399
0.875048
0.873289
0.869657
0.863875
0.856015
0.846649
0.836828
0.827932
0.821358
0.818109
0.818522
0.822248
0.828457
0.836133
0.844341
0.852363
0.859679
0.865927
0.870835
0.874183
0.87584
0.875758
0.874047
0.871011
0.867139
0.863036
0.859276
0.856254
0.85409
0.852587
0.851375
0.850079
0.848498
0.84672
0.845129
0.84435
0.84508
0.84785
0.852871
0.859924
0.868288
0.876892
0.884489
0.889941
0.892383
0.891461
0.887393
0.88088
0.872944
0.864695
0.857057
0.850681
0.845957
0.843116
0.842356
0.843806
0.847445
0.853008
0.859964
0.867564
0.875003
0.881606
0.886981
0.891061
0.894044
0.896273
0.898111
0.899845
0.90171
0.903849
0.906341
0.909233
0.912504
0.916031
0.919571
0.922768
0.925176
0.926299
0.925661
0.922912
0.917857
0.910511
0.901125
0.890134
0.878095
0.865662
0.853548
0.842519
0.833333
0.826613
0.822763
0.821869
0.823638
0.827474
0.832585
0.838122
0.843276
0.847342
0.849761
0.850141
0.848265
0.844079
0.837753
0.82971
0.820653
0.811481
0.80314
0.796394
0.791614
0.788659
0.786997
0.785934
0.784894
0.78354
0.781869
0.780157
0.778893
0.778611
0.779786
0.782729
0.787566
0.794218
0.80241
0.811656
0.821184
0.830032
0.837197
0.841872
0.843596
0.842321
0.838386
0.832401
0.825117
0.817327
0.809799
0.803207
0.798129
0.795006
0.794163
0.795768
0.79978
0.805923
0.813743
0.822621
0.831865
0.840784
0.848742
0.855173
0.859687
0.862098
0.862477
0.861116
0.858488
0.855131
0.851506
0.847877
0.844261
0.840447
0.836179
0.831256
0.825692
0.819764
0.814049
0.809287
0.806315
0.805814
0.808241
0.813705
0.821934
0.832287
0.84385
0.855513
0.86612
0.87463
0.880181
0.882202
0.88039
0.874722
0.865363
0.85263
0.837011
0.81917
0.799948
0.780427
0.761904
0.745721
0.733137
0.725222
0.722755
0.726152
0.735289
0.749359
0.76688
0.785999
0.804829
0.821783
0.83571
0.845952
0.852328
0.855059
0.854678
0.851916
0.847553
0.842342
0.836966
0.832042
0.828114
0.825677
0.825202
0.827044
0.831398
0.83822
0.847207
0.857832
0.86936
0.880951
0.891729
0.900865
0.907677
0.911665
0.912608
0.91058
0.906028
0.899704
0.892621
0.885891
0.880445
0.876816
0.875029
0.874687
0.875212
0.87607
0.876953
0.877782
0.878625
0.879531
0.880437
0.881107
0.881149
0.880148
0.877806
0.874125
0.86942
0.864268
0.8594
0.855583
0.85353
0.853815
0.856742
0.862273
0.870012
0.879309
0.889354
0.899321
0.908431
0.915962
0.921237
0.923695
0.922928
0.91874
0.911225
0.900774
0.888105
0.874153
0.859991
0.846679
0.835114
0.825914
0.819304
0.815125
0.812878
0.811863
0.811284
0.810477
0.809046
0.806963
0.804553
0.802274
0.800469
0.799211
0.798325
0.797547
0.796667
0.795514
0.793962
0.791929
0.78944
0.786657
0.783887
0.781515
0.779919
0.779378
0.780056
0.782013
0.785244
0.789673
0.795153
0.801449
0.808173
0.814762
0.820512
0.824645
0.82651
0.825765
0.82254
0.817529
0.811923
0.807144
0.804437
0.80453
0.807573
0.813222
0.820825
0.82961
0.838778
0.847526
0.855082
0.860713
0.863765
0.863754
0.860397
0.853662
0.843756
0.831108
0.816334
0.800223
0.783666
0.767577
0.752799
0.740003
0.729596
0.721704
0.716217
0.712849
0.711209
0.71091
0.711628
0.713187
0.715594
0.719048
0.723768
0.729892
0.737346
0.745796
0.75476
0.763719
0.772186
0.779818
0.786426
0.792004
0.796721
0.800829
0.804553
0.80802
0.811235
0.814075
0.816385
0.818056
0.819121
0.819757
0.82024
0.820838
0.821667
0.822621
0.823334
0.823306
0.822082
0.819392
0.815243
0.809965
0.804111
0.79836
0.793387
0.78975
0.787801
0.787673
0.789319
0.792514
0.796936
0.802221
0.807982
0.813887
0.819658
0.825072
0.829988
0.834319
0.83803
0.841141
0.84368
0.845603
0.846799
0.84704
0.846014
0.843393
0.838972
0.832721
0.824849
0.815807
0.806227
0.796818
0.788232
0.78096
0.775224
0.770955
0.767825
0.765311
0.762803
0.759759
0.755881
0.751314
0.746705
0.74309
0.741533
0.742553
0.745779
0.750064
0.753969
0.756264
0.756243
0.753855
0.749736
0.745187
0.742014
0.742007
0.746295
0.754912
0.766875
0.780709
0.794994
0.808695
0.821159
0.832022
0.84103
0.847966
0.852602
0.854713
0.854135
0.850849
0.845011
0.837013
1.6345
1.60993
1.5785
1.54222
1.5032
1.46359
1.42527
1.38987
1.35867
1.33251
1.31182
1.29671
1.28705
1.28243
1.28206
1.28458
1.28797
1.28993
1.28851
1.28274
1.27299
1.26081
1.24851
1.23848
1.23263
1.23184
1.23577
1.24308
1.25186
1.26006
1.26593
1.26841
1.2671
1.26206
1.2537
1.2425
1.22922
1.21536
1.20363
1.19787
1.20158
1.21608
1.24002
1.27034
1.30358
1.33639
1.36597
1.39026
1.40824
1.41979
1.42557
1.42679
1.42498
1.42179
1.41864
1.41641
1.41543
1.41566
1.41724
1.42054
1.4258
1.43261
1.44
1.44698
1.4529
1.45749
1.46057
1.46183
1.46072
1.45652
1.44873
1.43757
1.42428
1.41087
1.39926
1.39032
1.38354
1.37751
1.37085
1.36302
1.35491
1.34877
1.34719
1.3519
1.36311
1.37989
1.40068
1.42353
1.44604
1.46583
1.48098
1.49043
1.49404
1.49241
1.48665
1.47796
1.46724
1.45484
1.44078
1.42501
1.40783
1.39013
1.37327
1.35847
1.34626
1.33652
1.32917
1.32458
1.32305
1.32414
1.32669
1.32955
1.33233
1.33548
1.33997
1.34668
1.35599
1.36764
1.38088
1.39458
1.40745
1.41821
1.42575
1.42927
1.42844
1.42343
1.4149
1.40378
1.39094
1.3771
1.3628
1.34861
1.33514
1.32308
1.31314
1.306
1.30218
1.30194
1.30518
1.31156
1.32047
1.33096
1.34151
1.35005
1.35446
1.35321
1.34594
1.33374
1.31891
1.30435
1.29281
1.28635
1.28598
1.29168
1.30247
1.31668
1.33232
1.3477
1.36189
1.37464
1.3856
1.39367
1.39695
1.39372
1.38342
1.36706
1.34708
1.32664
1.30884
1.29601
1.28922
1.28817
1.29155
1.29747
1.30391
1.3092
1.31226
1.31274
1.31088
1.30734
1.30305
1.29898
1.29603
1.29477
1.29548
1.29817
1.30261
1.30847
1.31562
1.32437
1.33549
1.34971
1.36708
1.38646
1.40565
1.42215
1.43402
1.44034
1.44118
1.43734
1.43001
1.42057
1.41032
1.40051
1.39227
1.3866
1.38413
1.38493
1.3883
1.39302
1.39777
1.4016
1.4042
1.40576
1.40664
1.40725
1.40786
1.40842
1.40846
1.40696
1.40266
1.39443
1.38172
1.36498
1.34586
1.32696
1.31112
1.30055
1.29625
1.29816
1.30573
1.31845
1.33588
1.35737
1.38171
1.40712
1.43135
1.45208
1.46736
1.47578
1.47672
1.47036
1.45757
1.43973
1.41847
1.39524
1.37116
1.34699
1.3233
1.30075
1.28021
1.26281
1.24977
1.24227
1.24135
1.24768
1.26162
1.283
1.31083
1.343
1.37604
1.40563
1.42791
1.44067
1.44386
1.43931
1.42996
1.41889
1.40841
1.39953
1.39199
1.38468
1.37635
1.36623
1.35451
1.34243
1.33202
1.32536
1.32348
1.32574
1.33016
1.33448
1.33742
1.33931
1.34167
1.34612
1.3531
1.36161
1.36984
1.37625
1.38036
1.38277
1.38466
1.38698
1.38982
1.39208
1.39196
1.38783
1.37917
1.36685
1.35288
1.33967
1.32926
1.32259
1.31952
1.31932
1.32143
1.32556
1.33169
1.33947
1.34784
1.35501
1.35874
1.35708
1.34906
1.33523
1.31763
1.29891
1.28134
1.26599
1.25285
1.24144
1.23161
1.22382
1.21904
1.21805
1.22109
1.22763
1.23645
1.24627
1.25633
1.26698
1.27957
1.29578
1.31666
1.3418
1.36933
1.39637
1.41977
1.43676
1.44531
1.44428
1.43356
1.41406
1.38767
1.3569
1.3246
1.29353
1.26619
1.2445
1.2295
1.22105
1.21799
1.21873
1.22176
1.22621
1.23186
1.23882
1.24702
1.25606
1.26521
1.27382
1.28162
1.28893
1.29648
1.30491
1.3141
1.3229
1.32926
1.33095
1.32669
1.31784
1.30962
1.30959
1.32252
1.34623
1.37394
1.39938
1.41913
1.43198
1.43779
1.43684
1.4296
1.41654
1.39823
1.37519
1.34802
1.31747
1.28451
1.25053
1.21751
1.18805
1.1652
1.15186
1.15001
1.1597
1.17878
1.20343
1.2295
1.25371
1.27419
1.2903
1.30202
1.30959
1.31338
1.31386
1.31173
1.30772
1.30257
1.29694
1.29147
1.28676
1.28324
1.28094
1.27944
1.27794
1.27559
1.27182
1.26657
1.26032
1.2539
1.24828
1.24432
1.24275
1.24428
1.24954
1.25862
1.27072
1.28415
1.2969
1.30759
1.31594
1.32269
1.32896
1.33554
1.3425
1.34921
1.35471
1.35809
1.35869
1.35625
1.35086
1.34296
1.33346
1.32348
1.31428
1.30687
1.30166
1.29829
1.29577
1.29276
1.28803
1.28076
1.27073
1.25831
1.24436
1.2302
1.21783
1.20985
1.20877
1.21548
1.22819
1.2429
1.25518
1.26181
1.26165
1.25577
1.24699
1.23859
1.23281
1.23028
1.23046
1.23271
1.23676
1.24274
1.2507
1.26029
1.27063
1.28069
1.2895
1.29648
1.30148
1.30466
1.30625
1.3062
1.30427
1.3005
1.29562
1.2907
1.28615
1.28126
1.27485
1.2664
1.25644
1.24618
1.23686
1.22925
1.22366
1.22033
1.21997
1.22383
1.23323
1.24872
1.26923
1.2922
1.31445
1.33322
1.34688
1.35492
1.35786
1.35679
1.35307
1.34816
1.34374
1.34176
1.34392
1.351
1.36235
1.37602
1.38939
1.40026
1.40755
1.41157
1.41353
1.41498
1.41697
1.41966
1.42236
1.42404
1.42385
1.42143
1.41683
1.41021
1.40164
1.39104
1.37854
1.36485
1.35119
1.33884
1.32862
1.32077
1.31505
1.3109
1.3075
1.30398
1.29983
1.29499
1.28986
1.28508
1.28136
1.27949
1.28026
1.28436
1.29204
1.30286
1.31577
1.32917
1.34127
1.35031
1.35498
1.35465
1.34962
1.34098
1.33029
1.31929
1.30953
1.30223
1.29823
1.29796
1.30138
1.30789
1.31645
1.32577
1.33452
1.34151
1.3457
1.3464
1.34328
1.33644
1.32622
1.31293
1.29675
1.27806
1.25794
1.23875
1.224
1.21743
1.2215
1.23625
1.25929
1.28687
1.31519
1.34132
1.36358
1.3812
1.39399
1.40221
1.4063
1.40685
1.40444
1.39967
1.3931
1.38539
1.37751
1.37073
1.36653
1.3661
1.36978
1.37656
1.38407
1.38919
1.38884
1.38072
1.36385
1.33892
1.30841
1.27614
1.24624
1.22161
1.20308
1.19009
1.1821
1.17946
1.18273
1.19153
1.20394
1.21714
1.22833
1.23532
1.23699
1.23391
1.2289
1.2264
1.23017
1.2408
1.25576
1.27173
1.28666
1.30003
1.31213
1.32322
1.33326
1.34184
1.34851
1.35293
1.35513
1.35557
1.35493
1.35385
1.35265
1.3514
1.35017
1.34931
1.34954
1.35171
1.35655
1.3644
1.37498
1.38736
1.4
1.41114
1.41927
1.42354
1.4239
1.42112
1.41679
1.41295
1.41161
1.41396
1.42001
1.42865
1.43827
1.44747
1.45534
1.4616
1.46648
1.47023
1.47276
1.47339
1.471
1.46444
1.45303
1.43683
1.41662
1.39369
1.36951
1.34564
1.3236
1.30481
1.29046
1.28115
1.27669
1.27626
1.27901
1.2848
1.29427
1.30804
1.3257
1.3454
1.36465
1.38119
1.39357
1.40128
1.40448
1.40383
1.40015
1.3943
1.38696
1.37862
1.36975
1.36103
1.35364
1.34925
1.3495
1.3552
1.36578
1.37909
1.39196
1.40091
1.40308
1.39685
1.38224
1.36091
1.33577
1.3102
1.28724
1.26902
1.25653
1.24992
1.24892
1.25309
1.26199
1.27501
1.2913
1.30977
1.32909
1.34781
1.36446
1.37761
1.38607
1.38914
1.38665
1.37904
1.36728
1.35271
1.33694
1.32176
1.309
1.30038
1.29703
1.29907
1.30549
1.31462
1.32483
1.33493
1.3442
1.35199
1.35773
1.36108
1.36192
1.36036
1.35657
1.35074
1.34297
1.33335
1.32199
1.30924
1.29607
1.28416
1.27573
1.27251
1.27494
1.282
1.29181
1.30201
1.31003
1.31323
1.30964
1.29863
1.28147
1.26129
1.2422
1.22796
1.2205
1.2195
1.2232
1.22992
1.23893
1.25042
1.26462
1.28133
1.29998
1.31996
1.34052
1.36038
1.37757
1.3899
1.3958
1.39503
1.38894
1.38008
1.37156
1.36612
1.36553
1.37006
1.37877
1.38987
1.40128
1.41121
1.41835
1.4219
1.42154
1.41742
1.4101
1.4005
1.38974
1.37898
1.36917
1.36102
1.35493
1.35126
1.35032
1.35222
1.35643
1.36167
1.36618
1.36842
1.36775
1.36463
1.36024
1.35579
1.35185
1.34813
1.34389
1.3387
1.33273
1.32664
1.32092
1.31559
1.3103
1.30487
1.29967
1.29531
1.2921
1.28976
1.2879
1.28663
1.28675
1.28935
1.29531
1.30492
1.31767
1.33218
1.34653
1.35868
1.36721
1.37156
1.37202
1.3692
1.36357
1.35529
1.34435
1.33091
1.3156
1.29966
1.28475
1.27272
1.26513
1.26278
1.26553
1.27244
1.28218
1.29346
1.30526
1.3168
1.32736
1.33594
1.34128
1.34216
1.33803
1.32938
1.31767
1.30477
1.29253
1.28263
1.27649
1.27497
1.2778
1.28361
1.29068
1.29786
1.30491
1.3122
1.32016
1.32899
1.33872
1.34938
1.36108
1.37398
1.38785
1.40171
1.414
1.42317
1.42828
1.42921
1.4264
1.42052
1.41194
1.40062
1.38612
1.36803
1.34651
1.32252
1.29777
1.27454
1.25531
1.24243
1.23767
1.24156
1.25307
1.26975
1.28847
1.30601
1.31959
1.32726
1.32821
1.3231
1.31419
1.30494
1.29899
1.29874
1.30438
1.31409
1.3252
1.33541
1.34339
1.34887
1.35234
1.35459
1.35636
1.35803
1.3596
1.36082
1.36149
1.36169
1.36177
1.36225
1.36342
1.3651
1.36653
1.36662
1.36425
1.35872
1.34994
1.33865
1.32619
1.31411
1.30361
1.29514
1.28853
1.28355
1.28005
1.27797
1.27684
1.2758
1.27403
1.27128
1.26815
1.26568
1.265
1.26709
1.27262
1.28157
1.29311
1.30575
1.31797
1.32876
1.33762
1.34434
1.34871
1.35035
1.34858
1.34263
1.33189
1.31613
1.29567
1.27132
1.24427
1.2161
1.18875
1.16445
1.14553
1.13415
1.13194
1.13963
1.15678
1.18163
1.21145
1.24317
1.27402
1.67881
1.70006
1.71209
1.71523
1.70957
1.69502
1.67185
1.64123
1.60552
1.56833
1.53383
1.50615
1.48832
1.48149
1.48437
1.4935
1.50433
1.51294
1.51716
1.51677
1.51319
1.50907
1.50799
1.51403
1.53012
1.55595
1.58715
1.61747
1.64169
1.65704
1.66311
1.66096
1.65227
1.6388
1.6222
1.60414
1.58636
1.57075
1.55885
1.55131
1.5475
1.54586
1.54483
1.54359
1.54223
1.54131
1.54148
1.54346
1.54814
1.55653
1.56947
1.58707
1.60857
1.63258
1.65744
1.68184
1.70489
1.72597
1.74434
1.75889
1.7682
1.77093
1.76633
1.75453
1.73666
1.71478
1.69155
1.67
1.65286
1.64172
1.63626
1.63424
1.63262
1.62907
1.62267
1.61381
1.60337
1.59201
1.57981
1.56643
1.55151
1.53519
1.51856
1.50371
1.49308
1.48818
1.48874
1.49331
1.50025
1.50827
1.51624
1.52303
1.52793
1.5314
1.53539
1.54274
1.5558
1.57473
1.59709
1.61911
1.63748
1.65038
1.65731
1.6585
1.65448
1.64589
1.63344
1.61798
1.60052
1.58251
1.5658
1.55245
1.54403
1.541
1.54262
1.54731
1.55343
1.5599
1.56668
1.57491
1.58623
1.60142
1.61945
1.6376
1.65259
1.66184
1.66417
1.65976
1.64971
1.63564
1.61948
1.60345
1.5903
1.58273
1.58184
1.58586
1.59091
1.59339
1.59159
1.58552
1.5757
1.56232
1.54545
1.52567
1.50458
1.48493
1.46986
1.46213
1.46343
1.47388
1.49183
1.5144
1.53831
1.56062
1.5792
1.59276
1.60083
1.6038
1.60262
1.59842
1.59189
1.58332
1.57316
1.56258
1.55359
1.54836
1.54838
1.55357
1.56201
1.57033
1.57498
1.57359
1.5658
1.55298
1.53708
1.51968
1.50213
1.48658
1.47625
1.47395
1.47953
1.48964
1.50027
1.50957
1.51823
1.52784
1.53901
1.55094
1.56213
1.57139
1.57868
1.58513
1.59199
1.5994
1.60619
1.61096
1.6131
1.61287
1.61086
1.60753
1.60323
1.59823
1.59272
1.58683
1.58049
1.57349
1.56528
1.55497
1.54147
1.52399
1.50286
1.48044
1.46116
1.45057
1.45342
1.47166
1.50357
1.5443
1.58737
1.62662
1.65763
1.67817
1.6879
1.68762
1.67892
1.66384
1.64478
1.62424
1.60441
1.58682
1.57214
1.5604
1.55162
1.54632
1.54571
1.55122
1.56361
1.58222
1.60479
1.62822
1.64977
1.66775
1.68152
1.69085
1.69539
1.69474
1.68895
1.6789
1.66624
1.65283
1.64012
1.629
1.6199
1.61283
1.60732
1.60243
1.59711
1.59067
1.58279
1.57338
1.5623
1.54942
1.53504
1.52006
1.50568
1.49301
1.48289
1.47596
1.47272
1.47344
1.47827
1.48723
1.49996
1.51543
1.53193
1.54758
1.56122
1.5729
1.58367
1.59469
1.60641
1.61808
1.62808
1.63462
1.63637
1.63281
1.62415
1.61113
1.59489
1.57703
1.55945
1.544
1.53207
1.52451
1.52156
1.52304
1.52819
1.5357
1.54421
1.55309
1.56253
1.57283
1.58323
1.59186
1.59668
1.59661
1.59191
1.58398
1.57497
1.56706
1.56189
1.55997
1.56063
1.56217
1.56266
1.56064
1.55566
1.54838
1.54026
1.53315
1.52865
1.52773
1.53049
1.5361
1.54308
1.54971
1.55435
1.55572
1.553
1.54597
1.53555
1.52423
1.51583
1.51384
1.51939
1.53059
1.54391
1.55615
1.56584
1.5733
1.57946
1.58436
1.58656
1.58399
1.57554
1.56188
1.54516
1.52822
1.51378
1.50408
1.50074
1.50458
1.51547
1.53218
1.55256
1.57398
1.59402
1.61084
1.62326
1.63056
1.63233
1.62838
1.61898
1.60512
1.58884
1.57272
1.55877
1.54765
1.53928
1.5341
1.5335
1.53894
1.55078
1.56773
1.58722
1.6063
1.62268
1.63554
1.64547
1.65393
1.66231
1.67097
1.67926
1.6861
1.69082
1.69352
1.69484
1.69507
1.69347
1.6884
1.67817
1.66211
1.64099
1.6168
1.59242
1.57115
1.55624
1.55004
1.55304
1.56323
1.57651
1.58806
1.59386
1.5916
1.58091
1.56315
1.5412
1.51941
1.50344
1.49892
1.50932
1.53417
1.56945
1.60958
1.64935
1.68488
1.71364
1.73406
1.7454
1.74745
1.74064
1.72604
1.70551
1.68153
1.65664
1.63277
1.61081
1.59101
1.57377
1.5599
1.5505
1.54655
1.54885
1.55775
1.57271
1.59205
1.61323
1.63347
1.65009
1.6608
1.66397
1.65934
1.64858
1.63484
1.62143
1.61053
1.60287
1.59836
1.59651
1.59659
1.59739
1.5975
1.59584
1.59203
1.58639
1.57969
1.57285
1.56675
1.56225
1.56025
1.5615
1.56607
1.57284
1.57958
1.58399
1.5848
1.58229
1.57785
1.57324
1.56982
1.56824
1.56857
1.57064
1.57448
1.58026
1.58806
1.5976
1.60824
1.61937
1.63061
1.64149
1.65096
1.65743
1.65947
1.65663
1.64984
1.64107
1.63277
1.62701
1.62513
1.62748
1.63359
1.6422
1.65146
1.65928
1.66371
1.66334
1.65767
1.6472
1.63337
1.61828
1.60414
1.59261
1.58436
1.57888
1.57506
1.57163
1.56759
1.56233
1.5558
1.54875
1.54269
1.5394
1.54002
1.54431
1.55047
1.55565
1.55723
1.55395
1.54666
1.53809
1.53136
1.52844
1.52965
1.53456
1.54309
1.55521
1.56976
1.5837
1.59297
1.5944
1.58719
1.57334
1.55721
1.54427
1.5395
1.54551
1.56143
1.58307
1.60443
1.61961
1.62424
1.61625
1.5961
1.56686
1.53435
1.50665
1.49244
1.49736
1.52093
1.55663
1.59553
1.63008
1.65591
1.67176
1.6782
1.67645
1.66763
1.65263
1.63226
1.60771
1.58066
1.55309
1.52694
1.50381
1.48491
1.47106
1.46268
1.45967
1.4614
1.46705
1.47619
1.48937
1.50798
1.53301
1.56377
1.59739
1.62948
1.65535
1.67119
1.67484
1.66622
1.64744
1.62251
1.59653
1.57443
1.55984
1.55435
1.55741
1.56663
1.57852
1.58921
1.59517
1.59385
1.58429
1.56724
1.54489
1.52018
1.49613
1.47558
1.46113
1.45476
1.45695
1.46628
1.47992
1.49486
1.50869
1.51988
1.52765
1.53172
1.53196
1.52807
1.51987
1.50784
1.49382
1.48127
1.4747
1.47741
1.48892
1.50497
1.52052
1.53265
1.54107
1.54709
1.55236
1.55829
1.56544
1.57308
1.5791
1.58066
1.57551
1.56308
1.54506
1.5252
1.50834
1.49864
1.49798
1.50527
1.5172
1.53018
1.54206
1.55268
1.56317
1.57504
1.58928
1.60608
1.62454
1.64295
1.65925
1.67161
1.67874
1.67987
1.67436
1.6616
1.64144
1.61509
1.58549
1.55605
1.52826
1.50088
1.4718
1.44078
1.41099
1.38841
1.37935
1.38737
1.4116
1.44781
1.49055
1.53488
1.57683
1.61329
1.64177
1.66042
1.66807
1.66436
1.64994
1.6264
1.5961
1.56193
1.527
1.49451
1.46751
1.44858
1.43933
1.4398
1.44835
1.46222
1.4784
1.49454
1.50927
1.52188
1.53202
1.53982
1.54633
1.55348
1.5632
1.57622
1.59144
1.60648
1.61857
1.62563
1.62684
1.62281
1.61518
1.60601
1.59699
1.58891
1.58177
1.57539
1.56986
1.56551
1.56244
1.5601
1.5574
1.55314
1.54671
1.53853
1.53019
1.52412
1.52292
1.52833
1.54032
1.55681
1.57441
1.5897
1.60021
1.6051
1.60493
1.6013
1.59644
1.59265
1.59188
1.59529
1.60285
1.61335
1.6245
1.63353
1.63784
1.63561
1.62617
1.61031
1.59006
1.56832
1.54795
1.53106
1.51848
1.51021
1.50625
1.50711
1.51344
1.52493
1.53939
1.55304
1.56158
1.56141
1.55043
1.52812
1.49545
1.45477
1.41013
1.36716
1.33221
1.31028
1.30319
1.30973
1.32745
1.35415
1.38824
1.4282
1.47187
1.51624
1.55775
1.59314
1.62019
1.63806
1.6472
1.64905
1.64555
1.63871
1.63032
1.62187
1.61469
1.61012
1.60928
1.61257
1.61933
1.62815
1.63758
1.6468
1.65556
1.66385
1.67149
1.67794
1.68255
1.68471
1.68409
1.68075
1.67541
1.66951
1.66472
1.66176
1.65972
1.65658
1.65079
1.64239
1.63301
1.62486
1.61952
1.61735
1.61763
1.6192
1.62088
1.62156
1.62033
1.61652
1.6098
1.60028
1.58863
1.57612
1.56481
1.55738
1.55628
1.56226
1.57351
1.58628
1.59626
1.59989
1.59504
1.58112
1.5591
1.53155
1.5026
1.47741
1.4609
1.45616
1.4638
1.48238
1.50917
1.5408
1.57396
1.60598
1.63494
1.65944
1.67825
1.69026
1.69452
1.69062
1.67908
1.66147
1.64041
1.61887
1.59922
1.58239
1.56777
1.55404
1.54038
1.52728
1.51679
1.51191
1.51528
1.5279
1.54823
1.57268
1.59691
1.61741
1.63237
1.64145
1.64538
1.64555
1.64362
1.64098
1.63843
1.63638
1.63561
1.63746
1.64335
1.65356
1.66679
1.68058
1.69229
1.69991
1.70255
1.70064
1.69568
1.68929
1.6824
1.67502
1.66658
1.65649
1.64462
1.63134
1.61762
1.60516
1.5964
1.59383
1.59859
1.60935
1.62252
1.63382
1.63962
1.63771
1.62755
1.61061
1.59047
1.57202
1.55968
1.55548
1.55872
1.56716
1.57809
1.58867
1.59598
1.59758
1.59263
1.58241
1.56972
1.55713
1.5456
1.5346
1.52359
1.51333
1.50631
1.50597
1.51508
1.53417
1.56093
1.59105
1.62002
1.64441
1.66229
1.67291
1.6765
1.67398
1.66679
1.65666
1.64533
1.63455
1.62584
1.62008
1.61706
1.61563
1.61421
1.61166
1.60785
1.60341
1.5995
1.59744
1.59834
1.60274
1.61033
1.62014
1.63103
1.64234
1.65414
1.66705
1.68175
1.69839
1.71622
1.73366
1.7488
1.75994
1.76589
1.76607
1.76029
1.74843
1.73039
1.70621
1.6765
1.64272
1.60763
1.57488
1.54802
1.52947
1.52012
1.51987
1.52827
1.54468
1.56779
1.59497
1.62233
1.6456
1.66128
1.66753
1.66418
1.65252
1.635
1.61497
1.59614
1.58156
1.57284
1.56992
1.57162
1.57639
1.58294
1.5903
1.59766
1.60414
1.60876
1.61068
1.64931
1.64532
1.63895
1.6318
1.62551
1.62098
1.61777
1.61411
1.60743
1.59537
1.57662
1.55145
1.52212
1.49259
1.4674
1.44981
1.44054
1.43798
1.43973
1.44381
1.44906
1.45489
1.46079
1.46604
1.46987
1.47176
1.47202
1.47193
1.47366
1.47947
1.49107
1.50892
1.53188
1.55728
1.58162
1.60146
1.61428
1.61903
1.61602
1.60626
1.59076
1.57051
1.54674
1.52133
1.4964
1.47371
1.45418
1.43792
1.42432
1.41203
1.39957
1.38697
1.37756
1.37723
1.39055
1.41682
1.4507
1.48581
1.51725
1.54218
1.55952
1.56963
1.57399
1.57472
1.57407
1.57383
1.57503
1.57785
1.58166
1.5854
1.58799
1.58865
1.58719
1.58412
1.58051
1.5778
1.57738
1.58022
1.58644
1.59509
1.6043
1.61201
1.61658
1.61724
1.61404
1.60747
1.59834
1.58764
1.57653
1.56654
1.55934
1.55636
1.55831
1.56499
1.57542
1.58811
1.6014
1.6135
1.6227
1.6279
1.62919
1.62792
1.62635
1.6267
1.63046
1.63773
1.64709
1.6557
1.66005
1.65708
1.64553
1.62652
1.60316
1.57924
1.5582
1.54244
1.53323
1.53084
1.53477
1.54362
1.55493
1.56551
1.57245
1.57397
1.56975
1.56084
1.54935
1.53815
1.5306
1.52986
1.53778
1.55384
1.57492
1.5965
1.6144
1.62606
1.63085
1.62973
1.62439
1.61655
1.60765
1.59906
1.59208
1.58749
1.58483
1.58225
1.57728
1.56796
1.55369
1.53547
1.51565
1.49727
1.4833
1.47586
1.47574
1.48218
1.49316
1.50588
1.5175
1.52597
1.53052
1.53177
1.53106
1.52926
1.52607
1.52042
1.51202
1.50273
1.49613
1.49501
1.499
1.50496
1.50985
1.51288
1.51555
1.52032
1.52958
1.54499
1.567
1.5944
1.6243
1.653
1.67714
1.69455
1.70448
1.70743
1.70454
1.69697
1.68554
1.67053
1.6517
1.62882
1.60222
1.57314
1.54369
1.51679
1.49621
1.48625
1.49055
1.51038
1.54355
1.58517
1.6295
1.67153
1.70739
1.73424
1.75017
1.75437
1.74726
1.73045
1.70658
1.67879
1.65012
1.62302
1.59894
1.57844
1.56143
1.54761
1.53668
1.52855
1.52328
1.521
1.52192
1.5263
1.53417
1.54509
1.55799
1.57134
1.58366
1.5942
1.60315
1.61154
1.62062
1.63102
1.64231
1.65296
1.66084
1.66389
1.66076
1.65112
1.63556
1.61523
1.59152
1.56562
1.53851
1.51119
1.48503
1.46196
1.4444
1.43455
1.43344
1.44015
1.45177
1.46419
1.47357
1.47781
1.47772
1.47712
1.48131
1.49403
1.51537
1.54216
1.5699
1.59437
1.61242
1.62242
1.62425
1.61902
1.60851
1.59463
1.57908
1.56374
1.55103
1.54346
1.54227
1.54596
1.55045
1.55086
1.54358
1.5277
1.50534
1.48083
1.45888
1.44285
1.43398
1.43186
1.43529
1.44293
1.45348
1.46584
1.47932
1.49388
1.51002
1.52839
1.54883
1.56988
1.58921
1.60439
1.61349
1.61538
1.6098
1.59732
1.57927
1.55758
1.53481
1.514
1.49829
1.49046
1.49215
1.50339
1.52222
1.54488
1.56653
1.58267
1.59036
1.58877
1.57888
1.56289
1.54351
1.52367
1.50601
1.49251
1.48413
1.48108
1.48307
1.4892
1.49774
1.50651
1.51359
1.51765
1.5181
1.51553
1.51267
1.51454
1.52572
1.54651
1.57244
1.59785
1.61919
1.63532
1.64637
1.65271
1.65443
1.65118
1.64241
1.62754
1.60644
1.57971
1.54897
1.51675
1.48653
1.46234
1.44816
1.44677
1.45829
1.47956
1.50545
1.53146
1.5555
1.57796
1.60042
1.62389
1.648
1.67099
1.69059
1.70483
1.7124
1.71278
1.70614
1.69346
1.6765
1.6576
1.63898
1.62184
1.60586
1.58965
1.57162
1.55111
1.52881
1.50663
1.48668
1.46999
1.45605
1.44342
1.4307
1.41712
1.40251
1.38696
1.37063
1.3538
1.33719
1.32258
1.31312
1.31281
1.32508
1.35105
1.38868
1.43339
1.47966
1.52248
1.55828
1.5851
1.60253
1.61127
1.61287
1.60926
1.60237
1.59378
1.58446
1.57463
1.56401
1.55211
1.53864
1.52405
1.50999
1.4992
1.49458
1.49789
1.50902
1.52628
1.54725
1.56938
1.59059
1.60918
1.62354
1.63177
1.6319
1.62281
1.60526
1.58236
1.55912
1.54086
1.53119
1.53075
1.53756
1.54862
1.5614
1.57428
1.58623
1.59632
1.60363
1.60736
1.60724
1.60371
1.5979
1.59136
1.58576
1.58263
1.58297
1.5869
1.59336
1.60045
1.6062
1.60925
1.60933
1.60706
1.60307
1.59723
1.58887
1.57788
1.56556
1.55443
1.54687
1.54381
1.54426
1.54581
1.54585
1.54289
1.53742
1.53182
1.52934
1.53257
1.54213
1.55644
1.57242
1.58673
1.59671
1.60076
1.59832
1.58975
1.57622
1.55959
1.54225
1.52664
1.5151
1.50948
1.51078
1.51903
1.53342
1.55263
1.57452
1.59561
1.61165
1.61926
1.61718
1.60626
1.589
1.56899
1.55058
1.53767
1.532
1.53225
1.53514
1.53732
1.53641
1.53114
1.5213
1.50807
1.49443
1.48503
1.48491
1.49752
1.52289
1.55728
1.59469
1.62913
1.65621
1.67349
1.68028
1.6772
1.66606
1.65
1.63333
1.62065
1.61525
1.61742
1.62428
1.63134
1.63473
1.63244
1.6245
1.61221
1.59754
1.58251
1.56869
1.55687
1.54688
1.53804
1.52982
1.5222
1.51561
1.51115
1.51063
1.51618
1.52865
1.54579
1.56201
1.57084
1.56896
1.55811
1.54348
1.53058
1.52286
1.52041
1.52044
1.51971
1.5169
1.51273
1.50836
1.50406
1.49907
1.49249
1.48416
1.47525
1.46814
1.4656
1.46967
1.48045
1.4963
1.51483
1.53401
1.55213
1.56777
1.58008
1.58873
1.59319
1.59253
1.58579
1.5729
1.55521
1.53584
1.51934
1.51012
1.51029
1.5188
1.53242
1.54732
1.56037
1.57025
1.57799
1.58651
1.59913
1.61761
1.64093
1.66557
1.6871
1.70245
1.71099
1.71396
1.71277
1.70836
1.70214
1.6966
1.69403
1.69462
1.69591
1.69445
1.68801
1.67661
1.66212
1.64694
1.63272
1.61995
1.60834
1.59732
1.58643
1.57549
1.56444
1.55339
1.54262
1.53304
1.52667
1.52604
1.53228
1.54335
1.55479
1.56246
1.56417
1.55954
1.54921
1.53444
1.51723
1.50026
1.48641
1.47834
1.47812
1.48705
1.50515
1.53088
1.56108
1.59178
1.61905
1.63985
1.65233
1.65595
1.6514
1.6404
1.62547
1.60936
1.59439
1.58198
1.57262
1.56612
1.56225
1.56101
1.56242
1.56609
1.5709
1.57514
1.57698
1.57538
1.57058
1.56417
1.55835
1.555
1.55485
1.5574
1.56134
1.56521
1.56769
1.56775
1.56477
1.5589
1.5508
1.54109
1.52999
1.51747
1.50389
1.49075
1.48101
1.47858
1.48702
1.5079
1.53972
1.57814
1.61751
1.6526
1.6795
1.69577
1.70038
1.69336
1.67575
1.64938
1.61666
1.5802
1.5425
1.50612
1.47383
1.44862
1.43282
1.42709
1.42981
1.43763
1.44679
1.45418
1.45806
1.45801
1.45463
1.44905
1.44234
1.43519
1.4277
1.41948
1.41028
1.4005
1.39149
1.38506
1.38278
1.38516
1.39142
1.40006
1.40985
1.4205
1.43243
1.44617
1.46183
1.47897
1.49674
1.51428
1.53078
1.54545
1.55741
1.56595
1.57117
1.5741
1.57629
1.57893
1.5823
1.5857
1.5879
1.58768
1.58432
1.57781
1.56876
1.55818
1.5471
1.53619
1.52557
1.51487
1.50354
1.49124
1.47782
1.46336
1.44801
1.43214
1.41685
1.40402
1.39599
1.3946
1.40038
1.41236
1.42883
1.44813
1.46933
1.49214
1.51619
1.54032
1.56265
1.58113
1.59413
1.6008
1.6013
1.59658
1.58803
1.57688
1.56395
1.54983
1.5352
1.52099
1.50844
1.49892
1.49391
1.49506
1.50388
1.52081
1.54414
1.57011
1.59435
1.61336
1.62519
1.62942
1.62705
1.62004
1.61083
1.60162
1.59386
1.58813
1.5846
1.5835
1.58533
1.59054
1.59889
1.60916
1.61936
1.62757
1.63259
1.63422
1.63306
1.6302
1.62691
1.62447
1.62396
1.62585
1.62961
1.63377
1.63648
1.63624
1.6325
1.62586
1.61757
1.6087
1.59953
1.58945
1.57766
1.56443
1.55197
1.54403
1.54393
1.55249
1.56747
1.58505
1.60177
1.61565
1.62632
1.63445
1.64085
1.64605
1.65023
1.6534
1.6557
1.65751
1.65952
1.66272
1.66806
1.67588
1.68536
1.69448
1.70079
1.70242
1.69884
1.69107
1.68133
1.67222
1.66562
1.6621
1.66082
1.66002
1.65799
1.65389
1.64803
1.64151
1.63547
1.63044
1.62629
1.62246
1.61864
1.61517
1.61291
1.61275
1.61488
1.6187
1.62333
1.62816
1.63291
1.63729
1.64065
1.64208
1.64062
1.63545
1.62616
1.6129
1.59648
1.57862
1.56186
1.54922
1.5433
1.54515
1.55346
1.56461
1.57412
1.57842
1.57602
1.56763
1.5552
1.54083
1.52585
1.51077
1.49614
1.48378
1.47695
1.47843
1.48783
1.5014
1.51435
1.52355
1.52815
1.5292
1.5289
1.52965
1.53296
1.53898
1.54696
1.55611
1.56608
1.57666
1.58732
1.59716
1.60518
1.61073
1.61356
1.6138
1.61151
1.60664
1.59945
1.59086
1.58241
1.57564
1.57133
1.56925
1.56835
1.56745
1.56589
1.56378
1.56216
1.56255
1.56657
1.57543
1.58954
1.60817
1.62903
1.64862
1.66305
1.6692
1.66537
1.65169
1.63018
1.60472
1.58066
1.56362
1.55755
1.56295
1.57656
1.59291
1.60647
1.6131
1.61063
1.59906
1.58064
1.55954
1.54101
1.52998
1.52961
1.54075
1.56212
1.59095
1.62347
1.65538
1.68267
1.70233
1.71297
1.71495
1.71009
1.70121
1.69126
1.68259
1.67619
1.67152
1.66691
1.6606
1.65196
1.64227
1.63457
1.63216
1.63675
1.64711
1.65954
1.66938
1.67283
1.66803
1.65548
1.63791
1.61934
1.60363
1.59293
1.58688
1.58312
1.57857
1.57081
1.55919
1.54539
