-6.3635
-6.35912
-6.35138
-6.33988
-6.32302
-6.29966
-6.27013
-6.23374
-6.19036
-6.13844
-6.0768
-6.0053
-5.92746
-5.84384
-5.75579
-5.6716
-5.5936
-5.52804
-5.47554
-5.43917
-5.41786
-5.41146
-5.41561
-5.42799
-5.44526
-5.464
-5.48344
-5.50142
-5.51696
-5.5304
-5.54112
-5.55131
-5.55962
-5.56695
-5.57266
-5.5779
-5.58164
-5.5832
-5.58375
-5.58336
-5.58185
-5.58203
-5.58294
-5.58539
-5.58869
-5.59399
-5.5994
-5.60479
-5.6082
-5.61231
-5.6135
-5.61439
-5.61421
-5.61287
-5.61122
-5.61108
-5.61126
-5.61209
-5.61438
-5.61678
-5.61995
-5.62312
-5.62585
-5.62827
-5.62955
-5.62835
-5.62534
-5.6213
-5.61586
-5.61088
-5.60657
-5.60497
-5.60362
-5.60187
-5.59904
-5.59379
-5.58736
-5.57993
-5.57469
-5.57139
-5.56948
-5.57156
-5.5775
-5.58713
-5.59927
-5.61328
-5.62638
-5.63999
-5.65341
-5.66457
-5.67381
-5.6808
-5.68508
-5.68667
-5.68536
-5.68171
-5.67578
-5.66831
-5.65789
-5.64566
-5.63226
-5.61844
-5.60295
-5.58761
-5.57319
-5.55944
-5.54796
-5.53901
-5.53296
-5.52901
-5.52761
-5.52824
-5.53041
-5.53461
-5.54099
-5.54936
-5.5613
-5.57456
-5.58962
-5.60642
-5.62401
-5.64053
-5.65425
-5.66593
-5.67314
-5.67703
-5.67699
-5.67259
-5.66386
-5.65303
-5.64034
-5.6261
-5.61204
-5.59792
-5.58476
-5.57257
-5.56144
-5.55367
-5.54912
-5.5481
-5.55082
-5.55746
-5.56817
-5.58254
-5.59785
-5.61434
-5.6315
-5.6462
-5.65758
-5.66554
-5.66981
-5.6711
-5.66916
-5.66497
-5.65737
-5.64789
-5.63711
-5.62523
-5.61352
-5.60104
-5.58852
-5.57732
-5.56664
-5.55846
-5.5534
-5.55209
-5.55486
-5.56004
-5.56742
-5.57629
-5.58372
-5.59021
-5.59484
-5.59579
-5.59386
-5.58917
-5.58145
-5.57117
-5.55936
-5.5463
-5.53577
-5.52594
-5.52085
-5.52009
-5.52443
-5.53396
-5.54683
-5.56162
-5.57582
-5.59127
-5.60286
-5.61137
-5.61619
-5.61755
-5.61594
-5.61032
-5.60258
-5.59308
-5.58402
-5.57529
-5.5684
-5.56329
-5.56102
-5.56101
-5.56321
-5.56756
-5.57325
-5.57985
-5.58683
-5.59245
-5.59683
-5.59925
-5.5996
-5.59739
-5.59343
-5.58744
-5.57929
-5.57091
-5.56316
-5.55642
-5.55175
-5.54951
-5.55065
-5.55118
-5.5538
-5.55675
-5.55901
-5.562
-5.56368
-5.56483
-5.56611
-5.56634
-5.56751
-5.56833
-5.56807
-5.56748
-5.5658
-5.56367
-5.56113
-5.55777
-5.55352
-5.54979
-5.54735
-5.54744
-5.55081
-5.55686
-5.56566
-5.57628
-5.58752
-5.59962
-5.6109
-5.62119
-5.62952
-5.63548
-5.63801
-5.63741
-5.63409
-5.6276
-5.61992
-5.61099
-5.60037
-5.58977
-5.58039
-5.57035
-5.56263
-5.55554
-5.55036
-5.54727
-5.54499
-5.54285
-5.54192
-5.5418
-5.54196
-5.54256
-5.54343
-5.54534
-5.54645
-5.54903
-5.55183
-5.55615
-5.55898
-5.56176
-5.56301
-5.56129
-5.5592
-5.55751
-5.55361
-5.5499
-5.54825
-5.548
-5.54795
-5.54798
-5.54824
-5.54899
-5.54792
-5.54626
-5.54498
-5.54492
-5.54407
-5.54464
-5.5461
-5.54818
-5.5502
-5.55217
-5.55241
-5.55148
-5.54849
-5.54675
-5.54534
-5.54469
-5.54305
-5.54027
-5.53725
-5.53306
-5.5287
-5.52502
-5.52208
-5.51977
-5.51779
-5.51755
-5.51693
-5.51884
-5.52191
-5.52728
-5.53348
-5.53972
-5.54588
-5.55122
-5.55424
-5.55611
-5.55687
-5.55517
-5.5511
-5.5465
-5.54005
-5.53215
-5.52358
-5.51499
-5.50853
-5.50267
-5.49948
-5.49817
-5.49781
-5.49976
-5.50292
-5.50724
-5.51371
-5.52185
-5.52926
-5.53696
-5.54518
-5.55167
-5.55789
-5.56468
-5.56854
-5.57116
-5.57179
-5.57019
-5.56535
-5.55786
-5.5475
-5.53446
-5.52047
-5.50618
-5.49351
-5.48367
-5.4773
-5.47492
-5.47656
-5.48325
-5.4928
-5.5039
-5.51659
-5.52939
-5.54256
-5.55339
-5.56309
-5.56921
-5.57222
-5.5721
-5.57129
-5.56848
-5.56328
-5.55764
-5.55232
-5.54624
-5.54156
-5.53763
-5.53718
-5.53725
-5.53891
-5.54187
-5.54645
-5.55327
-5.56135
-5.56898
-5.57731
-5.58394
-5.58861
-5.59132
-5.59283
-5.59173
-5.59071
-5.58804
-5.5855
-5.58169
-5.57829
-5.57442
-5.57124
-5.56689
-5.56294
-5.55793
-5.55404
-5.55015
-5.54563
-5.54302
-5.54077
-5.54023
-5.54076
-5.54269
-5.54445
-5.54675
-5.55026
-5.55137
-5.55366
-5.55635
-5.55771
-5.55921
-5.56067
-5.56183
-5.56208
-5.56227
-5.56314
-5.5645
-5.56717
-5.5694
-5.57325
-5.57764
-5.58166
-5.58552
-5.5874
-5.58896
-5.58801
-5.58556
-5.58051
-5.57325
-5.56487
-5.55614
-5.54674
-5.53935
-5.53331
-5.53133
-5.53199
-5.5353
-5.54013
-5.54683
-5.55666
-5.5659
-5.57592
-5.58511
-5.59414
-5.60325
-5.61045
-5.61743
-5.62188
-5.62457
-5.62645
-5.62672
-5.625
-5.62091
-5.61692
-5.61213
-5.60646
-5.59985
-5.59253
-5.58549
-5.57799
-5.57135
-5.56602
-5.56102
-5.55748
-5.55603
-5.55538
-5.555
-5.55555
-5.55622
-5.55664
-5.55676
-5.55711
-5.55786
-5.55939
-5.56059
-5.56303
-5.5667
-5.57026
-5.57509
-5.58043
-5.58587
-5.59081
-5.59606
-5.59886
-5.5999
-5.60016
-5.59914
-5.59719
-5.59374
-5.58822
-5.58231
-5.57464
-5.56689
-5.55823
-5.54725
-5.53571
-5.52312
-5.51073
-5.499
-5.48996
-5.48305
-5.47871
-5.47644
-5.47717
-5.47796
-5.48085
-5.48324
-5.4864
-5.49067
-5.49668
-5.50324
-5.51096
-5.52014
-5.53086
-5.54311
-5.55621
-5.57007
-5.58402
-5.59716
-5.60844
-5.61918
-5.62734
-5.63231
-5.63477
-5.63464
-5.63178
-5.62638
-5.61742
-5.60866
-5.59902
-5.59048
-5.58434
-5.57826
-5.57416
-5.57177
-5.57164
-5.5728
-5.57398
-5.57506
-5.57702
-5.5782
-5.57945
-5.57972
-5.57967
-5.57776
-5.57383
-5.56699
-5.55913
-5.55022
-5.54115
-5.5324
-5.52583
-5.52213
-5.52224
-5.52506
-5.53066
-5.53819
-5.54579
-5.55457
-5.56234
-5.56813
-5.57395
-5.5776
-5.5782
-5.57812
-5.57656
-5.57307
-5.56859
-5.56509
-5.56148
-5.55876
-5.5566
-5.55449
-5.55343
-5.55259
-5.55101
-5.54953
-5.54779
-5.54716
-5.54759
-5.55006
-5.55493
-5.56334
-5.5714
-5.57986
-5.587
-5.59381
-5.59671
-5.59579
-5.59232
-5.58611
-5.57863
-5.57083
-5.56395
-5.55878
-5.5536
-5.55091
-5.54985
-5.55145
-5.55494
-5.56005
-5.56685
-5.57461
-5.58189
-5.5885
-5.59402
-5.59841
-5.60245
-5.60407
-5.60576
-5.60764
-5.60905
-5.61165
-5.61399
-5.61643
-5.61909
-5.62277
-5.62707
-5.6292
-5.63116
-5.63153
-5.63074
-5.62708
-5.62218
-5.61453
-5.6062
-5.59521
-5.58196
-5.56893
-5.55606
-5.54442
-5.53524
-5.52867
-5.52482
-5.52423
-5.5266
-5.53044
-5.5363
-5.54139
-5.54745
-5.55167
-5.55378
-5.55356
-5.55093
-5.54644
-5.54026
-5.53177
-5.52241
-5.51263
-5.50399
-5.4986
-5.49261
-5.4883
-5.48618
-5.48482
-5.48453
-5.48333
-5.48166
-5.47965
-5.47747
-5.47719
-5.47867
-5.48101
-5.486
-5.49219
-5.50114
-5.51054
-5.52007
-5.52861
-5.53503
-5.54
-5.54097
-5.53954
-5.5347
-5.52917
-5.52143
-5.51379
-5.50657
-5.50013
-5.4961
-5.49328
-5.49184
-5.49404
-5.4976
-5.50435
-5.51187
-5.5206
-5.5303
-5.54012
-5.54778
-5.55451
-5.55887
-5.56113
-5.56227
-5.56045
-5.55843
-5.55553
-5.55175
-5.54782
-5.5445
-5.53993
-5.53567
-5.53074
-5.52563
-5.51895
-5.51263
-5.50787
-5.5061
-5.50515
-5.50833
-5.51334
-5.52157
-5.53253
-5.54364
-5.555
-5.56561
-5.57427
-5.57952
-5.58184
-5.58048
-5.57512
-5.56621
-5.55242
-5.53695
-5.51926
-5.50034
-5.48112
-5.462
-5.44611
-5.43474
-5.42667
-5.42451
-5.42806
-5.43704
-5.45081
-5.46833
-5.48806
-5.50704
-5.52248
-5.53717
-5.54741
-5.55469
-5.55772
-5.55825
-5.55579
-5.55112
-5.54576
-5.53963
-5.5344
-5.53077
-5.52819
-5.52711
-5.53001
-5.53421
-5.54179
-5.55077
-5.56155
-5.57247
-5.58452
-5.59515
-5.6061
-5.61291
-5.61644
-5.61723
-5.6149
-5.6102
-5.60388
-5.5977
-5.59097
-5.58537
-5.58189
-5.5795
-5.5784
-5.57969
-5.58039
-5.58067
-5.5809
-5.58083
-5.58174
-5.58264
-5.58347
-5.58336
-5.58251
-5.57986
-5.57527
-5.57012
-5.56451
-5.56025
-5.55673
-5.55483
-5.55466
-5.55789
-5.56297
-5.57101
-5.58061
-5.59081
-5.60138
-5.61049
-5.61756
-5.62254
-5.62469
-5.62423
-5.61959
-5.61162
-5.60117
-5.5885
-5.57455
-5.56099
-5.54768
-5.53566
-5.52661
-5.51955
-5.51552
-5.51312
-5.51211
-5.51092
-5.50997
-5.50853
-5.50615
-5.50359
-5.50146
-5.4995
-5.49719
-5.4966
-5.49583
-5.49495
-5.49455
-5.493
-5.49006
-5.48817
-5.48539
-5.48307
-5.4807
-5.47941
-5.47932
-5.4803
-5.48241
-5.48639
-5.49082
-5.4966
-5.50184
-5.50872
-5.51531
-5.52076
-5.52519
-5.52645
-5.52541
-5.52278
-5.51732
-5.51126
-5.50708
-5.50483
-5.50477
-5.50751
-5.51362
-5.52077
-5.53
-5.53887
-5.54747
-5.55427
-5.55975
-5.56295
-5.56309
-5.56034
-5.5536
-5.5443
-5.53105
-5.51643
-5.50077
-5.48406
-5.46752
-5.45153
-5.43873
-5.42848
-5.42058
-5.41495
-5.41158
-5.40933
-5.40904
-5.40975
-5.41162
-5.41448
-5.41793
-5.42295
-5.42938
-5.43698
-5.44619
-5.45546
-5.46472
-5.47379
-5.48142
-5.48803
-5.49315
-5.49772
-5.50213
-5.50615
-5.50992
-5.51314
-5.51628
-5.51784
-5.51981
-5.52072
-5.52227
-5.52199
-5.52184
-5.52312
-5.52392
-5.52509
-5.52476
-5.52338
-5.52115
-5.51685
-5.51142
-5.50496
-5.49921
-5.49363
-5.49045
-5.48774
-5.48746
-5.4885
-5.4917
-5.49597
-5.50186
-5.50807
-5.51368
-5.5199
-5.52471
-5.52978
-5.53472
-5.53843
-5.54184
-5.54498
-5.54721
-5.5484
-5.54774
-5.54626
-5.54349
-5.53891
-5.53236
-5.52419
-5.51484
-5.50526
-5.49585
-5.48817
-5.48045
-5.47577
-5.4718
-5.46882
-5.46495
-5.46305
-5.46046
-5.45703
-5.45186
-5.44801
-5.44469
-5.44344
-5.44446
-5.44753
-5.45303
-5.45678
-5.45863
-5.45876
-5.45622
-5.45149
-5.44709
-5.44392
-5.4424
-5.44684
-5.45576
-5.46773
-5.48156
-5.49554
-5.50864
-5.52095
-5.53182
-5.54007
-5.54791
-5.55225
-5.55451
-5.55257
-5.54808
-5.54239
-5.53409
-5.51817
-5.4942
-5.46307
-5.42679
-5.38822
-5.34907
-5.31074
-5.2752
-5.24444
-5.21738
-5.19699
-5.18233
-5.17297
-5.16775
-5.16693
-5.16976
-5.1733
-5.17542
-5.17505
-5.16913
-5.15923
-5.14599
-5.13338
-5.1229
-5.11585
-5.1152
-5.11973
-5.12735
-5.13583
-5.14388
-5.14976
-5.15254
-5.15198
-5.14634
-5.13889
-5.12693
-5.11304
-5.09993
-5.08866
-5.0829
-5.08675
-5.10111
-5.12535
-5.15582
-5.18936
-5.22203
-5.2513
-5.27499
-5.29251
-5.30467
-5.3103
-5.31212
-5.31016
-5.30591
-5.30397
-5.30068
-5.3
-5.30114
-5.30408
-5.30693
-5.31204
-5.31809
-5.32593
-5.33307
-5.33883
-5.34402
-5.34665
-5.34837
-5.34681
-5.34306
-5.33557
-5.32442
-5.31097
-5.29741
-5.2861
-5.27746
-5.27113
-5.26541
-5.2586
-5.25001
-5.241
-5.23501
-5.23327
-5.23828
-5.25025
-5.26778
-5.28813
-5.31006
-5.33167
-5.3501
-5.36496
-5.3738
-5.37892
-5.37819
-5.37273
-5.36329
-5.35287
-5.34078
-5.32686
-5.3117
-5.29513
-5.27864
-5.26283
-5.24606
-5.2334
-5.22426
-5.21767
-5.21262
-5.21034
-5.21203
-5.21458
-5.21775
-5.22083
-5.22383
-5.22877
-5.23578
-5.24524
-5.2566
-5.27074
-5.28429
-5.29716
-5.30838
-5.31576
-5.31989
-5.31951
-5.3145
-5.30627
-5.2953
-5.28336
-5.27043
-5.25538
-5.24028
-5.22711
-5.21505
-5.20572
-5.19918
-5.19491
-5.19421
-5.19791
-5.20413
-5.21289
-5.22293
-5.23409
-5.24188
-5.24674
-5.24473
-5.23746
-5.22602
-5.21119
-5.19692
-5.18387
-5.17681
-5.17629
-5.18289
-5.19323
-5.20775
-5.22354
-5.23861
-5.25326
-5.2663
-5.27772
-5.2858
-5.28938
-5.286
-5.27495
-5.25873
-5.23844
-5.21876
-5.19975
-5.18722
-5.17967
-5.17847
-5.18201
-5.18808
-5.19331
-5.19785
-5.20016
-5.20063
-5.19756
-5.19372
-5.18943
-5.18567
-5.18301
-5.1825
-5.18277
-5.18531
-5.18884
-5.1947
-5.202
-5.21075
-5.22262
-5.23669
-5.25452
-5.2745
-5.29324
-5.3105
-5.32131
-5.32763
-5.32802
-5.32342
-5.31609
-5.30589
-5.2964
-5.28629
-5.27865
-5.27328
-5.27202
-5.27101
-5.27347
-5.27865
-5.28295
-5.28753
-5.29043
-5.2926
-5.29302
-5.29318
-5.29364
-5.2933
-5.29408
-5.29274
-5.28904
-5.28066
-5.2669
-5.24985
-5.23133
-5.21349
-5.1972
-5.18662
-5.18277
-5.18514
-5.1921
-5.20588
-5.22437
-5.24525
-5.27036
-5.29667
-5.32075
-5.34088
-5.35707
-5.36549
-5.36764
-5.36112
-5.34788
-5.32989
-5.30923
-5.2866
-5.26343
-5.24001
-5.21632
-5.19423
-5.17429
-5.15734
-5.14385
-5.13575
-5.13512
-5.14221
-5.156
-5.17602
-5.20325
-5.23693
-5.27027
-5.30092
-5.3223
-5.33431
-5.33674
-5.33279
-5.32359
-5.31237
-5.30188
-5.29225
-5.28441
-5.27695
-5.26862
-5.25926
-5.2486
-5.23636
-5.2255
-5.21793
-5.21665
-5.21816
-5.22303
-5.22751
-5.23045
-5.23142
-5.23319
-5.23793
-5.24552
-5.25464
-5.26211
-5.26837
-5.27233
-5.27413
-5.27557
-5.27713
-5.27967
-5.28193
-5.28166
-5.27738
-5.26721
-5.2558
-5.24152
-5.22936
-5.21895
-5.21153
-5.20891
-5.20811
-5.20961
-5.21375
-5.21927
-5.2272
-5.23573
-5.24305
-5.24527
-5.24316
-5.23483
-5.22101
-5.20295
-5.18438
-5.16741
-5.15146
-5.13757
-5.12722
-5.11768
-5.1093
-5.10556
-5.10473
-5.10807
-5.11491
-5.12494
-5.13386
-5.14407
-5.15517
-5.16867
-5.18533
-5.20666
-5.23195
-5.26009
-5.28773
-5.31114
-5.33009
-5.33924
-5.33686
-5.32553
-5.30558
-5.27873
-5.24736
-5.21551
-5.18353
-5.15634
-5.1345
-5.11965
-5.1118
-5.10769
-5.10888
-5.11206
-5.11637
-5.12172
-5.12776
-5.13627
-5.14607
-5.15506
-5.16291
-5.16996
-5.17682
-5.18392
-5.19174
-5.20047
-5.20943
-5.21519
-5.21627
-5.21111
-5.20165
-5.19297
-5.19218
-5.2048
-5.23079
-5.25896
-5.28425
-5.30384
-5.31669
-5.32129
-5.3205
-5.31386
-5.2999
-5.28143
-5.2593
-5.23168
-5.20294
-5.17028
-5.1372
-5.10388
-5.07336
-5.04975
-5.03702
-5.03486
-5.04471
-5.06439
-5.0886
-5.11482
-5.13812
-5.15951
-5.17516
-5.18628
-5.19355
-5.19749
-5.19843
-5.19614
-5.19093
-5.18502
-5.17923
-5.17361
-5.16875
-5.16508
-5.16278
-5.16053
-5.16024
-5.15849
-5.15457
-5.14993
-5.14367
-5.1368
-5.13118
-5.12737
-5.12519
-5.12703
-5.13137
-5.14091
-5.15301
-5.16735
-5.1798
-5.19125
-5.19959
-5.2065
-5.21231
-5.21843
-5.22479
-5.2309
-5.23746
-5.24053
-5.24084
-5.23855
-5.2333
-5.22541
-5.21484
-5.20441
-5.19476
-5.18614
-5.18032
-5.1759
-5.17338
-5.16961
-5.16503
-5.15867
-5.14773
-5.13638
-5.12227
-5.10887
-5.09679
-5.08881
-5.08818
-5.09595
-5.10988
-5.12413
-5.13808
-5.14501
-5.1453
-5.13928
-5.13125
-5.12299
-5.11767
-5.11484
-5.11471
-5.11711
-5.12117
-5.12609
-5.1336
-5.14318
-5.15292
-5.16373
-5.17284
-5.17907
-5.18301
-5.18711
-5.18854
-5.18849
-5.18777
-5.1843
-5.17912
-5.17465
-5.16904
-5.1643
-5.15805
-5.14959
-5.14009
-5.12983
-5.12036
-5.11199
-5.10564
-5.10172
-5.10196
-5.10566
-5.11567
-5.13177
-5.15122
-5.1748
-5.1978
-5.21763
-5.22977
-5.23736
-5.23985
-5.23863
-5.23416
-5.22954
-5.22664
-5.22435
-5.22726
-5.23525
-5.2454
-5.25906
-5.27259
-5.2827
-5.2906
-5.29416
-5.29642
-5.29727
-5.29895
-5.30195
-5.30556
-5.30723
-5.30689
-5.30433
-5.29957
-5.29311
-5.28514
-5.27439
-5.26219
-5.24941
-5.23499
-5.22279
-5.21272
-5.20488
-5.19976
-5.19546
-5.191
-5.18718
-5.18302
-5.17697
-5.17155
-5.16782
-5.1638
-5.16299
-5.1636
-5.16725
-5.17493
-5.18561
-5.19776
-5.21162
-5.22401
-5.2326
-5.23727
-5.23634
-5.23176
-5.22342
-5.21213
-5.20098
-5.19137
-5.18436
-5.18097
-5.18055
-5.18503
-5.19139
-5.20025
-5.20942
-5.21711
-5.2247
-5.2289
-5.22914
-5.22587
-5.21979
-5.20897
-5.19612
-5.18055
-5.16156
-5.14159
-5.12269
-5.10794
-5.10228
-5.10651
-5.12201
-5.1446
-5.17143
-5.19899
-5.22437
-5.24648
-5.26439
-5.27765
-5.28646
-5.2901
-5.2908
-5.28809
-5.28287
-5.27614
-5.26949
-5.26055
-5.25408
-5.24987
-5.24899
-5.25298
-5.25931
-5.26621
-5.27179
-5.27129
-5.26362
-5.24584
-5.22106
-5.18934
-5.15737
-5.12702
-5.10163
-5.0828
-5.06996
-5.06288
-5.06099
-5.06351
-5.07231
-5.08517
-5.09777
-5.10881
-5.11626
-5.11913
-5.11665
-5.1127
-5.11065
-5.11457
-5.1252
-5.13971
-5.15447
-5.1691
-5.18232
-5.19411
-5.20491
-5.21479
-5.22428
-5.23126
-5.23567
-5.23756
-5.23786
-5.23662
-5.23644
-5.23539
-5.23505
-5.23442
-5.23326
-5.23469
-5.23641
-5.24065
-5.24925
-5.25953
-5.27176
-5.28486
-5.29539
-5.30473
-5.31006
-5.31027
-5.30688
-5.30361
-5.29871
-5.29721
-5.29897
-5.30441
-5.31335
-5.32313
-5.33293
-5.34155
-5.34661
-5.35103
-5.35433
-5.35762
-5.35916
-5.35722
-5.35126
-5.3403
-5.32381
-5.30224
-5.27945
-5.25421
-5.23141
-5.20951
-5.19118
-5.17652
-5.16752
-5.16336
-5.16322
-5.16507
-5.17011
-5.17912
-5.19184
-5.2095
-5.22905
-5.24814
-5.26453
-5.27722
-5.28432
-5.28813
-5.28732
-5.28395
-5.27764
-5.27
-5.26106
-5.25188
-5.24316
-5.23562
-5.23063
-5.23132
-5.23627
-5.2467
-5.25987
-5.27364
-5.2835
-5.28492
-5.27914
-5.26453
-5.24351
-5.21926
-5.19293
-5.16953
-5.15055
-5.13911
-5.13342
-5.13317
-5.13643
-5.14608
-5.16031
-5.1757
-5.19432
-5.21243
-5.23176
-5.24811
-5.2608
-5.26927
-5.27203
-5.26939
-5.26224
-5.25092
-5.23651
-5.22074
-5.20555
-5.19325
-5.18417
-5.18128
-5.18347
-5.19035
-5.19917
-5.20923
-5.21979
-5.2295
-5.2376
-5.24349
-5.24639
-5.24738
-5.24597
-5.24249
-5.23635
-5.22797
-5.21941
-5.20821
-5.19561
-5.18304
-5.17053
-5.16119
-5.15842
-5.15964
-5.16655
-5.1753
-5.18626
-5.19458
-5.19764
-5.19405
-5.18424
-5.16723
-5.14675
-5.12736
-5.11251
-5.10475
-5.10405
-5.10851
-5.11553
-5.12394
-5.13588
-5.15038
-5.16694
-5.18499
-5.20557
-5.22689
-5.2469
-5.2647
-5.27778
-5.28398
-5.28307
-5.27682
-5.26841
-5.25913
-5.25445
-5.25385
-5.25869
-5.2677
-5.2791
-5.29036
-5.3009
-5.30835
-5.31159
-5.31093
-5.30772
-5.30085
-5.29064
-5.27928
-5.26837
-5.25796
-5.2492
-5.24295
-5.23928
-5.23881
-5.24131
-5.24506
-5.2497
-5.25481
-5.2566
-5.25412
-5.25191
-5.24691
-5.24261
-5.23883
-5.23601
-5.23087
-5.22552
-5.22031
-5.21346
-5.20744
-5.20211
-5.19818
-5.19185
-5.18724
-5.18304
-5.17922
-5.17734
-5.17578
-5.17466
-5.17478
-5.17647
-5.18244
-5.1925
-5.2057
-5.22067
-5.23546
-5.24808
-5.2566
-5.26065
-5.26036
-5.25678
-5.2507
-5.24256
-5.23132
-5.21863
-5.20454
-5.18905
-5.17384
-5.16226
-5.15437
-5.15142
-5.15462
-5.16077
-5.17187
-5.18315
-5.19465
-5.20604
-5.2172
-5.22624
-5.23128
-5.23201
-5.22742
-5.21877
-5.20812
-5.19552
-5.18267
-5.17322
-5.16678
-5.16497
-5.16749
-5.17391
-5.18219
-5.18861
-5.19506
-5.2025
-5.2097
-5.21974
-5.22917
-5.24043
-5.25153
-5.26443
-5.2783
-5.2914
-5.30399
-5.31271
-5.31782
-5.3189
-5.31594
-5.31051
-5.30133
-5.28926
-5.27248
-5.2541
-5.23273
-5.20858
-5.18354
-5.16151
-5.14227
-5.12909
-5.12478
-5.12853
-5.14094
-5.15824
-5.1765
-5.19419
-5.20687
-5.21318
-5.21398
-5.20857
-5.19935
-5.19055
-5.1843
-5.1839
-5.1906
-5.19985
-5.21141
-5.22253
-5.23021
-5.236
-5.24022
-5.24262
-5.24514
-5.24606
-5.24763
-5.24961
-5.25073
-5.24987
-5.2501
-5.24922
-5.24948
-5.25162
-5.2529
-5.25284
-5.25123
-5.24645
-5.23676
-5.22532
-5.21286
-5.20048
-5.19059
-5.18226
-5.1752
-5.17022
-5.16642
-5.16403
-5.1629
-5.16187
-5.16024
-5.1584
-5.15497
-5.15251
-5.15182
-5.15391
-5.15944
-5.16854
-5.17888
-5.19212
-5.20449
-5.21573
-5.22505
-5.23162
-5.23493
-5.23838
-5.23691
-5.23081
-5.21992
-5.20417
-5.18386
-5.1592
-5.1323
-5.10353
-5.07603
-5.05066
-5.03159
-5.02202
-5.01845
-5.0257
-5.04208
-5.06829
-5.09782
-5.1297
-5.16145
-5.19123
-5.21233
-5.2239
-5.22644
-5.22032
-5.20487
-5.18124
-5.15062
-5.11461
-5.07771
-5.04292
-5.01568
-4.99816
-4.99087
-4.99391
-5.00334
-5.01357
-5.02248
-5.027
-5.02692
-5.02409
-5.01966
-5.01813
-5.02447
-5.04041
-5.06563
-5.09609
-5.12566
-5.15093
-5.16568
-5.17266
-5.17172
-5.16212
-5.14834
-5.13204
-5.11337
-5.09559
-5.07938
-5.06703
-5.05903
-5.05613
-5.0554
-5.05361
-5.05343
-5.05026
-5.04919
-5.04921
-5.05149
-5.05586
-5.0644
-5.07583
-5.09313
-5.11373
-5.13774
-5.1629
-5.18761
-5.21111
-5.23234
-5.25026
-5.26511
-5.27427
-5.2773
-5.27437
-5.26256
-5.24484
-5.2222
-5.19973
-5.17878
-5.16134
-5.1496
-5.14338
-5.14151
-5.13975
-5.13725
-5.13161
-5.12214
-5.11155
-5.09959
-5.08694
-5.07492
-5.05849
-5.04232
-5.02509
-5.00978
-4.99991
-4.99485
-4.99571
-5.00119
-5.00888
-5.01722
-5.02473
-5.03152
-5.03672
-5.0411
-5.04523
-5.05319
-5.06625
-5.08533
-5.1086
-5.13107
-5.14914
-5.16205
-5.17048
-5.17228
-5.16841
-5.15921
-5.14632
-5.1307
-5.11354
-5.09523
-5.07882
-5.06547
-5.0569
-5.05387
-5.0573
-5.06169
-5.06797
-5.07413
-5.08122
-5.08899
-5.09985
-5.1155
-5.13398
-5.15214
-5.16728
-5.17608
-5.17826
-5.17384
-5.16333
-5.14882
-5.1325
-5.11601
-5.10332
-5.095
-5.09411
-5.09768
-5.10258
-5.10475
-5.10296
-5.09764
-5.08827
-5.07444
-5.05833
-5.03809
-5.01731
-4.99765
-4.98258
-4.97485
-4.976
-4.9866
-5.00455
-5.02727
-5.05073
-5.0732
-5.09133
-5.10458
-5.11265
-5.11486
-5.11414
-5.10978
-5.10295
-5.09393
-5.08392
-5.07319
-5.06481
-5.05912
-5.05853
-5.06463
-5.07277
-5.08094
-5.08665
-5.08586
-5.07717
-5.0645
-5.04799
-5.03043
-5.0138
-4.99839
-4.98807
-4.98425
-4.99058
-5.00055
-5.01118
-5.02108
-5.0308
-5.03965
-5.05098
-5.06381
-5.07364
-5.0829
-5.09034
-5.09574
-5.1029
-5.1097
-5.11604
-5.12005
-5.12144
-5.12242
-5.12101
-5.11874
-5.11459
-5.10944
-5.10423
-5.09653
-5.09095
-5.08394
-5.07514
-5.06558
-5.05192
-5.0349
-5.01438
-4.99195
-4.97372
-4.96299
-4.96689
-4.98498
-5.01659
-5.05732
-5.10039
-5.13965
-5.16976
-5.1906
-5.20138
-5.2011
-5.1927
-5.17641
-5.1572
-5.13681
-5.11637
-5.09864
-5.08366
-5.07192
-5.06343
-5.05843
-5.05813
-5.06439
-5.07724
-5.0957
-5.11736
-5.1408
-5.16174
-5.18048
-5.19365
-5.20373
-5.20782
-5.20716
-5.20167
-5.19102
-5.17821
-5.1651
-5.15103
-5.14082
-5.13111
-5.1245
-5.11899
-5.1135
-5.10893
-5.10264
-5.09552
-5.08596
-5.07593
-5.0626
-5.04807
-5.03294
-5.0178
-5.00604
-4.99592
-4.98838
-4.98499
-4.98541
-4.98948
-4.99738
-5.01026
-5.02528
-5.04118
-5.05608
-5.06911
-5.08125
-5.09231
-5.10319
-5.11551
-5.12702
-5.13718
-5.14373
-5.14532
-5.14145
-5.13189
-5.11872
-5.10294
-5.08508
-5.06764
-5.05204
-5.04117
-5.03376
-5.03142
-5.03229
-5.03745
-5.04586
-5.05392
-5.0634
-5.07178
-5.08208
-5.09143
-5.0996
-5.10442
-5.10436
-5.0995
-5.09066
-5.08089
-5.07269
-5.06811
-5.0662
-5.0667
-5.06795
-5.06965
-5.06793
-5.06326
-5.05627
-5.04831
-5.04149
-5.03593
-5.03471
-5.03642
-5.04263
-5.04961
-5.05775
-5.06254
-5.06361
-5.06044
-5.05265
-5.04208
-5.03001
-5.02206
-5.02127
-5.02682
-5.03803
-5.05195
-5.06495
-5.07539
-5.0824
-5.08916
-5.09391
-5.09688
-5.09385
-5.08585
-5.07113
-5.05532
-5.03838
-5.02348
-5.01333
-5.00954
-5.01217
-5.02382
-5.04097
-5.06135
-5.08278
-5.10297
-5.12085
-5.1313
-5.13831
-5.13947
-5.13582
-5.12627
-5.11226
-5.09583
-5.07955
-5.0662
-5.05509
-5.04566
-5.04063
-5.03988
-5.04502
-5.05685
-5.07456
-5.09497
-5.11389
-5.13043
-5.14328
-5.15472
-5.16288
-5.17186
-5.18067
-5.18745
-5.1943
-5.19931
-5.20171
-5.20288
-5.20235
-5.20197
-5.19765
-5.18757
-5.17212
-5.15084
-5.12696
-5.10379
-5.08221
-5.06745
-5.062
-5.06561
-5.0761
-5.08848
-5.09942
-5.10583
-5.10221
-5.09092
-5.07255
-5.05075
-5.02896
-5.01313
-5.00892
-5.01932
-5.04371
-5.07915
-5.11959
-5.15905
-5.19519
-5.22304
-5.24346
-5.25389
-5.2564
-5.25004
-5.2365
-5.21703
-5.19244
-5.16755
-5.14444
-5.12293
-5.10298
-5.08573
-5.07141
-5.06367
-5.06003
-5.06112
-5.06866
-5.08241
-5.10115
-5.12233
-5.14302
-5.15904
-5.17066
-5.17413
-5.1695
-5.15874
-5.14545
-5.13174
-5.12008
-5.11242
-5.10669
-5.10409
-5.10357
-5.10467
-5.10524
-5.10373
-5.09991
-5.09503
-5.08939
-5.08225
-5.07614
-5.07119
-5.06919
-5.07029
-5.07486
-5.08208
-5.09019
-5.09521
-5.09526
-5.0935
-5.08906
-5.084
-5.07921
-5.07718
-5.07781
-5.08049
-5.08494
-5.09056
-5.09776
-5.1079
-5.11914
-5.13073
-5.14243
-5.15406
-5.16353
-5.17046
-5.17234
-5.16951
-5.16346
-5.15364
-5.14474
-5.13732
-5.13482
-5.13778
-5.14389
-5.15205
-5.16131
-5.16958
-5.17386
-5.17335
-5.16708
-5.15645
-5.14217
-5.12647
-5.11187
-5.10095
-5.0939
-5.08798
-5.08416
-5.08028
-5.07563
-5.07037
-5.06444
-5.05648
-5.05133
-5.04879
-5.04912
-5.0522
-5.05805
-5.06475
-5.06679
-5.06456
-5.05727
-5.04825
-5.04197
-5.0392
-5.0395
-5.04577
-5.05369
-5.06627
-5.08037
-5.09416
-5.10313
-5.10547
-5.09886
-5.08546
-5.06872
-5.05638
-5.051
-5.05641
-5.07203
-5.09262
-5.11444
-5.12977
-5.135
-5.12686
-5.10656
-5.07626
-5.0442
-5.01574
-5.00153
-5.00705
-5.03077
-5.06723
-5.1075
-5.14159
-5.16743
-5.18343
-5.19107
-5.18887
-5.17884
-5.16323
-5.14317
-5.11862
-5.09096
-5.06309
-5.03709
-5.01456
-4.99596
-4.98197
-4.97449
-4.97224
-4.97458
-4.98128
-4.99027
-5.00375
-5.02342
-5.04784
-5.0783
-5.11193
-5.14402
-5.16929
-5.18497
-5.18908
-5.17955
-5.16017
-5.13569
-5.10955
-5.08564
-5.0712
-5.06541
-5.06831
-5.07936
-5.09155
-5.10285
-5.10925
-5.10718
-5.09837
-5.08133
-5.05852
-5.03381
-5.00991
-4.98966
-4.97567
-4.96929
-4.97164
-4.98021
-4.99355
-5.00773
-5.02142
-5.03261
-5.04053
-5.04551
-5.04635
-5.04201
-5.03289
-5.01966
-5.00624
-4.99384
-4.98651
-4.98967
-5.00164
-5.01769
-5.03264
-5.04371
-5.05168
-5.05664
-5.06237
-5.06784
-5.07453
-5.08173
-5.08835
-5.09036
-5.08491
-5.07324
-5.05416
-5.0346
-5.01789
-5.00849
-5.00873
-5.01572
-5.0281
-5.04229
-5.05509
-5.0654
-5.07514
-5.08775
-5.10245
-5.12061
-5.13922
-5.15733
-5.17333
-5.18554
-5.19192
-5.19229
-5.18663
-5.17523
-5.1528
-5.1263
-5.09533
-5.0662
-5.0375
-5.00892
-4.97953
-4.94852
-4.91842
-4.89599
-4.88662
-4.89434
-4.91873
-4.95448
-4.99767
-5.04141
-5.08578
-5.12133
-5.14981
-5.16967
-5.17686
-5.1727
-5.15813
-5.13459
-5.1052
-5.07192
-5.037
-5.0042
-4.97751
-4.95842
-4.94932
-4.95025
-4.95926
-4.97313
-4.9884
-5.0047
-5.01942
-5.03098
-5.04202
-5.04922
-5.05542
-5.06272
-5.07305
-5.08606
-5.10084
-5.11724
-5.12948
-5.13699
-5.13835
-5.13341
-5.12564
-5.11616
-5.10744
-5.09861
-5.09192
-5.08418
-5.0791
-5.07445
-5.07092
-5.06889
-5.06665
-5.06269
-5.05792
-5.05019
-5.04245
-5.03653
-5.03457
-5.03999
-5.05182
-5.06847
-5.08653
-5.10151
-5.11157
-5.11707
-5.11644
-5.11266
-5.10719
-5.10295
-5.10248
-5.10604
-5.11406
-5.12607
-5.13706
-5.14534
-5.15042
-5.14758
-5.13799
-5.12258
-5.10203
-5.08013
-5.06067
-5.04272
-5.03014
-5.02248
-5.01791
-5.01877
-5.02555
-5.03674
-5.05015
-5.06396
-5.07325
-5.07384
-5.06301
-5.04131
-5.00954
-4.96841
-4.92346
-4.87958
-4.84478
-4.8233
-4.81621
-4.82291
-4.84063
-4.86748
-4.90066
-4.94138
-4.9852
-5.02866
-5.06987
-5.10481
-5.13125
-5.14837
-5.15887
-5.16193
-5.15918
-5.15249
-5.14486
-5.13626
-5.12953
-5.12556
-5.12396
-5.12816
-5.13462
-5.14268
-5.15273
-5.16209
-5.17131
-5.18005
-5.18738
-5.19384
-5.20011
-5.20181
-5.20044
-5.19741
-5.19025
-5.1845
-5.17926
-5.17645
-5.17395
-5.17172
-5.16503
-5.15617
-5.14588
-5.13682
-5.13058
-5.12871
-5.12929
-5.13132
-5.13391
-5.13474
-5.1323
-5.12759
-5.11935
-5.11089
-5.09834
-5.08597
-5.07451
-5.06738
-5.06567
-5.07241
-5.08397
-5.0975
-5.10702
-5.11005
-5.1049
-5.09083
-5.06941
-5.04201
-5.01291
-4.98696
-4.97
-4.96616
-4.97395
-4.99314
-5.01933
-5.05171
-5.08533
-5.11675
-5.14601
-5.17095
-5.18977
-5.20208
-5.20695
-5.20244
-5.18999
-5.17208
-5.15207
-5.13024
-5.10983
-5.09315
-5.07807
-5.0645
-5.04903
-5.03578
-5.02589
-5.02055
-5.02498
-5.03775
-5.05959
-5.08329
-5.10873
-5.12863
-5.14283
-5.15312
-5.15781
-5.15827
-5.15725
-5.15506
-5.15266
-5.15077
-5.15014
-5.15321
-5.15894
-5.16885
-5.18163
-5.19557
-5.20758
-5.21581
-5.21829
-5.21638
-5.21218
-5.20594
-5.19784
-5.19076
-5.18202
-5.17223
-5.15885
-5.14557
-5.13034
-5.11742
-5.10851
-5.10609
-5.11071
-5.12132
-5.13434
-5.14639
-5.1528
-5.15044
-5.14028
-5.12259
-5.10183
-5.08262
-5.07013
-5.06548
-5.06918
-5.07883
-5.09036
-5.10109
-5.10901
-5.11076
-5.10611
-5.0965
-5.08365
-5.07061
-5.06028
-5.04838
-5.03707
-5.0262
-5.01963
-5.0199
-5.02931
-5.0481
-5.07531
-5.10513
-5.13456
-5.1585
-5.17638
-5.18746
-5.19165
-5.18837
-5.18148
-5.17195
-5.16122
-5.15044
-5.14053
-5.13597
-5.13205
-5.13032
-5.1292
-5.1262
-5.12359
-5.11855
-5.11464
-5.11244
-5.11288
-5.11682
-5.12472
-5.13392
-5.14587
-5.15643
-5.16868
-5.18219
-5.19659
-5.21383
-5.23106
-5.24865
-5.26319
-5.27479
-5.28073
-5.28152
-5.27513
-5.26434
-5.24554
-5.22121
-5.19119
-5.15726
-5.12263
-5.08942
-5.06225
-5.04446
-5.03602
-5.03501
-5.04401
-5.05982
-5.08308
-5.10921
-5.13672
-5.15969
-5.17416
-5.17996
-5.17631
-5.16389
-5.14682
-5.12694
-5.10811
-5.09338
-5.08435
-5.08053
-5.08314
-5.08776
-5.09354
-5.10136
-5.10706
-5.11294
-5.11771
-5.11887
-5.11743
-5.11358
-5.10721
-5.09976
-5.09392
-5.08954
-5.08574
-5.08238
-5.07585
-5.06349
-5.0464
-5.02199
-4.99311
-4.96297
-4.93748
-4.91958
-4.91031
-4.90882
-4.91072
-4.91509
-4.92035
-4.92618
-4.93177
-4.93748
-4.941
-4.9426
-4.9427
-4.94231
-4.94328
-4.95045
-4.9619
-4.97945
-5.00301
-5.02948
-5.05337
-5.07335
-5.08633
-5.09048
-5.08716
-5.07755
-5.06175
-5.0421
-5.01742
-4.99186
-4.96648
-4.94424
-4.92456
-4.9077
-4.89349
-4.88075
-4.86829
-4.85539
-4.84582
-4.84564
-4.85942
-4.88523
-4.91851
-4.95332
-4.98612
-5.01211
-5.0299
-5.04016
-5.04453
-5.04631
-5.04596
-5.04571
-5.04767
-5.04928
-5.0528
-5.05759
-5.06063
-5.06114
-5.05923
-5.05586
-5.05255
-5.04954
-5.04851
-5.05181
-5.05788
-5.06637
-5.07604
-5.08405
-5.08847
-5.08944
-5.08593
-5.07966
-5.07024
-5.05908
-5.04736
-5.03692
-5.03048
-5.02583
-5.02763
-5.03492
-5.04369
-5.05547
-5.06846
-5.08238
-5.09143
-5.09678
-5.09806
-5.09664
-5.09491
-5.09542
-5.09978
-5.10721
-5.11581
-5.12579
-5.13058
-5.12807
-5.11547
-5.09661
-5.07339
-5.04947
-5.02828
-5.01252
-5.00346
-5.00032
-5.00425
-5.01295
-5.0238
-5.03393
-5.04103
-5.0424
-5.03924
-5.02957
-5.01883
-5.00838
-5.00023
-4.99918
-5.00681
-5.02347
-5.04531
-5.06658
-5.08434
-5.09615
-5.10034
-5.10072
-5.09402
-5.08603
-5.07698
-5.06854
-5.06141
-5.05712
-5.05431
-5.05143
-5.04706
-5.0388
-5.02544
-5.00767
-4.98724
-4.96992
-4.95625
-4.94987
-4.94885
-4.95528
-4.96687
-4.97808
-4.99106
-4.99968
-5.00378
-5.00473
-5.00371
-5.00206
-4.99812
-4.99277
-4.98422
-4.97432
-4.96848
-4.96766
-4.97059
-4.97535
-4.98024
-4.98402
-4.98669
-4.99071
-4.99875
-5.01461
-5.03693
-5.06433
-5.09484
-5.12369
-5.14648
-5.16524
-5.17533
-5.17827
-5.17659
-5.16947
-5.15789
-5.14258
-5.1236
-5.10011
-5.07442
-5.04534
-5.01543
-4.98838
-4.96841
-4.95874
-4.96365
-4.98409
-5.01681
-5.05873
-5.10276
-5.14509
-5.18065
-5.20765
-5.22404
-5.22673
-5.21841
-5.20175
-5.17863
-5.14993
-5.12126
-5.09431
-5.06948
-5.04883
-5.03288
-5.01936
-5.00918
-5.0006
-4.99427
-4.99169
-4.99292
-4.99745
-5.00531
-5.01699
-5.02959
-5.04369
-5.05586
-5.0655
-5.07505
-5.08359
-5.09282
-5.10368
-5.11556
-5.12773
-5.13561
-5.13942
-5.13644
-5.1265
-5.11093
-5.09046
-5.06675
-5.03993
-5.01268
-4.9837
-4.95753
-4.93461
-4.91766
-4.90811
-4.9082
-4.91583
-4.92684
-4.93881
-4.94819
-4.95244
-4.9531
-4.95325
-4.95743
-4.96955
-4.99089
-5.01663
-5.04498
-5.06959
-5.08765
-5.0978
-5.10069
-5.0962
-5.08449
-5.07045
-5.0543
-5.03805
-5.02579
-5.01793
-5.01719
-5.02073
-5.02507
-5.02504
-5.01805
-5.00202
-4.97891
-4.95409
-4.93229
-4.91671
-4.90785
-4.90421
-4.90795
-4.91604
-4.92719
-4.9394
-4.95244
-4.96593
-4.98268
-4.99969
-5.02104
-5.04193
-5.06096
-5.0772
-5.0869
-5.08895
-5.08291
-5.06983
-5.05223
-5.02963
-5.00732
-4.98574
-4.97049
-4.96236
-4.96389
-4.97559
-4.99427
-5.01724
-5.03904
-5.05473
-5.06121
-5.05947
-5.05034
-5.03464
-5.01617
-4.99633
-4.97791
-4.96456
-4.95619
-4.95283
-4.95663
-4.96291
-4.9707
-4.97902
-4.98594
-4.99001
-4.98985
-4.98698
-4.98412
-4.98538
-4.99656
-5.0163
-5.04284
-5.0678
-5.08929
-5.10481
-5.11677
-5.12296
-5.12497
-5.12263
-5.1131
-5.09854
-5.07834
-5.05192
-5.01996
-4.98774
-4.95632
-4.93197
-4.91673
-4.91549
-4.92716
-4.94843
-4.97463
-5.00155
-5.02679
-5.04926
-5.07141
-5.09458
-5.11748
-5.14063
-5.15993
-5.17538
-5.18129
-5.18181
-5.17608
-5.16234
-5.14523
-5.12663
-5.1074
-5.09026
-5.07353
-5.05823
-5.0399
-5.02014
-4.9983
-4.97642
-4.95737
-4.94144
-4.9272
-4.91426
-4.90124
-4.88661
-4.8726
-4.85615
-4.83921
-4.82359
-4.80713
-4.79282
-4.78306
-4.78259
-4.79516
-4.82128
-4.85952
-4.90424
-4.95005
-4.99288
-5.02776
-5.05443
-5.07141
-5.08031
-5.08206
-5.07799
-5.07109
-5.06296
-5.05394
-5.04381
-5.03365
-5.02219
-5.00827
-4.99353
-4.97902
-4.96762
-4.96255
-4.9648
-4.97623
-4.9935
-5.01492
-5.0369
-5.05962
-5.07806
-5.09333
-5.10186
-5.10335
-5.09441
-5.07747
-5.05502
-5.03193
-5.01276
-5.00385
-5.00371
-5.01082
-5.02128
-5.0327
-5.04482
-5.05662
-5.06641
-5.07462
-5.07805
-5.07732
-5.0735
-5.06769
-5.06009
-5.05404
-5.05105
-5.05185
-5.05577
-5.06208
-5.06873
-5.07463
-5.07783
-5.07897
-5.0764
-5.07316
-5.06822
-5.06047
-5.04917
-5.0367
-5.02648
-5.01922
-5.01587
-5.01632
-5.01742
-5.01669
-5.01464
-5.01054
-5.00568
-5.0029
-5.00553
-5.01539
-5.02849
-5.04432
-5.05864
-5.06831
-5.07312
-5.07174
-5.06226
-5.04842
-5.03134
-5.01339
-4.99884
-4.98715
-4.98183
-4.98343
-4.99229
-5.00622
-5.02619
-5.04883
-5.07038
-5.08597
-5.09389
-5.0915
-5.08059
-5.06483
-5.04452
-5.02565
-5.01349
-5.00828
-5.00808
-5.01112
-5.013
-5.01254
-5.00652
-4.99714
-4.9833
-4.96935
-4.9598
-4.95892
-4.97183
-4.99735
-5.03099
-5.06826
-5.1027
-5.13023
-5.14766
-5.1537
-5.15046
-5.13947
-5.12326
-5.10734
-5.09527
-5.09002
-5.09174
-5.09799
-5.10476
-5.10844
-5.10541
-5.09867
-5.08577
-5.07126
-5.05592
-5.04226
-5.02922
-5.01998
-5.011
-5.00338
-4.99591
-4.98978
-4.98501
-4.98389
-4.98929
-5.0013
-5.01815
-5.03467
-5.04411
-5.04072
-5.02912
-5.01372
-5.00127
-4.9937
-4.9911
-4.99143
-4.99086
-4.98865
-4.98417
-4.9795
-4.97611
-4.97007
-4.96454
-4.95606
-4.947
-4.93988
-4.93735
-4.94156
-4.9519
-4.96729
-4.98461
-5.00379
-5.02207
-5.03741
-5.05002
-5.05852
-5.06389
-5.06322
-5.05694
-5.04284
-5.0253
-5.00502
-4.98897
-4.9796
-4.97947
-4.98722
-5.00205
-5.01696
-5.02986
-5.03959
-5.04732
-5.05569
-5.06785
-5.08663
-5.10996
-5.13475
-5.15689
-5.17223
-5.18032
-5.1842
-5.18271
-5.1789
-5.17329
-5.16699
-5.16381
-5.1647
-5.16554
-5.16409
-5.15734
-5.14654
-5.13145
-5.11688
-5.10372
-5.0914
-5.07994
-5.06846
-5.05773
-5.04709
-5.03589
-5.0253
-5.01452
-5.00509
-4.99872
-4.99809
-5.00449
-5.01464
-5.02639
-5.03316
-5.03517
-5.03114
-5.02006
-5.00543
-4.98852
-4.9714
-4.95695
-4.94782
-4.94835
-4.95743
-4.97463
-5.00067
-5.03162
-5.06141
-5.08884
-5.11054
-5.12348
-5.1274
-5.12285
-5.11125
-5.09783
-5.08156
-5.06614
-5.05298
-5.04332
-5.03741
-5.03431
-5.03397
-5.03447
-5.03784
-5.04311
-5.0475
-5.04873
-5.04728
-5.04294
-5.03638
-5.03056
-5.0275
-5.02675
-5.03006
-5.0343
-5.03968
-5.04171
-5.04101
-5.03819
-5.03247
-5.02376
-5.01481
-5.0034
-4.99012
-4.97699
-4.96355
-4.95215
-4.94911
-4.95816
-4.97994
-5.01176
-5.05079
-5.09062
-5.12586
-5.15215
-5.16798
-5.17243
-5.16556
-5.1472
-5.12068
-5.08856
-5.05179
-5.0141
-4.97816
-4.94602
-4.92096
-4.9041
-4.89717
-4.89853
-4.90575
-4.91491
-4.92261
-4.92694
-4.92628
-4.92306
-4.91747
-4.91122
-4.90392
-4.89794
-4.88972
-4.88112
-4.8715
-4.86278
-4.85605
-4.85362
-4.8557
-4.86136
-4.86985
-4.88069
-4.8918
-4.90478
-4.91912
-4.93539
-4.95222
-4.97182
-4.98935
-5.00555
-5.01992
-5.03143
-5.03846
-5.04503
-5.04796
-5.0494
-5.05264
-5.05646
-5.05805
-5.06161
-5.062
-5.05864
-5.05138
-5.04202
-5.03068
-5.0181
-5.00824
-4.99701
-4.98722
-4.9762
-4.96449
-4.95154
-4.93587
-4.92051
-4.9048
-4.8892
-4.87682
-4.86834
-4.86665
-4.87212
-4.88471
-4.90103
-4.91927
-4.94047
-4.96329
-4.98688
-5.01162
-5.03349
-5.05183
-5.06573
-5.0721
-5.07396
-5.06954
-5.06008
-5.04893
-5.03555
-5.02143
-5.00634
-4.99138
-4.97822
-4.9687
-4.9652
-4.96619
-4.97456
-4.99164
-5.01437
-5.0402
-5.06534
-5.08481
-5.09649
-5.10132
-5.09941
-5.09224
-5.08394
-5.07412
-5.06741
-5.06169
-5.05906
-5.05827
-5.05995
-5.06546
-5.07502
-5.08514
-5.09579
-5.10355
-5.10857
-5.10959
-5.10888
-5.10693
-5.10303
-5.10044
-5.10084
-5.10304
-5.10845
-5.11216
-5.11487
-5.11373
-5.10999
-5.10335
-5.09506
-5.08438
-5.07491
-5.06468
-5.05198
-5.03844
-5.02704
-5.01986
-5.0199
-5.02922
-5.0436
-5.06058
-5.07624
-5.08996
-5.09958
-5.10785
-5.11456
-5.11946
-5.12439
-5.12786
-5.13001
-5.13152
-5.13383
-5.13552
-5.14101
-5.14974
-5.16012
-5.16909
-5.1751
-5.17688
-5.17376
-5.16523
-5.1561
-5.14728
-5.13962
-5.13671
-5.13513
-5.13297
-5.13155
-5.1279
-5.12204
-5.11612
-5.10932
-5.10354
-5.09909
-5.09511
-5.09159
-5.08827
-5.08617
-5.086
-5.08813
-5.0915
-5.09643
-5.10065
-5.1045
-5.10797
-5.11088
-5.11413
-5.11357
-5.1084
-5.09956
-5.08615
-5.07003
-5.05187
-5.03496
-5.02156
-5.01579
-5.0184
-5.02595
-5.03696
-5.04692
-5.05167
-5.05033
-5.04209
-5.03042
-5.01484
-4.99986
-4.98462
-4.96984
-4.95778
-4.94975
-4.95122
-4.95972
-4.97344
-4.98715
-4.99605
-4.99989
-4.99973
-4.99913
-4.99927
-5.00213
-5.00846
-5.01643
-5.02589
-5.03571
-5.04643
-5.0574
-5.06754
-5.07677
-5.08247
-5.0859
-5.0866
-5.08461
-5.07974
-5.07194
-5.0635
-5.05445
-5.04828
-5.04397
-5.0419
-5.0419
-5.04055
-5.03899
-5.03689
-5.03496
-5.03535
-5.03785
-5.04702
-5.06158
-5.07915
-5.09926
-5.1187
-5.13238
-5.13899
-5.13561
-5.12147
-5.10025
-5.0748
-5.05013
-5.03218
-5.02581
-5.03061
-5.04437
-5.05997
-5.07459
-5.08122
-5.07784
-5.06733
-5.0492
-5.02765
-5.00912
-4.99778
-4.99787
-5.0078
-5.02992
-5.05846
-5.09113
-5.12289
-5.15033
-5.1706
-5.18094
-5.18382
-5.17836
-5.17023
-5.15998
-5.15145
-5.14461
-5.13888
-5.13487
-5.12886
-5.11992
-5.11008
-5.10207
-5.09951
-5.10455
-5.11583
-5.12886
-5.1384
-5.14155
-5.1369
-5.12526
-5.10768
-5.09001
-5.0737
-5.06225
-5.05635
-5.05289
-5.0488
-5.04331
-5.03274
-5.01894
