1	0.369063	0.369063	0
2	0.379884	0.374474	0.00541056
3	0.3838	0.377582	0.0044071
4	0.368649	0.375349	0.003834
5	0.360675	0.372414	0.0041753
6	0.35479	0.369477	0.00449999
7	0.347795	0.366379	0.00490488
8	0.438131	0.375348	0.00992401
9	0.391996	0.377198	0.0089455
10	0.345582	0.374037	0.00860311
11	0.37256	0.373902	0.00778296
12	0.382467	0.374616	0.00714059
13	0.340533	0.371994	0.00707229
14	0.391306	0.373374	0.0066914
15	0.388238	0.374365	0.00630768
16	0.362451	0.37362	0.00594709
17	0.394457	0.374846	0.0057192
18	0.393948	0.375907	0.00549555
19	0.389059	0.376599	0.00524415
20	0.390133	0.377276	0.00502085
21	0.369022	0.376883	0.00479193
22	0.340177	0.375214	0.00486403
23	0.392728	0.375976	0.00470971
24	0.388542	0.376499	0.0045395
25	0.311444	0.373897	0.00507247
26	0.353458	0.373111	0.00493647
27	0.363283	0.372747	0.00476405
28	0.350585	0.371956	0.00465848
29	0.345543	0.371045	0.00458632
30	0.380083	0.371346	0.00444104
31	0.381628	0.371678	0.00430818
32	0.406208	0.372757	0.00430868
33	0.407103	0.373798	0.00430382
34	0.386066	0.374158	0.00419088
35	0.379022	0.374297	0.00407175
36	0.388978	0.374705	0.00397799
37	0.333589	0.373594	0.00402541
38	0.359328	0.373219	0.00393599
39	0.388656	0.373614	0.00385412
40	0.36465	0.37339	0.00376321
41	0.365657	0.373202	0.00367512
42	0.365422	0.373016	0.00359133
43	0.371684	0.372985	0.00350695
44	0.345218	0.372354	0.00348396
45	0.386008	0.372658	0.00341914
46	0.372875	0.372662	0.00334399
47	0.418394	0.373635	0.00341368
48	0.453491	0.375299	0.00373302
49	0.399839	0.3758	0.00369018
50	0.368444	0.375653	0.00361862
51	0.3927	0.375987	0.00356267
52	0.369642	0.375865	0.00349562
53	0.373919	0.375828	0.00342922
54	0.362914	0.375589	0.00337361
55	0.365977	0.375414	0.00331631
56	0.413876	0.376101	0.00332819
57	0.349995	0.375643	0.00330121
58	0.375616	0.375643	0.00324379
59	0.381109	0.375735	0.00318968
60	0.363103	0.375525	0.00314313
61	0.389244	0.37575	0.00309935
62	0.373728	0.375717	0.00304912
63	0.352365	0.375347	0.00302314
64	0.381466	0.375442	0.00297707
65	0.369094	0.375344	0.00293253
66	0.329484	0.37465	0.00297018
67	0.309962	0.373684	0.00308071
68	0.427008	0.374468	0.00313474
69	0.358911	0.374243	0.00309719
70	0.33511	0.373684	0.00310339
71	0.359075	0.373478	0.00306628
72	0.346022	0.373097	0.00304735
73	0.345752	0.372722	0.00302857
74	0.381929	0.372847	0.00298995
75	0.362755	0.372712	0.00295288
76	0.404666	0.373132	0.00294395
77	0.353802	0.372881	0.00291629
78	0.369772	0.372842	0.00287893
79	0.375011	0.372869	0.00284239
80	0.330585	0.37234	0.00285597
81	0.359091	0.372177	0.00282523
82	0.394439	0.372448	0.00280374
83	0.368461	0.3724	0.00277017
84	0.345431	0.372079	0.00275576
85	0.379351	0.372165	0.00272449
86	0.354876	0.371964	0.00270012
87	0.359228	0.371817	0.00267291
88	0.343102	0.371491	0.00266244
89	0.338718	0.371123	0.00265798
90	0.363786	0.371041	0.00262955
91	0.3502	0.370812	0.00261056
92	0.396195	0.371088	0.00259672
93	0.333998	0.370689	0.00259943
94	0.37441	0.370729	0.00257193
95	0.348852	0.370499	0.00255511
96	0.379004	0.370587	0.00252991
97	0.403879	0.370931	0.0025271
98	0.39198	0.371145	0.00251039
99	0.34583	0.37089	0.00249803
100	0.37771	0.370958	0.00247386
