1	-0.68768	-0.68768	0
2	-0.67688	-0.68228	0.0054
3	-0.6824	-0.68232	0.00311795
4	-0.68072	-0.68192	0.00224071
5	-0.69264	-0.684064	0.00275848
6	-0.67696	-0.68288	0.00254454
7	-0.68712	-0.683486	0.0022342
8	-0.69224	-0.68458	0.00222288
9	-0.68032	-0.684107	0.00201673
10	-0.66872	-0.682568	0.00237092
11	-0.69528	-0.683724	0.00243612
12	-0.6696	-0.682547	0.00251612
13	-0.6752	-0.681982	0.00238249
14	-0.67912	-0.681777	0.0022152
15	-0.68616	-0.682069	0.00208284
16	-0.68504	-0.682255	0.00195714
17	-0.69696	-0.68312	0.00203175
18	-0.68848	-0.683418	0.00193856
19	-0.68848	-0.683684	0.00185295
20	-0.6784	-0.68342	0.0017776
21	-0.67608	-0.68307	0.00172659
22	-0.69584	-0.683651	0.00174556
23	-0.68656	-0.683777	0.00167273
24	-0.68648	-0.68389	0.00160547
25	-0.692	-0.684214	0.00157372
26	-0.69832	-0.684757	0.00160636
27	-0.6788	-0.684536	0.00156139
28	-0.68296	-0.68448	0.00150565
29	-0.68672	-0.684557	0.00145485
30	-0.682	-0.684472	0.0014081
31	-0.67792	-0.684261	0.00137823
32	-0.67936	-0.684108	0.00134322
33	-0.67952	-0.683968	0.00130928
34	-0.67584	-0.683729	0.00129249
35	-0.6816	-0.683669	0.00125649
36	-0.6832	-0.683656	0.00122116
37	-0.67656	-0.683464	0.00120308
38	-0.6836	-0.683467	0.001171
39	-0.67944	-0.683364	0.00114524
40	-0.70192	-0.683828	0.0012088
41	-0.68896	-0.683953	0.00118558
42	-0.6688	-0.683592	0.00121195
43	-0.69056	-0.683754	0.00119447
44	-0.68312	-0.68374	0.0011671
45	-0.69264	-0.683938	0.00115789
46	-0.68064	-0.683866	0.0011347
47	-0.6908	-0.684014	0.00112006
48	-0.67864	-0.683902	0.00110217
49	-0.68656	-0.683956	0.00108081
50	-0.68016	-0.68388	0.00106169
51	-0.68344	-0.683871	0.0010407
52	-0.69176	-0.684023	0.0010317
53	-0.68464	-0.684035	0.00101212
54	-0.69336	-0.684207	0.0010081
55	-0.69216	-0.684352	0.00100011
56	-0.69328	-0.684511	0.000994943
57	-0.67744	-0.684387	0.000985175
58	-0.67784	-0.684274	0.0009746
59	-0.68024	-0.684206	0.000960376
60	-0.67952	-0.684128	0.000947459
61	-0.6944	-0.684296	0.000946891
62	-0.66656	-0.68401	0.000974431
63	-0.68528	-0.68403	0.000959051
64	-0.68392	-0.684029	0.000943949
65	-0.69808	-0.684245	0.000954124
66	-0.67112	-0.684046	0.000960371
67	-0.67896	-0.68397	0.00094897
68	-0.68736	-0.68402	0.000936239
69	-0.6824	-0.683997	0.000922869
70	-0.68016	-0.683942	0.000911239
71	-0.66864	-0.683726	0.000923804
72	-0.6824	-0.683708	0.000911069
73	-0.68368	-0.683707	0.000898502
74	-0.67112	-0.683537	0.000902453
75	-0.68408	-0.683545	0.000890368
76	-0.68008	-0.683499	0.000879757
77	-0.67336	-0.683367	0.000878184
78	-0.6724	-0.683227	0.000878181
79	-0.67144	-0.683077	0.000879738
80	-0.68296	-0.683076	0.000868673
81	-0.67736	-0.683005	0.000860779
82	-0.6924	-0.68312	0.000857901
83	-0.68944	-0.683196	0.000850916
84	-0.67352	-0.683081	0.00084858
85	-0.69288	-0.683196	0.000846424
86	-0.68672	-0.683237	0.000837527
87	-0.68592	-0.683268	0.000828419
88	-0.67432	-0.683166	0.000825239
89	-0.66904	-0.683008	0.000831209
90	-0.69264	-0.683115	0.00082886
91	-0.6808	-0.683089	0.000820096
92	-0.68088	-0.683065	0.000811488
93	-0.67976	-0.68303	0.000803502
94	-0.67728	-0.682969	0.000797258
95	-0.69136	-0.683057	0.000793751
96	-0.68176	-0.683043	0.000785555
97	-0.68896	-0.683104	0.000779804
98	-0.67736	-0.683046	0.000774028
99	-0.67664	-0.682981	0.000768897
100	-0.68384	-0.68299	0.000761218
