1	0.01072	0.01072	0
2	-0.02696	-0.00812	0.01884
3	0.07724	0.0203333	0.0304616
4	0.0936	0.03865	0.0282746
5	-0.00264	0.030392	0.0234066
6	-0.02656	0.0209	0.0213388
7	-0.0286	0.0138286	0.0193714
8	0.11272	0.02619	0.0208385
9	-0.0506	0.0176578	0.0202619
10	-0.0984	0.006052	0.0215204
11	0.00836	0.00626182	0.0194671
12	-0.036	0.00274	0.0181165
13	0.06152	0.00726154	0.0172673
14	0.00652	0.00720857	0.0159865
15	0.00272	0.00690933	0.0148856
16	-0.03168	0.0044975	0.0141316
17	-0.0216	0.00296235	0.0133628
18	-0.03728	0.000726667	0.0127954
19	0.0224	0.00186737	0.0121568
20	-0.01108	0.00122	0.0115512
21	0.12712	0.00721524	0.0125166
22	-0.06108	0.00411091	0.0123312
23	-0.0264	0.00278435	0.0118573
24	-0.07716	-0.000546667	0.0118311
25	-0.06532	-0.0031376	0.01164
26	-0.06508	-0.00552	0.0114343
27	0.0472	-0.00356741	0.0111746
28	0.01948	-0.00274429	0.0107995
29	0.02652	-0.00173517	0.0104692
30	-0.02424	-0.00248533	0.010142
31	0.05184	-0.000732903	0.00996471
32	0.03256	0.0003075	0.00970422
33	-0.0862	-0.00231394	0.00976404
34	-0.045	-0.00356941	0.00955535
35	-0.0164	-0.003936	0.00928556
36	-0.14012	-0.00771889	0.00978477
37	0.11916	-0.00428973	0.0101156
38	-0.07344	-0.00610947	0.0100126
39	-0.10076	-0.00853641	0.0100499
40	-0.12088	-0.011345	0.0101901
41	0.0016	-0.0110293	0.00994349
42	-0.02812	-0.0114362	0.00971238
43	0.07444	-0.00943907	0.00969182
44	0.10184	-0.00691	0.00980092
45	-0.04792	-0.00782133	0.00962389
46	-0.01728	-0.00802696	0.0094146
47	0.06192	-0.00653872	0.00933155
48	-0.0274	-0.00697333	0.00914541
49	0.04	-0.00601469	0.00900798
50	0.02904	-0.0053136	0.00885378
51	0.09956	-0.00325725	0.00891874
52	0.01884	-0.00283231	0.00875586
53	0.0184	-0.0024317	0.0085984
54	0.01872	-0.00204	0.00844676
55	-0.12288	-0.00423709	0.00857791
56	0.01196	-0.00394786	0.0084283
57	0.03264	-0.00330596	0.00830396
58	0.05568	-0.00228897	0.00822267
59	0.05936	-0.00124407	0.00814936
60	-0.006	-0.00132333	0.00801278
61	0.03928	-0.000657705	0.00790839
62	0.00116	-0.000628387	0.00777985
63	0.0354	-5.65079e-05	0.00767669
64	0.03256	0.000453125	0.00757296
65	0.11216	0.00217169	0.00765105
66	-0.02996	0.00168485	0.00754995
67	0.06324	0.00260358	0.00749295
68	0.01564	0.00279529	0.00738442
69	0.02332	0.00309275	0.00728269
70	0.01212	0.00322171	0.00717906
71	0.01156	0.00333915	0.0070782
72	-0.04208	0.00270833	0.00700765
73	-0.05996	0.00184986	0.0069641
74	0.03532	0.00230216	0.00688422
75	0.11076	0.00374827	0.00694406
76	0.07744	0.00471789	0.00692034
77	-0.0588	0.00389299	0.00687951
78	0.02228	0.00412872	0.00679483
79	-0.02476	0.00376304	0.00671823
80	-0.04736	0.003124	0.00666443
81	-0.0172	0.00287309	0.00658642
82	0.1052	0.00412098	0.0066242
83	-0.07152	0.00320964	0.00660706
84	-0.07724	0.0022519	0.00659781
85	-0.02116	0.00197647	0.00652554
86	0.07076	0.00277628	0.00649863
87	0.03744	0.00317471	0.00643584
88	-0.03232	0.00277136	0.00637506
89	0.07212	0.00355056	0.006351
90	-0.05188	0.00293467	0.00631017
91	-0.01672	0.00271868	0.00624418
92	-0.01116	0.00256783	0.00617777
93	-0.06236	0.00186968	0.00615074
94	-0.04324	0.00138979	0.00610384
95	0.06284	0.00203663	0.00607379
96	0.02472	0.00227292	0.00601483
97	-0.04704	0.00176454	0.00597417
98	-0.08004	0.000929796	0.00597153
99	-0.06964	0.00021697	0.00595373
100	0.06672	0.000882	0.00593129
