1	4.06547	4.06547	0
2	3.7624	3.91393	0.151533
3	4.13393	3.98727	0.114157
4	4.5316	4.12335	0.158223
5	5.68227	4.43513	0.335007
6	4.72773	4.4839	0.277845
7	3.49753	4.34299	0.273856
8	4.3796	4.34757	0.23721
9	4.11047	4.32122	0.210852
10	4.6272	4.35182	0.191058
11	5.39047	4.44624	0.196931
12	3.4108	4.35996	0.199408
13	3.83	4.31919	0.187904
14	4.31113	4.31861	0.173966
15	4.63453	4.33968	0.163317
16	4.45787	4.34706	0.152948
17	5.1308	4.39316	0.150885
18	4.46987	4.39743	0.14232
19	4.61707	4.40899	0.135116
20	4.0606	4.39157	0.129361
21	4.24387	4.38453	0.123248
22	5.0834	4.4163	0.12173
23	4.1856	4.40627	0.116749
24	4.48113	4.40939	0.111822
25	4.21687	4.40169	0.107532
26	4.54273	4.40711	0.103456
27	3.70467	4.3811	0.102894
28	5.13047	4.40786	0.102699
29	4.2954	4.40398	0.0991706
30	4.09533	4.39369	0.0963587
31	4.30547	4.39085	0.093242
32	4.07747	4.38105	0.0908108
33	4.97327	4.399	0.0898268
34	3.57807	4.37485	0.0904279
35	4.3568	4.37434	0.0878077
36	4.5066	4.37801	0.0854128
37	4.8118	4.38974	0.0838955
38	4.8284	4.40128	0.0824698
39	5.17687	4.42117	0.0827525
40	5.6612	4.45217	0.0864097
41	5.15853	4.4694	0.0860187
42	4.11873	4.46105	0.0843599
43	5.733	4.49063	0.0875247
44	4.34053	4.48722	0.0855804
45	5.32427	4.50582	0.0857
46	5.50533	4.52755	0.0865869
47	5.4812	4.54784	0.0871204
48	6.0278	4.57867	0.0906883
49	3.99413	4.56674	0.0896158
50	3.23227	4.54005	0.0917719
51	4.4574	4.53843	0.089969
52	4.87327	4.54487	0.0884566
53	3.61573	4.52734	0.0885247
54	4.33387	4.52376	0.0869438
55	4.56013	4.52442	0.0853509
56	5.797	4.54714	0.086839
57	4.2228	4.54145	0.0854915
58	4.1004	4.53385	0.0843481
59	3.8304	4.52192	0.083759
60	3.3108	4.50174	0.084789
61	4.972	4.50945	0.083743
62	4.67407	4.5121	0.0824241
63	5.0278	4.52029	0.0815172
64	3.83813	4.50963	0.0809383
65	3.63413	4.49616	0.0808137
66	3.36167	4.47897	0.0814151
67	4.27407	4.47591	0.0802491
68	3.74153	4.46511	0.0797943
69	4.9598	4.47228	0.0789556
70	4.0486	4.46623	0.0780545
71	3.791	4.45672	0.0775328
72	4.71653	4.46033	0.0765334
73	3.61087	4.44869	0.0763695
74	3.42873	4.43491	0.076581
75	5.42673	4.44813	0.0767016
76	4.2024	4.4449	0.0757547
77	3.86933	4.43743	0.0751371
78	4.3042	4.43572	0.0741872
79	3.647	4.42573	0.0739195
80	4.17613	4.42261	0.0730563
81	4.23373	4.42028	0.0721864
82	5.33053	4.43138	0.0721596
83	4.454	4.43165	0.0712854
84	4.96193	4.43797	0.070714
85	5.29087	4.448	0.0705939
86	3.39087	4.43571	0.0708428
87	4.7784	4.43965	0.0701345
88	3.81267	4.43252	0.069698
89	3.89073	4.42644	0.0691788
90	4.23047	4.42426	0.0684405
91	4.86867	4.42914	0.0678602
92	4.6918	4.432	0.0671792
93	3.57327	4.42276	0.0670914
94	3.4474	4.41239	0.0671799
95	3.69673	4.40485	0.0668945
96	3.73267	4.39785	0.0665634
97	4.53747	4.39929	0.0658893
98	4.10793	4.39632	0.0652812
99	3.93193	4.39163	0.0647885
100	3.30747	4.38079	0.0650472
