1	1.45966	1.45966	0
2	1.40051	1.43008	0.0295789
3	1.36156	1.40724	0.0285202
4	1.56467	1.4466	0.0442238
5	1.47158	1.4516	0.034618
6	1.40792	1.44432	0.0291879
7	1.57996	1.46369	0.0313689
8	1.46859	1.46431	0.0271732
9	1.38977	1.45602	0.0253552
10	1.49217	1.45964	0.0229646
11	1.38846	1.45317	0.0217567
12	1.26261	1.43729	0.0254289
13	1.59811	1.44966	0.0264609
14	1.44143	1.44907	0.0245051
15	1.39343	1.44536	0.0231126
16	1.39912	1.44247	0.0218122
17	1.46867	1.44401	0.0205469
18	1.52371	1.44844	0.0198713
19	1.47785	1.44999	0.01886
20	1.54762	1.45487	0.0185461
21	1.59208	1.4614	0.0188121
22	1.47217	1.46189	0.0179433
23	1.51587	1.46424	0.0173053
24	1.56455	1.46842	0.0170876
25	1.42792	1.4668	0.0164697
26	1.48855	1.46764	0.0158457
27	1.65478	1.47457	0.016749
28	1.72446	1.48349	0.018443
29	1.59381	1.4873	0.0181977
30	1.63162	1.49211	0.018227
31	1.37158	1.48822	0.0180529
32	1.34177	1.48364	0.0180688
33	1.30198	1.47814	0.0183576
34	1.54509	1.48011	0.017918
35	1.49882	1.48064	0.0174068
36	1.35499	1.47715	0.0172726
37	1.58299	1.48001	0.0170411
38	1.67684	1.48519	0.0173766
39	1.45204	1.48434	0.0169465
40	1.71802	1.49018	0.0175201
41	1.56796	1.49208	0.0171924
42	1.61945	1.49511	0.0170499
43	1.44585	1.49397	0.0166881
44	1.49103	1.4939	0.0163045
45	1.74914	1.49957	0.0169172
46	1.47048	1.49894	0.0165575
47	1.36333	1.49605	0.0164563
48	1.40215	1.4941	0.0162282
49	1.33192	1.49079	0.0162345
50	1.65234	1.49402	0.0162313
51	1.50526	1.49424	0.0159114
52	1.54973	1.49531	0.0156389
53	1.40051	1.49352	0.0154449
54	1.58349	1.49518	0.0152475
55	1.64712	1.49795	0.0152205
56	1.51743	1.49829	0.0149503
57	1.48451	1.49805	0.0146876
58	1.42531	1.4968	0.0144866
59	1.46371	1.49624	0.01425
60	1.53667	1.49691	0.0140266
61	1.52139	1.49731	0.0138006
62	1.61629	1.49923	0.0137112
63	1.70611	1.50252	0.0138856
64	1.55179	1.50329	0.0136886
65	1.47145	1.5028	0.0134853
66	1.51002	1.50291	0.0132798
67	1.56198	1.50379	0.0131098
68	1.56278	1.50465	0.0129447
69	1.31714	1.50194	0.013042
70	1.48505	1.5017	0.0128566
71	1.57499	1.50273	0.0127162
72	1.67023	1.50505	0.0127523
73	1.44198	1.50419	0.0126061
74	1.67684	1.50652	0.0126515
75	1.47865	1.50615	0.0124872
76	1.46674	1.50563	0.0123328
77	1.37402	1.50392	0.012291
78	1.62101	1.50543	0.0122249
79	1.61806	1.50685	0.0121531
80	1.48354	1.50656	0.0120037
81	1.49722	1.50644	0.0118552
82	1.35095	1.50455	0.0118623
83	1.39309	1.50321	0.0117951
84	1.48354	1.50297	0.0116562
85	1.68699	1.50514	0.01172
86	1.49011	1.50496	0.0115842
87	1.58817	1.50592	0.0114902
88	1.6944	1.50806	0.011559
89	1.44223	1.50732	0.0114523
90	1.54164	1.5077	0.0113308
91	1.5432	1.50809	0.0112123
92	1.40876	1.50701	0.0111422
93	1.32522	1.50506	0.0111938
94	1.45794	1.50456	0.0110854
95	1.60135	1.50557	0.0110153
96	1.49899	1.50551	0.0109002
97	1.65806	1.50708	0.0109013
98	1.296	1.50492	0.0110023
99	1.36813	1.50354	0.0109779
100	1.53082	1.50382	0.010871
