1	0.0026	0.0026	0
2	0.00616	0.00438	0.00178
3	0.00028	0.00301333	0.00170994
4	-0.02916	-0.00503	0.00813371
5	0.00688	-0.002648	0.00673559
6	-0.0072	-0.00340667	0.00555167
7	0.0236	0.000451429	0.00607453
8	-0.0334	-0.00378	0.00675129
9	-0.01572	-0.00510667	0.00610009
10	0.00124	-0.004472	0.00549288
11	-0.01576	-0.00549818	0.00507336
12	-0.00196	-0.00520333	0.0046407
13	0.01596	-0.00357538	0.0045687
14	-0.01048	-0.00406857	0.00425845
15	-0.00288	-0.00398933	0.0039652
16	-0.00828	-0.0042575	0.00371878
17	-0.01932	-0.00514353	0.00360381
18	-0.02	-0.00596889	0.00349651
19	-0.03732	-0.00761895	0.00369613
20	-0.02904	-0.00869	0.00366639
21	-0.02728	-0.00957524	0.00359803
22	-0.0168	-0.00990364	0.00344627
23	0.02872	-0.00822435	0.00369649
24	0.02456	-0.00685833	0.00379359
25	-0.00484	-0.0067776	0.00363958
26	0.00772	-0.00622	0.00354097
27	-0.00988	-0.00635556	0.00341
28	-0.0504	-0.00792857	0.00364306
29	0.02604	-0.00675724	0.00370521
30	0.02932	-0.00555467	0.00377618
31	0.0158	-0.00486581	0.00371673
32	0.00252	-0.004635	0.00360611
33	-0.00896	-0.00476606	0.00349758
34	-0.04168	-0.00585176	0.00356261
35	-0.01444	-0.00609714	0.00346802
36	-0.02188	-0.00653556	0.0033987
37	0.01688	-0.0059027	0.00336561
38	-0.00612	-0.00590842	0.00327585
39	0.01648	-0.00533436	0.00324197
40	-0.03524	-0.006082	0.00324713
41	-0.0054	-0.00606537	0.00316698
42	0.02152	-0.00540857	0.00315968
43	0.03908	-0.00437395	0.00325417
44	-0.0236	-0.00481091	0.00320924
45	0.00104	-0.00468089	0.00313981
46	-0.0144	-0.00489217	0.00307805
47	0.00548	-0.00467149	0.00301992
48	0.01308	-0.00430167	0.00297938
49	0.01868	-0.00383265	0.0029554
50	-0.0242	-0.00424	0.0029242
51	0.01016	-0.00395765	0.00288016
52	0.00384	-0.00380769	0.00282821
53	0.01568	-0.00344	0.00279859
54	0.01592	-0.00308148	0.00276958
55	0.00196	-0.00298982	0.0027203
56	0.02524	-0.00248571	0.00271843
57	0.003	-0.00238947	0.00267205
58	0.03412	-0.00176	0.00269998
59	-0.015	-0.00198441	0.00266329
60	0.00224	-0.001914	0.00261947
61	0.00628	-0.00177967	0.00257967
62	-0.01188	-0.00194258	0.00254295
63	-0.00752	-0.00203111	0.00250382
64	0.01612	-0.0017475	0.00248066
65	0.007	-0.00161292	0.0024459
66	0.03572	-0.00104727	0.00247409
67	0.00012	-0.00102985	0.00243694
68	0.02016	-0.000718235	0.00242098
69	0.0064	-0.000615072	0.00238786
70	0.00984	-0.000465714	0.00235824
71	-0.018	-0.000712676	0.00233786
72	-0.02744	-0.00108389	0.00233486
73	0.0114	-0.000912877	0.002309
74	0.03852	-0.00038	0.00233909
75	0.02472	-4.53333e-05	0.00233183
76	-0.013	-0.000215789	0.00230725
77	-0.03708	-0.000694545	0.00232687
78	-0.02852	-0.00105128	0.00232439
79	0.03492	-0.000595949	0.00233951
80	-0.01168	-0.0007345	0.00231423
81	0.00036	-0.000720988	0.00228552
82	0.01196	-0.000566341	0.00226277
83	0.01656	-0.00036	0.00224485
84	0.0084	-0.000255714	0.00222041
85	-0.00816	-0.000348706	0.0021961
86	0.00136	-0.000328837	0.00217051
87	0.02948	1.37931e-05	0.0021726
88	0.03256	0.000383636	0.00217938
89	0.00116	0.00039236	0.00215477
90	-0.02936	6.17778e-05	0.00215619
91	0.02604	0.000347253	0.00215139
92	0.004	0.000386957	0.00212824
93	0.01264	0.00051871	0.00210935
94	0.00184	0.000532766	0.00208684
95	-0.02224	0.000293053	0.00207863
96	0.01036	0.000397917	0.00205953
97	0.00988	0.00049567	0.00204053
98	0.01048	0.000597551	0.00202217
99	0.01844	0.000777778	0.00200974
100	0.003	0.0008	0.00198966
