1	-0.48504	-0.48504	0
2	-0.47352	-0.47928	0.00576
3	-0.49136	-0.483307	0.00522238
4	-0.4712	-0.48028	0.00477466
5	-0.48048	-0.48032	0.00369865
6	-0.48112	-0.480453	0.00302288
7	-0.48216	-0.480697	0.0025664
8	-0.47568	-0.48007	0.00230936
9	-0.47952	-0.480009	0.00203758
10	-0.4836	-0.480368	0.00185751
11	-0.4832	-0.480625	0.00169979
12	-0.47584	-0.480227	0.00160211
13	-0.48168	-0.480338	0.00147797
14	-0.47512	-0.479966	0.00141819
15	-0.47616	-0.479712	0.00134442
16	-0.47824	-0.47962	0.00126095
17	-0.47944	-0.479609	0.00118451
18	-0.49104	-0.480244	0.00128469
19	-0.4792	-0.480189	0.00121644
20	-0.48664	-0.480512	0.00119824
21	-0.48328	-0.480644	0.00114735
22	-0.4904	-0.481087	0.00118042
23	-0.48256	-0.481151	0.00112975
24	-0.47792	-0.481017	0.00109
25	-0.48704	-0.481258	0.00107289
26	-0.48096	-0.481246	0.00103086
27	-0.48896	-0.481532	0.00103227
28	-0.49344	-0.481957	0.00108182
29	-0.48304	-0.481994	0.00104452
30	-0.48752	-0.482179	0.00102577
31	-0.48416	-0.482243	0.00099419
32	-0.48768	-0.482412	0.000977502
33	-0.4828	-0.482424	0.000947491
34	-0.48576	-0.482522	0.000924422
35	-0.49184	-0.482789	0.000936268
36	-0.47448	-0.482558	0.000938703
37	-0.48488	-0.482621	0.000915135
38	-0.48416	-0.482661	0.000891648
39	-0.4888	-0.482818	0.000882634
40	-0.48408	-0.48285	0.000860863
41	-0.48432	-0.482886	0.000840369
42	-0.48416	-0.482916	0.000820677
43	-0.48408	-0.482943	0.000801821
44	-0.4792	-0.482858	0.000787992
45	-0.48608	-0.48293	0.000773602
46	-0.47776	-0.482817	0.000764899
47	-0.48224	-0.482805	0.000748549
48	-0.486	-0.482872	0.000735805
49	-0.48496	-0.482914	0.000721891
50	-0.49168	-0.48309	0.000728709
51	-0.47912	-0.483012	0.000718506
52	-0.48544	-0.483058	0.000706099
53	-0.48832	-0.483158	0.000699726
54	-0.47128	-0.482938	0.000721016
55	-0.48688	-0.483009	0.000711405
56	-0.47672	-0.482897	0.000707557
57	-0.47688	-0.482792	0.000703004
58	-0.48144	-0.482768	0.00069117
59	-0.47592	-0.482652	0.000689198
60	-0.49336	-0.482831	0.000700721
61	-0.4832	-0.482837	0.000689165
62	-0.49088	-0.482966	0.000690259
63	-0.47616	-0.482858	0.000687753
64	-0.4828	-0.482857	0.000676922
65	-0.48904	-0.482953	0.00067318
66	-0.47904	-0.482893	0.000665547
67	-0.48688	-0.482953	0.000658234
68	-0.4812	-0.482927	0.000648994
69	-0.47256	-0.482777	0.000656931
70	-0.47416	-0.482654	0.000659076
71	-0.4812	-0.482633	0.000650049
72	-0.48416	-0.482654	0.000641308
73	-0.48784	-0.482725	0.000636439
74	-0.4712	-0.48257	0.000646811
75	-0.4784	-0.482514	0.000640546
76	-0.48536	-0.482552	0.00063317
77	-0.48064	-0.482527	0.000625386
78	-0.48504	-0.482559	0.000618156
79	-0.48456	-0.482584	0.000610807
80	-0.4868	-0.482637	0.000605421
81	-0.4816	-0.482624	0.000598037
82	-0.48912	-0.482703	0.000595987
83	-0.47792	-0.482646	0.000591577
84	-0.48256	-0.482645	0.000584492
85	-0.48864	-0.482715	0.000581866
86	-0.47432	-0.482618	0.000583287
87	-0.48688	-0.482667	0.000578621
88	-0.47936	-0.482629	0.000573241
89	-0.47696	-0.482565	0.000570332
90	-0.47936	-0.48253	0.000565083
91	-0.47784	-0.482478	0.00056121
92	-0.48392	-0.482494	0.000555297
93	-0.47776	-0.482443	0.000551648
94	-0.4844	-0.482464	0.000546144
95	-0.48568	-0.482498	0.000541424
96	-0.47928	-0.482464	0.000536802
97	-0.4804	-0.482443	0.000531665
98	-0.46664	-0.482282	0.000550366
99	-0.48408	-0.4823	0.000545081
100	-0.47688	-0.482246	0.000542317
