1	0.201753	0.201753	0
2	0.215352	0.208553	0.00679925
3	0.216274	0.211126	0.00469398
4	0.199437	0.208204	0.00442228
5	0.209548	0.208473	0.00343601
6	0.192337	0.205784	0.00388625
7	0.215514	0.207174	0.00356654
8	0.20752	0.207217	0.00308902
9	0.214867	0.208067	0.00285378
10	0.195543	0.206815	0.00284317
11	0.210473	0.207147	0.00259316
12	0.197788	0.206367	0.00249239
13	0.211285	0.206746	0.00232367
14	0.208335	0.206859	0.00215429
15	0.209702	0.207049	0.00201447
16	0.220145	0.207867	0.00205447
17	0.217702	0.208446	0.00201469
18	0.199176	0.207931	0.00196804
19	0.198905	0.207456	0.00192123
20	0.197772	0.206971	0.00188586
21	0.241491	0.208615	0.00243306
22	0.224541	0.209339	0.00243015
23	0.216197	0.209637	0.00234115
24	0.21286	0.209772	0.0022455
25	0.204078	0.209544	0.00216582
26	0.215921	0.209789	0.00209525
27	0.22404	0.210317	0.00208411
28	0.227969	0.210947	0.00210492
29	0.213855	0.211048	0.00203352
30	0.223483	0.211462	0.00200781
31	0.204879	0.21125	0.00195354
32	0.206075	0.211088	0.00189841
33	0.207493	0.210979	0.0018432
34	0.218311	0.211195	0.00180113
35	0.202468	0.210945	0.00176659
36	0.206115	0.210811	0.00172205
37	0.224291	0.211176	0.00171403
38	0.202397	0.210945	0.00168423
39	0.210606	0.210936	0.0016405
40	0.214639	0.211028	0.00160164
41	0.21603	0.21115	0.00156684
42	0.201156	0.210912	0.00154748
43	0.21588	0.211028	0.00151548
44	0.20316	0.210849	0.00149139
45	0.220031	0.211053	0.00147208
46	0.210545	0.211042	0.00143977
47	0.196894	0.210741	0.0014406
48	0.218449	0.210902	0.00141938
49	0.218252	0.211052	0.00139818
50	0.203939	0.21091	0.0013773
51	0.206704	0.210827	0.00135254
52	0.217828	0.210962	0.00133309
53	0.234122	0.211399	0.00137878
54	0.21683	0.211499	0.00135674
55	0.224674	0.211739	0.00135321
56	0.231031	0.212083	0.00137276
57	0.194524	0.211775	0.0013832
58	0.204736	0.211654	0.00136455
59	0.212157	0.211662	0.00134125
60	0.212752	0.211681	0.00131883
61	0.225011	0.211899	0.00131531
62	0.198693	0.211686	0.00131133
63	0.223175	0.211868	0.00130318
64	0.210329	0.211844	0.00128288
65	0.213029	0.211863	0.00126312
66	0.195356	0.211613	0.00126873
67	0.188862	0.211273	0.00129496
68	0.21024	0.211258	0.00127586
69	0.217294	0.211345	0.00126028
70	0.205179	0.211257	0.00124526
71	0.221587	0.211403	0.00123619
72	0.230231	0.211664	0.00124664
73	0.213841	0.211694	0.0012298
74	0.216457	0.211758	0.00121478
75	0.201893	0.211627	0.00120567
76	0.224754	0.2118	0.00120217
77	0.192526	0.211549	0.00121257
78	0.218596	0.21164	0.00120033
79	0.220255	0.211749	0.00119004
80	0.204479	0.211658	0.00117858
81	0.21643	0.211717	0.00116543
82	0.215668	0.211765	0.00115214
83	0.196904	0.211586	0.00115217
84	0.213361	0.211607	0.00113857
85	0.200185	0.211473	0.00113309
86	0.21921	0.211563	0.00112344
87	0.217937	0.211636	0.00111287
88	0.213269	0.211654	0.00110031
89	0.213146	0.211671	0.001088
90	0.210609	0.211659	0.00107591
91	0.231115	0.211873	0.00108529
92	0.219798	0.211959	0.00107688
93	0.214446	0.211986	0.00106557
94	0.21407	0.212008	0.00105441
95	0.206622	0.211951	0.00104479
96	0.205998	0.211889	0.00103571
97	0.220363	0.211977	0.00102869
98	0.211511	0.211972	0.00101815
99	0.226517	0.212119	0.00101847
100	0.219167	0.212189	0.00101069
