1.20009
1.20028
1.20046
1.20064
1.20082
1.201
1.20117
1.20134
1.2015
1.20166
1.20182
1.20198
1.20213
1.20228
1.20242
1.20257
1.20271
1.20285
1.20298
1.20311
1.20324
1.20337
1.20349
1.20362
1.20374
1.20386
1.20398
1.20409
1.20421
1.20432
1.20444
1.20455
1.20466
1.20477
1.20489
1.205
1.20511
1.20523
1.20534
1.20546
1.20557
1.20569
1.20581
1.20593
1.20605
1.20618
1.20631
1.20644
1.20657
1.20671
1.20684
1.20699
1.20713
1.20728
1.20743
1.20759
1.20775
1.20791
1.20808
1.20825
1.20842
1.2086
1.20879
1.20897
1.20917
1.20936
1.20956
1.20977
1.20997
1.21019
1.2104
1.21062
1.21085
1.21108
1.21131
1.21154
1.21178
1.21203
1.21227
1.21252
1.21278
1.21303
1.21329
1.21355
1.21382
1.21408
1.21435
1.21462
1.21489
1.21517
1.21544
1.21572
1.216
1.21628
1.21656
1.21684
1.21712
1.21741
1.21769
1.21797
1.21825
1.21854
1.21882
1.2191
1.21938
1.21966
1.21994
1.22022
1.22049
1.22077
1.22104
1.22131
1.22158
1.22185
1.22212
1.22238
1.22264
1.2229
1.22316
1.22341
1.22367
1.22392
1.22416
1.22441
1.22465
1.22488
1.22512
1.22535
1.22558
1.2258
1.22603
1.22624
1.22646
1.22667
1.22688
1.22709
1.22729
1.22749
1.22768
1.22787
1.22806
1.22825
1.22843
1.22861
1.22878
1.22895
1.22912
1.22928
1.22944
1.2296
1.22975
1.2299
1.23004
1.23019
1.23032
1.23046
1.23059
1.23072
1.23084
1.23096
1.23108
1.23119
1.2313
1.23141
1.23151
1.23161
1.23171
1.2318
1.23189
1.23197
1.23206
1.23213
1.23221
1.23228
1.23235
1.23241
1.23247
1.23252
1.23258
1.23262
1.23267
1.23271
1.23275
1.23278
1.23281
1.23283
1.23286
1.23287
1.23289
1.23289
1.2329
1.2329
1.2329
1.23289
1.23287
1.23286
1.23283
1.23281
1.23278
1.23274
1.2327
1.23265
1.2326
1.23255
1.23248
1.23242
1.23235
1.23227
1.23218
1.23209
1.232
1.2319
1.23179
1.23168
1.23155
1.23143
1.23129
1.23115
1.23101
1.23085
1.23069
1.23052
1.23035
1.23016
1.22997
1.22977
1.22956
1.22935
1.22912
1.22889
1.22865
1.2284
1.22814
1.22787
1.22759
1.2273
1.22701
1.2267
1.22639
1.22606
1.22572
1.22538
1.22502
1.22466
1.22428
1.22389
1.2235
1.22309
1.22267
1.22224
1.2218
1.22135
1.22089
1.22042
1.21994
1.21945
1.21895
1.21844
1.21792
1.21739
1.21685
1.2163
1.21574
1.21517
1.21459
1.21401
1.21342
1.21282
1.21221
1.2116
1.21098
1.21036
1.20973
1.20909
1.20846
1.20782
1.20717
1.20653
1.20588
1.20524
1.20459
1.20395
1.20331
1.20267
1.20204
1.20141
1.20079
1.20017
1.19957
1.19897
1.19838
1.19781
1.19724
1.19669
1.19616
1.19564
1.19513
1.19464
1.19417
1.19373
1.1933
1.19289
1.1925
1.19214
1.1918
1.19148
1.19119
1.19093
1.19069
1.19048
1.1903
1.19015
1.19002
1.18992
1.18986
1.18982
1.18981
1.18983
1.18988
1.18996
1.19007
1.19021
1.19038
1.19057
1.1908
1.19105
1.19133
1.19164
1.19197
1.19233
1.19272
1.19313
1.19356
1.19402
1.1945
1.19499
1.19551
1.19605
1.19661
1.19718
1.19777
1.19838
1.199
1.19963
1.20028
1.20093
1.2016
1.20228
1.20296
1.20365
1.20435
1.20506
1.20577
1.20648
1.2072
1.20791
1.20863
1.20935
1.21007
1.21079
1.21151
1.21222
1.21293
1.21364
1.21434
1.21504
1.21573
1.21641
1.21709
1.21777
1.21843
1.21909
1.21974
1.22038
1.22101
1.22164
1.22225
1.22285
1.22345
1.22404
1.22461
1.22518
1.22573
1.22628
1.22681
1.22734
1.22785
1.22835
1.22885
1.22933
1.2298
1.23026
1.23071
1.23116
1.23159
1.23201
1.23242
1.23282
1.23321
1.23359
1.23396
1.23432
1.23467
1.23502
1.23535
1.23568
1.23599
1.2363
1.2366
1.23689
1.23717
1.23744
1.23771
1.23797
1.23822
1.23846
1.23869
1.23892
1.23914
1.23935
1.23956
1.23976
1.23995
1.24014
1.24032
1.2405
1.24067
1.24083
1.24099
1.24114
1.24128
1.24142
1.24156
1.24169
1.24182
1.24194
1.24205
1.24217
1.24227
1.24238
1.24248
1.24257
1.24266
1.24275
1.24283
1.24291
1.24298
1.24306
1.24312
1.24319
1.24325
1.24331
1.24336
1.24342
1.24347
1.24351
1.24356
1.2436
1.24364
1.24367
1.2437
1.24373
1.24376
1.24379
1.24381
1.24383
1.24385
1.24387
1.24388
1.2439
1.24391
1.24392
1.24392
1.24393
1.24393
1.24393
1.24393
1.24393
1.24393
1.24392
1.24392
1.24391
1.2439
1.24389
1.24388
1.24386
1.24385
1.24383
1.24381
1.24379
1.24377
1.24375
1.24373
1.24371
1.24368
1.24365
1.24363
1.2436
1.24357
1.24354
1.24351
1.24348
1.24344
1.24341
1.24337
1.24334
1.2433
1.24326
1.24322
1.24319
1.24314
1.2431
1.24306
1.24302
1.24298
1.24293
1.24289
1.24284
1.2428
1.24275
1.2427
1.24265
1.2426
1.24255
1.2425
1.24245
1.2424
1.24235
1.2423
1.24224
1.24219
1.24214
1.24208
1.24203
1.24197
1.24192
1.24186
1.2418
1.24174
1.24169
1.24163
1.24157
1.24151
1.24145
1.24139
1.24133
1.24127
1.24121
1.24115
1.24108
1.24102
1.24096
1.2409
1.24083
1.24077
1.24071
1.24064
1.24058
1.24051
1.24045
1.24038
1.24032
1.24025
1.24019
1.24012
1.24005
1.23999
1.23992
1.23985
1.23979
1.23972
1.23965
1.23959
1.23952
1.23945
1.23938
1.23931
1.23925
1.23918
1.23911
1.23904
1.23897
1.23891
1.23884
1.23877
1.2387
1.23863
1.23856
1.2385
1.23843
1.23836
1.23829
1.23822
1.23815
1.23809
1.23802
1.23795
1.23788
1.23782
1.23775
1.23768
1.23761
1.23755
1.23748
1.23742
1.23735
1.23728
1.23722
1.23715
1.23709
1.23702
1.23696
1.2369
1.23683
1.23677
1.23671
1.23664
1.23658
1.23652
1.23646
1.2364
1.23634
1.23628
1.23622
1.23616
1.23611
1.23605
1.23599
1.23594
1.23588
1.23583
1.23577
1.23572
1.23567
1.23562
1.23557
1.23551
1.23546
1.23542
1.23537
1.23532
1.23527
1.23522
1.23518
1.23513
1.23509
1.23504
1.235
1.23495
1.23491
1.23487
1.23482
1.23478
1.23474
1.2347
1.23466
1.23462
1.23458
1.23453
1.23449
1.23445
1.23441
1.23437
1.23433
1.23429
1.23424
1.2342
1.23416
1.23412
1.23407
1.23403
1.23398
1.23393
1.23389
1.23384
1.23379
1.23374
1.23368
1.23363
1.23358
1.23352
1.23346
1.2334
1.23334
1.23328
1.23321
1.23315
1.23308
1.23301
1.23294
1.23287
1.23279
1.23271
1.23263
1.23255
1.23247
1.23239
1.2323
1.23221
1.23212
1.23203
1.23194
1.23184
1.23175
1.23165
1.23156
1.23146
1.23136
1.23126
1.23116
1.23106
1.23095
1.23085
1.23075
1.23065
1.23055
1.23045
1.23035
1.23026
1.23016
1.23007
1.22997
1.22988
1.2298
1.22971
1.22963
1.22955
1.22948
1.22941
1.22934
1.22928
1.22922
1.22916
1.22912
1.22907
1.22903
1.229
1.22898
1.22896
1.22894
1.22893
1.22893
1.22894
1.22895
1.22897
1.22899
1.22903
1.22907
1.22912
1.22917
1.22923
1.2293
1.22938
1.22947
1.22956
1.22966
1.22977
1.22988
1.23
1.23013
1.23027
1.23041
1.23056
1.23072
1.23088
1.23105
1.23123
1.23141
1.2316
1.2318
1.23199
1.2322
1.23241
1.23263
1.23285
1.23307
1.2333
1.23353
1.23377
1.23401
1.23426
1.23451
1.23476
1.23501
1.23527
1.23553
1.23579
1.23606
1.23632
1.23659
1.23686
1.23713
1.2374
1.23767
1.23795
1.23822
1.2385
1.23877
1.23905
1.23932
1.2396
1.23987
1.24014
1.24041
1.24069
1.24096
1.24122
1.24149
1.24176
1.24202
1.24228
1.24254
1.2428
1.24305
1.2433
1.24355
1.2438
1.24404
1.24428
1.24451
1.24474
1.24497
1.24519
1.24541
1.24562
1.24583
1.24603
1.24623
1.24642
1.24661
1.24679
1.24696
1.24713
1.2473
1.24745
1.2476
1.24774
1.24788
1.248
1.24812
1.24823
1.24834
1.24843
1.24852
1.2486
1.24867
1.24873
1.24878
1.24883
1.24886
1.24889
1.2489
1.24891
1.24891
1.24889
1.24887
1.24884
1.2488
1.24875
1.24869
1.24862
1.24854
1.24846
1.24836
1.24825
1.24814
1.24802
1.24789
1.24775
1.2476
1.24745
1.24729
1.24713
1.24695
1.24677
1.24659
1.2464
1.24621
1.24602
1.24582
1.24562
1.24541
1.24521
1.245
1.2448
1.2446
1.24439
1.2442
1.244
1.24381
1.24362
1.24344
1.24326
1.24309
1.24293
1.24278
1.24264
1.2425
1.24238
1.24227
1.24217
1.24208
1.24201
1.24195
1.2419
1.24187
1.24185
1.24185
1.24186
1.24189
1.24194
1.242
1.24208
1.24217
1.24228
1.24241
1.24255
1.24271
1.24289
1.24308
1.24328
1.24351
1.24374
1.24399
1.24425
1.24452
1.24481
1.24511
1.24541
1.24573
1.24606
1.2464
1.24674
1.24709
1.24745
1.24782
1.24818
1.24856
1.24893
1.24931
1.24969
1.25007
1.25045
1.25084
1.25122
1.2516
1.25197
1.25234
1.25271
1.25308
1.25344
1.25379
1.25414
1.25449
1.25482
1.25515
1.25547
1.25579
1.25609
1.25639
1.25667
1.25695
1.25722
1.25748
1.25773
1.25797
1.2582
1.25841
1.25862
1.25882
1.259
1.25918
1.25935
1.2595
1.25964
1.25977
1.2599
1.26001
1.26011
1.2602
1.26028
1.26034
1.2604
1.26045
1.26049
1.26052
1.26053
1.26054
1.26054
1.26053
1.2605
1.26047
1.26043
1.26038
1.26032
1.26026
1.26018
1.2601
1.26
1.2599
1.25979
1.25967
1.25955
1.25942
1.25927
1.25913
1.25897
1.25881
1.25864
1.25846
1.25828
1.25809
1.25789
1.25769
1.25748
1.25726
1.25704
1.25681
1.25658
1.25634
1.25609
1.25584
1.25559
1.25533
1.25506
1.25479
1.25451
1.25423
1.25394
1.25365
1.25336
1.25306
1.25275
1.25244
1.25213
1.25181
1.25149
1.25117
1.25084
1.2505
1.25017
1.24983
1.24948
1.24913
1.24878
1.24843
1.24807
1.24771
1.24734
1.24697
1.2466
1.24623
1.24585
1.24547
1.24509
1.2447
1.24432
1.24393
1.24353
1.24314
1.24274
1.24235
1.24195
1.24154
1.24114
1.24074
1.24033
1.23992
1.23951
1.2391
1.23869
1.23828
1.23787
1.23746
1.23705
1.23663
1.23622
1.23581
1.2354
1.23499
1.23458
1.23417
1.23376
1.23336
1.23296
1.23255
1.23215
1.23176
1.23136
1.23097
1.23059
1.2302
1.22982
1.22944
1.22907
1.2287
1.22834
1.22798
1.22763
1.22728
1.22694
1.2266
1.22627
1.22595
1.22563
1.22533
1.22502
1.22473
1.22444
1.22417
1.2239
1.22363
1.22338
1.22314
1.2229
1.22268
1.22246
1.22225
1.22206
1.22187
1.22169
1.22153
1.22137
1.22123
1.22109
1.22097
1.22085
1.22075
1.22066
1.22058
1.22051
1.22045
1.2204
1.22036
1.22033
1.22032
1.22031
1.22031
1.22033
1.22035
1.22039
1.22043
1.22049
1.22055
1.22062
1.22071
1.2208
1.2209
1.22101
1.22112
1.22125
1.22138
1.22152
1.22167
1.22183
1.22199
1.22216
1.22233
1.22251
1.2227
1.22289
1.22309
1.22329
1.2235
1.22371
1.22392
1.22414
1.22437
1.22459
1.22482
1.22505
1.22529
1.22553
1.22576
1.226
1.22625
1.22649
1.22674
1.22698
1.22723
1.22747
1.22772
1.22797
1.22822
1.22846
1.22871
1.22896
1.2292
1.22945
1.22969
1.22993
1.23017
1.23041
1.23065
1.23089
1.23112
1.23135
1.23158
1.23181
1.23204
1.23226
1.23248
1.2327
1.23291
1.23313
1.23334
1.23354
1.23375
1.23395
1.23415
1.23434
1.23454
1.23473
1.23491
1.23509
1.23527
1.23545
1.23562
1.23579
1.23596
1.23612
1.23628
1.23643
1.23659
1.23674
1.23688
1.23702
1.23716
1.2373
1.23743
1.23756
1.23768
1.23781
1.23793
1.23804
1.23815
1.23826
1.23837
1.23847
1.23857
1.23867
1.23876
1.23886
1.23895
1.23903
1.23911
1.2392
1.23927
1.23935
1.23942
1.23949
1.23956
1.23963
1.23969
1.23976
1.23982
1.23987
1.23993
1.23998
1.24004
1.24009
1.24014
1.24018
1.24023
1.24027
1.24031
1.24035
1.24039
1.24043
1.24047
1.2405
1.24053
1.24056
1.24059
1.24062
1.24065
1.24067
1.24069
1.24072
1.24074
1.24075
1.24077
1.24079
1.2408
1.24081
1.24082
1.24083
1.24083
1.24084
1.24084
1.24084
1.24083
1.24083
1.24082
1.24081
1.24079
1.24078
1.24076
1.24074
1.24071
1.24068
1.24065
1.24062
1.24058
1.24054
1.24049
1.24044
1.24039
1.24033
1.24026
1.2402
1.24013
1.24005
1.23997
1.23988
1.23979
1.23969
1.23959
1.23948
1.23937
1.23925
1.23912
1.23899
1.23885
1.2387
1.23855
1.23839
1.23822
1.23805
1.23786
1.23768
1.23748
1.23727
1.23706
1.23684
1.23661
1.23637
1.23612
1.23586
1.23559
1.23532
1.23503
1.23474
1.23443
1.23411
1.23379
1.23345
1.23311
1.23275
1.23238
1.23201
1.23162
1.23122
1.23081
1.23039
1.22996
1.22952
1.22906
1.2286
1.22812
1.22764
1.22714
1.22664
1.22612
1.2256
1.22506
1.22452
1.22396
1.2234
1.22283
1.22225
1.22167
1.22107
1.22048
1.21987
1.21926
1.21865
1.21803
1.21741
1.21679
1.21617
1.21555
1.21493
1.21431
1.21369
1.21308
1.21247
1.21187
1.21128
1.21069
1.21012
1.20956
1.20901
1.20847
1.20795
1.20744
1.20695
1.20649
1.20604
1.20561
1.2052
1.20482
1.20446
1.20412
1.20381
1.20353
1.20328
1.20305
1.20285
1.20268
1.20254
1.20243
1.20235
1.2023
1.20228
1.20229
1.20233
1.2024
1.20249
1.20262
1.20277
1.20295
1.20316
1.20339
1.20364
1.20392
1.20423
1.20455
1.20489
1.20526
1.20564
1.20603
1.20645
1.20687
1.20731
1.20776
1.20823
1.2087
1.20918
1.20966
1.21015
1.21065
1.21115
1.21165
1.21215
1.21265
1.21315
1.21365
1.21414
1.21463
1.21512
1.2156
1.21608
1.21654
1.21701
1.21746
1.21791
1.21834
1.21877
1.21919
1.2196
1.22
1.22039
1.22077
1.22113
1.22149
1.22184
1.22217
1.2225
1.22281
1.22311
1.22341
1.22369
1.22396
1.22422
1.22447
1.22471
1.22494
1.22516
1.22537
1.22557
1.22576
1.22594
1.22612
1.22628
1.22644
1.22659
1.22673
1.22687
1.22699
1.22711
1.22723
1.22733
1.22743
1.22753
1.22762
1.2277
1.22778
1.22785
1.22792
1.22798
1.22804
1.2281
1.22815
1.2282
1.22825
1.22829
1.22833
1.22837
1.2284
1.22843
1.22846
1.22849
1.22852
1.22855
1.22857
1.22859
1.22862
1.22864
1.22866
1.22868
1.2287
1.22872
1.22874
1.22876
1.22877
1.22879
1.22881
1.22883
1.22885
1.22887
1.22889
1.22891
1.22893
1.22896
1.22898
1.229
1.22903
1.22905
1.22908
1.2291
1.22913
1.22916
1.22918
1.22921
1.22924
1.22927
1.2293
1.22934
1.22937
1.2294
1.22944
1.22947
1.22951
1.22954
1.22958
1.22961
1.22965
1.22969
1.22973
1.22976
1.2298
1.22984
1.22988
1.22992
1.22996
1.23
1.23003
1.23007
1.23011
1.23015
1.23019
1.23022
1.23026
1.2303
1.23034
1.23037
1.23041
1.23044
1.23048
1.23051
1.23054
1.23057
1.2306
1.23063
1.23066
1.23069
1.23072
1.23074
1.23077
1.23079
1.23082
1.23084
1.23086
1.23088
1.23089
1.23091
1.23092
1.23094
1.23095
1.23096
1.23097
1.23097
1.23098
1.23098
1.23099
1.23099
1.23099
1.23098
1.23098
1.23097
1.23096
1.23095
1.23094
1.23093
1.23091
1.2309
1.23088
1.23085
1.23083
1.23081
1.23078
1.23075
1.23072
1.23069
1.23065
1.23061
1.23057
1.23053
1.23049
1.23044
1.2304
1.23035
1.23029
1.23024
1.23018
1.23012
1.23006
1.23
1.22994
1.22987
1.2298
1.22973
1.22966
1.22958
1.2295
1.22942
1.22934
1.22926
1.22917
1.22908
1.22899
1.2289
1.2288
1.2287
1.2286
1.2285
1.2284
1.22829
1.22819
1.22808
1.22796
1.22785
1.22773
1.22762
1.2275
1.22737
1.22725
1.22712
1.227
1.22687
1.22673
1.2266
1.22647
1.22633
1.22619
1.22605
1.22591
1.22577
1.22562
1.22548
1.22533
1.22518
1.22503
1.22488
1.22472
1.22457
1.22442
1.22426
1.2241
1.22394
1.22379
1.22363
1.22347
1.22331
1.22314
1.22298
1.22282
1.22266
1.22249
1.22233
1.22217
1.222
1.22184
1.22168
1.22151
1.22135
1.22119
1.22103
1.22087
1.22071
1.22055
1.22039
1.22023
1.22007
1.21992
1.21976
1.21961
1.21946
1.21931
1.21916
1.21901
1.21887
1.21872
1.21858
1.21844
1.2183
1.21817
1.21804
1.21791
1.21778
1.21765
1.21753
1.21741
1.21729
1.21717
1.21706
1.21695
1.21685
1.21674
1.21664
1.21655
1.21645
1.21636
1.21627
1.21619
1.21611
1.21603
1.21595
1.21588
1.21581
1.21575
1.21569
1.21563
1.21558
1.21552
1.21548
1.21543
1.21539
1.21535
1.21532
1.21529
1.21526
1.21523
1.21521
1.21519
1.21518
1.21517
1.21516
1.21515
1.21515
1.21515
1.21515
1.21515
1.21516
1.21517
1.21518
1.2152
1.21521
1.21523
1.21526
1.21528
1.21531
1.21533
1.21536
1.21539
1.21543
1.21546
1.2155
1.21554
1.21558
1.21562
1.21566
1.21571
1.21575
1.2158
1.21584
1.21589
1.21594
1.21599
1.21604
1.21609
1.21614
1.21619
1.21625
1.2163
1.21635
1.21641
1.21646
1.21651
1.21657
1.21662
1.21668
1.21673
1.21679
1.21684
1.2169
1.21695
1.21701
1.21706
1.21712
1.21717
1.21723
1.21728
1.21734
1.21739
1.21745
1.2175
1.21755
1.21761
1.21766
1.21772
1.21777
1.21782
1.21788
1.21793
1.21799
1.21804
1.2181
1.21815
1.2182
1.21826
1.21831
1.21837
1.21842
1.21848
1.21854
1.21859
1.21865
1.21871
1.21877
1.21882
1.21888
1.21894
1.219
1.21906
1.21913
1.21919
1.21925
1.21932
1.21938
1.21945
1.21951
1.21958
1.21965
1.21972
1.21979
1.21986
1.21994
1.22001
1.22008
1.22016
1.22024
1.22032
1.22039
1.22048
1.22056
1.22064
1.22072
1.22081
1.22089
1.22098
1.22107
1.22115
1.22124
1.22133
1.22142
1.22151
1.22161
1.2217
1.22179
1.22189
1.22198
1.22208
1.22217
1.22227
1.22236
1.22246
1.22256
1.22265
1.22275
1.22285
1.22294
1.22304
1.22313
1.22323
1.22332
1.22341
1.2235
1.2236
1.22369
1.22378
1.22386
1.22395
1.22403
1.22412
1.2242
1.22428
1.22436
1.22443
1.22451
1.22458
1.22465
1.22471
1.22478
1.22484
1.22489
1.22495
1.225
1.22505
1.22509
1.22513
1.22517
1.22521
1.22524
1.22526
1.22528
1.2253
1.22532
1.22532
1.22533
1.22533
1.22532
1.22532
1.2253
1.22528
1.22526
1.22523
1.22519
1.22515
1.22511
1.22506
1.225
1.22494
1.22487
1.2248
1.22472
1.22463
1.22454
1.22444
1.22434
1.22423
1.22412
1.224
1.22387
1.22374
1.2236
1.22346
1.22331
1.22315
1.22299
1.22283
1.22265
1.22247
1.22229
1.2221
1.22191
1.22171
1.2215
1.22129
1.22108
1.22086
1.22064
1.22041
1.22018
1.21995
1.21971
1.21947
1.21922
1.21897
1.21872
1.21847
1.21821
1.21796
1.2177
1.21744
1.21718
1.21692
1.21666
1.2164
1.21614
1.21588
1.21562
1.21537
1.21512
1.21487
1.21462
1.21438
1.21414
1.2139
1.21367
1.21345
1.21323
1.21301
1.2128
1.2126
1.21241
1.21222
1.21205
1.21188
1.21172
1.21156
1.21142
1.21129
1.21117
1.21105
1.21095
1.21086
1.21078
1.21071
1.21065
1.21061
1.21057
1.21055
1.21054
1.21054
1.21056
1.21058
1.21062
1.21067
1.21073
1.2108
1.21089
1.21098
1.21109
1.21121
1.21134
1.21148
1.21163
1.21179
1.21196
1.21215
1.21234
1.21254
1.21275
1.21296
1.21319
1.21342
1.21366
1.21391
1.21417
1.21443
1.2147
1.21497
1.21525
1.21553
1.21582
1.21611
1.2164
1.2167
1.217
1.21731
1.21761
1.21792
1.21823
1.21854
1.21885
1.21916
1.21947
1.21979
1.2201
1.22041
1.22072
1.22103
1.22133
1.22164
1.22194
1.22224
1.22254
1.22284
1.22314
1.22343
1.22371
1.224
1.22428
1.22456
1.22483
1.22511
1.22537
1.22564
1.22589
1.22615
1.2264
1.22665
1.22689
1.22713
1.22736
1.22759
1.22782
1.22804
1.22825
1.22846
1.22867
1.22887
1.22907
1.22926
1.22945
1.22963
1.22981
1.22998
1.23015
1.23031
1.23047
1.23063
1.23078
1.23092
1.23106
1.2312
1.23133
1.23145
1.23157
1.23169
1.2318
1.23191
1.23201
1.23211
1.23221
1.2323
1.23238
1.23246
1.23254
1.23261
1.23267
1.23274
1.23279
1.23285
1.2329
1.23294
1.23298
1.23302
1.23305
1.23307
1.2331
1.23311
1.23313
1.23314
1.23314
1.23314
1.23314
1.23313
1.23312
1.23311
1.23309
1.23306
1.23303
1.233
1.23296
1.23292
1.23288
1.23283
1.23277
1.23272
1.23266
1.23259
1.23252
1.23245
1.23237
1.23229
1.23221
1.23212
1.23203
1.23193
1.23183
1.23173
1.23162
1.23151
1.2314
1.23128
1.23116
1.23103
1.23091
1.23078
1.23064
1.2305
1.23036
1.23022
1.23007
1.22992
1.22977
1.22962
1.22946
1.2293
1.22913
1.22897
1.2288
1.22862
1.22845
1.22827
1.22809
1.22791
1.22773
1.22754
1.22736
1.22717
1.22697
1.22678
1.22658
1.22639
1.22619
1.22599
1.22578
1.22558
1.22537
1.22517
1.22496
1.22475
1.22454
1.22433
1.22411
1.2239
1.22369
1.22347
1.22325
1.22304
1.22282
1.2226
1.22238
1.22216
1.22194
1.22173
1.22151
1.22129
1.22107
1.22085
1.22063
1.22041
1.22019
1.21998
1.21976
1.21955
1.21933
1.21912
1.21891
1.2187
1.21849
1.21828
1.21808
1.21787
1.21767
1.21747
1.21728
1.21708
1.21689
1.2167
1.21652
1.21634
1.21616
1.21598
1.21581
1.21565
1.21548
1.21532
1.21517
1.21502
1.21488
1.21473
1.2146
1.21447
1.21434
1.21422
1.21411
1.214
1.2139
1.2138
1.21371
1.21363
1.21355
1.21347
1.21341
1.21335
1.21329
1.21324
1.2132
1.21317
1.21314
1.21312
1.2131
1.21309
1.21309
1.21309
1.2131
1.21311
1.21313
1.21315
1.21319
1.21322
1.21326
1.21331
1.21336
1.21342
1.21348
1.21354
1.21361
1.21369
1.21377
1.21385
1.21393
1.21402
1.21411
1.2142
1.2143
1.21439
1.21449
1.2146
1.2147
1.2148
1.21491
1.21501
1.21512
1.21523
1.21533
1.21544
1.21555
1.21565
1.21576
1.21586
1.21597
1.21607
1.21617
1.21627
1.21637
1.21647
1.21656
1.21665
1.21674
1.21683
1.21691
1.217
1.21707
1.21715
1.21722
1.2173
1.21736
1.21743
1.21749
1.21755
1.21761
1.21766
1.21771
1.21775
1.2178
1.21784
1.21787
1.21791
1.21794
1.21797
1.21799
1.21801
1.21803
1.21805
1.21806
1.21807
1.21808
1.21808
1.21809
1.21809
1.21808
1.21808
1.21807
1.21806
1.21805
1.21804
1.21802
1.21801
1.21799
1.21797
1.21795
1.21792
1.2179
1.21787
1.21785
1.21782
1.21779
1.21776
1.21773
1.21769
1.21766
1.21763
1.2176
1.21756
1.21753
1.21749
1.21746
1.21742
1.21739
1.21735
1.21732
1.21728
1.21725
1.21721
1.21718
1.21715
1.21711
1.21708
1.21705
1.21702
1.21698
1.21695
1.21692
1.21689
1.21687
1.21684
1.21681
1.21679
1.21676
1.21674
1.21672
1.2167
1.21668
1.21666
1.21664
1.21662
1.21661
1.21659
1.21658
1.21657
1.21656
1.21655
1.21655
1.21654
1.21654
1.21653
1.21653
1.21654
1.21654
1.21654
1.21655
1.21656
1.21657
1.21658
1.2166
1.21661
1.21663
1.21665
1.21667
1.2167
1.21673
1.21676
1.21679
1.21682
1.21686
1.2169
1.21694
1.21698
1.21702
1.21707
1.21712
1.21718
1.21723
1.21729
1.21735
1.21741
1.21748
1.21755
1.21762
1.21769
1.21777
1.21785
1.21793
1.21802
1.2181
1.21819
1.21829
1.21838
1.21848
1.21858
1.21868
1.21879
1.21889
1.219
1.21912
1.21923
1.21935
1.21947
1.21959
1.21972
1.21984
1.21997
1.2201
1.22023
1.22037
1.22051
1.22065
1.22079
1.22093
1.22107
1.22122
1.22137
1.22152
1.22167
1.22182
1.22197
1.22213
1.22228
1.22244
1.2226
1.22276
1.22292
1.22308
1.22324
1.2234
1.22357
1.22373
1.22389
1.22406
1.22422
1.22439
1.22456
1.22472
1.22489
1.22506
1.22522
1.22539
1.22555
1.22572
1.22589
1.22605
1.22622
1.22638
1.22655
1.22671
1.22688
1.22704
1.2272
1.22736
1.22752
1.22768
1.22784
1.228
1.22816
1.22832
1.22847
1.22863
1.22878
1.22893
1.22909
1.22924
1.22939
1.22953
1.22968
1.22983
1.22997
1.23011
1.23025
1.23039
1.23053
1.23067
1.2308
1.23094
1.23107
1.2312
1.23133
1.23146
1.23158
1.23171
1.23183
1.23195
1.23207
1.23219
1.2323
1.23242
1.23253
1.23264
1.23275
1.23285
1.23296
1.23306
1.23316
1.23326
1.23335
1.23345
1.23354
1.23363
1.23371
1.2338
1.23388
1.23396
1.23404
1.23411
1.23418
1.23425
1.23432
1.23439
1.23445
1.23451
1.23457
1.23462
1.23467
1.23472
1.23476
1.23481
1.23484
1.23488
1.23491
1.23494
1.23497
1.23499
1.23501
1.23503
1.23504
1.23505
1.23505
1.23505
1.23505
1.23504
1.23503
1.23502
1.235
1.23497
1.23494
1.23491
1.23487
1.23483
1.23478
1.23473
1.23467
1.23461
1.23454
1.23447
1.23439
1.23431
1.23422
1.23412
1.23402
1.23391
1.23379
1.23367
1.23355
1.23341
1.23327
1.23312
1.23296
1.2328
1.23263
1.23245
1.23227
1.23207
1.23187
1.23166
1.23144
1.23121
1.23098
1.23073
1.23048
1.23021
1.22994
1.22966
1.22937
1.22906
1.22875
1.22843
1.22809
1.22775
1.22739
1.22703
1.22665
1.22626
1.22586
1.22545
1.22502
1.22458
1.22414
1.22367
1.2232
1.22272
1.22222
1.2217
1.22118
1.22064
1.22009
1.21953
1.21895
1.21836
1.21776
1.21714
1.21651
1.21587
1.21521
1.21454
1.21386
1.21316
1.21245
1.21173
1.21099
1.21024
1.20948
1.20871
1.20792
1.20713
1.20632
1.2055
1.20467
1.20383
1.20298
1.20212
1.20125
1.20037
1.19948
1.19859
1.19769
1.19678
1.19586
1.19495
1.19402
1.19309
1.19216
1.19123
1.1903
1.18936
1.18843
1.1875
1.18656
1.18564
1.18471
1.18379
1.18288
1.18197
1.18107
1.18018
1.1793
1.17842
1.17756
1.17671
1.17588
1.17506
1.17426
1.17347
1.17269
1.17194
1.17121
1.17049
1.1698
1.16912
1.16847
1.16784
1.16724
1.16666
1.1661
1.16557
1.16507
1.16459
1.16414
1.16371
1.16332
1.16295
1.16261
1.1623
1.16201
1.16176
1.16154
1.16134
1.16118
1.16104
1.16093
1.16085
1.16081
1.16079
1.16079
1.16083
1.1609
1.161
1.16112
1.16127
1.16145
1.16166
1.16189
1.16215
1.16244
1.16275
1.16309
1.16345
1.16384
1.16425
1.16468
1.16514
1.16562
1.16613
1.16665
1.1672
1.16776
1.16835
1.16896
1.16958
1.17023
1.17089
1.17157
1.17227
1.17298
1.1737
1.17445
1.1752
1.17597
1.17675
1.17755
1.17835
1.17917
1.17999
1.18083
1.18167
1.18252
1.18338
1.18425
1.18512
1.18599
1.18687
1.18775
1.18864
1.18953
1.19042
1.1913
1.19219
1.19308
1.19397
1.19485
1.19573
1.19661
1.19749
1.19835
1.19922
1.20008
1.20093
1.20177
1.20261
1.20343
1.20425
1.20506
1.20586
1.20665
1.20743
1.2082
1.20896
1.2097
1.21043
1.21115
1.21186
1.21255
1.21323
1.2139
1.21455
1.21518
1.2158
1.21641
1.217
1.21758
1.21814
1.21869
1.21921
1.21973
1.22023
1.22071
1.22117
1.22162
1.22205
1.22247
1.22287
1.22325
1.22362
1.22396
1.2243
1.22461
1.22491
1.2252
1.22546
1.22571
1.22595
1.22617
1.22637
1.22655
1.22672
1.22688
1.22702
1.22714
1.22724
1.22734
1.22741
1.22747
1.22752
1.22755
1.22757
1.22757
1.22755
1.22753
1.22749
1.22743
1.22737
1.22728
1.22719
1.22708
1.22696
1.22683
1.22669
1.22653
1.22636
1.22618
1.22599
1.22579
1.22558
1.22536
1.22513
1.22489
1.22463
1.22437
1.2241
1.22383
1.22354
1.22325
1.22295
1.22264
1.22232
1.222
1.22167
1.22133
1.22099
1.22064
1.22029
1.21993
1.21957
1.2192
1.21883
1.21845
1.21807
1.21768
1.2173
1.2169
1.21651
1.21611
1.21571
1.21531
1.2149
1.21449
1.21408
1.21367
1.21326
1.21284
1.21242
1.212
1.21158
1.21115
1.21073
1.2103
1.20987
1.20945
1.20901
1.20858
1.20815
1.20772
1.20728
1.20685
1.20641
1.20597
1.20553
1.2051
1.20466
1.20422
1.20378
1.20334
1.2029
1.20247
1.20203
1.20159
1.20116
1.20072
1.20029
1.19986
1.19944
1.19901
1.19859
1.19817
1.19776
1.19735
1.19695
1.19655
1.19616
1.19577
1.19539
1.19502
1.19466
1.1943
1.19396
1.19362
1.1933
1.19298
1.19268
1.19239
1.19211
1.19185
1.1916
1.19136
1.19114
1.19093
1.19075
1.19057
1.19042
1.19028
1.19016
1.19006
1.18998
1.18992
1.18988
1.18986
1.18986
1.18988
1.18992
1.18998
1.19007
1.19017
1.1903
1.19044
1.19061
1.1908
1.19101
1.19124
1.1915
1.19177
1.19206
1.19237
1.1927
1.19305
1.19342
1.19381
1.19421
1.19463
1.19507
1.19552
1.19599
1.19647
1.19697
1.19747
1.19799
1.19852
1.19906
1.19961
1.20017
1.20074
1.20132
1.2019
1.20249
1.20308
1.20367
1.20427
1.20487
1.20548
1.20608
1.20669
1.20729
1.2079
1.2085
1.2091
1.20969
1.21029
1.21088
1.21146
1.21204
1.21261
1.21318
1.21374
1.2143
1.21484
1.21538
1.21591
1.21643
1.21694
1.21745
1.21794
1.21843
1.2189
1.21937
1.21982
1.22027
1.2207
1.22113
1.22154
1.22194
1.22233
1.22271
1.22308
1.22344
1.22379
1.22413
1.22446
1.22478
1.22508
1.22538
1.22566
1.22594
1.2262
1.22645
1.2267
1.22693
1.22716
1.22737
1.22758
1.22777
1.22796
1.22814
1.22831
1.22847
1.22862
1.22876
1.2289
1.22902
1.22914
1.22926
1.22936
1.22946
1.22955
1.22963
1.2297
1.22977
1.22984
1.22989
1.22994
1.22999
1.23003
1.23006
1.23009
1.23011
1.23013
1.23014
1.23015
1.23015
1.23015
1.23014
1.23013
1.23012
1.2301
1.23008
1.23006
1.23003
1.23
1.22996
1.22992
1.22988
1.22984
1.22979
1.22974
1.22969
1.22964
1.22958
1.22952
1.22946
1.22939
1.22932
1.22926
1.22919
1.22911
1.22904
1.22896
1.22888
1.2288
1.22872
1.22863
1.22855
1.22846
1.22837
1.22828
1.22819
1.22809
1.22799
1.2279
1.2278
1.22769
1.22759
1.22749
1.22738
1.22727
1.22716
1.22705
1.22694
1.22682
1.22671
1.22659
1.22647
1.22635
1.22623
1.22611
1.22598
1.22586
1.22573
1.2256
1.22547
1.22534
1.2252
1.22507
1.22493
1.2248
1.22466
1.22452
1.22438
1.22424
1.22409
1.22395
1.22381
1.22366
1.22352
1.22337
1.22322
1.22308
1.22293
1.22278
1.22263
1.22249
1.22234
1.22219
1.22204
1.22189
1.22174
1.22159
1.22145
1.2213
1.22115
1.221
1.22086
1.22071
1.22057
1.22043
1.22028
1.22014
1.22
1.21986
1.21973
1.21959
1.21945
1.21932
1.21919
1.21906
1.21893
1.2188
1.21868
1.21856
1.21844
1.21832
1.2182
1.21808
1.21797
1.21786
1.21775
1.21765
1.21754
1.21744
1.21734
1.21724
1.21715
1.21706
1.21696
1.21688
1.21679
1.21671
1.21663
1.21655
1.21647
1.2164
1.21633
1.21626
1.21619
1.21613
1.21607
1.21601
1.21595
1.2159
1.21584
1.21579
1.21574
1.2157
1.21565
1.21561
1.21557
1.21553
1.2155
1.21547
1.21543
1.2154
1.21538
1.21535
1.21533
1.21531
1.21529
1.21527
1.21525
1.21524
1.21522
1.21521
1.2152
1.2152
1.21519
1.21518
1.21518
1.21518
1.21518
1.21518
1.21518
1.21519
1.2152
1.2152
1.21521
1.21522
1.21523
1.21525
1.21526
1.21528
1.21529
1.21531
1.21533
1.21535
1.21537
1.2154
1.21542
1.21545
1.21548
1.2155
1.21553
1.21556
1.2156
1.21563
1.21566
1.2157
1.21574
1.21578
1.21582
1.21586
1.2159
1.21594
1.21599
1.21603
1.21608
1.21613
1.21617
1.21622
1.21628
1.21633
1.21638
1.21644
1.21649
1.21655
1.21661
1.21666
1.21672
1.21678
1.21685
1.21691
1.21697
1.21703
1.2171
1.21716
1.21723
1.21729
1.21736
1.21743
1.21749
1.21756
1.21763
1.21769
1.21776
1.21783
1.21789
1.21796
1.21803
1.21809
1.21816
1.21822
1.21828
1.21835
1.21841
1.21847
1.21853
1.21858
1.21864
1.21869
1.21875
1.2188
1.21885
1.21889
1.21894
1.21898
1.21902
1.21906
1.21909
1.21913
1.21916
1.21918
1.21921
1.21923
1.21925
1.21926
1.21927
1.21928
1.21929
1.21929
1.21929
1.21928
1.21928
1.21926
1.21925
1.21923
1.21921
1.21919
1.21916
1.21913
1.2191
1.21906
1.21902
1.21898
1.21893
1.21888
1.21883
1.21878
1.21872
1.21866
1.2186
1.21854
1.21848
1.21841
1.21834
1.21827
1.2182
1.21813
1.21806
1.21799
1.21791
1.21784
1.21777
1.21769
1.21762
1.21755
1.21748
1.21741
1.21734
1.21727
1.2172
1.21714
1.21707
1.21701
1.21695
1.2169
1.21684
1.21679
1.21675
1.2167
1.21666
1.21663
1.21659
1.21656
1.21654
1.21652
1.2165
1.21649
1.21648
1.21648
1.21648
1.21648
1.21649
1.21651
1.21653
1.21655
1.21658
1.21661
1.21665
1.2167
1.21674
1.21679
1.21685
1.21691
1.21698
1.21705
1.21712
1.2172
1.21728
1.21736
1.21745
1.21755
1.21764
1.21774
1.21784
1.21795
1.21805
1.21816
1.21827
1.21839
1.2185
1.21862
1.21874
1.21886
1.21898
1.2191
1.21923
1.21935
1.21947
1.2196
1.21972
1.21984
1.21997
1.22009
1.22021
1.22033
1.22045
1.22057
1.22069
1.2208
1.22092
1.22103
1.22114
1.22124
1.22135
1.22145
1.22155
1.22165
1.22174
1.22184
1.22193
1.22201
1.2221
1.22218
1.22226
1.22233
1.2224
1.22247
1.22254
1.2226
1.22266
1.22271
1.22277
1.22282
1.22287
1.22291
1.22295
1.22299
1.22302
1.22306
1.22309
1.22312
1.22314
1.22316
1.22318
1.2232
1.22322
1.22323
1.22325
1.22326
1.22327
1.22328
1.22328
1.22329
1.22329
1.2233
1.2233
1.2233
1.2233
1.2233
1.2233
1.22331
1.22331
1.22331
1.22331
1.22331
1.22332
1.22332
1.22333
1.22333
1.22334
1.22335
1.22336
1.22337
1.22338
1.2234
1.22342
1.22344
1.22346
1.22348
1.22351
1.22354
1.22357
1.22361
1.22364
1.22368
1.22372
1.22377
1.22382
1.22387
1.22392
1.22398
1.22404
1.2241
1.22416
1.22423
1.2243
1.22438
1.22445
1.22453
1.22461
1.2247
1.22479
1.22488
1.22497
1.22506
1.22516
1.22526
1.22536
1.22547
1.22557
1.22568
1.22579
1.2259
1.22602
1.22613
1.22625
1.22636
1.22648
1.2266
1.22672
1.22685
1.22697
1.22709
1.22721
1.22734
1.22746
1.22759
1.22771
1.22784
1.22796
1.22808
1.22821
1.22833
1.22845
1.22857
1.22869
1.22881
1.22893
1.22905
1.22917
1.22928
1.22939
1.22951
1.22962
1.22973
1.22983
1.22994
1.23004
1.23014
1.23024
1.23034
1.23043
1.23053
1.23062
1.23071
1.23079
1.23088
1.23096
1.23103
1.23111
1.23118
1.23125
1.23132
1.23139
1.23145
1.23151
1.23156
1.23162
1.23167
1.23172
1.23176
1.2318
1.23184
1.23188
1.23191
1.23194
1.23197
1.23199
1.23201
1.23203
1.23204
1.23205
1.23206
1.23207
1.23207
1.23207
1.23206
1.23206
1.23205
1.23203
1.23202
1.232
1.23197
1.23195
1.23192
1.23189
1.23185
1.23181
1.23177
1.23173
1.23168
1.23163
1.23157
1.23152
1.23146
1.23139
1.23133
1.23126
1.23118
1.23111
1.23103
1.23095
1.23086
1.23078
1.23068
1.23059
1.23049
1.23039
1.23029
1.23018
1.23007
1.22996
1.22985
1.22973
1.22961
1.22948
1.22936
1.22923
1.22909
1.22896
1.22882
1.22868
1.22853
1.22838
1.22823
1.22808
1.22792
1.22776
1.2276
1.22743
1.22726
1.22709
1.22692
1.22674
1.22656
1.22638
1.22619
1.22601
1.22581
1.22562
1.22542
1.22522
1.22502
1.22482
1.22461
1.2244
1.22419
1.22397
1.22376
1.22354
1.22332
1.22309
1.22287
1.22264
1.22241
1.22217
1.22194
1.2217
1.22146
1.22122
1.22098
1.22073
1.22049
1.22024
1.21999
1.21974
1.21949
1.21924
1.21898
1.21873
1.21847
1.21822
1.21796
1.2177
1.21745
1.21719
1.21693
1.21667
1.21641
1.21615
1.2159
1.21564
1.21538
1.21513
1.21487
1.21462
1.21437
1.21411
1.21387
1.21362
1.21337
1.21313
1.21289
1.21265
1.21241
1.21218
1.21195
1.21172
1.2115
1.21128
1.21106
1.21084
1.21063
1.21043
1.21023
1.21003
1.20984
1.20965
1.20946
1.20929
1.20911
1.20894
1.20878
1.20862
1.20847
1.20832
1.20818
1.20804
1.20791
1.20779
1.20767
1.20756
1.20745
1.20735
1.20726
1.20717
1.20709
1.20701
1.20694
1.20688
1.20682
1.20677
1.20672
1.20668
1.20665
1.20662
1.2066
1.20659
1.20658
1.20657
1.20657
1.20658
1.20659
1.20661
1.20663
1.20666
1.20669
1.20673
1.20677
1.20682
1.20687
1.20693
1.20699
1.20705
1.20712
1.20719
1.20727
1.20735
1.20743
1.20751
1.2076
1.20769
1.20778
1.20788
1.20798
1.20808
1.20818
1.20829
1.20839
1.2085
1.20861
1.20872
1.20884
1.20895
1.20906
1.20918
1.20929
1.20941
1.20953
1.20965
1.20976
1.20988
1.21
1.21012
1.21024
1.21035
1.21047
1.21059
1.2107
1.21082
1.21094
1.21105
1.21117
1.21128
1.21139
1.2115
1.21162
1.21173
1.21184
1.21194
1.21205
1.21216
1.21227
1.21237
1.21248
1.21258
1.21268
1.21278
1.21289
1.21299
1.21309
1.21319
1.21328
1.21338
1.21348
1.21358
1.21367
1.21377
1.21387
1.21396
1.21406
1.21415
1.21425
1.21435
1.21444
1.21454
1.21464
1.21473
1.21483
1.21493
1.21503
1.21513
1.21523
1.21533
1.21543
1.21553
1.21564
1.21575
1.21585
1.21596
1.21607
1.21618
1.2163
1.21641
1.21653
1.21665
1.21677
1.21689
1.21702
1.21714
1.21727
1.2174
1.21754
1.21767
1.21781
1.21795
1.21809
1.21824
1.21839
1.21854
1.21869
1.21885
1.219
1.21916
1.21933
1.21949
1.21966
1.21983
1.22
1.22018
1.22035
1.22053
1.22072
1.2209
1.22109
1.22128
1.22147
1.22166
1.22186
1.22206
1.22226
1.22246
1.22266
1.22287
1.22307
1.22328
1.22349
1.2237
1.22392
1.22413
1.22435
1.22457
1.22478
1.225
1.22522
1.22545
1.22567
1.22589
1.22611
1.22634
1.22656
1.22679
1.22701
1.22724
1.22746
1.22769
1.22791
1.22813
1.22836
1.22858
1.22881
1.22903
1.22925
1.22947
1.22969
1.22991
1.23013
1.23035
1.23056
1.23078
1.23099
1.2312
1.23141
1.23162
1.23183
1.23204
1.23224
1.23244
1.23264
1.23284
1.23304
1.23323
1.23342
1.23361
1.2338
1.23398
1.23417
1.23435
1.23452
1.2347
1.23487
1.23504
1.23521
1.23537
1.23553
1.23569
1.23585
1.236
1.23615
1.2363
1.23644
1.23658
1.23672
1.23686
1.23699
1.23712
1.23724
1.23737
1.23748
1.2376
1.23771
1.23782
1.23793
1.23803
1.23813
1.23822
1.23832
1.2384
1.23849
1.23857
1.23865
1.23872
1.23879
1.23886
1.23892
1.23898
1.23904
1.23909
1.23914
1.23918
1.23922
1.23926
1.23929
1.23932
1.23935
1.23937
1.23938
1.2394
1.2394
1.23941
1.23941
1.2394
1.23939
1.23938
1.23936
1.23934
1.23931
1.23928
1.23924
1.2392
1.23916
1.2391
1.23905
1.23899
1.23892
1.23885
1.23877
1.23869
1.23861
1.23851
1.23841
1.23831
1.2382
1.23809
1.23797
1.23784
1.23771
1.23757
1.23743
1.23728
1.23712
1.23696
1.23679
1.23661
1.23643
1.23624
1.23605
1.23584
1.23564
1.23542
1.2352
1.23497
1.23474
1.23449
1.23424
1.23399
1.23373
1.23346
1.23318
1.2329
1.2326
1.23231
1.232
1.23169
1.23137
1.23105
1.23071
1.23038
1.23003
1.22968
1.22932
1.22896
1.22858
1.22821
1.22782
1.22743
1.22704
1.22664
1.22623
1.22582
1.2254
1.22498
1.22456
1.22412
1.22369
1.22325
1.22281
1.22236
1.22191
1.22146
1.221
1.22054
1.22008
1.21962
1.21916
1.21869
1.21823
1.21776
1.2173
1.21683
1.21636
1.2159
1.21543
1.21497
1.21451
1.21405
1.2136
1.21314
1.21269
1.21225
1.21181
1.21137
1.21094
1.21051
1.21008
1.20967
1.20926
1.20885
1.20845
1.20806
1.20768
1.2073
1.20693
1.20657
1.20622
1.20587
1.20554
1.20521
1.2049
1.20459
1.20429
1.204
1.20372
1.20346
1.2032
1.20295
1.20272
1.20249
1.20228
1.20207
1.20188
1.2017
1.20153
1.20137
1.20122
1.20109
1.20096
1.20085
1.20075
1.20066
1.20058
1.20051
1.20046
1.20042
1.20038
1.20036
1.20036
1.20036
1.20037
1.2004
1.20044
1.20048
1.20054
1.20061
1.20069
1.20078
1.20089
1.201
1.20112
1.20125
1.20139
1.20155
1.20171
1.20188
1.20206
1.20225
1.20244
1.20265
1.20287
1.20309
1.20332
1.20356
1.2038
1.20405
1.20431
1.20458
1.20485
1.20513
1.20541
1.2057
1.206
1.2063
1.2066
1.20691
1.20722
1.20754
1.20786
1.20819
1.20851
1.20884
1.20918
1.20951
1.20985
1.21019
1.21053
1.21087
1.21121
1.21155
1.2119
1.21224
1.21259
1.21293
1.21328
1.21362
1.21396
1.2143
1.21464
1.21498
1.21532
1.21566
1.21599
1.21632
1.21665
1.21698
1.2173
1.21762
1.21794
1.21826
1.21857
1.21888
1.21918
1.21949
1.21979
1.22008
1.22037
1.22066
1.22094
1.22122
1.2215
1.22177
1.22203
1.22229
1.22255
1.2228
1.22305
1.22329
1.22353
1.22376
1.22399
1.22422
1.22443
1.22465
1.22486
1.22506
1.22526
1.22545
1.22564
1.22582
1.226
1.22618
1.22634
1.22651
1.22666
1.22682
1.22697
1.22711
1.22725
1.22738
1.22751
1.22763
1.22775
1.22786
1.22797
1.22808
1.22817
1.22827
1.22836
1.22844
1.22852
1.2286
1.22867
1.22874
1.2288
1.22886
1.22892
1.22897
1.22902
1.22906
1.2291
1.22913
1.22917
1.2292
1.22922
1.22924
1.22926
1.22928
1.22929
1.2293
1.2293
1.22931
1.22931
1.2293
1.2293
1.22929
1.22928
1.22927
1.22926
1.22924
1.22923
1.22921
1.22919
1.22916
1.22914
1.22911
1.22909
1.22906
1.22903
1.229
1.22897
1.22893
1.2289
1.22887
1.22883
1.2288
1.22876
1.22872
1.22869
1.22865
1.22861
1.22858
1.22854
1.2285
1.22846
1.22843
1.22839
1.22835
1.22831
1.22828
1.22824
1.2282
1.22816
1.22813
1.22809
1.22805
1.22802
1.22798
1.22795
1.22791
1.22787
1.22784
1.2278
1.22777
1.22773
1.2277
1.22766
1.22762
1.22759
1.22755
1.22751
1.22747
1.22743
1.22739
1.22735
1.22731
1.22727
1.22722
1.22718
1.22713
1.22708
1.22703
1.22698
1.22693
1.22687
1.22681
1.22675
1.22669
1.22663
1.22656
1.22649
1.22641
1.22633
1.22625
1.22617
1.22608
1.22599
1.22589
1.22579
1.22569
1.22558
1.22546
1.22535
1.22522
1.22509
1.22496
1.22482
1.22467
1.22452
1.22437
1.2242
1.22403
1.22386
1.22368
1.22349
1.22329
1.22309
1.22288
1.22267
1.22244
1.22222
1.22198
1.22174
1.22149
1.22123
1.22097
1.22069
1.22042
1.22013
1.21984
1.21954
1.21924
1.21893
1.21861
1.21829
1.21796
1.21762
1.21728
1.21694
1.21659
1.21624
1.21588
1.21552
1.21515
1.21479
1.21442
1.21405
1.21368
1.2133
1.21293
1.21256
1.21219
1.21182
1.21145
1.21108
1.21072
1.21036
1.21001
1.20966
1.20932
1.20899
1.20866
1.20834
1.20803
1.20773
1.20744
1.20716
1.20689
1.20663
1.20638
1.20615
1.20593
1.20573
1.20554
1.20536
1.2052
1.20505
1.20492
1.20481
1.20471
1.20462
1.20455
1.2045
1.20447
1.20444
1.20444
1.20445
1.20447
1.20451
1.20457
1.20464
1.20472
1.20481
1.20492
1.20504
1.20517
1.20532
1.20547
1.20563
1.2058
1.20598
1.20617
1.20636
1.20656
1.20676
1.20697
1.20719
1.2074
1.20762
1.20784
1.20806
1.20828
1.2085
1.20872
1.20894
1.20916
1.20937
1.20958
1.20978
1.20998
1.21018
1.21036
1.21055
1.21072
1.21089
1.21105
1.21121
1.21135
1.21149
1.21162
1.21174
1.21185
1.21195
1.21204
1.21212
1.21219
1.21226
1.21231
1.21235
1.21238
1.2124
1.21241
1.21242
1.21241
1.21239
1.21236
1.21232
1.21228
1.21222
1.21215
1.21208
1.21199
1.2119
1.21179
1.21168
1.21156
1.21143
1.2113
1.21116
1.21101
1.21085
1.21068
1.21051
1.21034
1.21016
1.20997
1.20978
1.20958
1.20938
1.20917
1.20897
1.20875
1.20854
1.20833
1.20811
1.20789
1.20767
1.20745
1.20723
1.20701
1.20679
1.20658
1.20636
1.20615
1.20594
1.20574
1.20554
1.20534
1.20515
1.20497
1.20479
1.20462
1.20446
1.2043
1.20416
1.20402
1.20389
1.20378
1.20367
1.20357
1.20349
1.20341
1.20335
1.2033
1.20327
1.20325
1.20324
1.20324
1.20326
1.20329
1.20334
1.2034
1.20348
1.20357
1.20368
1.2038
1.20394
1.20409
1.20426
1.20444
1.20463
1.20484
1.20507
1.20531
1.20556
1.20582
1.2061
1.20639
1.20669
1.20701
1.20733
1.20767
1.20802
1.20838
1.20874
1.20912
1.2095
1.2099
1.21029
1.2107
1.21111
1.21153
1.21195
1.21238
1.21281
1.21325
1.21369
1.21413
1.21457
1.21501
1.21545
1.21589
1.21634
1.21678
1.21722
1.21766
1.21809
1.21853
1.21896
1.21938
1.21981
1.22022
1.22064
1.22105
1.22145
1.22185
1.22224
1.22262
1.223
1.22337
1.22374
1.22409
1.22444
1.22479
1.22512
1.22545
1.22577
1.22608
1.22638
1.22667
1.22696
1.22723
1.2275
1.22776
1.22801
1.22826
1.22849
1.22871
1.22893
1.22914
1.22933
1.22952
1.2297
1.22987
1.23004
1.23019
1.23034
1.23047
1.2306
1.23072
1.23083
1.23093
1.23102
1.23111
1.23119
1.23126
1.23132
1.23137
1.23141
1.23145
1.23148
1.2315
1.23151
1.23151
1.23151
1.2315
1.23148
1.23146
1.23143
1.23139
1.23134
1.23128
1.23122
1.23116
1.23108
1.231
1.23091
1.23082
1.23071
1.23061
1.23049
1.23037
1.23025
1.23011
1.22998
1.22983
1.22968
1.22953
1.22936
1.2292
1.22902
1.22885
1.22866
1.22848
1.22828
1.22809
1.22788
1.22767
1.22746
1.22725
1.22703
1.2268
1.22657
1.22634
1.2261
1.22586
1.22561
1.22536
1.22511
1.22485
1.2246
1.22433
1.22407
1.2238
1.22353
1.22325
1.22298
1.2227
1.22242
1.22213
1.22185
1.22156
1.22127
1.22098
1.22068
1.22039
1.22009
1.21979
1.21949
1.21919
1.21889
1.21859
1.21829
1.21799
1.21769
1.21738
1.21708
1.21678
1.21647
1.21617
1.21587
1.21557
1.21527
1.21497
1.21467
1.21438
1.21408
1.21379
1.2135
1.21321
1.21292
1.21263
1.21235
1.21207
1.2118
1.21152
1.21125
1.21099
1.21072
1.21047
1.21021
1.20996
1.20972
1.20948
1.20925
1.20902
1.20879
1.20858
1.20837
1.20816
1.20797
1.20778
1.20759
1.20742
1.20725
1.20709
1.20694
1.2068
1.20667
1.20654
1.20643
1.20632
1.20623
1.20614
1.20607
1.20601
1.20595
1.20591
1.20588
1.20586
1.20586
1.20586
1.20588
1.2059
1.20594
1.206
1.20606
1.20614
1.20623
1.20633
1.20644
1.20656
1.2067
1.20685
1.20701
1.20719
1.20737
1.20757
1.20778
1.208
1.20823
1.20847
1.20872
1.20898
1.20926
1.20954
1.20983
1.21013
1.21044
1.21076
1.21108
1.21142
1.21176
1.21211
1.21246
1.21282
1.21319
1.21356
1.21393
1.21431
1.2147
1.21508
1.21547
1.21587
1.21626
1.21666
1.21705
1.21745
1.21785
1.21824
1.21864
1.21904
1.21943
1.21982
1.22021
1.2206
1.22098
1.22136
1.22173
1.2221
1.22247
1.22283
1.22318
1.22353
1.22387
1.2242
1.22453
1.22485
1.22516
1.22547
1.22576
1.22605
1.22632
1.22659
1.22685
1.2271
1.22733
1.22756
1.22778
1.22798
1.22817
1.22836
1.22852
1.22868
1.22883
1.22896
1.22908
1.22919
1.22928
1.22936
1.22942
1.22948
1.22952
1.22954
1.22955
1.22955
1.22953
1.22949
1.22944
1.22938
1.2293
1.22921
1.2291
1.22897
1.22883
1.22867
1.2285
1.22832
1.22811
1.2279
1.22766
1.22741
1.22715
1.22687
1.22658
1.22627
1.22595
1.22561
1.22526
1.22489
1.22451
1.22412
1.22371
1.2233
1.22287
1.22243
1.22198
1.22152
1.22104
1.22056
1.22008
1.21958
1.21908
1.21857
1.21806
1.21754
1.21702
1.2165
1.21597
1.21545
1.21492
1.2144
1.21388
1.21337
1.21286
1.21235
1.21186
1.21137
1.21089
1.21042
1.20997
1.20952
1.2091
1.20868
1.20828
1.2079
1.20753
1.20719
1.20686
1.20655
1.20626
1.20599
1.20574
1.20552
1.20532
1.20513
1.20497
1.20484
1.20472
1.20463
1.20456
1.20451
1.20448
1.20447
1.20448
1.20451
1.20456
1.20463
1.20471
1.20481
1.20493
1.20506
1.20521
1.20537
1.20554
1.20572
1.20591
1.20611
1.20632
1.20653
1.20675
1.20698
1.20721
1.20744
1.20767
1.20791
1.20814
1.20837
1.20861
1.20884
1.20907
1.20929
1.20951
1.20973
1.20994
1.21015
1.21035
1.21054
1.21073
1.21091
1.21108
1.21125
1.21141
1.21156
1.21171
1.21185
1.21198
1.21211
1.21223
1.21234
1.21245
1.21255
1.21264
1.21273
1.21282
1.2129
1.21297
1.21304
1.21311
1.21317
1.21324
1.2133
1.21335
1.21341
1.21346
1.21352
1.21357
1.21362
1.21368
1.21373
1.21379
1.21385
1.21391
1.21397
1.21404
1.21411
1.21418
1.21426
1.21434
1.21442
1.21451
1.21461
1.21471
1.21481
1.21492
1.21503
1.21516
1.21528
1.21541
1.21555
1.21569
1.21584
1.216
1.21616
1.21633
1.2165
1.21668
1.21686
1.21705
1.21725
1.21745
1.21766
1.21787
1.21808
1.2183
1.21853
1.21876
1.21899
1.21923
1.21947
1.21972
1.21997
1.22022
1.22048
1.22074
1.221
1.22127
1.22153
1.2218
1.22207
1.22234
1.22262
1.22289
1.22317
1.22344
1.22372
1.224
1.22427
1.22455
1.22483
1.22511
1.22538
1.22566
1.22593
1.22621
1.22648
1.22675
1.22702
1.22729
1.22755
1.22781
1.22808
1.22833
1.22859
1.22885
1.2291
1.22935
1.22959
1.22983
1.23007
1.23031
1.23054
1.23077
1.231
1.23122
1.23144
1.23166
1.23187
1.23208
1.23228
1.23249
1.23268
1.23288
1.23306
1.23325
1.23343
1.23361
1.23378
1.23395
1.23411
1.23427
1.23443
1.23458
1.23473
1.23487
1.23501
1.23514
1.23527
1.2354
1.23552
1.23564
1.23575
1.23586
1.23596
1.23606
1.23616
1.23625
1.23634
1.23643
1.23651
1.23658
1.23665
1.23672
1.23678
1.23684
1.2369
1.23695
1.237
1.23704
1.23708
1.23712
1.23715
1.23718
1.2372
1.23723
1.23724
1.23726
1.23727
1.23727
1.23728
1.23728
1.23727
1.23727
1.23725
1.23724
1.23722
1.2372
1.23718
1.23715
1.23712
1.23708
1.23705
1.23701
1.23696
1.23691
1.23686
1.23681
1.23675
1.23669
1.23663
1.23656
1.2365
1.23642
1.23635
1.23627
1.23619
1.2361
1.23602
1.23593
1.23583
1.23573
1.23564
1.23553
1.23543
1.23532
1.2352
1.23509
1.23497
1.23485
1.23472
1.23459
1.23446
1.23433
1.23419
1.23405
1.2339
1.23375
1.2336
1.23344
1.23328
1.23312
1.23295
1.23278
1.2326
1.23242
1.23224
1.23205
1.23186
1.23166
1.23146
1.23125
1.23104
1.23083
1.23061
1.23038
1.23015
1.22992
1.22968
1.22943
1.22918
1.22892
1.22866
1.22839
1.22812
1.22784
1.22755
1.22726
1.22696
1.22666
1.22634
1.22603
1.2257
1.22537
1.22503
1.22469
1.22433
1.22397
1.22361
1.22323
1.22285
1.22246
1.22207
1.22167
1.22126
1.22084
1.22041
1.21998
1.21954
1.2191
1.21865
1.21819
1.21772
1.21725
1.21677
1.21629
1.2158
1.2153
1.2148
1.2143
1.21379
1.21327
1.21275
1.21223
1.21171
1.21118
1.21065
1.21012
1.20959
1.20906
1.20853
1.208
1.20748
1.20695
1.20643
1.20592
1.2054
1.2049
1.2044
1.2039
1.20342
1.20295
1.20248
1.20203
1.20158
1.20115
1.20074
1.20033
1.19995
1.19958
1.19922
1.19888
1.19856
1.19826
1.19798
1.19772
1.19748
1.19726
1.19707
1.19689
1.19674
1.19661
1.19651
1.19643
1.19637
1.19633
1.19632
1.19634
1.19637
1.19643
1.19652
1.19662
1.19675
1.1969
1.19708
1.19727
1.19749
1.19772
1.19798
1.19825
1.19854
1.19885
1.19918
1.19952
1.19987
1.20024
1.20063
1.20102
1.20143
1.20184
1.20227
1.2027
1.20314
1.20359
1.20405
1.20451
1.20497
1.20544
1.20591
1.20638
1.20685
1.20732
1.20779
1.20826
1.20873
1.20919
1.20966
1.21011
1.21056
1.21101
1.21145
1.21189
1.21232
1.21274
1.21315
1.21356
1.21395
1.21434
1.21472
1.21509
1.21545
1.2158
1.21614
1.21647
1.21679
1.2171
1.2174
1.21769
1.21796
1.21823
1.21848
1.21873
1.21896
1.21918
1.21939
1.21959
1.21978
1.21995
1.22012
1.22027
1.22042
1.22055
1.22068
1.22079
1.22089
1.22098
1.22107
1.22114
1.2212
1.22125
1.2213
1.22133
1.22136
1.22138
1.22139
1.22139
1.22138
1.22137
1.22135
1.22132
1.22128
1.22124
1.22119
1.22114
1.22108
1.22101
1.22094
1.22086
1.22078
1.22069
1.2206
1.22051
1.22041
1.2203
1.2202
1.22008
1.21997
1.21985
1.21973
1.21961
1.21949
1.21936
1.21923
1.21909
1.21896
1.21882
1.21868
1.21854
1.2184
1.21825
1.21811
1.21796
1.21781
1.21766
1.2175
1.21735
1.21719
1.21703
1.21687
1.2167
1.21653
1.21637
1.2162
1.21602
1.21585
1.21567
1.21549
1.21531
1.21512
1.21493
1.21474
1.21454
1.21435
1.21415
1.21394
1.21374
1.21353
1.21331
1.2131
1.21288
1.21266
1.21243
1.2122
1.21197
1.21174
1.2115
1.21126
1.21101
1.21077
1.21052
1.21027
1.21002
1.20976
1.20951
1.20925
1.20899
1.20873
1.20846
1.2082
1.20794
1.20767
1.20741
1.20714
1.20688
1.20661
1.20635
1.20609
1.20582
1.20556
1.2053
1.20504
1.20479
1.20453
1.20428
1.20403
1.20378
1.20353
1.20329
1.20305
1.20281
1.20257
1.20234
1.20211
1.20188
1.20166
1.20144
1.20122
1.20101
1.20079
1.20058
1.20038
1.20017
1.19997
1.19977
1.19957
1.19938
1.19919
1.19899
1.19881
1.19862
1.19843
1.19825
1.19807
1.19788
1.1977
1.19752
1.19734
1.19717
1.19699
1.19681
1.19663
1.19645
1.19628
1.1961
1.19592
1.19574
1.19556
1.19538
1.1952
1.19502
1.19484
1.19466
1.19448
1.19429
1.19411
1.19392
1.19374
1.19355
1.19336
1.19318
1.19299
1.1928
1.1926
1.19241
1.19222
1.19203
1.19184
1.19164
1.19145
1.19125
1.19106
1.19086
1.19067
1.19047
1.19028
1.19008
1.18988
1.18969
1.18949
1.1893
1.1891
1.18891
1.18871
1.18852
1.18832
1.18813
1.18793
1.18774
1.18754
1.18735
1.18715
1.18696
1.18677
1.18657
1.18638
1.18619
1.18599
1.1858
1.1856
1.18541
1.18521
1.18502
1.18482
1.18462
1.18443
1.18423
1.18403
1.18383
1.18363
1.18342
1.18322
1.18301
1.1828
1.18259
1.18238
1.18217
1.18195
1.18173
1.18151
1.18129
1.18107
1.18084
1.18061
1.18037
1.18014
1.1799
1.17966
1.17941
1.17916
1.17891
1.17866
1.1784
1.17814
1.17788
1.17761
1.17734
1.17707
1.17679
1.17652
1.17623
1.17595
1.17566
1.17538
1.17509
1.17479
1.1745
1.1742
1.17391
1.17361
1.17331
1.17302
1.17272
1.17242
1.17212
1.17183
1.17154
1.17125
1.17096
1.17068
1.1704
1.17013
1.16986
1.1696
1.16934
1.1691
1.16886
1.16863
1.16841
1.1682
1.168
1.16782
1.16765
1.16749
1.16735
1.16722
1.16711
1.16701
1.16694
1.16688
1.16684
1.16682
1.16682
1.16684
1.16688
1.16695
1.16704
1.16715
1.16728
1.16743
1.16761
1.16782
1.16804
1.16829
1.16856
1.16886
1.16918
1.16952
1.16988
1.17027
1.17068
1.1711
1.17155
1.17202
1.1725
1.17301
1.17353
1.17407
1.17462
1.17518
1.17576
1.17636
1.17696
1.17758
1.1782
1.17883
1.17947
1.18012
1.18077
1.18142
1.18208
1.18274
1.1834
1.18407
1.18473
1.18539
1.18605
1.1867
1.18736
1.188
1.18865
1.18928
1.18991
1.19053
1.19115
1.19175
1.19235
1.19294
1.19352
1.19408
1.19464
1.19519
1.19572
1.19625
1.19676
1.19726
1.19775
1.19823
1.19869
1.19915
1.19959
1.20002
1.20043
1.20083
1.20123
1.2016
1.20197
1.20232
1.20267
1.203
1.20331
1.20362
1.20391
1.20419
1.20447
1.20472
1.20497
1.20521
1.20544
1.20565
1.20586
1.20605
1.20623
1.20641
1.20657
1.20673
1.20687
1.20701
1.20713
1.20725
1.20736
1.20746
1.20755
1.20763
1.2077
1.20777
1.20783
1.20788
1.20792
1.20796
1.20799
1.20801
1.20802
1.20803
1.20803
1.20802
1.20801
1.20799
1.20797
1.20794
1.2079
1.20786
1.20781
1.20776
1.2077
1.20764
1.20757
1.20749
1.20742
1.20733
1.20724
1.20715
1.20705
1.20695
1.20684
1.20673
1.20662
1.2065
1.20638
1.20625
1.20612
1.20598
1.20585
1.2057
1.20556
1.20541
1.20526
1.2051
1.20494
1.20478
1.20462
1.20445
1.20428
1.2041
1.20392
1.20374
1.20356
1.20338
1.20319
1.203
1.2028
1.20261
1.20241
1.20221
1.20201
1.2018
1.2016
1.20139
1.20118
1.20096
1.20075
1.20053
1.20031
1.20009
1.19987
1.19965
1.19942
1.1992
1.19897
1.19874
1.19851
1.19828
1.19805
1.19781
1.19758
1.19734
1.19711
1.19687
1.19664
1.1964
1.19616
1.19592
1.19568
1.19544
1.19521
1.19497
1.19473
1.19449
1.19425
1.19401
1.19378
1.19354
1.1933
1.19307
1.19284
1.1926
1.19237
1.19214
1.19191
1.19168
1.19146
1.19123
1.19101
1.19079
1.19057
1.19036
1.19014
1.18993
1.18972
1.18952
1.18931
1.18911
1.18892
1.18872
1.18853
1.18834
1.18816
1.18798
1.1878
1.18762
1.18745
1.18729
1.18712
1.18697
1.18681
1.18666
1.18651
1.18637
1.18623
1.1861
1.18597
1.18584
1.18572
1.18561
1.18549
1.18539
1.18528
1.18519
1.18509
1.185
1.18492
1.18484
1.18476
1.18469
1.18463
1.18456
1.18451
1.18445
1.1844
1.18436
1.18432
1.18428
1.18425
1.18422
1.1842
1.18418
1.18416
1.18415
1.18414
1.18413
1.18413
1.18413
1.18413
1.18414
1.18415
1.18416
1.18418
1.1842
1.18422
1.18424
1.18427
1.1843
1.18433
1.18436
1.18439
1.18443
1.18447
1.1845
1.18454
1.18459
1.18463
1.18467
1.18472
1.18476
1.18481
1.18486
1.1849
1.18495
1.185
1.18505
1.18509
1.18514
1.18519
1.18524
1.18528
1.18533
1.18537
1.18542
1.18546
1.18551
1.18555
1.18559
1.18563
1.18567
1.18571
1.18575
1.18578
1.18581
1.18585
1.18588
1.18591
1.18593
1.18596
1.18598
1.18601
1.18603
1.18604
1.18606
1.18607
1.18609
1.18609
1.1861
1.18611
1.18611
1.18611
1.18611
1.18611
1.1861
1.18609
1.18608
1.18607
1.18605
1.18603
1.18601
1.18599
1.18597
1.18594
1.18591
1.18588
1.18584
1.1858
1.18576
1.18572
1.18568
1.18563
1.18558
1.18553
1.18548
1.18542
1.18536
1.1853
1.18524
1.18517
1.18511
1.18504
1.18496
1.18489
1.18482
1.18474
1.18466
1.18458
1.18449
1.18441
1.18432
1.18423
1.18414
1.18405
1.18396
1.18386
1.18377
1.18367
1.18357
1.18347
1.18337
1.18327
1.18316
1.18306
1.18295
1.18285
1.18274
1.18263
1.18253
1.18242
1.18231
1.1822
1.18209
1.18198
1.18187
1.18176
1.18165
1.18154
1.18143
1.18133
1.18122
1.18111
1.181
1.1809
1.18079
1.18069
1.18058
1.18048
1.18038
1.18028
1.18018
1.18008
1.17998
1.17989
1.17979
1.1797
1.17961
1.17953
1.17944
1.17935
1.17927
1.17919
1.17911
1.17904
1.17896
1.17889
1.17882
1.17876
1.17869
1.17863
1.17857
1.17852
1.17846
1.17841
1.17836
1.17832
1.17827
1.17823
1.17819
1.17816
1.17813
1.1781
1.17807
1.17805
1.17802
1.17801
1.17799
1.17798
1.17797
1.17796
1.17796
1.17795
1.17795
1.17796
1.17796
1.17797
1.17798
1.17799
1.17801
1.17803
1.17805
1.17807
1.1781
1.17812
1.17815
1.17819
1.17822
1.17825
1.17829
1.17833
1.17837
1.17842
1.17846
1.17851
1.17856
1.17861
1.17866
1.17871
1.17876
1.17882
1.17887
1.17893
1.17899
1.17905
1.17911
1.17917
1.17924
1.1793
1.17936
1.17943
1.17949
1.17956
1.17963
1.17969
1.17976
1.17983
1.1799
1.17997
1.18003
1.1801
1.18017
1.18024
1.18031
1.18038
1.18045
1.18052
1.18059
1.18065
1.18072
1.18079
1.18086
1.18093
1.18099
1.18106
1.18112
1.18119
1.18125
1.18132
1.18138
1.18144
1.18151
1.18157
1.18163
1.18169
1.18175
1.1818
1.18186
1.18192
1.18197
1.18202
1.18208
1.18213
1.18218
1.18223
1.18228
1.18233
1.18237
1.18242
1.18246
1.1825
1.18254
1.18258
1.18262
1.18266
1.18269
1.18272
1.18276
1.18279
1.18282
1.18284
1.18287
1.18289
1.18291
1.18293
1.18295
1.18297
1.18298
1.183
1.18301
1.18302
1.18302
1.18303
1.18303
1.18303
1.18303
1.18303
1.18302
1.18301
1.183
1.18299
1.18297
1.18295
1.18293
1.18291
1.18289
1.18286
1.18283
1.18279
1.18276
1.18272
1.18268
1.18263
1.18259
1.18254
1.18248
1.18243
1.18237
1.18231
1.18224
1.18217
1.1821
1.18203
1.18195
1.18187
1.18178
1.18169
1.1816
1.18151
1.18141
1.18131
1.1812
1.1811
1.18098
1.18087
1.18075
1.18063
1.1805
1.18037
1.18024
1.1801
1.17996
1.17982
1.17967
1.17952
1.17937
1.17921
1.17905
1.17889
1.17872
1.17855
1.17837
1.1782
1.17802
1.17783
1.17765
1.17746
1.17726
1.17707
1.17687
1.17667
1.17646
1.17626
1.17605
1.17583
1.17562
1.1754
1.17518
1.17496
1.17474
1.17452
1.17429
1.17406
1.17383
1.1736
1.17337
1.17314
1.1729
1.17267
1.17243
1.1722
1.17196
1.17172
1.17149
1.17125
1.17101
1.17078
1.17054
1.1703
1.17007
1.16984
1.1696
1.16937
1.16914
1.16891
1.16868
1.16846
1.16823
1.16801
1.16779
1.16757
1.16735
1.16714
1.16693
1.16672
1.16651
1.16631
1.16611
1.16591
1.16572
1.16553
1.16534
1.16516
1.16498
1.1648
1.16463
1.16446
1.16429
1.16413
1.16397
1.16382
1.16367
1.16353
1.16339
1.16326
1.16313
1.163
1.16288
1.16277
1.16266
1.16256
1.16246
1.16237
1.16228
1.1622
1.16213
1.16206
1.16201
1.16195
1.16191
1.16187
1.16184
1.16182
1.16181
1.1618
1.16181
1.16182
1.16185
1.16188
1.16192
1.16197
1.16204
1.16211
1.1622
1.16229
1.1624
1.16252
1.16265
1.16279
1.16295
1.16311
1.16329
1.16349
1.16369
1.16391
1.16414
1.16439
1.16464
1.16491
1.1652
1.1655
1.16581
1.16613
1.16647
1.16682
1.16718
1.16755
1.16794
1.16833
1.16874
1.16917
1.1696
1.17004
1.17049
1.17096
1.17143
1.17191
1.1724
1.1729
1.17341
1.17392
1.17444
1.17497
1.1755
1.17604
1.17658
1.17713
1.17768
1.17823
1.17879
1.17935
1.17991
1.18047
1.18103
1.18159
1.18215
1.18272
1.18328
1.18384
1.18439
1.18495
1.1855
1.18605
1.18659
1.18713
1.18767
1.1882
1.18873
1.18925
1.18977
1.19028
1.19078
1.19128
1.19177
1.19226
1.19274
1.19321
1.19368
1.19413
1.19458
1.19503
1.19546
1.19589
1.19631
1.19672
1.19713
1.19753
1.19791
1.1983
1.19867
1.19903
1.19939
1.19974
1.20008
1.20042
1.20074
1.20106
1.20137
1.20167
1.20197
1.20226
1.20254
1.20281
1.20307
1.20333
1.20358
1.20382
1.20406
1.20429
1.20451
1.20473
1.20493
1.20513
1.20533
1.20552
1.2057
1.20587
1.20604
1.2062
1.20635
1.2065
1.20664
1.20678
1.20691
1.20703
1.20715
1.20726
1.20737
1.20747
1.20756
1.20765
1.20773
1.20781
1.20788
1.20795
1.20801
1.20806
1.20811
1.20815
1.20819
1.20822
1.20825
1.20827
1.20829
1.2083
1.2083
1.2083
1.2083
1.20829
1.20827
1.20825
1.20822
1.20819
1.20815
1.20811
1.20806
1.20801
1.20795
1.20789
1.20782
1.20774
1.20766
1.20758
1.20749
1.20739
1.20729
1.20718
1.20707
1.20695
1.20683
1.2067
1.20656
1.20642
1.20628
1.20613
1.20597
1.20581
1.20564
1.20547
1.20529
1.2051
1.20492
1.20472
1.20452
1.20431
1.2041
1.20388
1.20366
1.20343
1.2032
1.20296
1.20272
1.20247
1.20221
1.20195
1.20169
1.20141
1.20114
1.20086
1.20057
1.20028
1.19998
1.19968
1.19938
1.19907
1.19875
1.19843
1.19811
1.19778
1.19745
1.19711
1.19677
1.19643
1.19608
1.19573
1.19538
1.19502
1.19466
1.19429
1.19393
1.19356
1.19319
1.19281
1.19244
1.19206
1.19168
1.1913
1.19091
1.19053
1.19014
1.18976
1.18937
1.18899
1.1886
1.18822
1.18783
1.18745
1.18706
1.18668
1.1863
1.18592
1.18554
1.18517
1.1848
1.18443
1.18406
1.1837
1.18334
1.18298
1.18263
1.18228
1.18194
1.18161
1.18128
1.18095
1.18063
1.18032
1.18001
1.17971
1.17942
1.17913
1.17886
1.17859
1.17833
1.17808
1.17783
1.1776
1.17737
1.17716
1.17695
1.17676
1.17657
1.1764
1.17624
1.17608
1.17594
1.17581
1.17569
1.17559
1.17549
1.17541
1.17534
1.17528
1.17524
1.1752
1.17518
1.17517
1.17518
1.17519
1.17522
1.17526
1.17532
1.17539
1.17546
1.17556
1.17566
1.17578
1.1759
1.17604
1.17619
1.17636
1.17653
1.17671
1.17691
1.17711
1.17733
1.17756
1.17779
1.17804
1.17829
1.17856
1.17883
1.17911
1.17939
1.17969
1.17999
1.1803
1.18062
1.18094
1.18127
1.1816
1.18194
1.18229
1.18263
1.18299
1.18334
1.1837
1.18407
1.18443
1.1848
1.18517
1.18555
1.18592
1.1863
1.18668
1.18705
1.18743
1.18781
1.1882
1.18858
1.18896
1.18934
1.18972
1.1901
1.19048
1.19086
1.19123
1.19161
1.19198
1.19236
1.19273
1.1931
1.19347
1.19384
1.1942
1.19457
1.19493
1.19529
1.19565
1.196
1.19636
1.19671
1.19706
1.19741
1.19776
1.19811
1.19845
1.19879
1.19913
1.19947
1.1998
1.20014
1.20047
1.2008
1.20113
1.20146
1.20178
1.20211
1.20243
1.20275
1.20307
1.20339
1.2037
1.20402
1.20433
1.20464
1.20495
1.20526
1.20556
1.20587
1.20617
1.20647
1.20677
1.20707
1.20737
1.20766
1.20795
1.20824
1.20853
1.20882
1.2091
1.20939
1.20967
1.20994
1.21022
1.21049
1.21076
1.21103
1.2113
1.21156
1.21182
1.21208
1.21233
1.21258
1.21283
1.21307
1.21331
1.21355
1.21378
1.21401
1.21424
1.21446
1.21468
1.21489
1.2151
1.2153
1.2155
1.21569
1.21588
1.21606
1.21624
1.21641
1.21658
1.21674
1.21689
1.21704
1.21719
1.21732
1.21745
1.21758
1.21769
1.2178
1.21791
1.218
1.21809
1.21817
1.21825
1.21831
1.21837
1.21842
1.21846
1.2185
1.21852
1.21854
1.21855
1.21855
1.21855
1.21853
1.21851
1.21847
1.21843
1.21838
1.21832
1.21825
1.21817
1.21808
1.21798
1.21788
1.21776
1.21763
1.2175
1.21735
1.21719
1.21703
1.21685
1.21667
1.21647
1.21627
1.21605
1.21583
1.21559
1.21535
1.21509
1.21483
1.21455
1.21427
1.21398
1.21367
1.21336
1.21304
1.2127
1.21236
1.21201
1.21165
1.21128
1.21091
1.21052
1.21013
1.20972
1.20931
1.20889
1.20847
1.20803
1.20759
1.20715
1.20669
1.20623
1.20577
1.2053
1.20482
1.20434
1.20385
1.20336
1.20287
1.20237
1.20187
1.20137
1.20087
1.20036
1.19986
1.19935
1.19885
1.19835
1.19785
1.19735
1.19685
1.19636
1.19587
1.19538
1.1949
1.19443
1.19396
1.1935
1.19305
1.1926
1.19216
1.19174
1.19132
1.19092
1.19052
1.19014
1.18977
1.18941
1.18907
1.18874
1.18842
1.18812
1.18783
1.18756
1.1873
1.18706
1.18684
1.18663
1.18644
1.18627
1.18611
1.18597
1.18585
1.18575
1.18566
1.18559
1.18554
1.1855
1.18549
1.18549
1.1855
1.18553
1.18558
1.18564
1.18572
1.18582
1.18593
1.18605
1.18619
1.18634
1.18651
1.18669
1.18688
1.18708
1.18729
1.18752
1.18776
1.188
1.18826
1.18852
1.18879
1.18908
1.18937
1.18966
1.18997
1.19028
1.19059
1.19091
1.19124
1.19157
1.1919
1.19224
1.19258
1.19293
1.19328
1.19363
1.19398
1.19434
1.19469
1.19505
1.19541
1.19577
1.19613
1.19649
1.19685
1.19721
1.19757
1.19793
1.19829
1.19865
1.19901
1.19937
1.19973
1.20008
1.20044
1.20079
1.20115
1.2015
1.20185
1.2022
1.20255
1.2029
1.20324
1.20359
1.20393
1.20427
1.20461
1.20495
1.20529
1.20562
1.20596
1.20629
1.20662
1.20695
1.20728
1.2076
1.20792
1.20825
1.20857
1.20888
1.2092
1.20951
1.20982
1.21013
1.21044
1.21075
1.21105
1.21135
1.21165
1.21194
1.21223
1.21252
1.21281
1.21309
1.21337
1.21365
1.21392
1.2142
1.21446
1.21473
1.21499
1.21524
1.21549
1.21574
1.21599
1.21623
1.21646
1.21669
1.21692
1.21714
1.21736
1.21757
1.21778
1.21798
1.21818
1.21837
1.21856
1.21874
1.21892
1.21909
1.21925
1.21941
1.21957
1.21971
1.21986
1.21999
1.22012
1.22024
1.22036
1.22047
1.22058
1.22067
1.22077
1.22085
1.22093
1.221
1.22107
1.22113
1.22118
1.22123
1.22127
1.2213
1.22133
1.22135
1.22136
1.22137
1.22137
1.22137
1.22136
1.22134
1.22131
1.22128
1.22124
1.2212
1.22115
1.2211
1.22104
1.22097
1.2209
1.22082
1.22073
1.22065
1.22055
1.22045
1.22035
1.22024
1.22012
1.22001
1.21988
1.21976
1.21963
1.21949
1.21936
1.21921
1.21907
1.21892
1.21877
1.21862
1.21847
1.21831
1.21816
1.218
1.21784
1.21768
1.21752
1.21736
1.2172
1.21704
1.21688
1.21672
1.21657
1.21641
1.21626
1.21611
1.21596
1.21582
1.21568
1.21554
1.21541
1.21528
1.21515
1.21503
1.21492
1.21481
1.21471
1.21461
1.21452
1.21443
1.21435
1.21428
1.21422
1.21416
1.21411
1.21406
1.21403
1.214
1.21398
1.21397
1.21396
1.21396
1.21398
1.21399
1.21402
1.21405
1.21409
1.21414
1.2142
1.21426
1.21433
1.21441
1.21449
1.21458
1.21468
1.21478
1.21489
1.21501
1.21512
1.21525
1.21538
1.21551
1.21565
1.21579
1.21593
1.21608
1.21622
1.21638
1.21653
1.21668
1.21684
1.21699
1.21715
1.2173
1.21746
1.21761
1.21777
1.21792
1.21807
1.21821
1.21836
1.2185
1.21864
1.21877
1.2189
1.21903
1.21915
1.21927
1.21938
1.21949
1.21959
1.21968
1.21977
1.21985
1.21992
1.21999
1.22005
1.22011
1.22015
1.22019
1.22022
1.22024
1.22026
1.22026
1.22026
1.22025
1.22023
1.2202
1.22017
1.22012
1.22007
1.22
1.21993
1.21985
1.21976
1.21966
1.21955
1.21943
1.2193
1.21917
1.21902
1.21887
1.2187
1.21853
1.21835
1.21816
1.21796
1.21775
1.21754
1.21731
1.21708
1.21684
1.21659
1.21633
1.21606
1.21579
1.21551
1.21522
1.21492
1.21462
1.21431
1.21399
1.21367
1.21334
1.213
1.21266
1.21231
1.21195
1.2116
1.21123
1.21086
1.21049
1.21011
1.20973
1.20934
1.20896
1.20856
1.20817
1.20777
1.20737
1.20697
1.20657
1.20617
1.20577
1.20536
1.20496
1.20456
1.20415
1.20375
1.20335
1.20296
1.20256
1.20217
1.20178
1.2014
1.20102
1.20064
1.20027
1.1999
1.19954
1.19919
1.19884
1.19849
1.19816
1.19783
1.19751
1.1972
1.19689
1.1966
1.19631
1.19603
1.19576
1.1955
1.19525
1.19501
1.19478
1.19455
1.19434
1.19414
1.19395
1.19377
1.1936
1.19343
1.19328
1.19314
1.19301
1.19289
1.19277
1.19267
1.19257
1.19249
1.19241
1.19234
1.19228
1.19223
1.19218
1.19214
1.19211
1.19209
1.19207
1.19205
1.19205
1.19204
1.19205
1.19205
1.19206
1.19208
1.19209
1.19211
1.19213
1.19215
1.19218
1.19221
1.19223
1.19226
1.19229
1.19231
1.19234
1.19236
1.19239
1.19241
1.19243
1.19245
1.19247
1.19248
1.19249
1.1925
1.19251
1.19251
1.19251
1.19251
1.1925
1.19249
1.19248
1.19246
1.19244
1.19241
1.19238
1.19235
1.19231
1.19227
1.19223
1.19218
1.19213
1.19207
1.19201
1.19195
1.19189
1.19182
1.19175
1.19168
1.1916
1.19152
1.19144
1.19136
1.19127
1.19119
1.1911
1.19101
1.19092
1.19083
1.19074
1.19065
1.19056
1.19047
1.19037
1.19028
1.1902
1.19011
1.19002
1.18994
1.18985
1.18977
1.18969
1.18962
1.18955
1.18948
1.18941
1.18935
1.1893
1.18924
1.1892
1.18915
1.18912
1.18908
1.18906
1.18904
1.18902
1.18902
1.18901
1.18902
1.18903
1.18906
1.18908
1.18912
1.18916
1.18922
1.18928
1.18935
1.18942
1.18951
1.1896
1.18971
1.18982
1.18994
1.19007
1.19021
1.19036
1.19052
1.19068
1.19086
1.19104
1.19123
1.19144
1.19165
1.19186
1.19209
1.19232
1.19257
1.19282
1.19307
1.19334
1.19361
1.19388
1.19417
1.19446
1.19475
1.19505
1.19536
1.19567
1.19598
1.1963
1.19662
1.19694
1.19727
1.1976
1.19793
1.19826
1.19859
1.19893
1.19926
1.19959
1.19993
1.20026
1.20059
1.20092
1.20125
1.20158
1.2019
1.20222
1.20254
1.20285
1.20316
1.20347
1.20377
1.20407
1.20436
1.20465
1.20493
1.20521
1.20548
1.20574
1.206
1.20625
1.20649
1.20673
1.20696
1.20719
1.20741
1.20762
1.20782
1.20802
1.20821
1.20839
1.20857
1.20873
1.20889
1.20904
1.20919
1.20933
1.20946
1.20958
1.2097
1.20981
1.20991
1.21
1.21009
1.21017
1.21024
1.21031
1.21037
1.21042
1.21047
1.21051
1.21054
1.21057
1.21059
1.2106
1.21061
1.21062
1.21061
1.21061
1.21059
1.21057
1.21055
1.21052
1.21049
1.21045
1.2104
1.21035
1.2103
1.21024
1.21018
1.21011
1.21004
1.20997
1.20989
1.20981
1.20973
1.20964
1.20955
1.20945
1.20935
1.20925
1.20915
1.20904
1.20893
1.20882
1.20871
1.20859
1.20847
1.20835
1.20823
1.20811
1.20798
1.20786
1.20773
1.2076
1.20746
1.20733
1.2072
1.20706
1.20693
1.20679
1.20665
1.20651
1.20637
1.20623
1.20609
1.20595
1.20581
1.20567
1.20552
1.20538
1.20524
1.2051
1.20496
1.20481
1.20467
1.20453
1.20439
1.20425
1.20411
1.20397
1.20383
1.20369
1.20355
1.20341
1.20328
1.20314
1.20301
1.20287
1.20274
1.20261
1.20247
1.20234
1.20222
1.20209
1.20196
1.20184
1.20171
1.20159
1.20147
1.20135
1.20123
1.20111
1.20099
1.20088
1.20077
1.20066
1.20055
1.20044
1.20033
1.20023
1.20012
1.20002
1.19992
1.19982
1.19973
1.19963
1.19954
1.19945
1.19936
1.19927
1.19918
1.1991
1.19902
1.19893
1.19886
1.19878
1.1987
1.19863
1.19855
1.19848
1.19841
1.19835
1.19828
1.19822
1.19815
1.19809
1.19803
1.19798
1.19792
1.19786
1.19781
1.19776
1.19771
1.19766
1.19761
1.19756
1.19752
1.19748
1.19743
1.19739
1.19735
1.19731
1.19727
1.19724
1.1972
1.19717
1.19713
1.1971
1.19707
1.19703
1.197
1.19697
1.19694
1.19691
1.19689
1.19686
1.19683
1.19681
1.19678
1.19675
1.19673
1.1967
1.19668
1.19665
1.19663
1.19661
1.19658
1.19656
1.19654
1.19651
1.19649
1.19646
1.19644
1.19642
1.19639
1.19637
1.19634
1.19632
1.19629
1.19627
1.19624
1.19622
1.19619
1.19616
1.19614
1.19611
1.19608
1.19605
1.19602
1.19599
1.19596
1.19593
1.1959
1.19586
1.19583
1.1958
1.19576
1.19573
1.19569
1.19565
1.19562
1.19558
1.19554
1.1955
1.19545
1.19541
1.19537
1.19533
1.19528
1.19523
1.19519
1.19514
1.19509
1.19504
1.19499
1.19494
1.19489
1.19483
1.19478
1.19472
1.19467
1.19461
1.19455
1.19449
1.19443
1.19437
1.19431
1.19424
1.19418
1.19411
1.19405
1.19398
1.19391
1.19384
1.19377
1.1937
1.19363
1.19355
1.19348
1.1934
1.19332
1.19325
1.19317
1.19309
1.19301
1.19293
1.19284
1.19276
1.19268
1.19259
1.19251
1.19242
1.19233
1.19224
1.19215
1.19206
1.19197
1.19188
1.19178
1.19169
1.19159
1.1915
1.1914
1.1913
1.1912
1.1911
1.191
1.1909
1.1908
1.1907
1.19059
1.19049
1.19038
1.19028
1.19017
1.19007
1.18996
1.18985
1.18974
1.18963
1.18952
1.18941
1.1893
1.18919
1.18907
1.18896
1.18884
1.18873
1.18862
1.1885
1.18838
1.18827
1.18815
1.18803
1.18792
1.1878
1.18768
1.18756
1.18744
1.18732
1.1872
1.18708
1.18696
1.18684
1.18672
1.1866
1.18648
1.18635
1.18623
1.18611
1.18599
1.18586
1.18574
1.18562
1.1855
1.18537
1.18525
1.18513
1.185
1.18488
1.18475
1.18463
1.18451
1.18438
1.18426
1.18414
1.18401
1.18389
1.18376
1.18364
1.18351
1.18339
1.18326
1.18314
1.18301
1.18289
1.18276
1.18264
1.18251
1.18239
1.18226
1.18214
1.18201
1.18188
1.18175
1.18163
1.1815
1.18137
1.18124
1.18111
1.18098
1.18085
1.18072
1.18059
1.18045
1.18032
1.18019
1.18005
1.17992
1.17978
1.17964
1.1795
1.17936
1.17922
1.17908
1.17893
1.17878
1.17864
1.17849
1.17834
1.17819
1.17803
1.17788
1.17772
1.17756
1.1774
1.17723
1.17707
1.1769
1.17673
1.17656
1.17638
1.1762
1.17602
1.17584
1.17566
1.17547
1.17528
1.17508
1.17489
1.17469
1.17449
1.17428
1.17407
1.17386
1.17365
1.17343
1.17321
1.17299
1.17276
1.17253
1.1723
1.17206
1.17183
1.17158
1.17134
1.17109
1.17084
1.17059
1.17033
1.17007
1.16981
1.16955
1.16928
1.16901
1.16874
1.16846
1.16819
1.16791
1.16763
1.16735
1.16707
1.16678
1.1665
1.16621
1.16592
1.16563
1.16534
1.16506
1.16477
1.16448
1.16419
1.1639
1.16361
1.16333
1.16304
1.16276
1.16248
1.1622
1.16192
1.16165
1.16138
1.16111
1.16085
1.16059
1.16033
1.16008
1.15984
1.1596
1.15936
1.15913
1.15891
1.15869
1.15848
1.15828
1.15808
1.15789
1.15771
1.15753
1.15737
1.15721
1.15706
1.15693
1.1568
1.15667
1.15656
1.15646
1.15637
1.15629
1.15622
1.15616
1.15611
1.15607
1.15604
1.15602
1.15602
1.15602
1.15604
1.15606
1.1561
1.15615
1.15621
1.15628
1.15636
1.15645
1.15655
1.15666
1.15679
1.15692
1.15706
1.15722
1.15738
1.15755
1.15774
1.15793
1.15813
1.15834
1.15855
1.15878
1.15901
1.15926
1.1595
1.15976
1.16002
1.16029
1.16057
1.16085
1.16113
1.16142
1.16172
1.16202
1.16232
1.16263
1.16294
1.16326
1.16357
1.16389
1.16421
1.16454
1.16486
1.16519
1.16551
1.16584
1.16616
1.16649
1.16681
1.16713
1.16745
1.16777
1.16809
1.1684
1.16872
1.16902
1.16933
1.16963
1.16993
1.17022
1.17051
1.17079
1.17107
1.17134
1.17161
1.17187
1.17213
1.17237
1.17262
1.17285
1.17308
1.1733
1.17351
1.17372
1.17391
1.1741
1.17428
1.17445
1.17462
1.17477
1.17492
1.17505
1.17518
1.1753
1.1754
1.1755
1.17559
1.17567
1.17574
1.1758
1.17585
1.17589
1.17592
1.17593
1.17594
1.17594
1.17593
1.17591
1.17587
1.17583
1.17578
1.17571
1.17564
1.17556
1.17546
1.17536
1.17525
1.17512
1.17499
1.17485
1.1747
1.17454
1.17437
1.1742
1.17401
1.17382
1.17362
1.17341
1.17319
1.17297
1.17274
1.1725
1.17226
1.17201
1.17176
1.1715
1.17124
1.17098
1.17071
1.17044
1.17016
1.16988
1.16961
1.16933
1.16905
1.16877
1.16848
1.16821
1.16793
1.16765
1.16738
1.16711
1.16684
1.16658
1.16632
1.16607
1.16582
1.16558
1.16535
1.16512
1.1649
1.16469
1.16449
1.16429
1.16411
1.16393
1.16377
1.16361
1.16347
1.16333
1.16321
1.1631
1.163
1.16291
1.16283
1.16277
1.16272
1.16267
1.16264
1.16263
1.16262
1.16262
1.16264
1.16267
1.1627
1.16275
1.16281
1.16288
1.16296
1.16305
1.16315
1.16325
1.16337
1.16349
1.16363
1.16376
1.16391
1.16406
1.16422
1.16438
1.16455
1.16473
1.1649
1.16509
1.16527
1.16546
1.16565
1.16584
1.16603
1.16623
1.16642
1.16662
1.16682
1.16701
1.1672
1.1674
1.16759
1.16778
1.16797
1.16815
1.16833
1.16851
1.16869
1.16886
1.16903
1.16919
1.16935
1.16951
1.16966
1.1698
1.16994
1.17008
1.17021
1.17034
1.17046
1.17057
1.17068
1.17079
1.17089
1.17098
1.17107
1.17115
1.17123
1.1713
1.17136
1.17142
1.17148
1.17153
1.17157
1.17161
1.17164
1.17167
1.17169
1.17171
1.17172
1.17173
1.17174
1.17174
1.17173
1.17172
1.17171
1.17169
1.17167
1.17165
1.17162
1.17159
1.17156
1.17152
1.17148
1.17144
1.17139
1.17135
1.1713
1.17125
1.1712
1.17114
1.17109
1.17103
1.17097
1.17091
1.17085
1.1708
1.17074
1.17068
1.17062
1.17056
1.1705
1.17044
1.17038
1.17033
1.17027
1.17022
1.17016
1.17011
1.17006
1.17002
1.16997
1.16993
1.16989
1.16985
1.16981
1.16978
1.16975
1.16972
1.16969
1.16967
1.16965
1.16964
1.16963
1.16962
1.16961
1.16961
1.16962
1.16962
1.16963
1.16964
1.16966
1.16968
1.16971
1.16974
1.16977
1.16981
1.16985
1.16989
1.16994
1.16999
1.17005
1.17011
1.17018
1.17024
1.17032
1.17039
1.17047
1.17055
1.17064
1.17073
1.17083
1.17092
1.17102
1.17113
1.17124
1.17135
1.17146
1.17158
1.1717
1.17182
1.17195
1.17208
1.17221
1.17234
1.17248
1.17262
1.17276
1.17291
1.17306
1.1732
1.17336
1.17351
1.17366
1.17382
1.17398
1.17414
1.1743
1.17446
1.17463
1.1748
1.17496
1.17513
1.1753
1.17547
1.17564
1.17582
1.17599
1.17616
1.17634
1.17651
1.17669
1.17687
1.17704
1.17722
1.1774
1.17757
1.17775
1.17793
1.1781
1.17828
1.17845
1.17863
1.17881
1.17898
1.17915
1.17933
1.1795
1.17967
1.17985
1.18002
1.18019
1.18036
1.18052
1.18069
1.18086
1.18102
1.18118
1.18135
1.18151
1.18167
1.18183
1.18198
1.18214
1.18229
1.18244
1.1826
1.18274
1.18289
1.18304
1.18318
1.18333
1.18347
1.18361
1.18374
1.18388
1.18401
1.18414
1.18427
1.1844
1.18453
1.18465
1.18477
1.18489
1.18501
1.18513
1.18524
1.18535
1.18546
1.18557
1.18568
1.18578
1.18588
1.18598
1.18608
1.18618
1.18627
1.18636
1.18645
1.18654
1.18662
1.18671
1.18679
1.18686
1.18694
1.18702
1.18709
1.18716
1.18723
1.18729
1.18736
1.18742
1.18748
1.18754
1.18759
1.18765
1.1877
1.18775
1.18779
1.18784
1.18788
1.18793
1.18797
1.188
1.18804
1.18807
1.18811
1.18814
1.18816
1.18819
1.18821
1.18824
1.18826
1.18828
1.18829
1.18831
1.18832
1.18834
1.18835
1.18835
1.18836
1.18837
1.18837
1.18837
1.18837
1.18837
1.18837
1.18836
1.18835
1.18835
1.18834
1.18832
1.18831
1.1883
1.18828
1.18827
1.18825
1.18823
1.1882
1.18818
1.18816
1.18813
1.1881
1.18808
1.18805
1.18802
1.18798
1.18795
1.18791
1.18788
1.18784
1.1878
1.18776
1.18772
1.18768
1.18764
1.18759
1.18755
1.1875
1.18745
1.1874
1.18736
1.1873
1.18725
1.1872
1.18715
1.18709
1.18704
1.18698
1.18692
1.18687
1.18681
1.18675
1.18669
1.18663
1.18656
1.1865
1.18644
1.18637
1.18631
1.18624
1.18618
1.18611
1.18604
1.18598
1.18591
1.18584
1.18577
1.1857
1.18563
1.18556
1.18548
1.18541
1.18534
1.18527
1.18519
1.18512
1.18505
1.18497
1.1849
1.18482
1.18475
1.18467
1.1846
1.18452
1.18444
1.18437
1.18429
1.18421
1.18414
1.18406
1.18398
1.1839
1.18383
1.18375
1.18367
1.18359
1.18352
1.18344
1.18336
1.18328
1.1832
1.18312
1.18305
1.18297
1.18289
1.18281
1.18273
1.18265
1.18257
1.1825
1.18242
1.18234
1.18226
1.18218
1.1821
1.18202
1.18195
1.18187
1.18179
1.18171
1.18163
1.18155
1.18147
1.18139
1.18131
1.18123
1.18115
1.18107
1.18099
1.18091
1.18083
1.18075
1.18067
1.18059
1.18051
1.18043
1.18035
1.18027
1.18018
1.1801
1.18002
1.17994
1.17985
1.17977
1.17968
1.1796
1.17951
1.17943
1.17934
1.17926
1.17917
1.17908
1.17899
1.17891
1.17882
1.17873
1.17864
1.17855
1.17845
1.17836
1.17827
1.17818
1.17808
1.17799
1.17789
1.1778
1.1777
1.17761
1.17751
1.17741
1.17731
1.17721
1.17711
1.17701
1.17691
1.17681
1.1767
1.1766
1.1765
1.17639
1.17629
1.17618
1.17608
1.17597
1.17587
1.17576
1.17565
1.17554
1.17544
1.17533
1.17522
1.17511
1.175
1.17489
1.17478
1.17467
1.17456
1.17445
1.17434
1.17423
1.17412
1.17402
1.17391
1.1738
1.17369
1.17358
1.17348
1.17337
1.17326
1.17316
1.17305
1.17295
1.17285
1.17274
1.17264
1.17254
1.17244
1.17234
1.17225
1.17215
1.17206
1.17196
1.17187
1.17178
1.17169
1.1716
1.17152
1.17143
1.17135
1.17127
1.17119
1.17111
1.17104
1.17096
1.17089
1.17082
1.17076
1.17069
1.17063
1.17057
1.17051
1.17045
1.1704
1.17035
1.1703
1.17025
1.17021
1.17017
1.17013
1.17009
1.17005
1.17002
1.16999
1.16996
1.16994
1.16991
1.16989
1.16987
1.16986
1.16984
1.16983
1.16982
1.16981
1.16981
1.1698
1.1698
1.1698
1.1698
1.16981
1.16981
1.16982
1.16983
1.16984
1.16985
1.16986
1.16988
1.16989
1.16991
1.16993
1.16995
1.16996
1.16998
1.17
1.17003
1.17005
1.17007
1.17009
1.17011
1.17013
1.17015
1.17017
1.17019
1.17021
1.17023
1.17025
1.17026
1.17028
1.17029
1.17031
1.17032
1.17033
1.17033
1.17034
1.17034
1.17034
1.17034
1.17033
1.17032
1.17031
1.1703
1.17028
1.17026
1.17023
1.17021
1.17017
1.17014
1.1701
1.17005
1.17
1.16995
1.16989
1.16982
1.16975
1.16968
1.1696
1.16951
1.16942
1.16933
1.16922
1.16911
1.169
1.16888
1.16875
1.16862
1.16848
1.16833
1.16818
1.16802
1.16785
1.16768
1.1675
1.16731
1.16712
1.16692
1.16671
1.1665
1.16628
1.16605
1.16582
1.16558
1.16533
1.16507
1.16481
1.16455
1.16427
1.164
1.16371
1.16342
1.16312
1.16282
1.16252
1.1622
1.16189
1.16157
1.16124
1.16092
1.16058
1.16025
1.15991
1.15957
1.15923
1.15889
1.15854
1.1582
1.15786
1.15751
1.15717
1.15682
1.15648
1.15614
1.15581
1.15548
1.15515
1.15482
1.1545
1.15419
1.15388
1.15358
1.15328
1.15299
1.15271
1.15244
1.15218
1.15193
1.15168
1.15145
1.15123
1.15102
1.15082
1.15063
1.15045
1.15029
1.15014
1.15
1.14987
1.14976
1.14966
1.14957
1.1495
1.14944
1.14939
1.14936
1.14934
1.14933
1.14934
1.14935
1.14938
1.14942
1.14948
1.14954
1.14961
1.1497
1.14979
1.1499
1.15001
1.15013
1.15026
1.1504
1.15054
1.15069
1.15084
1.151
1.15116
1.15132
1.15149
1.15166
1.15183
1.152
1.15216
1.15233
1.1525
1.15266
1.15282
1.15298
1.15313
1.15327
1.15341
1.15355
1.15367
1.15379
1.15389
1.15399
1.15408
1.15415
1.15421
1.15427
1.15431
1.15433
1.15434
1.15434
1.15432
1.15429
1.15424
1.15417
1.15409
1.15399
1.15388
1.15374
1.15359
1.15342
1.15323
1.15303
1.1528
1.15256
1.1523
1.15202
1.15172
1.1514
1.15107
1.15072
1.15035
1.14997
1.14957
1.14916
1.14873
1.14829
1.14784
1.14737
1.1469
1.14641
1.14592
1.14542
1.14492
1.14441
1.1439
1.14338
1.14287
1.14237
1.14186
1.14136
1.14087
1.14039
1.13993
1.13947
1.13904
1.13862
1.13821
1.13784
1.13748
1.13715
1.13685
1.13657
1.13633
1.13612
1.13594
1.13579
1.13568
1.13561
1.13558
1.13558
1.13562
1.1357
1.13581
1.13597
1.13616
1.1364
1.13667
1.13698
1.13732
1.1377
1.13812
1.13857
1.13905
1.13956
1.1401
1.14067
1.14126
1.14188
1.14252
1.14317
1.14385
1.14455
1.14526
1.14598
1.14671
1.14746
1.14821
1.14896
1.14972
1.15048
1.15125
1.15201
1.15277
1.15353
1.15428
1.15502
1.15576
1.15649
1.15721
1.15792
1.15861
1.1593
1.15997
1.16063
1.16128
1.16191
1.16252
1.16313
1.16371
1.16428
1.16484
1.16537
1.1659
1.1664
1.16689
1.16736
1.16782
1.16826
1.16869
1.1691
1.16949
1.16987
1.17023
1.17058
1.17091
1.17123
1.17154
1.17183
1.17211
1.17237
1.17262
1.17286
1.17309
1.1733
1.1735
1.17369
1.17387
1.17404
1.1742
1.17435
1.17448
1.17461
1.17473
1.17484
1.17494
1.17504
1.17512
1.1752
1.17527
1.17533
1.17538
1.17543
1.17547
1.1755
1.17553
1.17555
1.17557
1.17558
1.17558
1.17558
1.17557
1.17556
1.17555
1.17553
1.1755
1.17547
1.17544
1.1754
1.17536
1.17532
1.17527
1.17522
1.17516
1.1751
1.17504
1.17498
1.17491
1.17484
1.17477
1.17469
1.17462
1.17454
1.17445
1.17437
1.17428
1.17419
1.1741
1.17401
1.17392
1.17382
1.17372
1.17362
1.17352
1.17341
1.17331
1.1732
1.17309
1.17298
1.17287
1.17276
1.17265
1.17253
1.17242
1.1723
1.17218
1.17206
1.17194
1.17182
1.17169
1.17157
1.17144
1.17131
1.17119
1.17106
1.17093
1.1708
1.17067
1.17053
1.1704
1.17027
1.17013
1.16999
1.16986
1.16972
1.16958
1.16944
1.1693
1.16916
1.16902
1.16887
1.16873
1.16859
1.16844
1.16829
1.16815
1.168
1.16785
1.1677
1.16755
1.1674
1.16725
1.1671
1.16695
1.16679
1.16664
1.16648
1.16633
1.16617
1.16601
1.16586
1.1657
1.16554
1.16538
1.16522
1.16506
1.1649
1.16473
1.16457
1.16441
1.16424
1.16408
1.16391
1.16375
1.16358
1.16341
1.16325
1.16308
1.16291
1.16274
1.16257
1.1624
1.16223
1.16206
1.16189
1.16172
1.16155
1.16138
1.1612
1.16103
1.16086
1.16069
1.16051
1.16034
1.16017
1.15999
1.15982
1.15965
1.15947
1.1593
1.15912
1.15895
1.15878
1.1586
1.15843
1.15826
1.15808
1.15791
1.15774
1.15756
1.15739
1.15722
1.15705
1.15688
1.15671
1.15654
1.15637
1.1562
1.15604
1.15587
1.15571
1.15554
1.15538
1.15521
1.15505
1.15489
1.15473
1.15457
1.15442
1.15426
1.1541
1.15395
1.1538
1.15365
1.1535
1.15335
1.15321
1.15306
1.15292
1.15278
1.15264
1.1525
1.15237
1.15224
1.15211
1.15198
1.15185
1.15173
1.1516
1.15148
1.15137
1.15125
1.15114
1.15103
1.15092
1.15081
1.15071
1.15061
1.15051
1.15042
1.15032
1.15023
1.15015
1.15006
1.14998
1.1499
1.14983
1.14975
1.14968
1.14962
1.14955
1.14949
1.14943
1.14938
1.14932
1.14927
1.14922
1.14918
1.14914
1.1491
1.14906
1.14903
1.149
1.14897
1.14895
1.14892
1.1489
1.14889
1.14887
1.14886
1.14885
1.14884
1.14884
1.14883
1.14883
1.14884
1.14884
1.14885
1.14885
1.14886
1.14888
1.14889
1.1489
1.14892
1.14894
1.14896
1.14898
1.149
1.14903
1.14905
1.14908
1.1491
1.14913
1.14916
1.14919
1.14921
1.14924
1.14927
1.1493
1.14933
1.14936
1.14939
1.14942
1.14945
1.14948
1.1495
1.14953
1.14956
1.14958
1.1496
1.14963
1.14965
1.14967
1.14969
1.1497
1.14972
1.14973
1.14974
1.14975
1.14975
1.14976
1.14976
1.14975
1.14975
1.14974
1.14973
1.14972
1.1497
1.14968
1.14966
1.14964
1.14961
1.14957
1.14954
1.1495
1.14945
1.1494
1.14935
1.1493
1.14924
1.14917
1.14911
1.14903
1.14896
1.14888
1.1488
1.14871
1.14862
1.14852
1.14842
1.14832
1.14821
1.1481
1.14798
1.14786
1.14774
1.14761
1.14748
1.14735
1.14721
1.14707
1.14693
1.14678
1.14663
1.14648
1.14633
1.14617
1.14601
1.14585
1.14569
1.14553
1.14536
1.1452
1.14503
1.14486
1.1447
1.14453
1.14437
1.1442
1.14404
1.14387
1.14371
1.14355
1.1434
1.14324
1.14309
1.14295
1.1428
1.14266
1.14253
1.1424
1.14228
1.14216
1.14204
1.14194
1.14183
1.14174
1.14165
1.14157
1.1415
1.14144
1.14138
1.14134
1.1413
1.14127
1.14125
1.14124
1.14123
1.14124
1.14126
1.14129
1.14133
1.14137
1.14143
1.1415
1.14158
1.14167
1.14176
1.14187
1.14199
1.14212
1.14225
1.1424
1.14256
1.14272
1.1429
1.14308
1.14327
1.14347
1.14368
1.1439
1.14412
1.14435
1.14458
1.14483
1.14508
1.14533
1.14559
1.14585
1.14612
1.14639
1.14667
1.14695
1.14723
1.14751
1.1478
1.14809
1.14838
1.14867
1.14895
1.14924
1.14953
1.14982
1.1501
1.15039
1.15067
1.15094
1.15122
1.15149
1.15176
1.15202
1.15227
1.15253
1.15277
1.15301
1.15325
1.15347
1.15369
1.1539
1.15411
1.1543
1.15449
1.15466
1.15483
1.15499
1.15514
1.15527
1.1554
1.15551
1.15562
1.15571
1.15579
1.15585
1.15591
1.15595
1.15597
1.15598
1.15598
1.15596
1.15593
1.15589
1.15582
1.15574
1.15565
1.15554
1.15541
1.15527
1.1551
1.15492
1.15473
1.15451
1.15428
1.15403
1.15376
1.15347
1.15317
1.15284
1.1525
1.15214
1.15176
1.15136
1.15095
1.15052
1.15007
1.1496
1.14911
1.14861
1.1481
1.14757
1.14702
1.14646
1.14589
1.14531
1.14471
1.14411
1.14349
1.14287
1.14224
1.14161
1.14097
1.14034
1.1397
1.13906
1.13843
1.1378
1.13717
1.13656
1.13596
1.13537
1.13479
1.13423
1.13369
1.13317
1.13267
1.1322
1.13175
1.13134
1.13095
1.13059
1.13027
1.12998
1.12973
1.12951
1.12933
1.1292
1.1291
1.12904
1.12903
1.12906
1.12913
1.12924
1.12939
1.12958
1.12982
1.13009
1.1304
1.13076
1.13115
1.13157
1.13203
1.13252
1.13304
1.1336
1.13418
1.13479
1.13542
1.13607
1.13674
1.13744
1.13814
1.13887
1.1396
1.14035
1.1411
1.14187
1.14263
1.14341
1.14418
1.14495
1.14573
1.1465
1.14726
1.14802
1.14878
1.14953
1.15027
1.151
1.15172
1.15242
1.15312
1.15381
1.15448
1.15514
1.15578
1.15641
1.15703
1.15763
1.15821
1.15879
1.15934
1.15988
1.16041
1.16092
1.16141
1.16189
1.16236
1.16281
1.16324
1.16367
1.16407
1.16447
1.16484
1.16521
1.16556
1.1659
1.16623
1.16654
1.16684
1.16713
1.16741
1.16768
1.16793
1.16818
1.16841
1.16864
1.16885
1.16906
1.16925
1.16944
1.16962
1.16979
1.16995
1.1701
1.17024
1.17038
1.17051
1.17063
1.17075
1.17086
1.17096
1.17106
1.17115
1.17123
1.17131
1.17138
1.17145
1.17151
1.17157
1.17162
1.17167
1.17171
1.17175
1.17178
1.17181
1.17183
1.17185
1.17187
1.17188
1.17189
1.17189
1.1719
1.17189
1.17189
1.17188
1.17186
1.17185
1.17183
1.17181
1.17178
1.17175
1.17172
1.17169
1.17165
1.17161
1.17156
1.17152
1.17147
1.17142
1.17136
1.1713
1.17124
1.17118
1.17112
1.17105
1.17098
1.1709
1.17083
1.17075
1.17067
1.17059
1.1705
1.17041
1.17032
1.17023
1.17013
1.17003
1.16993
1.16983
1.16972
1.16961
1.1695
1.16938
1.16927
1.16915
1.16903
1.1689
1.16878
1.16865
1.16852
1.16838
1.16824
1.16811
1.16796
1.16782
1.16767
1.16752
1.16737
1.16721
1.16706
1.1669
1.16673
1.16657
1.1664
1.16623
1.16606
1.16588
1.1657
1.16552
1.16534
1.16515
1.16496
1.16477
1.16458
1.16438
1.16419
1.16398
1.16378
1.16357
1.16337
1.16316
1.16294
1.16273
1.16251
1.16229
1.16207
1.16184
1.16162
1.16139
1.16116
1.16093
1.1607
1.16046
1.16022
1.15999
1.15975
1.15951
1.15927
1.15902
1.15878
1.15853
1.15829
1.15804
1.1578
1.15755
