0.0509017
0.0507941
0.0506872
0.050581
0.0504757
0.0503712
0.0502675
0.0501647
0.0500627
0.0499617
0.0498615
0.0497622
0.0496637
0.0495662
0.0494695
0.0493737
0.0492786
0.0491844
0.049091
0.0489983
0.0489064
0.0488152
0.0487246
0.0486346
0.0485452
0.0484563
0.048368
0.0482801
0.0481925
0.0481054
0.0480185
0.0479319
0.0478454
0.0477592
0.0476729
0.0475868
0.0475006
0.0474143
0.0473279
0.0472413
0.0471544
0.0470673
0.0469798
0.046892
0.0468036
0.0467148
0.0466255
0.0465355
0.0464449
0.0463537
0.0462617
0.046169
0.0460755
0.0459812
0.045886
0.04579
0.045693
0.0455952
0.0454964
0.0453967
0.045296
0.0451943
0.0450916
0.044988
0.0448833
0.0447777
0.0446711
0.0445636
0.0444551
0.0443457
0.0442353
0.0441241
0.0440119
0.043899
0.0437852
0.0436706
0.0435553
0.0434393
0.0433226
0.0432053
0.0430874
0.0429689
0.04285
0.0427306
0.0426108
0.0424906
0.0423702
0.0422496
0.0421287
0.0420077
0.0418867
0.0417656
0.0416446
0.0415236
0.0414029
0.0412823
0.041162
0.041042
0.0409224
0.0408033
0.0406846
0.0405665
0.040449
0.0403321
0.040216
0.0401006
0.039986
0.0398723
0.0397595
0.0396476
0.0395368
0.039427
0.0393182
0.0392107
0.0391043
0.0389991
0.0388951
0.0387925
0.0386911
0.0385911
0.0384926
0.0383954
0.0382997
0.0382055
0.0381127
0.0380216
0.0379319
0.0378439
0.0377575
0.0376727
0.0375895
0.037508
0.0374282
0.0373501
0.0372737
0.0371991
0.0371262
0.037055
0.0369857
0.0369181
0.0368523
0.0367883
0.0367262
0.0366658
0.0366073
0.0365507
0.0364959
0.0364429
0.0363918
0.0363425
0.0362952
0.0362497
0.0362061
0.0361643
0.0361245
0.0360866
0.0360505
0.0360164
0.0359841
0.0359538
0.0359254
0.0358989
0.0358743
0.0358516
0.0358309
0.0358121
0.0357952
0.0357803
0.0357673
0.0357563
0.0357472
0.0357401
0.0357349
0.0357317
0.0357305
0.0357313
0.0357341
0.0357389
0.0357457
0.0357545
0.0357653
0.0357782
0.0357931
0.0358101
0.0358291
0.0358502
0.0358735
0.0358988
0.0359262
0.0359558
0.0359875
0.0360214
0.0360575
0.0360958
0.0361362
0.036179
0.0362239
0.0362712
0.0363207
0.0363726
0.0364268
0.0364833
0.0365422
0.0366036
0.0366673
0.0367335
0.0368022
0.0368734
0.0369471
0.0370234
0.0371023
0.0371838
0.0372679
0.0373547
0.0374443
0.0375365
0.0376315
0.0377293
0.03783
0.0379335
0.0380399
0.0381492
0.0382615
0.0383767
0.038495
0.0386164
0.0387408
0.0388683
0.038999
0.0391328
0.0392698
0.0394101
0.0395536
0.0397004
0.0398505
0.040004
0.0401607
0.0403209
0.0404844
0.0406514
0.0408218
0.0409956
0.0411728
0.0413535
0.0415376
0.0417251
0.0419161
0.0421106
0.0423084
0.0425097
0.0427143
0.0429223
0.0431335
0.0433481
0.0435659
0.0437869
0.044011
0.0442382
0.0444684
0.0447015
0.0449375
0.0451762
0.0454175
0.0456614
0.0459077
0.0461563
0.0464071
0.0466599
0.0469145
0.0471709
0.0474288
0.0476881
0.0479486
0.04821
0.0484722
0.0487349
0.0489979
0.0492611
0.049524
0.0497866
0.0500485
0.0503094
0.0505691
0.0508273
0.0510838
0.0513381
0.05159
0.0518393
0.0520855
0.0523284
0.0525676
0.0528029
0.053034
0.0532604
0.0534819
0.0536982
0.053909
0.0541139
0.0543127
0.054505
0.0546906
0.0548692
0.0550405
0.0552043
0.0553603
0.0555083
0.0556481
0.0557794
0.0559021
0.0560159
0.0561208
0.0562166
0.0563031
0.0563803
0.0564481
0.0565064
0.0565551
0.0565942
0.0566238
0.0566438
0.0566543
0.0566552
0.0566467
0.0566289
0.0566019
0.0565658
0.0565206
0.0564667
0.0564041
0.0563331
0.0562538
0.0561665
0.0560714
0.0559687
0.0558587
0.0557416
0.0556178
0.0554875
0.0553509
0.0552084
0.0550602
0.0549068
0.0547482
0.054585
0.0544173
0.0542455
0.0540698
0.0538907
0.0537083
0.053523
0.0533351
0.0531449
0.0529526
0.0527585
0.052563
0.0523662
0.0521685
0.05197
0.0517711
0.0515719
0.0513728
0.0511738
0.0509753
0.0507775
0.0505804
0.0503844
0.0501896
0.0499962
0.0498043
0.0496141
0.0494257
0.0492393
0.049055
0.0488729
0.0486931
0.0485157
0.0483409
0.0481686
0.0479991
0.0478323
0.0476684
0.0475073
0.0473492
0.0471941
0.047042
0.046893
0.0467471
0.0466043
0.0464647
0.0463282
0.0461949
0.0460649
0.045938
0.0458143
0.0456938
0.0455765
0.0454623
0.0453514
0.0452435
0.0451389
0.0450373
0.0449388
0.0448434
0.0447511
0.0446617
0.0445754
0.044492
0.0444115
0.044334
0.0442593
0.0441874
0.0441183
0.044052
0.0439884
0.0439275
0.0438693
0.0438136
0.0437606
0.0437101
0.043662
0.0436165
0.0435733
0.0435325
0.0434941
0.043458
0.0434242
0.0433926
0.0433632
0.0433359
0.0433108
0.0432877
0.0432667
0.0432478
0.0432308
0.0432157
0.0432026
0.0431913
0.0431819
0.0431743
0.0431684
0.0431643
0.0431619
0.0431612
0.0431622
0.0431648
0.0431689
0.0431746
0.0431819
0.0431907
0.0432009
0.0432126
0.0432257
0.0432402
0.0432561
0.0432734
0.0432919
0.0433118
0.0433329
0.0433553
0.0433789
0.0434037
0.0434298
0.0434569
0.0434852
0.0435147
0.0435452
0.0435768
0.0436095
0.0436432
0.0436779
0.0437137
0.0437504
0.0437881
0.0438268
0.0438663
0.0439068
0.0439482
0.0439905
0.0440337
0.0440777
0.0441226
0.0441682
0.0442147
0.044262
0.0443101
0.0443589
0.0444085
0.0444588
0.0445098
0.0445616
0.0446141
0.0446672
0.0447211
0.0447756
0.0448307
0.0448865
0.0449429
0.0449999
0.0450576
0.0451158
0.0451746
0.045234
0.045294
0.0453545
0.0454156
0.0454772
0.0455393
0.0456019
0.045665
0.0457286
0.0457927
0.0458573
0.0459223
0.0459878
0.0460538
0.0461201
0.0461869
0.0462542
0.0463218
0.0463898
0.0464582
0.046527
0.0465962
0.0466658
0.0467357
0.0468059
0.0468765
0.0469474
0.0470187
0.0470902
0.0471621
0.0472343
0.0473067
0.0473795
0.0474525
0.0475258
0.0475993
0.0476731
0.0477471
0.0478214
0.0478959
0.0479706
0.0480455
0.0481207
0.048196
0.0482715
0.0483472
0.0484231
0.0484991
0.0485753
0.0486516
0.0487281
0.0488047
0.0488815
0.0489584
0.0490353
0.0491124
0.0491896
0.0492669
0.0493442
0.0494217
0.0494992
0.0495767
0.0496544
0.049732
0.0498097
0.0498875
0.0499652
0.050043
0.0501208
0.0501986
0.0502764
0.0503541
0.0504319
0.0505096
0.0505873
0.050665
0.0507426
0.0508201
0.0508976
0.050975
0.0510524
0.0511296
0.0512068
0.0512838
0.0513608
0.0514376
0.0515143
0.0515909
0.0516674
0.0517437
0.0518198
0.0518958
0.0519716
0.0520472
0.0521226
0.0521979
0.0522729
0.0523477
0.0524224
0.0524967
0.0525709
0.0526448
0.0527184
0.0527918
0.0528649
0.0529378
0.0530103
0.0530826
0.0531545
0.0532262
0.0532975
0.0533684
0.0534391
0.0535094
0.0535793
0.0536489
0.0537181
0.0537869
0.0538554
0.0539234
0.053991
0.0540583
0.0541251
0.0541915
0.0542574
0.0543229
0.054388
0.0544526
0.0545168
0.0545805
0.0546437
0.0547065
0.0547688
0.0548306
0.0548919
0.0549528
0.0550131
0.055073
0.0551324
0.0551913
0.0552497
0.0553076
0.0553651
0.055422
0.0554785
0.0555346
0.0555901
0.0556452
0.0556998
0.055754
0.0558078
0.0558611
0.055914
0.0559664
0.0560185
0.0560702
0.0561215
0.0561725
0.0562231
0.0562734
0.0563233
0.056373
0.0564224
0.0564715
0.0565204
0.056569
0.0566174
0.0566656
0.0567137
0.0567616
0.0568093
0.056857
0.0569045
0.056952
0.0569994
0.0570468
0.0570941
0.0571415
0.0571888
0.0572362
0.0572836
0.0573311
0.0573787
0.0574263
0.057474
0.0575219
0.0575698
0.0576178
0.057666
0.0577143
0.0577627
0.0578112
0.0578598
0.0579086
0.0579574
0.0580063
0.0580553
0.0581044
0.0581535
0.0582026
0.0582516
0.0583007
0.0583497
0.0583985
0.0584473
0.0584958
0.0585442
0.0585922
0.05864
0.0586873
0.0587343
0.0587808
0.0588268
0.0588722
0.0589169
0.0589609
0.0590041
0.0590465
0.0590879
0.0591284
0.0591678
0.0592061
0.0592431
0.0592789
0.0593133
0.0593463
0.0593778
0.0594077
0.0594359
0.0594624
0.0594871
0.05951
0.0595309
0.0595498
0.0595667
0.0595814
0.0595939
0.0596042
0.0596122
0.0596179
0.0596212
0.059622
0.0596204
0.0596163
0.0596096
0.0596004
0.0595885
0.0595741
0.0595571
0.0595374
0.0595151
0.0594901
0.0594625
0.0594323
0.0593995
0.0593641
0.0593261
0.0592855
0.0592424
0.0591968
0.0591488
0.0590983
0.0590454
0.0589902
0.0589327
0.058873
0.058811
0.058747
0.0586808
0.0586126
0.0585425
0.0584704
0.0583966
0.0583209
0.0582436
0.0581646
0.058084
0.0580019
0.0579184
0.0578335
0.0577474
0.0576599
0.0575714
0.0574817
0.0573911
0.0572994
0.0572069
0.0571136
0.0570195
0.0569248
0.0568294
0.0567335
0.0566371
0.0565402
0.0564431
0.0563456
0.0562479
0.0561501
0.0560521
0.0559541
0.0558562
0.0557583
0.0556606
0.0555631
0.0554659
0.055369
0.0552725
0.0551765
0.055081
0.054986
0.0548918
0.0547982
0.0547054
0.0546134
0.0545223
0.0544321
0.054343
0.054255
0.0541681
0.0540824
0.053998
0.0539149
0.0538332
0.0537529
0.0536742
0.0535971
0.0535217
0.0534479
0.053376
0.0533059
0.0532377
0.0531715
0.0531073
0.0530453
0.0529853
0.0529277
0.0528723
0.0528192
0.0527685
0.0527203
0.0526746
0.0526314
0.0525908
0.0525529
0.0525177
0.0524852
0.0524555
0.0524286
0.0524046
0.0523834
0.0523651
0.0523497
0.0523372
0.0523277
0.0523211
0.0523175
0.0523167
0.0523189
0.052324
0.052332
0.0523428
0.0523565
0.0523729
0.052392
0.0524137
0.052438
0.0524649
0.0524941
0.0525257
0.0525595
0.0525954
0.0526334
0.0526732
0.0527147
0.0527579
0.0528025
0.0528484
0.0528954
0.0529434
0.0529921
0.0530415
0.0530913
0.0531412
0.0531912
0.0532409
0.0532902
0.0533389
0.0533868
0.0534335
0.053479
0.0535229
0.0535651
0.0536054
0.0536435
0.0536792
0.0537123
0.0537426
0.0537699
0.053794
0.0538147
0.053832
0.0538455
0.0538551
0.0538608
0.0538624
0.0538597
0.0538527
0.0538413
0.0538254
0.0538049
0.0537799
0.0537503
0.053716
0.0536772
0.0536338
0.0535858
0.0535334
0.0534765
0.0534154
0.05335
0.0532805
0.053207
0.0531297
0.0530487
0.0529642
0.0528764
0.0527854
0.0526915
0.0525948
0.0524956
0.052394
0.0522903
0.0521847
0.0520775
0.0519688
0.0518589
0.0517481
0.0516365
0.0515243
0.0514119
0.0512994
0.0511871
0.0510751
0.0509637
0.0508531
0.0507435
0.050635
0.0505279
0.0504224
0.0503186
0.0502166
0.0501167
0.050019
0.0499236
0.0498307
0.0497404
0.0496528
0.049568
0.0494862
0.0494074
0.0493317
0.0492593
0.0491901
0.0491242
0.0490618
0.0490028
0.0489474
0.0488955
0.0488471
0.0488024
0.0487614
0.0487239
0.0486902
0.0486602
0.0486338
0.0486112
0.0485922
0.0485769
0.0485653
0.0485574
0.0485531
0.0485524
0.0485553
0.0485618
0.0485719
0.0485855
0.0486025
0.048623
0.048647
0.0486743
0.048705
0.0487389
0.0487762
0.0488166
0.0488603
0.0489071
0.0489569
0.0490099
0.0490658
0.0491247
0.0491865
0.0492512
0.0493187
0.049389
0.0494621
0.0495378
0.0496161
0.0496971
0.0497806
0.0498666
0.0499551
0.050046
0.0501392
0.0502348
0.0503327
0.0504328
0.0505351
0.0506396
0.0507462
0.0508548
0.0509655
0.0510781
0.0511927
0.0513092
0.0514276
0.0515478
0.0516698
0.0517936
0.051919
0.0520461
0.0521749
0.0523052
0.0524371
0.0525706
0.0527055
0.0528419
0.0529796
0.0531188
0.0532592
0.053401
0.0535441
0.0536883
0.0538338
0.0539804
0.0541281
0.0542769
0.0544268
0.0545776
0.0547294
0.0548821
0.0550357
0.0551902
0.0553454
0.0555014
0.0556581
0.0558155
0.0559736
0.0561322
0.0562913
0.0564509
0.056611
0.0567715
0.0569323
0.0570934
0.0572547
0.0574163
0.0575779
0.0577397
0.0579014
0.0580631
0.0582247
0.0583861
0.0585474
0.0587083
0.0588688
0.059029
0.0591886
0.0593477
0.0595061
0.0596638
0.0598207
0.0599768
0.0601319
0.0602861
0.0604391
0.0605909
0.0607415
0.0608907
0.0610385
0.0611848
0.0613295
0.0614726
0.0616138
0.0617532
0.0618907
0.0620261
0.0621594
0.0622905
0.0624193
0.0625457
0.0626696
0.062791
0.0629098
0.0630258
0.063139
0.0632494
0.0633567
0.063461
0.0635622
0.0636602
0.0637549
0.0638463
0.0639343
0.0640188
0.0640997
0.0641771
0.0642508
0.0643208
0.0643871
0.0644495
0.0645081
0.0645629
0.0646137
0.0646606
0.0647035
0.0647425
0.0647774
0.0648084
0.0648353
0.0648582
0.0648771
0.064892
0.0649028
0.0649097
0.0649127
0.0649116
0.0649067
0.0648979
0.0648853
0.0648688
0.0648486
0.0648247
0.0647971
0.064766
0.0647313
0.0646932
0.0646516
0.0646067
0.0645585
0.0645072
0.0644527
0.0643952
0.0643347
0.0642714
0.0642053
0.0641364
0.064065
0.063991
0.0639146
0.0638358
0.0637548
0.0636716
0.0635863
0.063499
0.0634097
0.0633187
0.0632259
0.0631315
0.0630355
0.0629381
0.0628392
0.062739
0.0626376
0.0625351
0.0624315
0.0623269
0.0622213
0.062115
0.0620078
0.0619
0.0617915
0.0616825
0.0615729
0.0614629
0.0613526
0.061242
0.0611311
0.06102
0.0609087
0.0607974
0.0606861
0.0605748
0.0604635
0.0603524
0.0602414
0.0601307
0.0600202
0.0599099
0.0598001
0.0596906
0.0595815
0.0594728
0.0593647
0.059257
0.0591499
0.0590434
0.0589375
0.0588322
0.0587276
0.0586237
0.0585205
0.058418
0.0583163
0.0582153
0.0581152
0.0580158
0.0579173
0.0578196
0.0577228
0.0576269
0.0575318
0.0574376
0.0573443
0.057252
0.0571605
0.05707
0.0569804
0.0568917
0.0568039
0.0567171
0.0566312
0.0565462
0.0564621
0.056379
0.0562968
0.0562155
0.0561351
0.0560556
0.055977
0.0558992
0.0558224
0.0557464
0.0556713
0.055597
0.0555235
0.0554509
0.0553791
0.0553081
0.0552379
0.0551685
0.0550998
0.0550319
0.0549647
0.0548983
0.0548326
0.0547676
0.0547033
0.0546397
0.0545768
0.0545146
0.0544531
0.0543922
0.0543319
0.0542724
0.0542134
0.0541552
0.0540975
0.0540406
0.0539842
0.0539285
0.0538735
0.0538191
0.0537654
0.0537123
0.0536599
0.0536082
0.0535571
0.0535068
0.0534572
0.0534083
0.0533602
0.0533128
0.0532662
0.0532204
0.0531754
0.0531312
0.0530879
0.0530455
0.053004
0.0529635
0.0529239
0.0528852
0.0528477
0.0528111
0.0527757
0.0527413
0.0527081
0.0526761
0.0526453
0.0526157
0.0525875
0.0525606
0.052535
0.0525108
0.0524881
0.0524669
0.0524472
0.0524291
0.0524126
0.0523977
0.0523845
0.0523731
0.0523635
0.0523557
0.0523497
0.0523457
0.0523437
0.0523436
0.0523456
0.0523498
0.052356
0.0523645
0.0523752
0.0523882
0.0524036
0.0524213
0.0524415
0.0524641
0.0524893
0.0525171
0.0525474
0.0525804
0.0526162
0.0526546
0.0526959
0.05274
0.052787
0.0528369
0.0528897
0.0529456
0.0530045
0.0530664
0.0531314
0.0531995
0.0532708
0.0533453
0.0534229
0.0535038
0.0535879
0.0536752
0.0537657
0.0538595
0.0539565
0.0540568
0.0541602
0.0542669
0.0543767
0.0544897
0.0546057
0.0547248
0.0548468
0.0549718
0.0550996
0.0552301
0.0553634
0.0554992
0.0556374
0.0557779
0.0559207
0.0560654
0.0562121
0.0563604
0.0565102
0.0566613
0.0568136
0.0569667
0.0571205
0.0572746
0.0574288
0.057583
0.0577366
0.0578896
0.0580414
0.0581919
0.0583408
0.0584875
0.0586319
0.0587736
0.0589122
0.0590473
0.0591786
0.0593056
0.0594282
0.0595458
0.0596581
0.0597648
0.0598654
0.0599598
0.0600474
0.0601281
0.0602015
0.0602672
0.0603252
0.060375
0.0604164
0.0604494
0.0604735
0.0604888
0.060495
0.0604921
0.06048
0.0604586
0.0604279
0.0603879
0.0603386
0.0602801
0.0602125
0.0601359
0.0600505
0.0599564
0.0598537
0.0597429
0.0596239
0.0594973
0.0593631
0.0592218
0.0590735
0.0589188
0.0587578
0.058591
0.0584186
0.0582412
0.058059
0.0578723
0.0576817
0.0574874
0.0572899
0.0570895
0.0568865
0.0566813
0.0564743
0.0562658
0.0560561
0.0558456
0.0556346
0.0554233
0.055212
0.0550011
0.0547908
0.0545813
0.0543728
0.0541656
0.0539599
0.0537559
0.0535537
0.0533535
0.0531555
0.0529597
0.0527664
0.0525755
0.0523873
0.0522018
0.0520191
0.0518393
0.0516623
0.0514883
0.0513172
0.0511492
0.0509842
0.0508222
0.0506633
0.0505074
0.0503545
0.0502046
0.0500577
0.0499137
0.0497727
0.0496345
0.0494991
0.0493666
0.0492368
0.0491096
0.0489851
0.0488632
0.0487438
0.0486268
0.0485122
0.0483999
0.0482899
0.048182
0.0480763
0.0479726
0.0478709
0.0477711
0.0476731
0.047577
0.0474825
0.0473896
0.0472983
0.0472086
0.0471202
0.0470333
0.0469476
0.0468632
0.0467799
0.0466978
0.0466168
0.0465367
0.0464576
0.0463794
0.0463021
0.0462255
0.0461497
0.0460746
0.0460001
0.0459263
0.045853
0.0457803
0.045708
0.0456362
0.0455648
0.0454938
0.0454231
0.0453528
0.0452827
0.045213
0.0451435
0.0450742
0.0450051
0.0449362
0.0448675
0.044799
0.0447306
0.0446623
0.0445942
0.0445262
0.0444583
0.0443905
0.0443228
0.0442552
0.0441877
0.0441204
0.0440531
0.0439859
0.0439189
0.0438519
0.0437851
0.0437184
0.0436519
0.0435855
0.0435193
0.0434533
0.0433874
0.0433217
0.0432563
0.0431911
0.0431261
0.0430614
0.0429969
0.0429328
0.0428689
0.0428054
0.0427423
0.0426795
0.042617
0.042555
0.0424934
0.0424322
0.0423715
0.0423112
0.0422515
0.0421923
0.0421336
0.0420754
0.0420178
0.0419608
0.0419045
0.0418487
0.0417936
0.0417391
0.0416854
0.0416323
0.04158
0.0415284
0.0414775
0.0414275
0.0413782
0.0413297
0.041282
0.0412352
0.0411892
0.0411441
0.0410999
0.0410565
0.0410141
0.0409726
0.0409321
0.0408925
0.0408538
0.0408162
0.0407795
0.0407439
0.0407092
0.0406756
0.040643
0.0406115
0.040581
0.0405516
0.0405232
0.040496
0.0404698
0.0404448
0.0404209
0.040398
0.0403764
0.0403558
0.0403364
0.0403182
0.0403011
0.0402852
0.0402704
0.0402569
0.0402445
0.0402333
0.0402233
0.0402145
0.0402068
0.0402004
0.0401953
0.0401913
0.0401885
0.040187
0.0401867
0.0401876
0.0401897
0.0401931
0.0401977
0.0402035
0.0402106
0.0402189
0.0402284
0.0402391
0.0402511
0.0402644
0.0402788
0.0402945
0.0403114
0.0403295
0.0403489
0.0403694
0.0403912
0.0404142
0.0404384
0.0404638
0.0404904
0.0405182
0.0405472
0.0405774
0.0406087
0.0406412
0.0406748
0.0407096
0.0407455
0.0407826
0.0408208
0.04086
0.0409004
0.0409419
0.0409844
0.041028
0.0410727
0.0411183
0.041165
0.0412127
0.0412614
0.041311
0.0413616
0.0414132
0.0414656
0.041519
0.0415732
0.0416283
0.0416842
0.041741
0.0417985
0.0418569
0.0419159
0.0419757
0.0420362
0.0420974
0.0421592
0.0422217
0.0422847
0.0423484
0.0424125
0.0424772
0.0425424
0.042608
0.0426741
0.0427406
0.0428074
0.0428746
0.0429421
0.0430098
0.0430778
0.0431461
0.0432145
0.043283
0.0433517
0.0434204
0.0434892
0.043558
0.0436268
0.0436956
0.0437643
0.0438328
0.0439012
0.0439694
0.0440374
0.0441052
0.0441727
0.0442398
0.0443067
0.0443731
0.0444392
0.0445048
0.0445699
0.0446346
0.0446987
0.0447623
0.0448253
0.0448877
0.0449494
0.0450105
0.045071
0.0451307
0.0451897
0.0452479
0.0453054
0.0453621
0.0454179
0.045473
0.0455272
0.0455805
0.045633
0.0456846
0.0457353
0.0457851
0.0458339
0.0458819
0.0459289
0.0459749
0.04602
0.0460642
0.0461074
0.0461497
0.046191
0.0462313
0.0462707
0.0463091
0.0463466
0.0463832
0.0464188
0.0464535
0.0464873
0.0465202
0.0465522
0.0465832
0.0466135
0.0466428
0.0466714
0.046699
0.0467259
0.046752
0.0467773
0.0468018
0.0468256
0.0468486
0.046871
0.0468927
0.0469136
0.046934
0.0469537
0.0469728
0.0469914
0.0470093
0.0470268
0.0470437
0.0470601
0.047076
0.0470915
0.0471065
0.0471211
0.0471354
0.0471492
0.0471627
0.0471759
0.0471888
0.0472013
0.0472136
0.0472257
0.0472374
0.047249
0.0472604
0.0472715
0.0472825
0.0472934
0.047304
0.0473146
0.047325
0.0473353
0.0473455
0.0473556
0.0473657
0.0473756
0.0473855
0.0473954
0.0474051
0.0474149
0.0474246
0.0474342
0.0474438
0.0474534
0.047463
0.0474725
0.047482
0.0474914
0.0475008
0.0475102
0.0475195
0.0475288
0.0475381
0.0475473
0.0475564
0.0475655
0.0475745
0.0475834
0.0475922
0.047601
0.0476096
0.0476182
0.0476266
0.0476349
0.0476431
0.0476511
0.047659
0.0476667
0.0476742
0.0476816
0.0476887
0.0476957
0.0477024
0.047709
0.0477153
0.0477213
0.0477271
0.0477327
0.0477379
0.0477429
0.0477477
0.0477521
0.0477563
0.0477601
0.0477636
0.0477669
0.0477698
0.0477724
0.0477746
0.0477766
0.0477782
0.0477795
0.0477804
0.0477811
0.0477814
0.0477814
0.0477811
0.0477804
0.0477795
0.0477783
0.0477767
0.0477749
0.0477728
0.0477705
0.0477679
0.047765
0.047762
0.0477587
0.0477552
0.0477515
0.0477477
0.0477437
0.0477396
0.0477355
0.0477312
0.0477268
0.0477224
0.047718
0.0477137
0.0477093
0.047705
0.0477008
0.0476968
0.0476928
0.0476891
0.0476855
0.0476822
0.0476792
0.0476765
0.0476741
0.047672
0.0476704
0.0476692
0.0476685
0.0476682
0.0476685
0.0476694
0.0476709
0.0476731
0.0476759
0.0476794
0.0476837
0.0476887
0.0476946
0.0477014
0.047709
0.0477176
0.0477271
0.0477376
0.0477492
0.0477618
0.0477756
0.0477905
0.0478065
0.0478237
0.0478422
0.0478619
0.047883
0.0479053
0.047929
0.0479541
0.0479806
0.0480085
0.0480379
0.0480688
0.0481012
0.0481351
0.0481706
0.0482077
0.0482463
0.0482865
0.0483284
0.0483719
0.0484171
0.0484639
0.0485125
0.0485627
0.0486145
0.0486681
0.0487234
0.0487804
0.048839
0.0488994
0.0489615
0.0490252
0.0490906
0.0491577
0.0492264
0.0492967
0.0493686
0.0494422
0.0495172
0.0495938
0.0496719
0.0497515
0.0498325
0.0499148
0.0499985
0.0500835
0.0501698
0.0502572
0.0503458
0.0504354
0.050526
0.0506176
0.05071
0.0508032
0.0508972
0.0509917
0.0510868
0.0511824
0.0512784
0.0513746
0.0514709
0.0515674
0.0516638
0.0517601
0.0518561
0.0519517
0.0520469
0.0521414
0.0522353
0.0523283
0.0524203
0.0525112
0.0526009
0.0526892
0.0527761
0.0528613
0.0529448
0.0530265
0.0531061
0.0531836
0.0532588
0.0533317
0.0534021
0.0534698
0.0535348
0.0535969
0.053656
0.0537121
0.053765
0.0538145
0.0538607
0.0539034
0.0539426
0.0539781
0.0540099
0.0540379
0.0540621
0.0540824
0.0540987
0.054111
0.0541193
0.0541236
0.0541238
0.0541199
0.0541119
0.0540999
0.0540838
0.0540636
0.0540394
0.0540112
0.053979
0.0539429
0.053903
0.0538592
0.0538117
0.0537606
0.0537058
0.0536476
0.0535859
0.0535208
0.0534526
0.0533812
0.0533067
0.0532294
0.0531492
0.0530663
0.0529807
0.0528928
0.0528024
0.0527098
0.0526151
0.0525184
0.0524197
0.0523194
0.0522173
0.0521138
0.0520088
0.0519026
0.0517951
0.0516866
0.0515772
0.0514669
0.0513559
0.0512443
0.0511321
0.0510195
0.0509067
0.0507935
0.0506803
0.050567
0.0504538
0.0503407
0.0502278
0.0501151
0.0500029
0.0498911
0.0497798
0.049669
0.0495589
0.0494495
0.0493409
0.0492331
0.0491261
0.04902
0.0489149
0.0488108
0.0487077
0.0486058
0.0485049
0.0484052
0.0483067
0.0482094
0.0481134
0.0480186
0.0479252
0.047833
0.0477422
0.0476528
0.0475648
0.0474782
0.047393
0.0473092
0.0472269
0.047146
0.0470667
0.0469888
0.0469124
0.0468375
0.0467641
0.0466923
0.0466219
0.0465532
0.0464859
0.0464202
0.0463561
0.0462935
0.0462324
0.0461729
0.046115
0.0460587
0.0460039
0.0459507
0.045899
0.045849
0.0458005
0.0457536
0.0457082
0.0456644
0.0456223
0.0455816
0.0455426
0.0455051
0.0454692
0.0454349
0.0454022
0.045371
0.0453414
0.0453133
0.0452869
0.0452619
0.0452386
0.0452168
0.0451966
0.0451779
0.0451607
0.0451451
0.0451311
0.0451186
0.0451076
0.0450981
0.0450902
0.0450838
0.0450789
0.0450755
0.0450736
0.0450732
0.0450743
0.0450768
0.0450809
0.0450863
0.0450933
0.0451016
0.0451114
0.0451227
0.0451353
0.0451493
0.0451647
0.0451815
0.0451997
0.0452192
0.04524
0.0452622
0.0452856
0.0453104
0.0453364
0.0453637
0.0453922
0.0454219
0.0454529
0.045485
0.0455183
0.0455528
0.0455883
0.045625
0.0456628
0.0457017
0.0457416
0.0457825
0.0458245
0.0458674
0.0459113
0.0459561
0.0460018
0.0460485
0.046096
0.0461443
0.0461935
0.0462435
0.0462942
0.0463457
0.046398
0.0464509
0.0465045
0.0465587
0.0466136
0.046669
0.0467251
0.0467816
0.0468387
0.0468963
0.0469544
0.0470128
0.0470717
0.047131
0.0471906
0.0472506
0.0473108
0.0473713
0.047432
0.047493
0.0475541
0.0476153
0.0476767
0.0477381
0.0477996
0.0478611
0.0479226
0.047984
0.0480453
0.0481065
0.0481675
0.0482283
0.0482889
0.0483492
0.0484091
0.0484687
0.0485279
0.0485866
0.0486448
0.0487025
0.0487596
0.0488161
0.0488718
0.0489269
0.0489812
0.0490346
0.0490872
0.0491388
0.0491895
0.0492391
0.0492877
0.0493351
0.0493813
0.0494263
0.04947
0.0495124
0.0495533
0.0495928
0.0496309
0.0496673
0.0497022
0.0497355
0.049767
0.0497968
0.0498249
0.0498511
0.0498755
0.049898
0.0499185
0.0499371
0.0499537
0.0499682
0.0499807
0.0499912
0.0499995
0.0500057
0.0500098
0.0500118
0.0500117
0.0500093
0.0500049
0.0499983
0.0499896
0.0499787
0.0499658
0.0499507
0.0499336
0.0499144
0.0498932
0.04987
0.0498449
0.0498179
0.049789
0.0497582
0.0497257
0.0496915
0.0496555
0.049618
0.0495789
0.0495383
0.0494962
0.0494528
0.049408
0.049362
0.0493148
0.0492665
0.0492172
0.0491669
0.0491157
0.0490636
0.0490108
0.0489574
0.0489033
0.0488487
0.0487935
0.048738
0.0486822
0.0486261
0.0485698
0.0485133
0.0484568
0.0484002
0.0483438
0.0482874
0.0482311
0.0481751
0.0481194
0.048064
0.0480089
0.0479543
0.0479001
0.0478464
0.0477933
0.0477407
0.0476887
0.0476373
0.0475866
0.0475366
0.0474874
0.0474388
0.047391
0.047344
0.0472977
0.0472523
0.0472076
0.0471638
0.0471208
0.0470786
0.0470372
0.0469967
0.046957
0.0469181
0.04688
0.0468427
0.0468062
0.0467705
0.0467355
0.0467013
0.0466679
0.0466351
0.0466031
0.0465718
0.0465412
0.0465112
0.0464818
0.046453
0.0464249
0.0463973
0.0463702
0.0463437
0.0463176
0.046292
0.0462669
0.0462422
0.0462179
0.0461939
0.0461703
0.046147
0.0461241
0.0461013
0.0460789
0.0460566
0.0460346
0.0460127
0.045991
0.0459694
0.0459479
0.0459265
0.0459052
0.0458839
0.0458626
0.0458413
0.04582
0.0457987
0.0457773
0.0457558
0.0457342
0.0457125
0.0456907
0.0456688
0.0456466
0.0456244
0.0456019
0.0455792
0.0455563
0.0455331
0.0455097
0.045486
0.0454621
0.0454379
0.0454134
0.0453885
0.0453634
0.0453379
0.0453121
0.0452859
0.0452593
0.0452324
0.0452051
0.0451774
0.0451492
0.0451207
0.0450917
0.0450623
0.0450324
0.0450021
0.0449713
0.04494
0.0449083
0.044876
0.0448432
0.0448099
0.0447761
0.0447418
0.0447068
0.0446714
0.0446354
0.0445987
0.0445616
0.0445238
0.0444854
0.0444464
0.0444068
0.0443665
0.0443257
0.0442841
0.044242
0.0441991
0.0441557
0.0441115
0.0440667
0.0440212
0.043975
0.0439281
0.0438805
0.0438323
0.0437833
0.0437337
0.0436833
0.0436323
0.0435805
0.0435281
0.0434749
0.0434211
0.0433666
0.0433113
0.0432555
0.0431989
0.0431417
0.0430838
0.0430252
0.042966
0.0429062
0.0428457
0.0427847
0.042723
0.0426608
0.042598
0.0425346
0.0424707
0.0424062
0.0423413
0.0422759
0.04221
0.0421436
0.0420768
0.0420096
0.041942
0.0418741
0.0418058
0.0417371
0.0416682
0.041599
0.0415295
0.0414598
0.0413899
0.0413199
0.0412496
0.0411793
0.0411088
0.0410383
0.0409677
0.0408971
0.0408265
0.040756
0.0406855
0.0406151
0.0405447
0.0404746
0.0404046
0.0403348
0.0402652
0.0401958
0.0401268
0.040058
0.0399895
0.0399214
0.0398537
0.0397864
0.0397194
0.039653
0.039587
0.0395215
0.0394566
0.0393921
0.0393283
0.039265
0.0392024
0.0391404
0.039079
0.0390184
0.0389584
0.0388991
0.0388406
0.0387829
0.0387259
0.0386698
0.0386144
0.0385599
0.0385063
0.0384535
0.0384016
0.0383507
0.0383006
0.0382515
0.0382034
0.0381563
0.0381101
0.038065
0.0380209
0.0379778
0.0379358
0.0378949
0.0378551
0.0378163
0.0377787
0.0377422
0.0377069
0.0376727
0.0376397
0.0376079
0.0375773
0.0375479
0.0375198
0.0374929
0.0374673
0.0374429
0.0374199
0.0373981
0.0373777
0.0373585
0.0373408
0.0373244
0.0373093
0.0372957
0.0372835
0.0372727
0.0372633
0.0372554
0.0372489
0.0372439
0.0372404
0.0372384
0.037238
0.0372391
0.0372418
0.037246
0.0372518
0.0372593
0.0372683
0.037279
0.0372914
0.0373055
0.0373213
0.0373387
0.037358
0.037379
0.0374018
0.0374263
0.0374527
0.037481
0.0375111
0.0375431
0.037577
0.0376129
0.0376507
0.0376905
0.0377323
0.0377761
0.037822
0.03787
0.0379201
0.0379723
0.0380267
0.0380833
0.0381421
0.0382032
0.0382665
0.0383322
0.0384002
0.0384705
0.0385433
0.0386185
0.0386962
0.0387764
0.0388591
0.0389444
0.0390323
0.0391228
0.039216
0.0393119
0.0394106
0.039512
0.0396163
0.0397235
0.0398335
0.0399465
0.0400625
0.0401815
0.0403035
0.0404287
0.0405569
0.0406884
0.0408231
0.0409611
0.0411024
0.041247
0.041395
0.0415465
0.0417014
0.0418599
0.0420219
0.0421875
0.0423567
0.0425297
0.0427064
0.0428868
0.043071
0.0432591
0.0434511
0.0436469
0.0438468
0.0440506
0.0442584
0.0444703
0.0446863
0.0449064
0.0451306
0.045359
0.0455916
0.0458284
0.0460695
0.0463147
0.0465642
0.046818
0.0470761
0.0473384
0.047605
0.0478759
0.048151
0.0484304
0.0487139
0.0490017
0.0492937
0.0495898
0.04989
0.0501943
0.0505026
0.0508148
0.051131
0.0514509
0.0517746
0.0521019
0.0524328
0.0527672
0.0531049
0.0534459
0.05379
0.0541371
0.054487
0.0548397
0.0551948
0.0555524
0.0559122
0.056274
0.0566376
0.0570029
0.0573696
0.0577375
0.0581063
0.058476
0.0588461
0.0592165
0.0595869
0.059957
0.0603266
0.0606954
0.0610631
0.0614294
0.061794
0.0621567
0.0625171
0.0628749
0.0632298
0.0635815
0.0639297
0.0642741
0.0646144
0.0649502
0.0652813
0.0656073
0.065928
0.066243
0.066552
0.0668549
0.0671512
0.0674407
0.0677231
0.0679982
0.0682657
0.0685255
0.0687771
0.0690205
0.0692554
0.0694816
0.0696989
0.0699072
0.0701063
0.070296
0.0704761
0.0706467
0.0708075
0.0709584
0.0710994
0.0712304
0.0713513
0.0714621
0.0715627
0.0716531
0.0717332
0.0718032
0.0718629
0.0719124
0.0719518
0.071981
0.0720001
0.0720092
0.0720083
0.0719975
0.0719768
0.0719464
0.0719064
0.0718569
0.0717979
0.0717295
0.071652
0.0715655
0.0714699
0.0713656
0.0712527
0.0711312
0.0710014
0.0708634
0.0707173
0.0705634
0.0704018
0.0702327
0.0700563
0.0698727
0.0696822
0.0694849
0.0692811
0.0690709
0.0688545
0.0686322
0.0684042
0.0681706
0.0679317
0.0676878
0.067439
0.0671856
0.0669279
0.0666659
0.0664001
0.0661305
0.0658575
0.0655813
0.0653022
0.0650203
0.0647359
0.0644494
0.0641608
0.0638705
0.0635786
0.0632856
0.0629915
0.0626966
0.0624011
0.0621054
0.0618096
0.0615139
0.0612186
0.0609239
0.06063
0.0603372
0.0600456
0.0597555
0.059467
0.0591804
0.0588958
0.0586135
0.0583336
0.0580563
0.0577818
0.0575102
0.0572418
0.0569765
0.0567147
0.0564565
0.0562019
0.0559512
0.0557045
0.0554618
0.0552233
0.0549891
0.0547594
0.0545341
0.0543135
0.0540976
0.0538864
0.0536802
0.0534788
0.0532825
0.0530912
0.052905
0.0527241
0.0525483
0.0523779
0.0522128
0.052053
0.0518986
0.0517496
0.0516061
0.051468
0.0513354
0.0512083
0.0510867
0.0509706
0.0508601
0.050755
0.0506554
0.0505613
0.0504728
0.0503896
0.050312
0.0502398
0.0501729
0.0501115
0.0500554
0.0500047
0.0499592
0.049919
0.0498841
0.0498542
0.0498296
0.0498099
0.0497954
0.0497858
0.0497811
0.0497812
0.0497862
0.0497959
0.0498103
0.0498293
0.0498528
0.0498808
0.0499132
0.0499498
0.0499907
0.0500358
0.0500849
0.0501381
0.0501951
0.0502559
0.0503205
0.0503887
0.0504604
0.0505356
0.0506141
0.0506959
0.0507809
0.0508689
0.05096
0.0510539
0.0511505
0.0512499
0.0513519
0.0514564
0.0515633
0.0516725
0.0517839
0.0518975
0.0520131
0.0521306
0.05225
0.0523713
0.0524942
0.0526187
0.0527448
0.0528724
0.0530014
0.0531316
0.0532632
0.053396
0.0535298
0.0536648
0.0538008
0.0539377
0.0540755
0.0542142
0.0543537
0.054494
0.0546349
0.0547765
0.0549188
0.0550616
0.055205
0.0553489
0.0554933
0.055638
0.0557832
0.0559287
0.0560745
0.0562206
0.0563669
0.0565134
0.0566599
0.0568066
0.0569533
0.0570999
0.0572465
0.0573928
0.057539
0.0576848
0.0578303
0.0579753
0.0581197
0.0582635
0.0584066
0.0585488
0.0586901
0.0588303
0.0589693
0.059107
0.0592432
0.0593779
0.0595109
0.059642
0.059771
0.0598979
0.0600225
0.0601445
0.0602639
0.0603805
0.060494
0.0606044
0.0607114
0.0608148
0.0609145
0.0610103
0.061102
0.0611894
0.0612724
0.0613507
0.0614243
0.0614929
0.0615563
0.0616145
0.0616672
0.0617143
0.0617557
0.0617912
0.0618207
0.0618441
0.0618612
0.061872
0.0618764
0.0618743
0.0618657
0.0618504
0.0618285
0.0617998
0.0617645
0.0617224
0.0616736
0.0616182
0.0615561
0.0614874
0.0614121
0.0613303
0.0612422
0.0611478
0.0610472
0.0609405
0.060828
0.0607096
0.0605857
0.0604562
0.0603216
0.0601818
0.0600371
0.0598878
0.059734
0.0595759
0.0594138
0.0592479
0.0590784
0.0589056
0.0587297
0.0585509
0.0583696
0.0581859
0.058
0.0578123
0.057623
0.0574322
0.0572403
0.0570476
0.0568541
0.0566602
0.0564661
0.0562719
0.056078
0.0558845
0.0556917
0.0554997
0.0553087
0.0551189
0.0549304
0.0547436
0.0545584
0.0543751
0.0541938
0.0540147
0.0538379
0.0536635
0.0534917
0.0533225
0.0531561
0.0529925
0.0528319
0.0526743
0.0525198
0.0523685
0.0522204
0.0520757
0.0519342
0.0517962
0.0516617
0.0515306
0.051403
0.0512789
0.0511584
0.0510414
0.050928
0.0508181
0.0507119
0.0506092
0.0505101
0.0504145
0.0503225
0.050234
0.050149
0.0500674
0.0499893
0.0499147
0.0498434
0.0497755
0.0497109
0.0496496
0.0495916
0.0495367
0.049485
0.0494365
0.049391
0.0493485
0.049309
0.0492724
0.0492387
0.0492079
0.0491798
0.0491544
0.0491317
0.0491116
0.0490941
0.0490792
0.0490666
0.0490565
0.0490488
0.0490433
0.0490401
0.0490391
0.0490403
0.0490435
0.0490488
0.0490561
0.0490654
0.0490765
0.0490895
0.0491043
0.0491208
0.0491391
0.049159
0.0491805
0.0492036
0.0492283
0.0492545
0.0492821
0.0493111
0.0493415
0.0493733
0.0494064
0.0494407
0.0494763
0.0495132
0.0495512
0.0495903
0.0496306
0.049672
0.0497144
0.0497579
0.0498024
0.049848
0.0498945
0.0499419
0.0499903
0.0500397
0.0500899
0.050141
0.050193
0.0502459
0.0502995
0.050354
0.0504093
0.0504655
0.0505224
0.05058
0.0506384
0.0506976
0.0507575
0.0508181
0.0508795
0.0509415
0.0510042
0.0510676
0.0511317
0.0511964
0.0512617
0.0513277
0.0513943
0.0514615
0.0515293
0.0515976
0.0516665
0.0517359
0.0518059
0.0518764
0.0519473
0.0520188
0.0520907
0.052163
0.0522357
0.0523088
0.0523823
0.0524562
0.0525304
0.0526048
0.0526796
0.0527546
0.0528298
0.0529053
0.0529809
0.0530566
0.0531325
0.0532085
0.0532845
0.0533605
0.0534366
0.0535126
0.0535885
0.0536644
0.0537401
0.0538157
0.053891
0.0539662
0.0540411
0.0541157
0.0541899
0.0542639
0.0543374
0.0544105
0.0544832
0.0545553
0.054627
0.0546981
0.0547687
0.0548386
0.0549079
0.0549765
0.0550445
0.0551117
0.0551782
0.0552439
0.0553088
0.0553728
0.055436
0.0554984
0.0555598
0.0556203
0.0556799
0.0557385
0.0557962
0.0558528
0.0559085
0.0559631
0.0560166
0.0560691
0.0561206
0.0561709
0.0562201
0.0562683
0.0563153
0.0563612
0.0564059
0.0564495
0.056492
0.0565333
0.0565734
0.0566123
0.0566501
0.0566868
0.0567222
0.0567565
0.0567896
0.0568215
0.0568522
0.0568818
0.0569101
0.0569373
0.0569634
0.0569882
0.0570119
0.0570345
0.0570558
0.057076
0.0570951
0.057113
0.0571297
0.0571454
0.0571599
0.0571732
0.0571854
0.0571966
0.0572066
0.0572155
0.0572233
0.05723
0.0572356
0.0572401
0.0572435
0.0572459
0.0572472
0.0572475
0.0572467
0.0572448
0.0572419
0.057238
0.057233
0.057227
0.05722
0.057212
0.057203
0.0571929
0.0571819
0.0571698
0.0571568
0.0571428
0.0571278
0.0571118
0.0570948
0.0570769
0.057058
0.0570381
0.0570173
0.0569956
0.0569728
0.0569492
0.0569246
0.056899
0.0568725
0.0568451
0.0568168
0.0567875
0.0567573
0.0567262
0.0566942
0.0566613
0.0566275
0.0565928
0.0565572
0.0565208
0.0564834
0.0564452
0.0564062
0.0563663
0.0563255
0.0562839
0.0562415
0.0561983
0.0561543
0.0561096
0.056064
0.0560177
0.0559707
0.0559229
0.0558744
0.0558253
0.0557754
0.055725
0.0556739
0.0556222
0.0555699
0.055517
0.0554637
0.0554098
0.0553555
0.0553007
0.0552455
0.0551899
0.0551339
0.0550776
0.0550211
0.0549642
0.0549072
0.05485
0.0547926
0.0547351
0.0546775
0.0546199
0.0545623
0.0545047
0.0544472
0.0543898
0.0543326
0.0542756
0.0542187
0.0541622
0.0541059
0.05405
0.0539945
0.0539393
0.0538846
0.0538304
0.0537767
0.0537235
0.0536709
0.0536189
0.0535675
0.0535168
0.0534667
0.0534173
0.0533686
0.0533207
0.0532735
0.0532271
0.0531814
0.0531365
0.0530925
0.0530492
0.0530067
0.0529649
0.052924
0.0528839
0.0528446
0.052806
0.0527682
0.0527311
0.0526947
0.0526591
0.0526241
0.0525898
0.0525561
0.052523
0.0524905
0.0524585
0.0524269
0.0523959
0.0523652
0.0523349
0.0523049
0.0522752
0.0522458
0.0522164
0.0521872
0.0521581
0.052129
0.0520998
0.0520705
0.0520411
0.0520115
0.0519815
0.0519513
0.0519206
0.0518895
0.0518578
0.0518256
0.0517928
0.0517592
0.051725
0.0516899
0.051654
0.0516171
0.0515793
0.0515405
0.0515007
0.0514597
0.0514176
0.0513743
0.0513298
0.0512841
0.0512371
0.0511887
0.051139
0.0510879
0.0510355
0.0509816
0.0509263
0.0508696
0.0508114
0.0507518
0.0506907
0.0506282
0.0505643
0.0504989
0.0504321
0.0503639
0.0502943
0.0502234
0.0501511
0.0500775
0.0500027
0.0499266
0.0498493
0.0497708
0.0496912
0.0496105
0.0495288
0.0494461
0.0493625
0.049278
0.0491926
0.0491065
0.0490197
0.0489322
0.048844
0.0487554
0.0486663
0.0485767
0.0484868
0.0483966
0.0483061
0.0482155
0.0481248
0.048034
0.0479432
0.0478525
0.0477619
0.0476714
0.0475813
0.0474914
0.0474019
0.0473127
0.047224
0.0471359
0.0470483
0.0469612
0.0468749
0.0467892
0.0467042
0.04662
0.0465366
0.0464541
0.0463724
0.0462916
0.0462117
0.0461328
0.0460549
0.045978
0.0459021
0.0458272
0.0457533
0.0456805
0.0456088
0.0455382
0.0454686
0.0454001
0.0453327
0.0452664
0.0452011
0.0451369
0.0450738
0.0450116
0.0449506
0.0448905
0.0448314
0.0447733
0.0447162
0.04466
0.0446047
0.0445503
0.0444967
0.0444439
0.044392
0.0443408
0.0442903
0.0442405
0.0441914
0.0441429
0.044095
0.0440476
0.0440007
0.0439543
0.0439082
0.0438626
0.0438173
0.0437724
0.0437276
0.0436831
0.0436388
0.0435946
0.0435505
0.0435064
0.0434624
0.0434183
0.0433742
0.04333
0.0432857
0.0432411
0.0431964
0.0431514
0.0431062
0.0430607
0.0430148
0.0429686
0.042922
0.042875
0.0428276
0.0427798
0.0427314
0.0426826
0.0426333
0.0425836
0.0425332
0.0424824
0.042431
0.0423791
0.0423267
0.0422737
0.0422201
0.0421661
0.0421115
0.0420564
0.0420008
0.0419446
0.041888
0.041831
0.0417734
0.0417154
0.041657
0.0415982
0.0415391
0.0414796
0.0414197
0.0413596
0.0412992
0.0412386
0.0411777
0.0411167
0.0410555
0.0409943
0.0409329
0.0408716
0.0408102
0.0407488
0.0406875
0.0406264
0.0405653
0.0405045
0.0404439
0.0403835
0.0403234
0.0402637
0.0402043
0.0401454
0.0400869
0.0400289
0.0399714
0.0399144
0.0398581
0.0398023
0.0397473
0.0396929
0.0396393
0.0395864
0.0395344
0.0394831
0.0394328
0.0393833
0.0393347
0.0392871
0.0392405
0.0391949
0.0391503
0.0391067
0.0390643
0.039023
0.0389827
0.0389437
0.0389058
0.0388691
0.0388336
0.0387994
0.0387664
0.0387347
0.0387043
0.0386751
0.0386473
0.0386208
0.0385957
0.0385719
0.0385495
0.0385285
0.0385088
0.0384906
0.0384738
0.0384584
0.0384444
0.0384319
0.0384208
0.0384112
0.038403
0.0383963
0.038391
0.0383873
0.038385
0.0383842
0.0383848
0.038387
0.0383906
0.0383957
0.0384023
0.0384105
0.0384201
0.0384312
0.0384438
0.0384578
0.0384734
0.0384905
0.0385091
0.0385291
0.0385507
0.0385737
0.0385982
0.0386242
0.0386517
0.0386807
0.0387111
0.0387431
0.0387764
0.0388113
0.0388476
0.0388854
0.0389247
0.0389654
0.0390075
0.0390511
0.0390961
0.0391426
0.0391905
0.0392398
0.0392906
0.0393428
0.0393964
0.0394514
0.0395078
0.0395656
0.0396247
0.0396853
0.0397473
0.0398106
0.0398753
0.0399414
0.0400088
0.0400775
0.0401476
0.0402191
0.0402919
0.0403659
0.0404413
0.040518
0.040596
0.0406753
0.0407559
0.0408377
0.0409208
0.0410051
0.0410907
0.0411775
0.0412655
0.0413547
0.0414451
0.0415367
0.0416294
0.0417234
0.0418184
0.0419146
0.0420119
0.0421103
0.0422097
0.0423103
0.0424118
0.0425144
0.042618
0.0427226
0.0428282
0.0429347
0.0430422
0.0431505
0.0432598
0.0433699
0.0434808
0.0435925
0.043705
0.0438183
0.0439323
0.044047
0.0441623
0.0442783
0.0443948
0.044512
0.0446297
0.0447478
0.0448664
0.0449855
0.0451049
0.0452247
0.0453447
0.0454651
0.0455856
0.0457063
0.0458272
0.0459481
0.046069
0.04619
0.0463109
0.0464316
0.0465522
0.0466726
0.0467927
0.0469125
0.0470319
0.0471509
0.0472695
0.0473874
0.0475048
0.0476216
0.0477376
0.0478529
0.0479673
0.0480809
0.0481936
0.0483053
0.0484159
0.0485254
0.0486338
0.048741
0.0488469
0.0489515
0.0490547
0.0491565
0.0492569
0.0493557
0.0494529
0.0495485
0.0496425
0.0497348
0.0498253
0.049914
0.0500009
0.0500859
0.050169
0.0502502
0.0503294
0.0504066
0.0504818
0.0505549
0.0506259
0.0506949
0.0507617
0.0508264
0.0508889
0.0509493
0.0510075
0.0510636
0.0511174
0.0511691
0.0512186
0.0512659
0.0513111
0.0513541
0.0513949
0.0514336
0.0514701
0.0515046
0.0515369
0.0515672
0.0515954
0.0516216
0.0516458
0.0516681
0.0516884
0.0517068
0.0517233
0.051738
0.0517508
0.051762
0.0517713
0.051779
0.0517851
0.0517895
0.0517924
0.0517938
0.0517937
0.0517921
0.0517892
0.0517849
0.0517794
0.0517726
0.0517646
0.0517554
0.0517451
0.0517337
0.0517214
0.051708
0.0516937
0.0516785
0.0516625
0.0516457
0.0516281
0.0516098
0.0515908
0.0515712
0.0515509
0.0515301
0.0515088
0.051487
0.0514647
0.051442
0.0514189
0.0513954
0.0513716
0.0513474
0.051323
0.0512984
0.0512735
0.0512483
0.051223
0.0511975
0.0511719
0.0511461
0.0511202
0.0510942
0.051068
0.0510418
0.0510155
0.0509891
0.0509626
0.0509361
0.0509095
0.0508828
0.0508561
0.0508293
0.0508024
0.0507754
0.0507484
0.0507213
0.050694
0.0506667
0.0506393
0.0506117
0.0505839
0.0505561
0.050528
0.0504997
0.0504713
0.0504426
0.0504137
0.0503845
0.0503551
0.0503253
0.0502953
0.0502649
0.0502341
0.0502029
0.0501714
0.0501394
0.0501069
0.050074
0.0500406
0.0500067
0.0499722
0.0499372
0.0499016
0.0498654
0.0498286
0.0497911
0.0497529
0.0497141
0.0496746
0.0496343
0.0495933
0.0495515
0.049509
0.0494656
0.0494215
0.0493766
0.0493308
0.0492842
0.0492367
0.0491884
0.0491391
0.0490891
0.0490381
0.0489862
0.0489335
0.0488799
0.0488253
0.0487699
0.0487136
0.0486564
0.0485983
0.0485393
0.0484794
0.0484187
0.0483571
0.0482947
0.0482314
0.0481673
0.0481024
0.0480367
0.0479702
0.0479029
0.0478349
0.0477662
0.0476968
0.0476266
0.0475558
0.0474844
0.0474123
0.0473397
0.0472665
0.0471927
0.0471185
0.0470437
0.0469685
0.0468929
0.0468168
0.0467404
0.0466637
0.0465866
0.0465093
0.0464317
0.0463539
0.046276
0.0461978
0.0461196
0.0460413
0.045963
0.0458846
0.0458063
0.045728
0.0456498
0.0455718
0.0454938
0.0454161
0.0453386
0.0452614
0.0451844
0.0451078
0.0450315
0.0449556
0.0448802
0.0448051
0.0447306
0.0446566
0.0445831
0.0445102
0.0444378
0.0443662
0.0442951
0.0442248
0.0441552
0.0440863
0.0440182
0.0439509
0.0438844
0.0438188
0.043754
0.0436902
0.0436272
0.0435652
0.0435042
0.0434442
0.0433851
0.0433271
0.0432702
0.0432143
0.0431595
0.0431059
0.0430533
0.0430019
0.0429517
0.0429027
0.0428548
0.0428082
0.0427628
0.0427187
0.0426758
0.0426342
0.0425939
0.0425549
0.0425173
0.0424809
0.0424459
0.0424123
0.0423801
0.0423492
0.0423198
0.0422917
0.0422651
0.0422399
0.0422161
0.0421939
0.0421731
0.0421537
0.0421359
0.0421196
0.0421047
0.0420915
0.0420797
0.0420695
0.0420609
0.0420538
0.0420483
0.0420445
0.0420422
0.0420415
0.0420425
0.0420451
0.0420494
0.0420554
0.042063
0.0420723
0.0420834
0.0420961
0.0421106
0.0421268
0.0421448
0.0421646
0.0421862
0.0422096
0.0422348
0.0422618
0.0422907
0.0423215
0.0423541
0.0423886
0.0424251
0.0424635
0.0425038
0.0425461
0.0425904
0.0426366
0.0426849
0.0427352
0.0427876
0.042842
0.0428985
0.0429571
0.0430178
0.0430807
0.0431457
0.0432128
0.0432821
0.0433536
0.0434273
0.0435033
0.0435814
0.0436618
0.0437444
0.0438293
0.0439165
0.044006
0.0440977
0.0441918
0.0442881
0.0443868
0.0444877
0.044591
0.0446966
0.0448045
0.0449147
0.0450271
0.0451419
0.045259
0.0453783
0.0454999
0.0456238
0.0457499
0.0458781
0.0460086
0.0461412
0.046276
0.0464129
0.0465518
0.0466928
0.0468358
0.0469807
0.0471276
0.0472763
0.0474268
0.0475791
0.0477331
0.0478888
0.048046
0.0482047
0.048365
0.0485265
0.0486894
0.0488535
0.0490188
0.0491851
0.0493525
0.0495206
0.0496896
0.0498593
0.0500296
0.0502004
0.0503716
0.0505431
0.0507148
0.0508866
0.0510583
0.0512299
0.0514013
0.0515723
0.0517428
0.0519127
0.0520819
0.0522503
0.0524177
0.0525841
0.0527493
0.0529132
0.0530756
0.0532365
0.0533958
0.0535533
0.053709
0.0538626
0.0540142
0.0541635
0.0543106
0.0544552
0.0545973
0.0547368
0.0548735
0.0550075
0.0551385
0.0552665
0.0553915
0.0555133
0.0556318
0.0557471
0.0558589
0.0559672
0.0560721
0.0561733
0.0562708
0.0563647
0.0564547
0.0565409
0.0566233
0.0567017
0.0567761
0.0568466
0.056913
0.0569753
0.0570336
0.0570877
0.0571377
0.0571835
0.0572251
0.0572625
0.0572957
0.0573247
0.0573495
0.0573701
0.0573864
0.0573986
0.0574065
0.0574103
0.0574099
0.0574053
0.0573966
0.0573838
0.0573669
0.057346
0.057321
0.0572921
0.0572592
0.0572224
0.0571817
0.0571373
0.057089
0.0570371
0.0569815
0.0569223
0.0568595
0.0567933
0.0567237
0.0566507
0.0565745
0.0564951
0.0564125
0.0563269
0.0562383
0.0561468
0.0560525
0.0559555
0.0558558
0.0557536
0.0556488
0.0555417
0.0554323
0.0553207
0.055207
0.0550912
0.0549735
0.0548539
0.0547326
0.0546096
0.0544851
0.054359
0.0542316
0.0541029
0.0539729
0.0538419
0.0537097
0.0535767
0.0534428
0.0533081
0.0531727
0.0530367
0.0529002
0.0527633
0.052626
0.0524884
0.0523506
0.0522127
0.0520747
0.0519368
0.0517989
0.0516613
0.0515238
0.0513867
0.0512499
0.0511135
0.0509777
0.0508423
0.0507076
0.0505736
0.0504403
0.0503078
0.0501761
0.0500453
0.0499154
0.0497865
0.0496586
0.0495317
0.049406
0.0492815
0.0491581
0.0490359
0.0489151
0.0487955
0.0486772
0.0485604
0.0484449
0.0483308
0.0482182
0.048107
0.0479974
0.0478893
0.0477827
0.0476777
0.0475743
0.0474725
0.0473724
0.0472738
0.0471769
0.0470817
0.0469881
0.0468963
0.0468061
0.0467176
0.0466308
0.0465458
0.0464625
0.0463808
0.046301
0.0462228
0.0461464
0.0460716
0.0459986
0.0459273
0.0458578
0.0457899
0.0457237
0.0456593
0.0455965
0.0455353
0.0454759
0.045418
0.0453618
0.0453073
0.0452543
0.045203
0.0451532
0.0451049
0.0450583
0.0450131
0.0449694
0.0449272
0.0448865
0.0448472
0.0448093
0.0447728
0.0447377
0.044704
0.0446715
0.0446403
0.0446104
0.0445818
0.0445544
0.0445281
0.044503
0.0444791
0.0444562
0.0444344
0.0444137
0.044394
0.0443753
0.0443575
0.0443407
0.0443248
0.0443098
0.0442956
0.0442822
0.0442697
0.0442579
0.0442468
0.0442365
0.0442268
0.0442178
0.0442095
0.0442018
0.0441946
0.044188
0.044182
0.0441765
0.0441715
0.044167
0.044163
0.0441594
0.0441563
0.0441536
0.0441512
0.0441493
0.0441478
0.0441466
0.0441458
0.0441453
0.0441452
0.0441454
0.044146
0.0441469
0.0441481
0.0441497
0.0441516
0.0441538
0.0441564
0.0441593
0.0441626
0.0441663
0.0441703
0.0441747
0.0441795
0.0441848
0.0441904
0.0441965
0.0442031
0.0442102
0.0442178
0.0442259
0.0442346
0.0442438
0.0442537
0.0442642
0.0442754
0.0442873
0.0442999
0.0443133
0.0443274
0.0443425
0.0443584
0.0443752
0.0443929
0.0444116
0.0444314
0.0444522
0.0444742
0.0444973
0.0445215
0.0445471
0.0445739
0.044602
0.0446315
0.0446624
0.0446947
0.0447286
0.0447639
0.0448009
0.0448395
0.0448798
0.0449218
0.0449655
0.0450111
0.0450585
0.0451077
0.0451589
0.045212
0.0452671
0.0453243
0.0453835
0.0454447
0.0455081
0.0455736
0.0456413
0.0457111
0.0457832
0.0458574
0.0459339
0.0460126
0.0460936
0.0461768
0.0462622
0.0463499
0.0464397
0.0465318
0.046626
0.0467224
0.0468209
0.0469214
0.047024
0.0471286
0.0472351
0.0473435
0.0474536
0.0475655
0.0476791
0.0477941
0.0479107
0.0480285
0.0481477
0.0482679
0.0483892
0.0485113
0.0486342
0.0487576
0.0488815
0.0490057
0.0491299
0.0492542
0.0493782
0.0495018
0.0496249
0.0497471
0.0498684
0.0499885
0.0501073
0.0502245
0.05034
0.0504535
0.0505649
0.0506739
0.0507804
0.0508841
0.0509849
0.0510825
0.0511769
0.0512678
0.051355
0.0514385
0.051518
0.0515934
0.0516645
0.0517313
0.0517937
0.0518515
0.0519047
0.0519532
0.0519969
0.0520358
0.0520698
0.0520991
0.0521234
0.052143
0.0521577
0.0521677
0.0521729
0.0521736
0.0521697
0.0521614
0.0521487
0.0521319
0.052111
0.0520862
0.0520576
0.0520254
0.0519899
0.0519511
0.0519092
0.0518646
0.0518173
0.0517676
0.0517157
0.0516618
0.0516061
0.0515488
0.0514903
0.0514305
0.0513699
0.0513086
0.0512468
0.0511847
0.0511226
0.0510605
0.0509988
0.0509376
0.0508771
0.0508175
0.0507589
0.0507015
0.0506455
0.0505909
0.0505381
0.050487
0.0504378
0.0503906
0.0503456
0.0503028
0.0502623
0.0502242
0.0501887
0.0501557
0.0501253
0.0500976
0.0500726
0.0500505
0.0500311
0.0500145
0.0500009
0.04999
0.0499821
0.049977
0.0499749
0.0499755
0.0499791
0.0499855
0.0499946
0.0500066
0.0500212
0.0500386
0.0500586
0.0500812
0.0501064
0.050134
0.0501641
0.0501964
0.0502311
0.050268
0.0503069
0.0503479
0.0503909
0.0504357
0.0504822
0.0505304
0.0505801
0.0506313
0.0506838
0.0507375
0.0507923
0.0508481
0.0509047
0.0509621
0.05102
0.0510784
0.0511371
0.051196
0.0512549
0.0513137
0.0513722
0.0514303
0.0514879
0.0515447
0.0516007
0.0516556
0.0517094
0.0517618
0.0518126
0.0518618
0.0519092
0.0519546
0.0519978
0.0520388
0.0520772
0.0521131
0.0521461
0.0521763
0.0522034
0.0522273
0.0522478
0.0522648
0.0522783
0.052288
0.0522939
0.0522958
0.0522937
0.0522874
0.0522769
0.052262
0.0522428
0.0522191
0.052191
0.0521582
0.0521209
0.052079
0.0520325
0.0519814
0.0519256
0.0518653
0.0518004
0.0517309
0.051657
0.0515786
0.0514959
0.0514089
0.0513177
0.0512224
0.051123
0.0510198
0.0509128
0.0508022
0.0506881
0.0505706
0.0504498
0.050326
0.0501993
0.0500698
0.0499377
0.0498032
0.0496664
0.0495276
0.0493868
0.0492443
0.0491003
0.0489549
0.0488083
0.0486607
0.0485122
0.0483631
0.0482135
0.0480635
0.0479134
0.0477633
0.0476134
0.0474638
0.0473147
0.0471662
0.0470185
0.0468717
0.046726
0.0465815
0.0464383
0.0462965
0.0461563
0.0460178
0.0458811
0.0457462
0.0456134
0.0454827
0.0453541
0.0452278
0.0451038
0.0449823
0.0448632
0.0447467
0.0446328
0.0445216
0.0444131
0.0443074
0.0442046
0.0441046
0.0440075
0.0439134
0.0438222
0.043734
0.0436489
0.0435668
0.0434878
0.0434119
0.0433391
0.0432694
0.0432028
0.0431394
0.0430791
0.043022
0.0429679
0.0429171
0.0428693
0.0428247
0.0427833
0.0427449
0.0427097
0.0426775
0.0426485
0.0426225
0.0425996
0.0425797
0.0425629
0.0425491
0.0425383
0.0425305
0.0425256
0.0425237
0.0425247
0.0425286
0.0425354
0.0425451
0.0425575
0.0425728
0.0425909
0.0426117
0.0426353
0.0426616
0.0426905
0.0427221
0.0427564
0.0427932
0.0428326
0.0428746
0.042919
0.042966
0.0430154
0.0430672
0.0431214
0.043178
0.0432369
0.0432981
0.0433615
0.0434272
0.0434951
0.0435651
0.0436373
0.0437115
0.0437878
0.0438661
0.0439464
0.0440287
0.0441128
0.0441988
0.0442866
0.0443763
0.0444676
0.0445607
0.0446554
0.0447518
0.0448498
0.0449493
0.0450502
0.0451527
0.0452566
0.0453618
0.0454684
0.0455762
0.0456853
0.0457955
0.045907
0.0460195
0.046133
0.0462476
0.0463631
0.0464796
0.0465969
0.046715
0.0468339
0.0469535
0.0470737
0.0471946
0.0473161
0.0474381
0.0475605
0.0476833
0.0478065
0.0479301
0.0480538
0.0481778
0.048302
0.0484262
0.0485504
0.0486747
0.0487989
0.0489229
0.0490468
0.0491704
0.0492937
0.0494167
0.0495392
0.0496613
0.0497828
0.0499037
0.0500239
0.0501434
0.0502621
0.0503799
0.0504967
0.0506126
0.0507273
0.0508409
0.0509533
0.0510644
0.0511741
0.0512823
0.051389
0.0514941
0.0515975
0.0516991
0.0517989
0.0518967
0.0519926
0.0520863
0.0521778
0.0522671
0.052354
0.0524385
0.0525205
0.0525998
0.0526765
0.0527504
0.0528214
0.0528895
0.0529546
0.0530166
0.0530754
0.0531309
0.0531832
0.0532321
0.0532775
0.0533194
0.0533577
0.0533924
0.0534233
0.0534506
0.0534741
0.0534937
0.0535095
0.0535213
0.0535293
0.0535333
0.0535333
0.0535294
0.0535215
0.0535096
0.0534938
0.053474
0.0534503
0.0534226
0.0533911
0.0533558
0.0533166
0.0532737
0.0532271
0.0531769
0.0531232
0.0530659
0.0530052
0.0529413
0.052874
0.0528037
0.0527303
0.052654
0.0525748
0.0524929
0.0524085
0.0523216
0.0522323
0.0521408
0.0520473
0.0519518
0.0518544
0.0517554
0.0516549
0.0515529
0.0514497
0.0513455
0.0512402
0.0511341
0.0510274
0.0509202
0.0508125
0.0507047
0.0505968
0.0504889
0.0503812
0.0502739
0.0501671
0.050061
0.0499556
0.0498511
0.0497476
0.0496454
0.0495444
0.0494449
0.049347
0.0492508
0.0491564
0.049064
0.0489736
0.0488854
0.0487994
0.0487159
0.048635
0.0485566
0.048481
0.0484082
0.0483383
0.0482714
0.0482077
0.0481472
0.04809
0.0480362
0.0479859
0.0479392
0.0478961
0.0478567
0.0478211
0.0477894
0.0477617
0.0477379
0.0477183
0.0477028
0.0476915
0.0476844
0.0476817
0.0476834
0.0476895
0.0477
0.0477151
0.0477348
0.047759
0.0477879
0.0478214
0.0478597
0.0479026
0.0479503
0.0480027
0.0480599
0.0481219
0.0481886
0.0482601
0.0483363
0.0484173
0.048503
0.0485934
0.0486884
0.048788
0.0488922
0.0490008
0.0491139
0.0492314
0.0493531
0.049479
0.0496089
0.0497428
0.0498805
0.050022
0.050167
0.0503153
0.050467
0.0506216
0.0507792
0.0509394
0.0511021
0.051267
0.0514339
0.0516025
0.0517727
0.0519441
0.0521164
0.0522895
0.0524629
0.0526364
0.0528096
0.0529823
0.0531542
0.0533249
0.053494
0.0536613
0.0538264
0.053989
0.0541487
0.0543053
0.0544584
0.0546076
0.0547527
0.0548934
0.0550294
0.0551604
0.0552861
0.0554063
0.0555207
0.0556292
0.0557315
0.0558274
0.0559169
0.0559998
0.0560758
0.0561451
0.0562075
0.0562629
0.0563113
0.0563528
0.0563874
0.0564152
0.0564361
0.0564504
0.0564581
0.0564593
0.0564544
0.0564433
0.0564264
0.0564039
0.0563759
0.0563427
0.0563047
0.0562619
0.0562149
0.0561637
0.0561087
0.0560502
0.0559885
0.0559238
0.0558565
0.0557869
0.0557152
0.0556417
0.0555668
0.0554906
0.0554134
0.0553354
0.055257
0.0551784
0.0550996
0.055021
0.0549428
0.0548651
0.054788
0.0547118
0.0546365
0.0545623
0.0544892
0.0544175
0.0543471
0.0542781
0.0542105
0.0541445
0.0540799
0.0540169
0.0539554
0.0538955
0.053837
0.05378
0.0537245
0.0536702
0.0536173
0.0535657
0.0535152
0.0534657
0.0534173
0.0533698
0.053323
0.053277
0.0532316
0.0531866
0.053142
0.0530977
0.0530535
0.0530093
0.0529651
0.0529206
0.0528759
0.0528307
0.052785
0.0527387
0.0526916
0.0526437
0.0525948
0.0525449
0.0524939
0.0524417
0.0523881
0.0523333
0.052277
0.0522192
0.0521599
0.0520989
0.0520363
0.051972
0.051906
0.0518382
0.0517686
0.0516972
0.0516239
0.0515489
0.051472
0.0513933
0.0513127
0.0512303
0.0511461
0.0510602
0.0509725
0.050883
0.0507919
0.0506991
0.0506047
0.0505087
0.0504113
0.0503123
0.0502119
0.0501102
0.0500071
0.0499028
0.0497974
0.0496908
0.0495831
0.0494745
0.0493649
0.0492545
0.0491432
0.0490313
0.0489187
0.0488056
0.0486919
0.0485778
0.0484633
0.0483485
0.0482334
0.0481182
0.048003
0.0478876
0.0477723
0.0476571
0.0475421
0.0474273
0.0473127
0.0471985
0.0470848
0.0469714
0.0468586
0.0467464
0.0466348
0.0465239
0.0464137
0.0463043
0.0461957
0.046088
0.0459813
0.0458755
0.0457707
0.0456669
0.0455643
0.0454627
0.0453624
0.0452632
0.0451653
0.0450686
0.0449733
0.0448792
0.0447866
0.0446953
0.0446054
0.044517
0.04443
0.0443445
0.0442605
0.0441781
0.0440971
0.0440178
0.04394
0.0438638
0.0437892
0.0437163
0.0436449
0.0435752
0.0435072
0.0434408
0.0433761
0.0433131
0.0432517
0.0431921
0.0431341
0.0430779
0.0430233
0.0429705
0.0429194
0.04287
0.0428223
0.0427763
0.042732
0.0426894
0.0426485
0.0426094
0.0425719
0.0425362
0.0425021
0.0424697
0.0424391
0.0424101
0.0423827
0.0423571
0.0423331
0.0423108
0.0422902
0.0422711
0.0422538
0.042238
0.0422239
0.0422114
0.0422006
0.0421913
0.0421836
0.0421775
0.042173
0.0421701
0.0421688
0.0421689
0.0421707
0.042174
0.0421788
0.0421851
0.042193
0.0422024
0.0422132
0.0422256
0.0422395
0.0422548
0.0422716
0.0422899
0.0423097
0.0423309
0.0423536
0.0423777
0.0424032
0.0424302
0.0424586
0.0424885
0.0425198
0.0425525
0.0425866
0.0426221
0.0426591
0.0426974
0.0427372
0.0427784
0.0428211
0.0428651
0.0429105
0.0429574
0.0430057
0.0430554
0.0431066
0.0431592
0.0432132
0.0432687
0.0433256
0.043384
0.0434439
0.0435052
0.0435681
0.0436324
0.0436982
0.0437656
0.0438345
0.0439049
0.0439769
0.0440505
0.0441257
0.0442025
0.0442809
0.0443609
0.0444426
0.044526
0.044611
0.0446978
0.0447863
0.0448766
0.0449687
0.0450625
0.0451582
0.0452557
0.0453551
0.0454563
0.0455595
0.0456646
0.0457717
0.0458807
0.0459917
0.0461047
0.0462198
0.046337
0.0464562
0.0465775
0.0467009
0.0468264
0.0469541
0.0470839
0.0472159
0.0473501
0.0474865
0.047625
0.0477657
0.0479086
0.0480537
0.048201
0.0483505
0.048502
0.0486558
0.0488116
0.0489695
0.0491295
0.0492915
0.0494554
0.0496213
0.049789
0.0499586
0.0501299
0.0503029
0.0504774
0.0506535
0.050831
0.0510098
0.0511898
0.0513708
0.0515529
0.0517357
0.0519193
0.0521034
0.0522878
0.0524725
0.0526572
0.0528417
0.053026
0.0532096
0.0533926
0.0535746
0.0537554
0.0539348
0.0541125
0.0542884
0.0544622
0.0546336
0.0548025
0.0549684
0.0551312
0.0552906
0.0554464
0.0555984
0.0557461
0.0558895
0.0560282
0.056162
0.0562906
0.0564139
0.0565317
0.0566436
0.0567494
0.0568491
0.0569424
0.0570291
0.0571091
0.0571823
0.0572484
0.0573075
0.0573593
0.0574039
0.0574412
0.0574711
0.0574935
0.0575086
0.0575163
0.0575167
0.0575097
0.0574955
0.0574741
0.0574457
0.0574103
0.0573682
0.0573194
0.0572641
0.0572026
0.0571349
0.0570613
0.0569821
0.0568974
0.0568074
0.0567125
0.0566129
0.0565088
0.0564005
0.0562883
0.0561724
0.0560531
0.0559307
0.0558055
0.0556777
0.0555476
0.0554154
0.0552816
0.0551462
0.0550096
0.0548721
0.0547338
0.054595
0.054456
0.054317
0.0541782
0.0540399
0.0539022
0.0537653
0.0536295
0.0534949
0.0533617
0.0532302
0.0531003
0.0529724
0.0528465
0.0527228
0.0526014
0.0524825
0.0523661
0.0522524
0.0521414
0.0520334
0.0519282
0.0518261
0.0517271
0.0516312
0.0515386
0.0514493
0.0513632
0.0512805
0.0512013
0.0511254
0.051053
0.050984
0.0509186
0.0508566
0.0507981
0.0507431
0.0506915
0.0506434
0.0505988
0.0505576
0.0505197
0.0504853
0.0504542
0.0504264
0.0504018
0.0503805
0.0503623
0.0503473
0.0503353
0.0503264
0.0503204
0.0503173
0.050317
0.0503196
0.0503248
0.0503326
0.050343
0.050356
0.0503713
0.050389
0.050409
0.0504311
0.0504555
0.0504818
0.0505102
0.0505404
0.0505725
0.0506064
0.0506419
0.0506791
0.0507178
0.050758
0.0507996
0.0508426
0.0508869
0.0509324
0.0509791
0.0510269
0.0510758
0.0511257
0.0511766
0.0512285
0.0512812
0.0513348
0.0513893
0.0514445
0.0515005
0.0515573
0.0516149
0.0516731
0.0517321
0.0517917
0.0518521
0.0519131
0.0519748
0.0520372
0.0521003
0.0521641
0.0522286
0.0522938
0.0523598
0.0524264
0.0524938
0.052562
0.0526309
0.0527007
0.0527712
0.0528425
0.0529146
0.0529876
0.0530614
0.0531361
0.0532117
0.053288
0.0533653
0.0534434
0.0535224
0.0536023
0.0536829
0.0537645
0.0538468
0.05393
0.0540139
0.0540986
0.0541841
0.0542702
0.054357
0.0544445
0.0545325
0.0546211
0.0547102
0.0547998
0.0548897
0.05498
0.0550706
0.0551614
0.0552525
0.0553436
0.0554347
0.0555259
0.055617
0.0557079
0.0557987
0.0558892
0.0559793
0.056069
0.0561583
0.0562471
0.0563353
0.0564229
0.0565098
0.056596
0.0566814
0.056766
0.0568497
0.0569325
0.0570144
0.0570953
0.0571752
0.0572541
0.057332
0.0574088
0.0574846
0.0575593
0.0576329
0.0577055
0.057777
0.0578474
0.0579168
0.0579852
0.0580526
0.058119
0.0581845
0.058249
0.0583126
0.0583754
0.0584373
0.0584984
0.0585587
0.0586183
0.0586772
0.0587355
0.0587932
0.0588503
0.0589068
0.0589629
0.0590185
0.0590737
0.0591284
0.0591829
0.059237
0.0592908
0.0593444
0.0593977
0.0594508
0.0595037
0.0595565
0.0596091
0.0596616
0.0597139
0.0597662
0.0598183
0.0598704
0.0599223
0.0599742
0.060026
0.0600777
0.0601293
0.0601808
0.0602322
0.0602835
0.0603346
0.0603856
0.0604365
0.0604872
0.0605376
0.0605879
0.060638
0.0606879
0.0607375
0.0607868
0.0608358
0.0608845
0.0609329
0.060981
0.0610287
0.0610761
0.061123
0.0611696
0.0612158
0.0612615
0.0613068
0.0613517
0.0613961
0.0614401
0.0614836
0.0615267
0.0615693
0.0616115
0.0616532
0.0616945
0.0617353
0.0617757
0.0618157
0.0618552
0.0618944
0.0619332
0.0619716
0.0620096
0.0620473
0.0620847
0.0621218
0.0621586
0.0621952
0.0622315
0.0622676
0.0623035
0.0623393
0.0623749
0.0624105
0.0624459
0.0624813
0.0625166
0.0625519
0.0625872
0.0626226
0.062658
0.0626935
0.0627291
0.0627647
0.0628006
0.0628365
0.0628726
0.0629089
0.0629454
0.062982
0.0630188
0.0630559
0.0630931
0.0631304
0.063168
0.0632057
0.0632436
0.0632816
0.0633197
0.0633578
0.063396
0.0634342
0.0634724
0.0635105
0.0635484
0.0635862
0.0636236
0.0636608
0.0636975
0.0637337
0.0637693
0.0638042
0.0638383
0.0638715
0.0639036
0.0639346
0.0639643
0.0639925
0.0640191
0.064044
0.0640669
0.0640878
0.0641063
0.0641224
0.0641358
0.0641463
0.0641538
0.064158
0.0641587
0.0641556
0.0641486
0.0641375
0.0641219
0.0641017
0.0640767
0.0640465
0.0640111
0.0639701
0.0639234
0.0638708
0.063812
0.0637468
0.0636751
0.0635967
0.0635114
0.063419
0.0633195
0.0632127
0.0630984
0.0629767
0.0628474
0.0627105
0.0625659
0.0624136
0.0622536
0.062086
0.0619108
0.061728
0.0615377
0.06134
0.0611351
0.0609231
0.0607041
0.0604783
0.060246
0.0600072
0.0597623
0.0595115
0.0592551
0.0589932
0.0587263
0.0584545
0.0581781
0.0578976
0.057613
0.0573249
0.0570335
0.056739
0.0564419
0.0561425
0.0558409
0.0555377
0.0552331
0.0549273
0.0546207
0.0543136
0.0540062
0.0536989
0.0533919
0.0530855
0.0527799
0.0524754
0.0521721
0.0518704
0.0515705
0.0512724
0.0509765
0.0506829
0.0503918
0.0501033
0.0498177
0.0495349
0.0492552
0.0489787
0.0487055
0.0484356
0.0481693
0.0479065
0.0476473
0.0473918
0.0471401
0.0468923
0.0466482
0.0464081
0.0461719
0.0459396
0.0457113
0.045487
0.0452667
0.0450504
0.044838
0.0446297
0.0444253
0.0442249
0.0440285
0.0438359
0.0436473
0.0434626
0.0432817
0.0431047
0.0429315
0.042762
0.0425963
0.0424342
0.0422759
0.0421211
0.0419699
0.0418223
0.0416782
0.0415376
0.0414003
0.0412665
0.041136
0.0410088
0.0408848
0.0407641
0.0406465
0.0405321
0.0404207
0.0403124
0.0402071
0.0401047
0.0400053
0.0399088
0.0398151
0.0397242
0.0396361
0.0395507
0.039468
0.0393879
0.0393104
0.0392355
0.0391632
0.0390934
0.039026
0.038961
0.0388985
0.0388383
0.0387805
0.0387249
0.0386717
0.0386206
0.0385718
0.0385251
0.0384806
0.0384382
0.0383979
0.0383597
0.0383234
0.0382892
0.0382569
0.0382266
0.0381982
0.0381717
0.0381471
0.0381243
0.0381033
0.0380841
0.0380667
0.038051
0.0380371
0.0380248
0.0380142
0.0380052
0.0379978
0.0379921
0.0379879
0.0379852
0.0379841
0.0379844
0.0379863
0.0379896
0.0379943
0.0380004
0.0380079
0.0380168
0.038027
0.0380384
0.0380512
0.0380652
0.0380805
0.038097
0.0381146
0.0381334
0.0381534
0.0381744
0.0381965
0.0382197
0.0382439
0.038269
0.0382952
0.0383223
0.0383503
0.0383792
0.0384089
0.0384395
0.0384708
0.0385029
0.0385358
0.0385693
0.0386035
0.0386383
0.0386738
0.0387098
0.0387463
0.0387833
0.0388208
0.0388587
0.038897
0.0389357
0.0389747
0.0390139
0.0390534
0.0390932
0.039133
0.039173
0.0392131
0.0392533
0.0392934
0.0393336
0.0393736
0.0394136
0.0394534
0.039493
0.0395325
0.0395716
0.0396104
0.0396489
0.0396871
0.0397248
0.039762
0.0397988
0.039835
0.0398706
0.0399057
0.0399401
0.0399738
0.0400068
0.0400391
0.0400706
0.0401013
0.0401311
0.0401601
0.0401882
0.0402154
0.0402416
0.0402668
0.0402911
0.0403143
0.0403365
0.0403576
0.0403776
0.0403965
0.0404143
0.040431
0.0404466
0.040461
0.0404743
0.0404863
0.0404972
0.040507
0.0405155
0.0405229
0.0405291
0.0405342
0.040538
0.0405408
0.0405423
0.0405427
0.040542
0.0405401
0.0405372
0.0405331
0.040528
0.0405219
0.0405147
0.0405064
0.0404972
0.0404871
0.040476
0.0404639
0.040451
0.0404372
0.0404226
0.0404072
0.0403911
0.0403742
0.0403566
0.0403383
0.0403194
0.0402999
0.0402799
0.0402593
0.0402382
0.0402167
0.0401947
0.0401724
0.0401497
0.0401268
0.0401035
0.0400801
0.0400564
0.0400326
0.0400087
0.0399847
0.0399606
0.0399366
0.0399126
0.0398886
0.0398648
0.039841
0.0398175
0.0397942
0.0397711
0.0397482
0.0397257
0.0397035
0.0396817
0.0396603
0.0396393
0.0396188
0.0395988
0.0395792
0.0395603
0.0395418
0.039524
0.0395068
0.0394903
0.0394744
0.0394592
0.0394447
0.039431
0.039418
0.0394058
0.0393944
0.0393838
0.039374
0.039365
0.039357
0.0393498
0.0393435
0.0393381
0.0393336
0.03933
0.0393274
0.0393257
0.039325
0.0393253
0.0393265
0.0393288
0.039332
0.0393362
0.0393414
0.0393476
0.0393549
0.0393631
0.0393724
0.0393827
0.039394
0.0394063
0.0394197
0.039434
0.0394494
0.0394658
0.0394832
0.0395016
0.0395211
0.0395415
0.0395629
0.0395853
0.0396086
0.039633
0.0396583
0.0396845
0.0397117
0.0397398
0.0397689
0.0397988
0.0398297
0.0398614
0.039894
0.0399274
0.0399617
0.0399968
0.0400327
0.0400694
0.0401069
0.0401451
0.0401841
0.0402237
0.0402641
0.0403051
0.0403468
0.0403891
0.0404321
0.0404756
0.0405197
0.0405643
0.0406094
0.040655
0.0407011
0.0407476
0.0407946
0.0408419
0.0408896
0.0409376
0.0409859
0.0410345
0.0410834
0.0411325
0.0411817
0.0412312
0.0412808
0.0413304
0.0413802
0.04143
0.0414799
0.0415297
0.0415795
0.0416293
0.041679
0.0417285
0.0417779
0.0418271
0.0418761
0.0419249
0.0419735
0.0420218
0.0420697
0.0421173
0.0421646
0.0422115
0.042258
0.042304
0.0423496
0.0423948
0.0424394
0.0424835
0.0425271
0.0425702
0.0426126
0.0426545
0.0426958
0.0427364
0.0427765
0.0428158
0.0428545
0.0428926
0.0429299
0.0429666
0.0430025
0.0430377
0.0430723
0.0431061
0.0431391
0.0431714
0.043203
0.0432339
0.043264
0.0432933
0.043322
0.0433498
0.043377
0.0434034
0.0434291
0.043454
0.0434783
0.0435018
0.0435246
0.0435468
0.0435682
0.043589
0.0436091
0.0436285
0.0436474
0.0436656
0.0436831
0.0437001
0.0437165
0.0437323
0.0437476
0.0437623
0.0437765
0.0437902
0.0438035
0.0438162
0.0438285
0.0438404
0.0438518
0.0438629
0.0438736
0.0438839
0.0438939
0.0439035
0.0439129
0.043922
0.0439308
0.0439394
0.0439477
0.0439559
0.0439639
0.0439717
0.0439793
0.0439868
0.0439943
0.0440016
0.0440089
0.0440161
0.0440233
0.0440304
0.0440376
0.0440448
0.044052
0.0440593
0.0440667
0.0440741
0.0440817
0.0440894
0.0440972
0.0441052
0.0441133
0.0441216
0.0441302
0.0441389
0.0441479
0.0441571
0.0441666
0.0441763
0.0441863
0.0441967
0.0442073
0.0442183
0.0442296
0.0442413
0.0442533
0.0442657
0.0442785
0.0442917
0.0443053
0.0443193
0.0443338
0.0443487
0.044364
0.0443798
0.0443961
0.0444129
0.0444302
0.044448
0.0444663
0.0444852
0.0445046
0.0445245
0.044545
0.0445661
0.0445877
0.04461
0.0446328
0.0446563
0.0446804
0.0447051
0.0447304
0.0447564
0.0447831
0.0448104
0.0448384
0.0448671
0.0448965
0.0449266
0.0449574
0.0449889
0.0450212
0.0450542
0.045088
0.0451226
0.0451579
0.0451941
0.045231
0.0452687
0.0453073
0.0453466
0.0453869
0.0454279
0.0454698
0.0455126
0.0455563
0.0456008
0.0456463
0.0456926
0.0457399
0.0457881
0.0458372
0.0458873
0.0459383
0.0459903
0.0460433
0.0460972
0.0461521
0.046208
0.0462649
0.0463229
0.0463818
0.0464418
0.0465028
0.0465648
0.0466279
0.0466921
0.0467572
0.0468235
0.0468908
0.0469592
0.0470286
0.0470991
0.0471707
0.0472434
0.0473171
0.0473919
0.0474678
0.0475448
0.0476228
0.047702
0.0477821
0.0478634
0.0479456
0.048029
0.0481134
0.0481988
0.0482852
0.0483726
0.0484611
0.0485505
0.0486409
0.0487323
0.0488246
0.0489178
0.049012
0.049107
0.0492029
0.0492996
0.0493972
0.0494955
0.0495946
0.0496945
0.0497951
0.0498963
0.0499983
0.0501008
0.0502039
0.0503076
0.0504118
0.0505165
0.0506216
0.0507271
0.050833
0.0509392
0.0510456
0.0511523
0.0512592
0.0513663
0.0514734
0.0515806
0.0516877
0.0517949
0.0519019
0.0520088
0.0521154
0.0522219
0.052328
0.0524338
0.0525391
0.0526441
0.0527485
0.0528523
0.0529556
0.0530581
0.05316
0.0532611
0.0533614
0.0534608
0.0535593
0.0536568
0.0537534
0.0538488
0.0539432
0.0540364
0.0541284
0.0542191
0.0543086
0.0543967
0.0544835
0.0545688
0.0546527
0.054735
0.0548159
0.0548951
0.0549727
0.0550487
0.055123
0.0551955
0.0552663
0.0553352
0.0554023
0.0554675
0.0555308
0.0555921
0.0556515
0.0557087
0.0557639
0.055817
0.0558679
0.0559166
0.055963
0.0560072
0.0560489
0.0560883
0.0561253
0.0561597
0.0561916
0.0562209
0.0562475
0.0562714
0.0562925
0.0563107
0.056326
0.0563384
0.0563477
0.0563539
0.0563569
0.0563566
0.0563531
0.0563461
0.0563356
0.0563216
0.056304
0.0562827
0.0562576
0.0562287
0.0561959
0.0561591
0.0561183
0.0560734
0.0560243
0.0559711
0.0559135
0.0558517
0.0557855
0.0557149
0.0556399
0.0555605
0.0554766
0.0553882
0.0552954
0.055198
0.0550962
0.0549899
0.0548791
0.054764
0.0546445
0.0545206
0.0543925
0.0542602
0.0541237
0.0539832
0.0538386
0.0536902
0.053538
0.0533821
0.0532227
0.0530598
0.0528936
0.0527242
0.0525517
0.0523763
0.0521982
0.0520174
0.0518342
0.0516487
0.051461
0.0512713
0.0510799
0.0508867
0.0506921
0.0504962
0.0502991
0.0501011
0.0499022
0.0497026
0.0495026
0.0493023
0.0491017
0.0489012
0.0487007
0.0485006
0.0483009
0.0481018
0.0479034
0.0477058
0.0475092
0.0473137
0.0471195
0.0469266
0.0467351
0.0465452
0.0463569
0.0461704
0.0459858
0.0458031
0.0456225
0.0454439
0.0452675
0.0450934
0.0449216
0.0447522
0.0445852
0.0444207
0.0442587
0.0440993
0.0439426
0.0437885
0.0436371
0.0434884
0.0433424
0.0431993
0.0430589
0.0429214
0.0427867
0.0426549
0.0425259
0.0423998
0.0422765
0.0421562
0.0420387
0.0419241
0.0418124
0.0417035
0.0415976
0.0414945
0.0413943
0.041297
0.0412025
0.0411108
0.041022
0.0409361
0.0408529
0.0407725
0.040695
0.0406202
0.0405482
0.0404789
0.0404124
0.0403486
0.0402875
0.0402291
0.0401734
0.0401204
0.04007
0.0400223
0.0399773
0.0399348
0.039895
0.0398577
0.0398231
0.039791
0.0397615
0.0397345
0.0397101
0.0396882
0.0396688
0.0396519
0.0396376
0.0396257
0.0396163
0.0396093
0.0396049
0.0396029
0.0396033
0.0396062
0.0396116
0.0396193
0.0396295
0.0396422
0.0396572
0.0396746
0.0396945
0.0397167
0.0397414
0.0397685
0.0397979
0.0398297
0.039864
0.0399006
0.0399396
0.0399809
0.0400247
0.0400708
0.0401193
0.0401702
0.0402234
0.040279
0.040337
0.0403973
0.04046
0.040525
0.0405924
0.0406622
0.0407343
0.0408087
0.0408855
0.0409646
0.0410461
0.0411298
0.0412159
0.0413043
0.041395
0.041488
0.0415832
0.0416808
0.0417806
0.0418827
0.041987
0.0420935
0.0422023
0.0423133
0.0424264
0.0425417
0.0426592
0.0427788
0.0429005
0.0430243
0.0431502
0.0432781
0.043408
0.0435399
0.0436738
0.0438096
0.0439472
0.0440868
0.0442282
0.0443714
0.0445163
0.044663
0.0448113
0.0449613
0.0451128
0.0452659
0.0454205
0.0455766
0.045734
0.0458928
0.0460528
0.0462141
0.0463766
0.0465402
0.0467048
0.0468704
0.047037
0.0472044
0.0473726
0.0475415
0.047711
0.0478811
0.0480518
0.0482228
0.0483942
0.0485659
0.0487377
0.0489097
0.0490817
0.0492536
0.0494253
0.0495969
0.0497681
0.0499389
0.0501092
0.0502789
0.0504479
0.0506161
0.0507834
0.0509498
0.0511151
0.0512792
0.0514421
0.0516036
0.0517636
0.0519221
0.0520789
0.052234
0.0523872
0.0525385
0.0526877
0.0528347
0.0529795
0.0531219
0.0532619
0.0533993
0.053534
0.0536661
0.0537952
0.0539215
0.0540447
0.0541648
0.0542817
0.0543953
0.0545055
0.0546123
0.0547155
0.0548152
0.0549111
0.0550032
0.0550916
0.055176
0.0552565
0.0553329
0.0554053
0.0554735
0.0555376
0.0555975
0.0556532
0.0557045
0.0557516
0.0557943
0.0558327
0.0558667
0.0558964
0.0559217
0.0559426
0.0559591
0.0559713
0.0559792
0.0559828
0.0559821
0.0559772
0.0559681
0.0559548
0.0559374
0.0559159
0.0558905
0.0558611
0.0558278
0.0557908
0.05575
0.0557056
0.0556576
0.0556062
0.0555513
0.0554932
0.0554318
0.0553674
0.0552999
0.0552295
0.0551563
0.0550804
0.0550019
0.0549209
0.0548375
0.0547517
0.0546638
0.0545738
0.0544818
0.0543879
0.0542922
0.0541949
0.0540959
0.0539954
0.0538936
0.0537904
0.053686
0.0535805
0.0534739
0.0533664
0.053258
0.0531488
0.0530388
0.0529282
0.052817
0.0527053
0.0525931
0.0524805
0.0523676
0.0522544
0.0521409
0.0520273
0.0519135
0.0517997
0.0516858
0.0515718
0.0514579
0.051344
0.0512302
0.0511165
0.051003
0.0508896
0.0507764
0.0506633
0.0505505
0.050438
0.0503256
0.0502136
0.0501018
0.0499903
0.0498791
0.0497682
0.0496576
0.0495473
0.0494374
0.0493278
0.0492185
0.0491096
0.049001
0.0488928
0.0487849
0.0486774
0.0485703
0.0484635
0.0483571
0.0482511
0.0481456
0.0480404
0.0479356
0.0478313
0.0477274
0.047624
0.047521
0.0474185
0.0473164
0.0472149
0.0471139
0.0470135
0.0469136
0.0468143
0.0467156
0.0466175
0.0465201
0.0464233
0.0463273
0.0462319
0.0461374
0.0460436
0.0459507
0.0458586
0.0457674
0.0456771
0.0455878
0.0454994
0.0454121
0.0453259
0.0452408
0.0451569
0.0450741
0.0449926
0.0449123
0.0448334
0.0447559
0.0446798
0.0446051
0.0445319
0.0444603
0.0443903
0.0443219
0.0442553
0.0441903
0.0441272
0.0440659
0.0440065
0.043949
0.0438935
0.04384
0.0437886
0.0437393
0.0436921
0.0436472
0.0436046
0.0435642
0.0435262
0.0434907
0.0434575
0.0434268
0.0433987
0.0433731
0.0433502
0.0433299
0.0433123
0.0432974
0.0432853
0.043276
0.0432696
0.043266
0.0432654
0.0432677
0.0432731
0.0432814
0.0432928
0.0433073
0.0433248
0.0433456
0.0433694
0.0433965
0.0434268
0.0434603
0.0434971
0.0435372
0.0435806
0.0436273
0.0436773
0.0437306
0.0437873
0.0438474
0.0439109
0.0439777
0.0440479
0.0441216
0.0441986
0.044279
0.0443627
0.0444499
0.0445404
0.0446343
0.0447315
0.0448321
0.044936
0.0450431
0.0451535
0.0452672
0.0453841
0.0455041
0.0456273
0.0457536
0.0458829
0.0460152
0.0461504
0.0462886
0.0464296
0.0465733
0.0467197
0.0468688
0.0470204
0.0471745
0.0473309
0.0474897
0.0476506
0.0478136
0.0479786
0.0481455
0.0483141
0.0484844
0.0486562
0.0488293
0.0490037
0.0491792
0.0493557
0.049533
0.0497109
0.0498894
0.0500681
0.0502471
0.0504261
0.0506049
0.0507833
0.0509612
0.0511384
0.0513148
0.05149
0.051664
0.0518365
0.0520073
0.0521764
0.0523433
0.0525081
0.0526705
0.0528302
0.0529872
0.0531412
0.053292
0.0534395
0.0535835
0.0537239
0.0538604
0.0539929
0.0541213
0.0542454
0.054365
0.0544801
0.0545906
0.0546962
0.0547969
0.0548926
0.0549833
0.0550688
0.055149
0.055224
0.0552937
0.0553579
0.0554168
0.0554703
0.0555183
0.0555609
0.0555981
0.05563
0.0556565
0.0556777
0.0556936
0.0557044
0.05571
0.0557106
0.0557063
0.0556971
0.0556831
0.0556645
0.0556413
0.0556137
0.0555818
0.0555458
0.0555056
0.0554616
0.0554138
0.0553624
0.0553075
0.0552492
0.0551877
0.0551231
0.0550557
0.0549854
0.0549125
0.0548371
0.0547594
0.0546794
0.0545973
0.0545133
0.0544275
0.0543399
0.0542508
0.0541602
0.0540682
0.053975
0.0538807
0.0537854
0.0536891
0.053592
0.0534941
0.0533955
0.0532964
0.0531968
0.0530968
0.0529964
0.0528957
0.0527947
0.0526936
0.0525924
0.0524911
0.0523898
0.0522885
0.0521873
0.0520861
0.0519852
0.0518844
0.0517838
0.0516834
0.0515833
0.0514835
0.051384
0.0512849
0.0511861
0.0510877
0.0509897
0.0508921
0.050795
0.0506983
0.0506021
0.0505064
0.0504112
0.0503166
0.0502225
0.050129
0.0500361
0.0499438
0.0498521
0.0497611
0.0496708
0.0495812
0.0494922
0.0494041
0.0493167
0.0492301
0.0491443
0.0490594
0.0489754
0.0488922
0.0488101
0.0487288
0.0486486
0.0485694
0.0484913
0.0484143
0.0483384
0.0482637
0.0481902
0.0481179
0.0480469
0.0479772
0.0479089
0.0478419
0.0477764
0.0477123
0.0476497
0.0475887
0.0475292
0.0474713
0.047415
0.0473604
0.0473076
0.0472564
0.0472071
0.0471595
0.0471138
0.04707
0.047028
0.0469881
0.04695
0.046914
0.04688
0.046848
0.0468181
0.0467904
0.0467647
0.0467412
0.0467198
0.0467007
0.0466837
0.046669
0.0466565
0.0466463
0.0466384
0.0466327
0.0466293
0.0466282
0.0466295
0.046633
0.0466389
0.0466471
0.0466576
0.0466705
0.0466856
0.0467031
0.0467229
0.0467451
0.0467695
0.0467962
0.0468252
0.0468565
0.04689
0.0469258
0.0469637
0.0470039
0.0470462
0.0470907
0.0471373
0.0471859
0.0472366
0.0472894
0.0473441
0.0474007
0.0474593
0.0475197
0.0475819
0.0476458
0.0477115
0.0477788
0.0478477
0.0479182
0.0479901
0.0480635
0.0481382
0.0482142
0.0482914
0.0483697
0.0484491
0.0485295
0.0486109
0.048693
0.0487759
0.0488594
0.0489435
0.0490281
0.0491131
0.0491984
0.0492839
0.0493695
0.0494551
0.0495406
0.049626
0.0497111
0.0497958
0.0498801
0.0499638
0.0500468
0.0501291
0.0502105
0.050291
0.0503704
0.0504487
0.0505258
0.0506015
0.0506759
0.0507488
0.0508202
0.0508899
0.0509579
0.0510242
0.0510886
0.0511511
0.0512117
0.0512703
0.0513269
0.0513813
0.0514337
0.0514839
0.051532
0.0515779
0.0516215
0.051663
0.0517023
0.0517394
0.0517742
0.051807
0.0518375
0.051866
0.0518924
0.0519167
0.0519391
0.0519595
0.051978
0.0519948
0.0520097
0.052023
0.0520347
0.0520449
0.0520536
0.052061
0.0520672
0.0520721
0.0520761
0.052079
0.0520811
0.0520825
0.0520832
0.0520834
0.0520832
0.0520827
0.052082
0.0520812
0.0520804
0.0520798
0.0520794
0.0520794
0.0520799
0.052081
0.0520827
0.0520853
0.0520888
0.0520932
0.0520988
0.0521057
0.0521138
0.0521233
0.0521343
0.0521469
0.0521612
0.0521773
0.0521951
0.0522149
0.0522367
0.0522605
0.0522864
0.0523146
0.052345
0.0523777
0.0524127
0.0524502
0.0524902
0.0525326
0.0525776
0.0526252
0.0526755
0.0527283
0.0527839
0.0528422
0.0529033
0.0529671
0.0530336
0.053103
0.0531751
0.0532501
0.0533279
0.0534085
0.0534919
0.0535781
0.0536672
0.053759
0.0538536
0.053951
0.0540511
0.054154
0.0542596
0.0543678
0.0544788
0.0545923
0.0547085
0.0548272
0.0549484
0.0550721
0.0551982
0.0553267
0.0554576
0.0555907
0.0557261
0.0558636
0.0560033
0.056145
0.0562887
0.0564343
0.0565818
0.056731
0.056882
0.0570346
0.0571887
0.0573443
0.0575012
0.0576595
0.0578189
0.0579794
0.058141
0.0583034
0.0584666
0.0586306
0.0587951
0.0589601
0.0591255
0.0592911
0.0594569
0.0596227
0.0597884
0.059954
0.0601191
0.0602839
0.060448
0.0606114
0.0607741
0.0609357
0.0610963
0.0612556
0.0614136
0.0615702
0.0617251
0.0618784
0.0620298
0.0621792
0.0623265
0.0624716
0.0626144
0.0627547
0.0628925
0.0630277
0.06316
0.0632895
0.0634161
0.0635395
0.0636599
0.063777
0.0638908
0.0640012
0.0641082
0.0642117
0.0643116
0.064408
0.0645007
0.0645897
0.0646751
0.0647567
0.0648347
0.0649089
0.0649793
0.0650461
0.0651092
0.0651686
0.0652244
0.0652766
0.0653252
0.0653704
0.0654121
0.0654504
0.0654855
0.0655173
0.0655459
0.0655715
0.0655942
0.0656139
0.0656309
0.0656452
0.0656569
0.0656662
0.065673
0.0656777
0.0656802
0.0656806
0.0656792
0.0656759
0.065671
0.0656645
0.0656565
0.0656471
0.0656365
0.0656247
0.0656119
0.0655981
0.0655834
0.065568
0.065552
0.0655353
0.0655181
0.0655005
0.0654826
0.0654643
0.0654458
0.0654272
0.0654085
0.0653897
0.0653709
0.0653521
0.0653334
0.0653148
0.0652963
0.065278
0.0652598
0.0652418
0.0652241
0.0652065
0.0651891
0.0651718
0.0651548
0.065138
0.0651212
0.0651047
0.0650882
0.0650718
0.0650555
0.0650392
0.0650228
0.0650064
0.0649899
0.0649732
0.0649564
0.0649393
0.0649218
0.064904
0.0648858
0.0648671
0.0648479
0.064828
0.0648075
0.0647862
0.0647641
0.0647411
0.0647172
0.0646922
0.0646661
0.0646388
0.0646103
0.0645804
0.0645492
0.0645164
0.064482
0.064446
0.0644083
0.0643688
0.0643274
0.064284
0.0642385
0.064191
0.0641412
0.0640892
0.0640348
0.063978
0.0639187
0.0638568
0.0637922
0.063725
0.063655
0.0635821
0.0635063
0.0634276
0.0633459
0.0632611
0.0631731
0.063082
0.0629877
0.0628901
0.0627893
0.0626851
0.0625776
0.0624667
0.0623525
0.0622348
0.0621138
0.0619894
0.0618615
0.0617303
0.0615957
0.0614577
0.0613165
0.0611719
0.061024
0.060873
0.0607187
0.0605614
0.060401
0.0602376
0.0600713
0.0599021
0.0597302
0.0595555
0.0593783
0.0591986
0.0590165
0.0588321
0.0586455
0.0584568
0.0582661
0.0580735
0.0578793
0.0576834
0.057486
0.0572872
0.0570872
0.0568861
0.0566839
0.0564809
0.0562771
0.0560728
0.0558679
0.0556627
0.0554572
0.0552516
0.055046
0.0548406
0.0546353
0.0544305
0.0542261
0.0540223
0.0538191
0.0536168
0.0534154
0.0532149
0.0530156
0.0528174
0.0526205
0.0524249
0.0522308
0.0520382
0.0518471
0.0516577
0.0514701
0.0512842
0.0511001
0.0509179
0.0507377
0.0505594
0.0503832
0.0502091
0.050037
0.0498671
0.0496994
0.0495338
0.0493705
0.0492094
0.0490505
0.0488939
0.0487396
0.0485875
0.0484378
0.0482903
0.0481451
0.0480022
0.0478616
0.0477232
0.0475871
0.0474532
0.0473216
0.0471923
0.0470651
0.0469401
0.0468173
0.0466966
0.046578
0.0464616
0.0463472
0.0462349
0.0461246
0.0460162
0.0459099
0.0458055
0.045703
0.0456024
0.0455036
0.0454066
0.0453114
0.045218
0.0451263
0.0450362
0.0449478
0.044861
0.0447758
0.0446921
0.04461
0.0445293
0.04445
0.0443722
0.0442957
0.0442206
0.0441468
0.0440742
0.0440029
0.0439328
0.0438638
0.043796
0.0437293
0.0436637
0.0435991
0.0435355
0.0434729
0.0434112
0.0433505
0.0432906
0.0432316
0.0431734
0.043116
0.0430594
0.0430035
0.0429483
0.0428938
0.04284
0.0427868
0.0427342
0.0426821
0.0426306
0.0425797
0.0425292
0.0424792
0.0424297
0.0423806
0.0423318
0.0422835
0.0422355
0.0421879
0.0421406
0.0420936
0.0420468
0.0420004
0.0419541
0.041908
0.0418622
0.0418165
0.041771
0.0417256
0.0416804
0.0416352
0.0415902
0.0415452
0.0415003
0.0414554
0.0414105
0.0413657
0.0413208
0.0412759
0.041231
0.0411861
0.0411411
0.041096
0.0410508
0.0410056
0.0409602
0.0409148
0.0408692
0.0408235
0.0407776
0.0407316
0.0406854
0.0406391
0.0405926
0.0405459
0.040499
0.0404519
0.0404046
0.0403572
0.0403095
0.0402616
0.0402135
0.0401651
0.0401166
0.0400678
0.0400188
0.0399696
0.0399201
0.0398705
0.0398206
0.0397704
0.0397201
0.0396695
0.0396187
0.0395677
0.0395165
0.0394651
0.0394135
0.0393616
0.0393096
0.0392574
0.039205
0.0391525
0.0390998
0.0390469
0.0389938
0.0389407
0.0388874
0.0388339
0.0387804
0.0387267
0.038673
0.0386192
0.0385653
0.0385113
0.0384573
0.0384033
0.0383492
0.0382951
0.038241
0.038187
0.0381329
0.0380789
0.038025
0.0379711
0.0379173
0.0378636
0.03781
0.0377565
0.0377032
0.03765
0.037597
0.0375442
0.0374916
0.0374391
0.0373869
0.037335
0.0372833
0.0372318
0.0371807
0.0371298
0.0370793
0.0370291
0.0369792
0.0369297
0.0368806
0.0368318
0.0367834
0.0367355
0.0366879
0.0366408
0.0365942
0.036548
0.0365023
0.0364571
0.0364124
0.0363681
0.0363245
0.0362813
0.0362387
0.0361967
0.0361552
0.0361143
0.036074
0.0360342
0.0359951
0.0359567
0.0359188
0.0358816
0.035845
0.0358091
0.0357738
0.0357393
0.0357054
0.0356721
0.0356396
0.0356078
0.0355767
0.0355463
0.0355166
0.0354876
0.0354594
0.0354319
0.0354052
0.0353792
0.035354
0.0353295
0.0353058
0.0352828
0.0352607
0.0352393
0.0352186
0.0351988
0.0351797
0.0351615
0.035144
0.0351273
0.0351114
0.0350963
0.035082
0.0350685
0.0350558
0.0350439
0.0350328
0.0350225
0.035013
0.0350043
0.0349964
0.0349893
0.0349831
0.0349776
0.034973
0.0349691
0.0349661
0.0349638
0.0349624
0.0349618
0.0349619
0.0349629
0.0349647
0.0349672
0.0349706
0.0349748
0.0349797
0.0349854
0.034992
0.0349993
0.0350074
0.0350162
0.0350259
0.0350363
0.0350475
0.0350595
0.0350722
0.0350857
0.0350999
0.0351149
0.0351307
0.0351472
0.0351644
0.0351824
0.0352011
0.0352206
0.0352408
0.0352616
0.0352833
0.0353056
0.0353286
0.0353523
0.0353768
0.0354019
0.0354277
0.0354542
0.0354813
0.0355091
0.0355376
0.0355668
0.0355966
0.035627
0.0356581
0.0356898
0.0357221
0.0357551
0.0357886
0.0358228
0.0358575
0.0358929
0.0359288
0.0359654
0.0360025
0.0360401
0.0360783
0.0361171
0.0361564
0.0361962
0.0362366
0.0362775
0.0363189
0.0363608
0.0364032
0.0364461
0.0364894
0.0365333
0.0365776
0.0366224
0.0366677
0.0367134
0.0367595
0.0368061
0.0368531
0.0369005
0.0369484
0.0369967
0.0370454
0.0370944
0.0371439
0.0371938
0.037244
0.0372947
0.0373457
0.0373971
0.0374489
0.037501
0.0375535
0.0376064
0.0376597
0.0377133
0.0377672
0.0378215
0.0378762
0.0379312
0.0379866
0.0380424
0.0380985
0.038155
0.0382118
0.038269
0.0383266
0.0383846
0.0384429
0.0385016
0.0385607
0.0386202
0.0386801
0.0387404
0.0388012
0.0388623
0.0389239
0.0389859
0.0390484
0.0391113
0.0391748
0.0392386
0.039303
0.0393679
0.0394333
0.0394992
0.0395657
0.0396327
0.0397003
0.0397685
0.0398373
0.0399067
0.0399767
0.0400473
0.0401186
0.0401906
0.0402632
0.0403366
0.0404107
0.0404855
0.040561
0.0406373
0.0407144
0.0407923
0.040871
0.0409505
0.0410308
0.041112
0.041194
0.0412769
0.0413607
0.0414454
0.041531
0.0416175
0.0417049
0.0417933
0.0418826
0.0419728
0.042064
0.0421562
0.0422493
0.0423434
0.0424384
0.0425344
0.0426313
0.0427292
0.0428281
0.0429279
0.0430286
0.0431302
0.0432328
0.0433362
0.0434405
0.0435457
0.0436517
0.0437586
0.0438662
0.0439746
0.0440837
0.0441936
0.0443041
0.0444152
0.044527
0.0446393
0.0447521
0.0448654
0.0449791
0.0450931
0.0452076
0.0453222
0.0454371
0.0455521
0.0456672
0.0457823
0.0458974
0.0460124
0.0461272
0.0462417
0.0463559
0.0464696
0.0465829
0.0466956
0.0468077
0.046919
0.0470294
0.047139
0.0472475
0.047355
0.0474613
0.0475663
0.0476699
0.047772
0.0478726
0.0479716
0.0480688
0.0481642
0.0482576
0.048349
0.0484383
0.0485254
0.0486102
0.0486926
0.0487726
0.04885
0.0489247
0.0489968
0.049066
0.0491324
0.0491958
0.0492562
0.0493135
0.0493677
0.0494187
0.0494665
0.0495109
0.0495519
0.0495896
0.0496238
0.0496545
0.0496817
0.0497054
0.0497256
0.0497421
0.0497551
0.0497644
0.0497702
0.0497724
0.049771
0.049766
0.0497575
0.0497454
0.0497298
0.0497107
0.0496882
0.0496623
0.0496331
0.0496005
0.0495647
0.0495257
0.0494835
0.0494383
0.0493902
0.0493391
0.0492851
0.0492284
0.0491691
0.0491071
0.0490427
0.0489759
0.0489067
0.0488354
0.048762
0.0486865
0.0486092
0.0485301
0.0484493
0.048367
0.0482832
0.048198
0.0481117
0.0480242
0.0479357
0.0478463
0.0477562
0.0476654
0.047574
0.0474823
0.0473902
0.0472979
0.0472056
0.0471133
0.0470211
0.0469292
0.0468376
0.0467466
0.0466561
0.0465663
0.0464773
0.0463892
0.0463021
0.0462161
0.0461313
0.0460478
0.0459657
0.0458851
0.0458061
0.0457287
0.0456532
0.0455794
0.0455076
0.0454378
0.0453701
0.0453046
0.0452413
0.0451803
0.0451218
0.0450656
0.045012
0.044961
0.0449127
0.044867
0.0448241
0.044784
0.0447468
0.0447125
0.0446811
0.0446528
0.0446275
0.0446052
0.0445861
0.0445702
0.0445574
0.0445478
0.0445414
0.0445383
0.0445385
0.0445419
0.0445486
0.0445586
0.0445719
0.0445884
0.0446083
0.0446315
0.0446579
0.0446876
0.0447205
0.0447567
0.044796
0.0448385
0.0448841
0.0449328
0.0449845
0.0450393
0.0450969
0.0451575
0.0452209
0.045287
0.0453558
0.0454273
0.0455012
0.0455776
0.0456564
0.0457374
0.0458206
0.0459058
0.045993
0.046082
0.0461727
0.046265
0.0463588
0.0464539
0.0465502
0.0466476
0.0467459
0.0468449
0.0469446
0.0470447
0.0471451
0.0472457
0.0473463
0.0474467
0.0475468
0.0476463
0.0477452
0.0478433
0.0479404
0.0480363
0.048131
0.0482241
0.0483156
0.0484053
0.048493
0.0485787
0.0486621
0.0487431
0.0488216
0.0488974
0.0489705
0.0490407
0.0491079
0.049172
0.0492328
0.0492904
0.0493446
0.0493954
0.0494426
0.0494863
0.0495264
0.0495629
0.0495957
0.0496248
0.0496502
0.049672
0.04969
0.0497045
0.0497152
0.0497224
0.0497261
0.0497262
0.049723
0.0497164
0.0497065
0.0496934
0.0496772
0.049658
0.049636
0.0496111
0.0495835
0.0495534
0.0495209
0.049486
0.049449
0.0494099
0.0493688
0.049326
0.0492815
0.0492355
0.0491881
0.0491394
0.0490896
0.0490388
0.0489872
0.0489348
0.0488818
0.0488284
0.0487746
0.0487205
0.0486663
0.0486122
0.0485581
0.0485042
0.0484507
0.0483975
0.0483448
0.0482928
0.0482414
0.0481908
0.048141
0.0480921
0.0480441
0.0479973
0.0479515
0.0479069
0.0478634
0.0478213
0.0477804
0.0477408
0.0477027
0.0476659
0.0476305
0.0475966
0.0475642
0.0475332
0.0475038
0.0474758
0.0474494
0.0474244
0.047401
0.047379
0.0473586
0.0473396
0.0473221
0.0473061
0.0472915
0.0472783
0.0472665
0.0472561
0.047247
0.0472392
0.0472327
0.0472274
0.0472234
0.0472205
0.0472187
0.047218
0.0472184
0.0472197
0.047222
0.0472252
0.0472293
0.0472342
0.0472398
0.0472461
0.0472531
0.0472607
0.0472688
0.0472775
0.0472865
0.047296
0.0473058
0.0473158
0.0473261
0.0473365
0.0473471
0.0473576
0.0473682
0.0473787
0.0473891
0.0473994
0.0474094
0.0474191
0.0474285
0.0474375
0.047446
0.0474541
0.0474616
0.0474686
0.0474749
0.0474805
0.0474854
0.0474895
0.0474929
0.0474953
0.0474968
0.0474975
0.0474971
0.0474957
0.0474933
0.0474898
0.0474852
0.0474794
0.0474725
0.0474644
0.0474551
0.0474445
0.0474326
0.0474195
0.0474051
0.0473894
0.0473723
0.0473539
0.0473341
0.047313
0.0472905
0.0472666
0.0472414
0.0472147
0.0471867
0.0471573
0.0471265
0.0470944
0.0470609
0.047026
0.0469897
0.0469521
0.0469132
0.046873
0.0468314
0.0467886
0.0467444
0.046699
0.0466524
0.0466045
0.0465555
0.0465052
0.0464538
0.0464012
0.0463475
0.0462927
0.0462369
0.04618
0.0461221
0.0460631
0.0460033
0.0459424
0.0458807
0.045818
0.0457545
0.0456902
0.0456251
0.0455592
0.0454926
0.0454252
0.0453572
0.0452885
0.0452192
0.0451493
0.0450788
0.0450078
0.0449363
0.0448643
0.0447918
0.044719
0.0446457
0.0445721
0.0444982
0.044424
0.0443495
0.0442748
0.0441999
0.0441247
0.0440495
0.0439741
0.0438986
0.043823
0.0437474
0.0436718
0.0435962
0.0435206
0.0434451
0.0433697
0.0432944
0.0432192
0.0431442
0.0430694
0.0429948
0.0429205
0.0428464
0.0427726
0.0426991
0.0426259
0.0425531
0.0424806
0.0424086
0.0423369
0.0422657
0.0421949
0.0421246
0.0420549
0.0419856
0.0419168
0.0418486
0.0417809
0.0417139
0.0416474
0.0415815
0.0415163
0.0414517
0.0413877
0.0413245
0.0412619
0.0412
0.0411388
0.0410784
0.0410187
0.0409597
0.0409015
0.040844
0.0407874
0.0407315
0.0406764
0.0406221
0.0405687
0.040516
0.0404642
0.0404133
0.0403632
0.0403139
0.0402655
0.040218
0.0401714
0.0401256
0.0400807
0.0400367
0.0399936
0.0399514
0.0399101
0.0398697
0.0398302
0.0397916
0.039754
0.0397172
0.0396814
0.0396465
0.0396125
0.0395794
0.0395473
0.039516
0.0394858
0.0394564
0.0394279
0.0394004
0.0393738
0.0393481
0.0393234
0.0392996
0.0392767
0.0392547
0.0392336
0.0392135
0.0391942
0.0391759
0.0391585
0.0391419
0.0391263
0.0391116
0.0390978
0.0390849
0.0390729
0.0390617
0.0390515
0.0390421
0.0390336
0.039026
0.0390192
0.0390134
0.0390083
0.0390042
0.0390008
0.0389984
0.0389967
0.038996
0.038996
0.0389969
0.0389986
0.0390011
0.0390044
0.0390085
0.0390135
0.0390192
0.0390257
0.039033
0.0390411
0.03905
0.0390596
0.03907
0.0390811
0.039093
0.0391057
0.0391191
0.0391332
0.039148
0.0391636
0.0391798
0.0391968
0.0392145
0.0392328
0.0392519
0.0392716
0.039292
0.0393131
0.0393348
0.0393572
0.0393803
0.0394039
0.0394282
0.0394532
0.0394787
0.0395049
0.0395316
0.039559
0.0395869
0.0396154
0.0396445
0.0396742
0.0397044
0.0397352
0.0397665
0.0397983
0.0398307
0.0398636
0.039897
0.039931
0.0399654
0.0400003
0.0400357
0.0400715
0.0401079
0.0401447
0.0401819
0.0402196
0.0402577
0.0402963
0.0403352
0.0403746
0.0404144
0.0404546
0.0404952
0.0405361
0.0405774
0.0406191
0.0406612
0.0407036
0.0407463
0.0407894
0.0408328
0.0408765
0.0409206
0.0409649
0.0410095
0.0410545
0.0410997
0.0411452
0.041191
0.041237
0.0412833
0.0413298
0.0413766
0.0414237
0.0414709
0.0415184
0.0415661
0.041614
0.0416622
0.0417105
0.041759
0.0418078
0.0418567
0.0419058
0.0419551
0.0420046
0.0420542
0.042104
0.042154
0.0422041
0.0422544
0.0423048
0.0423554
0.0424062
0.0424571
0.0425081
0.0425593
0.0426106
0.0426621
0.0427137
0.0427654
0.0428173
0.0428693
0.0429214
0.0429737
0.0430261
0.0430787
0.0431313
0.0431841
0.0432371
0.0432902
0.0433434
0.0433968
0.0434503
0.0435039
0.0435577
0.0436116
0.0436657
0.04372
0.0437743
0.0438289
0.0438836
0.0439384
0.0439934
0.0440486
0.0441039
0.0441594
0.044215
0.0442709
0.0443269
0.0443831
0.0444394
0.044496
0.0445527
0.0446096
0.0446667
0.044724
0.0447814
0.0448391
0.0448969
0.044955
0.0450132
0.0450716
0.0451302
0.045189
0.0452481
0.0453073
0.0453666
0.0454262
0.045486
0.0455459
0.0456061
0.0456664
0.0457269
0.0457876
0.0458484
0.0459095
0.0459706
0.046032
0.0460935
0.0461551
0.0462169
0.0462788
0.0463408
0.046403
0.0464653
0.0465277
0.0465901
0.0466527
0.0467153
0.046778
0.0468407
0.0469035
0.0469663
0.0470291
0.0470919
0.0471547
0.0472175
0.0472802
0.0473429
0.0474055
0.0474681
0.0475305
0.0475928
0.047655
0.047717
0.0477789
0.0478405
0.047902
0.0479632
0.0480242
0.048085
0.0481454
0.0482056
0.0482654
0.0483249
0.0483841
0.0484428
0.0485012
0.0485591
0.0486167
0.0486737
0.0487303
0.0487864
0.048842
0.048897
0.0489515
0.0490054
0.0490587
0.0491114
0.0491635
0.0492149
0.0492657
0.0493157
0.0493651
0.0494138
0.0494618
0.049509
0.0495554
0.0496011
0.0496459
0.04969
0.0497333
0.0497758
0.0498174
0.0498582
0.0498981
0.0499372
0.0499754
0.0500127
0.0500492
0.0500847
0.0501194
0.0501533
0.0501862
0.0502182
0.0502494
0.0502796
0.050309
0.0503375
0.0503652
0.0503919
0.0504179
0.0504429
0.0504671
0.0504905
0.0505131
0.0505349
0.0505559
0.0505761
0.0505955
0.0506142
0.0506322
0.0506495
0.0506661
0.0506821
0.0506974
0.0507121
0.0507262
0.0507398
0.0507528
0.0507654
0.0507775
0.0507891
0.0508003
0.0508111
0.0508216
0.0508318
0.0508417
0.0508514
0.0508609
0.0508702
0.0508794
0.0508885
0.0508976
0.0509066
0.0509157
0.0509249
0.0509341
0.0509436
0.0509533
0.0509632
0.0509733
0.0509839
0.0509948
0.0510061
0.051018
0.0510303
0.0510432
0.0510567
0.0510708
0.0510857
0.0511013
0.0511177
0.0511349
0.051153
0.0511721
0.0511921
0.0512131
0.0512352
0.0512583
0.0512827
0.0513082
0.0513349
0.0513629
0.0513922
0.0514229
0.0514549
0.0514884
0.0515233
0.0515597
0.0515977
0.0516372
0.0516783
0.051721
0.0517653
0.0518113
0.051859
0.0519085
0.0519596
0.0520125
0.0520672
0.0521236
0.0521819
0.0522419
0.0523038
0.0523674
0.0524328
0.0525001
0.0525691
0.0526399
0.0527125
0.0527868
0.0528629
0.0529406
0.05302
0.0531011
0.0531837
0.0532679
0.0533536
0.0534408
0.0535293
0.0536192
0.0537104
0.0538027
0.0538962
0.0539908
0.0540863
0.0541826
0.0542798
0.0543776
0.054476
0.0545748
0.054674
0.0547735
0.054873
0.0549725
0.0550718
0.0551708
0.0552694
0.0553675
0.0554648
0.0555612
0.0556566
0.0557508
0.0558437
0.055935
0.0560248
0.0561127
0.0561986
0.0562824
0.0563639
0.056443
0.0565194
0.0565932
0.056664
0.0567317
0.0567963
0.0568575
0.0569153
0.0569695
0.05702
0.0570667
0.0571095
0.0571482
0.0571829
0.0572134
0.0572396
0.0572615
0.0572791
0.0572923
0.057301
0.0573053
0.0573052
0.0573006
0.0572915
0.0572781
0.0572603
0.0572382
0.0572118
0.0571813
0.0571466
0.0571079
0.0570653
0.0570189
0.0569688
0.0569152
0.0568582
0.0567979
0.0567345
0.0566682
0.0565991
0.0565275
0.0564534
0.0563771
0.0562989
0.0562188
0.0561371
0.056054
0.0559697
0.0558845
0.0557985
0.0557119
0.0556251
0.0555381
0.0554513
0.0553648
0.0552789
0.0551937
0.0551096
0.0550266
0.0549451
0.0548652
0.0547872
0.0547112
0.0546375
0.0545662
0.0544975
0.0544317
0.0543689
0.0543092
0.0542529
0.0542001
0.054151
0.0541057
0.0540643
0.0540271
0.053994
0.0539653
0.0539411
0.0539214
0.0539063
0.0538959
0.0538902
0.0538894
0.0538933
0.0539022
0.0539159
0.0539345
0.0539579
0.0539861
0.054019
0.0540566
0.0540987
0.0541453
0.0541962
0.0542512
0.0543102
0.0543729
0.0544392
0.0545088
0.0545813
0.0546566
0.0547343
0.0548141
0.0548956
0.0549783
0.055062
0.0551462
0.0552304
0.0553142
0.055397
0.0554784
0.0555578
0.0556348
0.0557087
0.0557791
0.0558453
0.0559069
0.0559632
0.0560138
0.056058
0.0560953
0.0561253
0.0561473
0.0561609
0.0561657
0.0561611
0.0561468
0.0561225
0.0560877
0.0560421
0.0559855
0.0559177
0.0558385
0.0557476
0.0556452
0.055531
0.0554052
0.0552677
0.0551186
0.0549582
0.0547865
0.0546039
0.0544105
0.0542067
0.0539928
0.0537693
0.0535365
0.0532948
0.0530448
0.0527869
0.0525216
0.0522495
0.0519711
0.0516868
0.0513974
0.0511032
0.050805
0.0505031
0.0501982
0.0498908
0.0495814
0.0492705
0.0489587
0.0486463
0.0483338
0.0480218
0.0477106
0.0474006
0.0470922
0.0467858
0.0464816
0.0461801
0.0458815
0.0455861
0.0452941
0.0450058
0.0447214
0.044441
0.0441649
0.0438932
0.043626
0.0433634
0.0431056
0.0428526
0.0426044
0.0423613
0.0421231
0.04189
0.0416619
0.0414389
0.0412209
0.041008
0.0408
0.0405971
0.0403992
0.0402062
0.040018
0.0398347
0.0396561
0.0394823
0.0393131
0.0391485
0.0389885
0.0388328
0.0386816
0.0385346
0.0383919
0.0382533
0.0381188
0.0379882
0.0378616
0.0377388
0.0376198
0.0375044
0.0373927
0.0372844
0.0371796
0.0370782
0.0369801
0.0368852
0.0367935
0.0367049
0.0366192
0.0365366
0.0364568
0.0363798
0.0363056
0.036234
0.0361651
0.0360988
0.036035
0.0359736
0.0359147
0.0358581
0.0358038
0.0357517
0.0357018
0.0356541
0.0356085
0.035565
0.0355234
0.0354838
0.0354462
0.0354105
0.0353766
0.0353445
0.0353142
0.0352856
0.0352588
0.0352336
0.03521
0.0351881
0.0351678
0.035149
0.0351317
0.0351159
0.0351016
0.0350887
0.0350773
0.0350673
0.0350586
0.0350513
0.0350453
0.0350406
0.0350372
0.0350351
0.0350342
0.0350345
0.0350361
0.0350388
0.0350428
0.0350479
0.0350541
0.0350615
0.03507
0.0350796
0.0350903
0.0351021
0.0351149
0.0351288
0.0351437
0.0351596
0.0351766
0.0351946
0.0352135
0.0352335
0.0352544
0.0352763
0.0352991
0.0353229
0.0353476
0.0353732
0.0353997
0.0354272
0.0354556
0.0354848
0.0355149
0.0355459
0.0355778
0.0356105
0.0356441
0.0356785
0.0357138
0.0357499
0.0357868
0.0358245
0.035863
0.0359024
0.0359425
0.0359834
0.0360251
0.0360675
0.0361108
0.0361547
0.0361995
0.0362449
0.0362911
0.0363381
0.0363857
0.0364341
0.0364831
0.0365329
0.0365834
0.0366345
0.0366863
0.0367388
0.036792
0.0368458
0.0369002
0.0369553
0.037011
0.0370673
0.0371242
0.0371817
0.0372398
0.0372985
0.0373578
0.0374176
0.037478
0.037539
0.0376004
0.0376624
0.0377249
0.0377879
0.0378514
0.0379153
0.0379798
0.0380446
0.03811
0.0381757
0.0382419
0.0383085
0.0383755
0.0384428
0.0385105
0.0385786
0.038647
0.0387158
0.0387848
0.0388542
0.0389238
0.0389937
0.0390638
0.0391342
0.0392048
0.0392756
0.0393466
0.0394178
0.0394891
0.0395605
0.0396321
0.0397038
0.0397755
0.0398474
0.0399192
0.0399911
0.040063
0.0401349
0.0402068
0.0402786
0.0403504
0.0404221
0.0404937
0.0405651
0.0406364
0.0407076
0.0407785
0.0408493
0.0409198
0.0409901
0.0410601
0.0411299
0.0411993
0.0412684
0.0413371
0.0414055
0.0414735
0.0415411
0.0416083
0.041675
0.0417413
0.041807
0.0418723
0.041937
0.0420012
0.0420648
0.0421278
0.0421903
0.0422521
0.0423133
0.0423738
0.0424336
0.0424928
0.0425512
0.0426089
0.0426659
0.0427222
0.0427776
0.0428323
0.0428862
0.0429393
0.0429916
0.0430431
0.0430937
0.0431434
0.0431923
0.0432403
0.0432875
0.0433337
0.0433791
0.0434235
0.0434671
0.0435097
0.0435515
0.0435923
0.0436322
0.0436712
0.0437093
0.0437464
0.0437827
0.043818
0.0438524
0.043886
0.0439186
0.0439503
0.0439811
0.0440111
0.0440402
0.0440684
0.0440958
0.0441224
0.0441481
0.044173
0.0441971
0.0442204
0.044243
0.0442648
0.0442859
0.0443063
0.044326
0.0443451
0.0443635
0.0443812
0.0443984
0.044415
0.044431
0.0444465
0.0444615
0.0444761
0.0444901
0.0445038
0.0445171
0.04453
0.0445426
0.0445549
0.044567
0.0445788
0.0445904
0.0446018
0.0446131
0.0446243
0.0446355
0.0446466
0.0446577
0.0446688
0.04468
0.0446913
0.0447027
0.0447144
0.0447262
0.0447383
0.0447506
0.0447633
0.0447763
0.0447897
0.0448036
0.0448179
0.0448326
0.0448479
0.0448638
0.0448802
0.0448973
0.044915
0.0449334
0.0449525
0.0449724
0.044993
0.0450144
0.0450367
0.0450598
0.0450838
0.0451087
0.0451345
0.0451613
0.045189
0.0452178
0.0452475
0.0452783
0.0453101
0.0453429
0.0453769
0.0454119
0.0454479
0.0454851
0.0455234
0.0455627
0.0456032
0.0456448
0.0456874
0.0457312
0.045776
0.0458218
0.0458688
0.0459168
0.0459657
0.0460157
0.0460667
0.0461186
0.0461714
0.0462251
0.0462797
0.0463351
0.0463912
0.0464481
0.0465056
0.0465638
0.0466225
0.0466818
0.0467415
0.0468016
0.046862
0.0469227
0.0469836
0.0470446
0.0471056
0.0471666
0.0472274
0.047288
0.0473484
0.0474083
0.0474677
0.0475266
0.0475847
0.0476422
0.0476987
0.0477542
0.0478087
0.047862
0.047914
0.0479646
0.0480137
0.0480613
0.0481071
0.0481512
0.0481933
0.0482334
0.0482715
0.0483074
0.0483409
0.0483721
0.0484009
0.0484271
0.0484507
0.0484716
0.0484897
0.0485049
0.0485173
0.0485267
0.0485331
0.0485365
0.0485367
0.0485338
0.0485278
0.0485186
0.0485061
0.0484905
0.0484716
0.0484495
0.0484242
0.0483958
0.0483641
0.0483294
0.0482915
0.0482506
0.0482066
0.0481598
0.04811
0.0480574
0.048002
0.047944
0.0478834
0.0478203
0.0477547
0.0476869
0.0476169
0.0475447
0.0474706
0.0473946
0.0473169
0.0472375
0.0471566
0.0470743
0.0469908
0.0469061
0.0468205
0.0467339
0.0466467
0.0465589
0.0464706
0.046382
0.0462932
0.0462044
0.0461156
0.0460271
0.045939
0.0458513
0.0457643
0.0456781
0.0455928
0.0455085
0.0454254
0.0453436
0.0452632
0.0451844
0.0451073
0.045032
0.0449586
0.0448873
0.0448182
0.0447513
0.0446869
0.0446251
0.0445658
0.0445094
0.0444558
0.0444053
0.0443578
0.0443136
0.0442727
0.0442352
0.0442013
0.0441711
0.0441445
0.0441219
0.0441031
0.0440885
0.044078
0.0440717
0.0440698
0.0440722
0.0440793
0.0440909
0.0441072
0.0441283
0.0441542
0.0441851
0.0442209
0.0442619
0.0443079
0.0443592
0.0444156
0.0444774
0.0445445
0.0446169
0.0446947
0.0447779
0.0448666
0.0449606
0.04506
0.0451649
0.045275
0.0453904
0.0455111
0.045637
0.0457679
0.0459038
0.0460445
0.0461899
0.0463399
0.0464943
0.0466528
0.0468154
0.0469816
0.0471513
0.0473242
0.0475
0.0476783
0.0478588
0.0480412
0.0482251
0.0484099
0.0485954
0.048781
0.0489662
0.0491506
0.0493337
0.0495148
0.0496936
0.0498693
0.0500415
0.0502096
0.050373
0.0505311
0.0506833
0.0508291
0.0509679
0.0510991
0.0512222
0.0513366
0.0514419
0.0515376
0.0516232
0.0516983
0.0517626
0.0518155
0.051857
0.0518865
0.0519041
0.0519094
0.0519023
0.0518828
0.0518507
0.0518062
0.0517493
0.05168
0.0515985
0.0515051
0.0514
0.0512834
0.0511557
0.0510173
0.0508685
0.0507098
0.0505417
0.0503646
0.050179
0.0499855
0.0497846
0.0495768
0.0493628
0.049143
0.0489181
0.0486886
0.0484551
0.0482181
0.0479782
0.0477358
0.0474917
0.0472461
0.0469997
0.0467529
0.0465061
0.0462598
0.0460144
0.0457703
0.0455278
0.0452873
0.0450492
0.0448136
0.0445809
0.0443513
0.0441251
0.0439024
0.0436836
0.0434687
0.0432578
0.0430512
0.042849
0.0426512
0.0424579
0.0422692
0.0420852
0.0419059
0.0417313
0.0415615
0.0413964
0.0412361
0.0410806
0.0409298
0.0407838
0.0406424
0.0405057
0.0403735
0.040246
0.0401229
0.0400043
0.0398901
0.0397802
0.0396746
0.0395732
0.0394759
0.0393827
0.0392935
0.0392082
0.0391267
0.039049
0.0389751
0.0389047
0.038838
0.0387747
0.0387149
0.0386584
0.0386051
0.0385551
0.0385083
0.0384645
0.0384238
0.038386
0.0383512
0.0383192
0.0382899
0.0382634
0.0382396
0.0382183
0.0381997
0.0381835
0.0381698
0.0381586
0.0381497
0.0381431
0.0381389
0.0381369
0.038137
0.0381394
0.0381438
0.0381504
0.038159
0.0381696
0.0381823
0.0381968
0.0382133
0.0382318
0.038252
0.0382741
0.0382981
0.0383238
0.0383513
0.0383805
0.0384115
0.0384441
0.0384785
0.0385144
0.0385521
0.0385913
0.0386322
0.0386747
0.0387187
0.0387642
0.0388114
0.03886
0.0389102
0.0389618
0.0390149
0.0390695
0.0391256
0.0391831
0.0392421
0.0393025
0.0393643
0.0394275
0.0394921
0.039558
0.0396254
0.0396941
0.0397642
0.0398356
0.0399084
0.0399825
0.0400579
0.0401347
0.0402127
0.0402921
0.0403727
0.0404547
0.0405379
0.0406223
0.0407081
0.0407951
0.0408833
0.0409728
0.0410635
0.0411555
0.0412487
0.041343
0.0414386
0.0415354
0.0416334
0.0417325
0.0418328
0.0419343
0.0420369
0.0421407
0.0422456
0.0423517
0.0424589
0.0425671
0.0426765
0.0427869
0.0428985
0.043011
0.0431247
0.0432394
0.043355
0.0434717
0.0435894
0.0437081
0.0438277
0.0439483
0.0440698
0.0441922
0.0443154
0.0444396
0.0445646
0.0446904
0.044817
0.0449443
0.0450724
0.0452012
0.0453307
0.0454609
0.0455917
0.0457231
0.045855
0.0459875
0.0461204
0.0462538
0.0463876
0.0465218
0.0466563
0.0467911
0.0469261
0.0470614
0.0471968
0.0473322
0.0474678
0.0476033
