1.80014
1.80042
1.80069
1.80097
1.80123
1.80149
1.80175
1.802
1.80225
1.80249
1.80273
1.80296
1.80319
1.80342
1.80364
1.80385
1.80406
1.80427
1.80447
1.80467
1.80486
1.80505
1.80524
1.80543
1.80561
1.80579
1.80596
1.80614
1.80631
1.80648
1.80666
1.80682
1.80699
1.80716
1.80733
1.8075
1.80767
1.80784
1.80801
1.80818
1.80836
1.80853
1.80871
1.8089
1.80908
1.80927
1.80946
1.80966
1.80985
1.81006
1.81027
1.81048
1.8107
1.81092
1.81115
1.81138
1.81162
1.81187
1.81212
1.81237
1.81264
1.8129
1.81318
1.81346
1.81375
1.81404
1.81434
1.81465
1.81496
1.81528
1.81561
1.81594
1.81627
1.81662
1.81696
1.81732
1.81768
1.81804
1.81841
1.81878
1.81916
1.81955
1.81993
1.82033
1.82072
1.82112
1.82152
1.82193
1.82234
1.82275
1.82317
1.82358
1.824
1.82442
1.82484
1.82526
1.82568
1.82611
1.82653
1.82696
1.82738
1.8278
1.82823
1.82865
1.82907
1.82949
1.82991
1.83033
1.83074
1.83115
1.83156
1.83197
1.83238
1.83278
1.83318
1.83357
1.83397
1.83435
1.83474
1.83512
1.8355
1.83587
1.83624
1.83661
1.83697
1.83733
1.83768
1.83803
1.83837
1.83871
1.83904
1.83937
1.83969
1.84001
1.84032
1.84063
1.84093
1.84123
1.84152
1.84181
1.84209
1.84237
1.84264
1.84291
1.84317
1.84342
1.84367
1.84392
1.84416
1.84439
1.84462
1.84485
1.84507
1.84528
1.84549
1.84569
1.84589
1.84608
1.84626
1.84644
1.84662
1.84679
1.84696
1.84712
1.84727
1.84742
1.84756
1.8477
1.84783
1.84796
1.84808
1.8482
1.84831
1.84842
1.84852
1.84861
1.8487
1.84879
1.84886
1.84894
1.849
1.84906
1.84912
1.84917
1.84921
1.84925
1.84928
1.84931
1.84933
1.84934
1.84935
1.84935
1.84934
1.84933
1.84931
1.84929
1.84925
1.84921
1.84917
1.84911
1.84905
1.84898
1.8489
1.84882
1.84873
1.84863
1.84852
1.8484
1.84828
1.84814
1.848
1.84785
1.84768
1.84751
1.84733
1.84714
1.84694
1.84673
1.84651
1.84628
1.84604
1.84578
1.84552
1.84524
1.84495
1.84465
1.84434
1.84402
1.84368
1.84333
1.84297
1.84259
1.84221
1.8418
1.84139
1.84096
1.84051
1.84005
1.83958
1.83909
1.83859
1.83807
1.83753
1.83699
1.83642
1.83584
1.83525
1.83463
1.83401
1.83336
1.83271
1.83203
1.83134
1.83064
1.82991
1.82918
1.82843
1.82766
1.82688
1.82608
1.82527
1.82444
1.82361
1.82275
1.82189
1.82101
1.82013
1.81923
1.81832
1.8174
1.81647
1.81553
1.81459
1.81364
1.81268
1.81172
1.81076
1.80979
1.80882
1.80786
1.80689
1.80592
1.80496
1.80401
1.80306
1.80212
1.80118
1.80026
1.79935
1.79846
1.79757
1.79671
1.79587
1.79504
1.79423
1.79345
1.7927
1.79197
1.79126
1.79059
1.78994
1.78933
1.78875
1.78821
1.7877
1.78723
1.78679
1.7864
1.78604
1.78572
1.78545
1.78522
1.78503
1.78489
1.78478
1.78473
1.78471
1.78474
1.78482
1.78494
1.7851
1.78531
1.78557
1.78586
1.7862
1.78658
1.787
1.78746
1.78796
1.7885
1.78908
1.78969
1.79034
1.79103
1.79174
1.79249
1.79327
1.79408
1.79491
1.79577
1.79666
1.79757
1.7985
1.79945
1.80041
1.8014
1.8024
1.80342
1.80444
1.80548
1.80653
1.80759
1.80865
1.80972
1.81079
1.81187
1.81295
1.81403
1.81511
1.81618
1.81726
1.81833
1.8194
1.82046
1.82151
1.82255
1.82359
1.82462
1.82564
1.82665
1.82765
1.82863
1.82961
1.83057
1.83152
1.83245
1.83337
1.83428
1.83518
1.83605
1.83692
1.83777
1.8386
1.83942
1.84022
1.84101
1.84178
1.84253
1.84327
1.84399
1.8447
1.8454
1.84607
1.84673
1.84738
1.84801
1.84863
1.84923
1.84981
1.85038
1.85094
1.85148
1.85201
1.85253
1.85303
1.85351
1.85399
1.85445
1.8549
1.85533
1.85575
1.85616
1.85656
1.85695
1.85732
1.85769
1.85804
1.85838
1.85871
1.85903
1.85934
1.85964
1.85993
1.86021
1.86048
1.86075
1.861
1.86124
1.86148
1.86171
1.86193
1.86214
1.86234
1.86254
1.86273
1.86291
1.86308
1.86325
1.86341
1.86357
1.86371
1.86386
1.86399
1.86412
1.86424
1.86436
1.86448
1.86458
1.86469
1.86478
1.86488
1.86496
1.86505
1.86513
1.8652
1.86527
1.86533
1.8654
1.86545
1.86551
1.86556
1.8656
1.86564
1.86568
1.86572
1.86575
1.86578
1.8658
1.86583
1.86585
1.86586
1.86588
1.86589
1.86589
1.8659
1.8659
1.8659
1.8659
1.86589
1.86589
1.86588
1.86586
1.86585
1.86583
1.86581
1.86579
1.86577
1.86575
1.86572
1.86569
1.86566
1.86563
1.86559
1.86556
1.86552
1.86548
1.86544
1.8654
1.86536
1.86531
1.86526
1.86521
1.86516
1.86511
1.86506
1.86501
1.86495
1.86489
1.86484
1.86478
1.86472
1.86466
1.86459
1.86453
1.86446
1.8644
1.86433
1.86426
1.86419
1.86412
1.86405
1.86398
1.86391
1.86383
1.86376
1.86368
1.8636
1.86353
1.86345
1.86337
1.86329
1.86321
1.86312
1.86304
1.86296
1.86287
1.86279
1.8627
1.86262
1.86253
1.86244
1.86235
1.86226
1.86218
1.86208
1.86199
1.8619
1.86181
1.86172
1.86163
1.86153
1.86144
1.86134
1.86125
1.86115
1.86106
1.86096
1.86087
1.86077
1.86067
1.86057
1.86048
1.86038
1.86028
1.86018
1.86008
1.85998
1.85988
1.85978
1.85968
1.85958
1.85948
1.85938
1.85928
1.85918
1.85907
1.85897
1.85887
1.85877
1.85867
1.85856
1.85846
1.85836
1.85826
1.85815
1.85805
1.85795
1.85785
1.85774
1.85764
1.85754
1.85744
1.85733
1.85723
1.85713
1.85703
1.85693
1.85683
1.85672
1.85662
1.85652
1.85642
1.85632
1.85622
1.85612
1.85602
1.85593
1.85583
1.85573
1.85563
1.85554
1.85544
1.85534
1.85525
1.85515
1.85506
1.85497
1.85487
1.85478
1.85469
1.8546
1.85451
1.85442
1.85433
1.85425
1.85416
1.85408
1.85399
1.85391
1.85382
1.85374
1.85366
1.85358
1.8535
1.85342
1.85335
1.85327
1.8532
1.85312
1.85305
1.85298
1.85291
1.85284
1.85277
1.8527
1.85263
1.85256
1.8525
1.85243
1.85237
1.8523
1.85224
1.85217
1.85211
1.85205
1.85199
1.85193
1.85186
1.8518
1.85174
1.85168
1.85162
1.85156
1.85149
1.85143
1.85137
1.8513
1.85124
1.85117
1.85111
1.85104
1.85097
1.8509
1.85083
1.85076
1.85068
1.8506
1.85053
1.85045
1.85036
1.85028
1.85019
1.8501
1.85001
1.84992
1.84982
1.84972
1.84962
1.84952
1.84941
1.8493
1.84919
1.84907
1.84895
1.84883
1.84871
1.84858
1.84845
1.84832
1.84818
1.84805
1.84791
1.84777
1.84762
1.84748
1.84733
1.84718
1.84704
1.84689
1.84673
1.84658
1.84643
1.84628
1.84613
1.84598
1.84583
1.84568
1.84553
1.84538
1.84524
1.8451
1.84496
1.84483
1.8447
1.84457
1.84445
1.84433
1.84422
1.84411
1.84401
1.84392
1.84383
1.84375
1.84367
1.84361
1.84355
1.8435
1.84346
1.84343
1.84341
1.8434
1.8434
1.8434
1.84342
1.84345
1.84349
1.84354
1.8436
1.84367
1.84376
1.84385
1.84396
1.84407
1.8442
1.84434
1.84449
1.84465
1.84482
1.84501
1.8452
1.8454
1.84562
1.84585
1.84608
1.84633
1.84658
1.84685
1.84712
1.8474
1.84769
1.84799
1.8483
1.84862
1.84894
1.84927
1.84961
1.84995
1.8503
1.85066
1.85102
1.85139
1.85176
1.85214
1.85252
1.8529
1.85329
1.85369
1.85408
1.85448
1.85488
1.85529
1.85569
1.8561
1.85651
1.85692
1.85733
1.85775
1.85816
1.85857
1.85898
1.85939
1.8598
1.86021
1.86062
1.86103
1.86143
1.86184
1.86224
1.86264
1.86303
1.86342
1.86381
1.8642
1.86458
1.86495
1.86533
1.86569
1.86606
1.86641
1.86677
1.86711
1.86745
1.86779
1.86811
1.86843
1.86874
1.86905
1.86935
1.86963
1.86991
1.87019
1.87045
1.8707
1.87094
1.87118
1.8714
1.87161
1.87181
1.872
1.87218
1.87235
1.87251
1.87265
1.87278
1.8729
1.873
1.8731
1.87317
1.87324
1.87329
1.87333
1.87335
1.87336
1.87336
1.87334
1.87331
1.87326
1.8732
1.87312
1.87303
1.87293
1.87281
1.87268
1.87254
1.87238
1.87221
1.87203
1.87183
1.87163
1.87141
1.87118
1.87094
1.87069
1.87043
1.87016
1.86989
1.8696
1.86932
1.86902
1.86872
1.86842
1.86812
1.86781
1.86751
1.8672
1.86689
1.86659
1.86629
1.866
1.86571
1.86543
1.86516
1.86489
1.86464
1.8644
1.86417
1.86395
1.86375
1.86357
1.8634
1.86325
1.86312
1.86301
1.86292
1.86285
1.8628
1.86278
1.86277
1.86279
1.86284
1.86291
1.863
1.86312
1.86326
1.86343
1.86362
1.86383
1.86407
1.86433
1.86462
1.86493
1.86526
1.86561
1.86598
1.86637
1.86678
1.86721
1.86766
1.86812
1.8686
1.86909
1.8696
1.87011
1.87064
1.87118
1.87172
1.87228
1.87283
1.8734
1.87397
1.87454
1.87511
1.87568
1.87625
1.87682
1.87739
1.87796
1.87852
1.87907
1.87962
1.88016
1.88069
1.88122
1.88173
1.88223
1.88273
1.88321
1.88368
1.88414
1.88458
1.88501
1.88543
1.88583
1.88622
1.88659
1.88695
1.88729
1.88762
1.88793
1.88823
1.88851
1.88877
1.88902
1.88925
1.88946
1.88966
1.88984
1.89001
1.89016
1.8903
1.89041
1.89052
1.8906
1.89068
1.89073
1.89077
1.8908
1.89081
1.89081
1.89079
1.89076
1.89071
1.89065
1.89057
1.89049
1.89039
1.89027
1.89014
1.89
1.88985
1.88969
1.88951
1.88932
1.88912
1.88891
1.88869
1.88846
1.88821
1.88796
1.88769
1.88742
1.88713
1.88683
1.88653
1.88621
1.88589
1.88556
1.88522
1.88487
1.88451
1.88414
1.88376
1.88338
1.88299
1.88259
1.88218
1.88177
1.88134
1.88092
1.88048
1.88004
1.87959
1.87913
1.87867
1.8782
1.87772
1.87724
1.87675
1.87626
1.87576
1.87525
1.87474
1.87422
1.8737
1.87317
1.87264
1.8721
1.87156
1.87101
1.87046
1.8699
1.86934
1.86878
1.86821
1.86763
1.86706
1.86647
1.86589
1.8653
1.86471
1.86412
1.86352
1.86292
1.86232
1.86171
1.8611
1.86049
1.85988
1.85927
1.85865
1.85804
1.85742
1.8568
1.85619
1.85557
1.85495
1.85433
1.85371
1.8531
1.85248
1.85187
1.85126
1.85065
1.85004
1.84943
1.84883
1.84823
1.84764
1.84705
1.84646
1.84588
1.8453
1.84473
1.84417
1.84361
1.84305
1.84251
1.84197
1.84144
1.84092
1.84041
1.8399
1.83941
1.83893
1.83845
1.83799
1.83754
1.83709
1.83667
1.83625
1.83584
1.83545
1.83507
1.83471
1.83435
1.83401
1.83369
1.83338
1.83309
1.83281
1.83254
1.83229
1.83206
1.83184
1.83164
1.83145
1.83128
1.83113
1.83099
1.83087
1.83076
1.83067
1.8306
1.83054
1.8305
1.83047
1.83046
1.83047
1.83049
1.83053
1.83058
1.83065
1.83073
1.83082
1.83093
1.83106
1.83119
1.83135
1.83151
1.83168
1.83187
1.83207
1.83228
1.83251
1.83274
1.83298
1.83323
1.8335
1.83377
1.83405
1.83434
1.83463
1.83494
1.83525
1.83556
1.83589
1.83622
1.83655
1.83689
1.83723
1.83758
1.83793
1.83829
1.83865
1.83901
1.83937
1.83974
1.8401
1.84047
1.84084
1.84121
1.84158
1.84195
1.84232
1.8427
1.84307
1.84343
1.8438
1.84417
1.84453
1.8449
1.84526
1.84562
1.84597
1.84633
1.84668
1.84703
1.84737
1.84771
1.84805
1.84839
1.84872
1.84905
1.84937
1.84969
1.85001
1.85032
1.85062
1.85093
1.85122
1.85152
1.8518
1.85209
1.85237
1.85264
1.85291
1.85317
1.85343
1.85369
1.85394
1.85418
1.85442
1.85465
1.85488
1.8551
1.85532
1.85554
1.85574
1.85595
1.85614
1.85634
1.85653
1.85671
1.85689
1.85706
1.85723
1.85739
1.85755
1.85771
1.85786
1.85801
1.85815
1.85828
1.85842
1.85855
1.85867
1.85879
1.85891
1.85902
1.85913
1.85924
1.85934
1.85944
1.85954
1.85963
1.85972
1.85981
1.8599
1.85998
1.86006
1.86013
1.8602
1.86027
1.86034
1.86041
1.86047
1.86053
1.86059
1.86064
1.8607
1.86075
1.8608
1.86084
1.86089
1.86093
1.86097
1.86101
1.86104
1.86107
1.8611
1.86113
1.86116
1.86118
1.8612
1.86121
1.86123
1.86124
1.86125
1.86125
1.86125
1.86125
1.86125
1.86124
1.86123
1.86121
1.86119
1.86117
1.86114
1.8611
1.86107
1.86102
1.86098
1.86092
1.86087
1.8608
1.86073
1.86066
1.86058
1.86049
1.8604
1.8603
1.86019
1.86007
1.85995
1.85982
1.85968
1.85954
1.85938
1.85922
1.85905
1.85887
1.85868
1.85848
1.85827
1.85805
1.85782
1.85758
1.85733
1.85707
1.8568
1.85651
1.85622
1.85591
1.85559
1.85525
1.85491
1.85455
1.85418
1.85379
1.85339
1.85297
1.85255
1.8521
1.85165
1.85117
1.85068
1.85018
1.84966
1.84913
1.84858
1.84801
1.84743
1.84683
1.84622
1.84558
1.84494
1.84427
1.84359
1.8429
1.84219
1.84146
1.84072
1.83996
1.83918
1.8384
1.83759
1.83678
1.83594
1.8351
1.83425
1.83338
1.8325
1.83161
1.83071
1.82981
1.82889
1.82797
1.82705
1.82612
1.82519
1.82425
1.82332
1.82239
1.82146
1.82053
1.81962
1.81871
1.81781
1.81692
1.81604
1.81518
1.81433
1.81351
1.8127
1.81192
1.81116
1.81043
1.80973
1.80905
1.80841
1.8078
1.80722
1.80669
1.80618
1.80572
1.8053
1.80491
1.80457
1.80428
1.80402
1.80381
1.80365
1.80353
1.80345
1.80342
1.80343
1.80349
1.80359
1.80374
1.80393
1.80416
1.80443
1.80473
1.80508
1.80547
1.80588
1.80634
1.80682
1.80734
1.80788
1.80845
1.80905
1.80967
1.81031
1.81097
1.81165
1.81234
1.81305
1.81376
1.81449
1.81523
1.81597
1.81672
1.81747
1.81822
1.81897
1.81972
1.82047
1.82121
1.82195
1.82268
1.8234
1.82411
1.82482
1.82551
1.82619
1.82686
1.82751
1.82816
1.82879
1.8294
1.83
1.83058
1.83115
1.8317
1.83224
1.83276
1.83326
1.83375
1.83422
1.83467
1.83511
1.83553
1.83594
1.83633
1.8367
1.83706
1.83741
1.83774
1.83805
1.83836
1.83864
1.83892
1.83918
1.83943
1.83966
1.83989
1.8401
1.8403
1.84049
1.84067
1.84084
1.841
1.84115
1.84129
1.84142
1.84155
1.84166
1.84177
1.84188
1.84197
1.84206
1.84215
1.84223
1.8423
1.84237
1.84243
1.84249
1.84255
1.8426
1.84265
1.8427
1.84274
1.84278
1.84282
1.84286
1.84289
1.84292
1.84296
1.84299
1.84302
1.84305
1.84308
1.8431
1.84313
1.84316
1.84319
1.84322
1.84325
1.84328
1.84331
1.84334
1.84337
1.8434
1.84343
1.84347
1.8435
1.84354
1.84357
1.84361
1.84365
1.84369
1.84373
1.84378
1.84382
1.84386
1.84391
1.84396
1.844
1.84405
1.8441
1.84415
1.84421
1.84426
1.84431
1.84437
1.84442
1.84448
1.84453
1.84459
1.84465
1.8447
1.84476
1.84482
1.84488
1.84493
1.84499
1.84505
1.84511
1.84517
1.84522
1.84528
1.84534
1.84539
1.84545
1.8455
1.84556
1.84561
1.84566
1.84571
1.84576
1.84581
1.84586
1.84591
1.84595
1.84599
1.84604
1.84608
1.84612
1.84615
1.84619
1.84622
1.84626
1.84629
1.84631
1.84634
1.84636
1.84639
1.84641
1.84642
1.84644
1.84645
1.84646
1.84647
1.84648
1.84648
1.84648
1.84648
1.84647
1.84647
1.84646
1.84645
1.84643
1.84641
1.84639
1.84637
1.84634
1.84631
1.84628
1.84625
1.84621
1.84617
1.84612
1.84608
1.84603
1.84598
1.84592
1.84586
1.8458
1.84573
1.84566
1.84559
1.84552
1.84544
1.84536
1.84527
1.84519
1.8451
1.845
1.8449
1.8448
1.8447
1.84459
1.84448
1.84437
1.84425
1.84413
1.84401
1.84388
1.84375
1.84362
1.84348
1.84334
1.8432
1.84306
1.84291
1.84275
1.8426
1.84244
1.84228
1.84211
1.84195
1.84177
1.8416
1.84142
1.84124
1.84106
1.84087
1.84069
1.84049
1.8403
1.8401
1.8399
1.8397
1.8395
1.83929
1.83908
1.83887
1.83865
1.83843
1.83821
1.83799
1.83777
1.83754
1.83732
1.83709
1.83686
1.83662
1.83639
1.83615
1.83592
1.83568
1.83544
1.8352
1.83496
1.83472
1.83447
1.83423
1.83398
1.83374
1.8335
1.83325
1.833
1.83276
1.83252
1.83227
1.83203
1.83178
1.83154
1.8313
1.83106
1.83082
1.83058
1.83034
1.83011
1.82988
1.82964
1.82941
1.82919
1.82896
1.82874
1.82852
1.8283
1.82808
1.82787
1.82766
1.82746
1.82725
1.82705
1.82686
1.82667
1.82648
1.82629
1.82611
1.82594
1.82576
1.82559
1.82543
1.82527
1.82512
1.82496
1.82482
1.82468
1.82454
1.82441
1.82428
1.82416
1.82404
1.82393
1.82382
1.82372
1.82362
1.82353
1.82345
1.82336
1.82329
1.82322
1.82315
1.82309
1.82303
1.82298
1.82293
1.82289
1.82285
1.82282
1.82279
1.82277
1.82275
1.82274
1.82273
1.82272
1.82272
1.82272
1.82273
1.82274
1.82276
1.82277
1.8228
1.82282
1.82285
1.82288
1.82292
1.82296
1.823
1.82304
1.82309
1.82314
1.8232
1.82325
1.82331
1.82337
1.82343
1.82349
1.82356
1.82362
1.82369
1.82376
1.82384
1.82391
1.82398
1.82406
1.82413
1.82421
1.82429
1.82437
1.82445
1.82453
1.82461
1.82469
1.82477
1.82485
1.82494
1.82502
1.8251
1.82518
1.82527
1.82535
1.82543
1.82551
1.8256
1.82568
1.82576
1.82584
1.82592
1.82601
1.82609
1.82617
1.82625
1.82633
1.82641
1.82649
1.82658
1.82666
1.82674
1.82682
1.8269
1.82698
1.82706
1.82714
1.82722
1.82731
1.82739
1.82747
1.82755
1.82764
1.82772
1.8278
1.82789
1.82798
1.82806
1.82815
1.82824
1.82833
1.82841
1.82851
1.8286
1.82869
1.82878
1.82888
1.82898
1.82907
1.82917
1.82927
1.82937
1.82948
1.82958
1.82969
1.8298
1.8299
1.83002
1.83013
1.83024
1.83036
1.83047
1.83059
1.83071
1.83083
1.83096
1.83108
1.83121
1.83134
1.83147
1.8316
1.83173
1.83186
1.832
1.83213
1.83227
1.83241
1.83255
1.83269
1.83283
1.83297
1.83312
1.83326
1.8334
1.83355
1.83369
1.83384
1.83398
1.83412
1.83427
1.83441
1.83455
1.8347
1.83484
1.83498
1.83512
1.83526
1.83539
1.83553
1.83566
1.83579
1.83592
1.83605
1.83618
1.8363
1.83642
1.83653
1.83665
1.83676
1.83687
1.83697
1.83707
1.83716
1.83725
1.83734
1.83742
1.8375
1.83757
1.83764
1.8377
1.83776
1.83781
1.83785
1.83789
1.83793
1.83795
1.83797
1.83799
1.83799
1.83799
1.83799
1.83797
1.83795
1.83792
1.83789
1.83784
1.83779
1.83773
1.83766
1.83758
1.8375
1.83741
1.8373
1.83719
1.83708
1.83695
1.83681
1.83667
1.83651
1.83635
1.83618
1.836
1.83581
1.83561
1.8354
1.83519
1.83496
1.83473
1.83449
1.83424
1.83398
1.83371
1.83344
1.83315
1.83286
1.83256
1.83226
1.83194
1.83162
1.83129
1.83096
1.83062
1.83027
1.82992
1.82956
1.8292
1.82883
1.82846
1.82808
1.8277
1.82732
1.82694
1.82655
1.82616
1.82577
1.82538
1.82499
1.8246
1.82421
1.82382
1.82344
1.82305
1.82268
1.8223
1.82193
1.82156
1.8212
1.82085
1.82051
1.82017
1.81984
1.81952
1.81921
1.81891
1.81862
1.81834
1.81807
1.81782
1.81757
1.81735
1.81713
1.81693
1.81675
1.81658
1.81643
1.81629
1.81617
1.81607
1.81598
1.81591
1.81586
1.81583
1.81581
1.81581
1.81583
1.81587
1.81593
1.816
1.81609
1.8162
1.81633
1.81647
1.81663
1.81681
1.81701
1.81722
1.81745
1.81769
1.81795
1.81822
1.8185
1.81881
1.81912
1.81945
1.81978
1.82013
1.8205
1.82087
1.82125
1.82164
1.82204
1.82245
1.82287
1.82329
1.82373
1.82416
1.82461
1.82505
1.8255
1.82596
1.82642
1.82688
1.82734
1.82781
1.82828
1.82874
1.82921
1.82968
1.83015
1.83061
1.83108
1.83154
1.832
1.83246
1.83291
1.83337
1.83382
1.83426
1.8347
1.83514
1.83557
1.836
1.83642
1.83684
1.83725
1.83766
1.83806
1.83845
1.83884
1.83923
1.8396
1.83997
1.84034
1.84069
1.84104
1.84139
1.84172
1.84205
1.84238
1.84269
1.843
1.8433
1.8436
1.84389
1.84417
1.84444
1.84471
1.84497
1.84522
1.84547
1.84571
1.84594
1.84616
1.84638
1.84659
1.84679
1.84699
1.84718
1.84736
1.84754
1.84771
1.84787
1.84802
1.84817
1.84831
1.84844
1.84857
1.84869
1.8488
1.84891
1.84901
1.8491
1.84919
1.84927
1.84934
1.84941
1.84947
1.84952
1.84957
1.84961
1.84965
1.84967
1.84969
1.84971
1.84971
1.84972
1.84971
1.8497
1.84968
1.84966
1.84963
1.84959
1.84955
1.8495
1.84944
1.84938
1.84931
1.84924
1.84916
1.84908
1.84898
1.84889
1.84878
1.84867
1.84856
1.84844
1.84831
1.84818
1.84804
1.84789
1.84775
1.84759
1.84743
1.84727
1.84709
1.84692
1.84674
1.84655
1.84636
1.84616
1.84596
1.84576
1.84555
1.84533
1.84511
1.84489
1.84466
1.84442
1.84419
1.84394
1.8437
1.84345
1.84319
1.84294
1.84268
1.84241
1.84214
1.84187
1.8416
1.84132
1.84103
1.84075
1.84046
1.84017
1.83988
1.83958
1.83928
1.83898
1.83868
1.83837
1.83806
1.83775
1.83744
1.83713
1.83681
1.83649
1.83617
1.83585
1.83553
1.83521
1.83488
1.83456
1.83423
1.8339
1.83357
1.83325
1.83292
1.83259
1.83226
1.83193
1.8316
1.83127
1.83094
1.83062
1.83029
1.82997
1.82964
1.82932
1.829
1.82868
1.82836
1.82805
1.82773
1.82742
1.82711
1.82681
1.82651
1.82621
1.82592
1.82562
1.82534
1.82506
1.82478
1.82451
1.82424
1.82398
1.82372
1.82347
1.82323
1.82299
1.82276
1.82253
1.82231
1.8221
1.8219
1.8217
1.82152
1.82134
1.82116
1.821
1.82085
1.8207
1.82057
1.82044
1.82032
1.82021
1.82011
1.82002
1.81994
1.81987
1.8198
1.81975
1.81971
1.81967
1.81965
1.81963
1.81963
1.81963
1.81964
1.81966
1.81969
1.81973
1.81978
1.81983
1.81989
1.81996
1.82004
1.82013
1.82022
1.82032
1.82042
1.82053
1.82065
1.82077
1.8209
1.82103
1.82116
1.8213
1.82145
1.82159
1.82174
1.82189
1.82205
1.8222
1.82236
1.82252
1.82268
1.82284
1.823
1.82316
1.82332
1.82348
1.82364
1.8238
1.82395
1.82411
1.82426
1.82441
1.82455
1.8247
1.82484
1.82498
1.82511
1.82524
1.82537
1.82549
1.82561
1.82573
1.82584
1.82594
1.82605
1.82614
1.82624
1.82632
1.82641
1.82649
1.82656
1.82663
1.8267
1.82676
1.82681
1.82686
1.82691
1.82695
1.82699
1.82702
1.82705
1.82707
1.82709
1.82711
1.82712
1.82713
1.82713
1.82713
1.82713
1.82712
1.82711
1.82709
1.82708
1.82706
1.82704
1.82701
1.82698
1.82695
1.82692
1.82688
1.82685
1.82681
1.82677
1.82673
1.82668
1.82664
1.82659
1.82654
1.82649
1.82644
1.82639
1.82634
1.82629
1.82624
1.82619
1.82613
1.82608
1.82603
1.82598
1.82592
1.82587
1.82582
1.82577
1.82572
1.82567
1.82562
1.82557
1.82552
1.82548
1.82543
1.82539
1.82534
1.8253
1.82526
1.82522
1.82518
1.82514
1.82511
1.82508
1.82504
1.82501
1.82499
1.82496
1.82493
1.82491
1.82489
1.82487
1.82485
1.82484
1.82483
1.82482
1.82481
1.8248
1.8248
1.8248
1.8248
1.82481
1.82482
1.82483
1.82484
1.82485
1.82487
1.82489
1.82492
1.82495
1.82498
1.82501
1.82505
1.82509
1.82513
1.82518
1.82523
1.82529
1.82534
1.8254
1.82547
1.82554
1.82561
1.82569
1.82576
1.82585
1.82594
1.82603
1.82612
1.82622
1.82632
1.82643
1.82654
1.82666
1.82678
1.8269
1.82702
1.82716
1.82729
1.82743
1.82757
1.82772
1.82787
1.82802
1.82818
1.82834
1.82851
1.82867
1.82885
1.82902
1.8292
1.82939
1.82957
1.82976
1.82996
1.83015
1.83035
1.83055
1.83076
1.83097
1.83118
1.83139
1.83161
1.83183
1.83205
1.83227
1.8325
1.83273
1.83296
1.83319
1.83342
1.83366
1.8339
1.83414
1.83438
1.83462
1.83486
1.8351
1.83535
1.8356
1.83584
1.83609
1.83634
1.83659
1.83683
1.83708
1.83733
1.83758
1.83783
1.83808
1.83833
1.83858
1.83883
1.83908
1.83933
1.83957
1.83982
1.84007
1.84031
1.84056
1.8408
1.84104
1.84129
1.84153
1.84177
1.842
1.84224
1.84248
1.84271
1.84294
1.84317
1.8434
1.84363
1.84385
1.84408
1.8443
1.84452
1.84474
1.84495
1.84517
1.84538
1.84559
1.8458
1.846
1.84621
1.84641
1.84661
1.8468
1.847
1.84719
1.84738
1.84756
1.84775
1.84793
1.84811
1.84828
1.84846
1.84863
1.84879
1.84896
1.84912
1.84928
1.84944
1.84959
1.84974
1.84989
1.85003
1.85017
1.85031
1.85044
1.85057
1.8507
1.85082
1.85094
1.85106
1.85117
1.85128
1.85138
1.85148
1.85158
1.85167
1.85176
1.85185
1.85193
1.85201
1.85208
1.85215
1.85221
1.85227
1.85232
1.85237
1.85241
1.85245
1.85249
1.85252
1.85254
1.85256
1.85257
1.85258
1.85258
1.85257
1.85256
1.85255
1.85252
1.85249
1.85246
1.85242
1.85237
1.85231
1.85225
1.85217
1.8521
1.85201
1.85192
1.85181
1.8517
1.85159
1.85146
1.85132
1.85118
1.85103
1.85086
1.85069
1.85051
1.85032
1.85012
1.8499
1.84968
1.84945
1.8492
1.84895
1.84868
1.8484
1.84811
1.84781
1.84749
1.84716
1.84682
1.84647
1.8461
1.84572
1.84532
1.84491
1.84449
1.84405
1.84359
1.84313
1.84264
1.84214
1.84162
1.84109
1.84054
1.83997
1.83939
1.83879
1.83817
1.83753
1.83688
1.8362
1.83551
1.8348
1.83407
1.83332
1.83256
1.83177
1.83096
1.83014
1.82929
1.82843
1.82754
1.82664
1.82571
1.82477
1.8238
1.82281
1.82181
1.82078
1.81974
1.81867
1.81759
1.81649
1.81536
1.81422
1.81306
1.81188
1.81069
1.80948
1.80825
1.807
1.80574
1.80446
1.80317
1.80187
1.80055
1.79922
1.79788
1.79653
1.79517
1.7938
1.79242
1.79103
1.78964
1.78825
1.78685
1.78545
1.78405
1.78264
1.78124
1.77985
1.77845
1.77707
1.77569
1.77432
1.77295
1.7716
1.77027
1.76894
1.76763
1.76634
1.76507
1.76382
1.76259
1.76138
1.7602
1.75904
1.75791
1.75681
1.75574
1.7547
1.75369
1.75271
1.75177
1.75086
1.74999
1.74915
1.74836
1.7476
1.74688
1.74621
1.74557
1.74498
1.74442
1.74391
1.74345
1.74302
1.74264
1.7423
1.74201
1.74176
1.74156
1.7414
1.74128
1.74121
1.74118
1.74119
1.74125
1.74135
1.74149
1.74168
1.74191
1.74217
1.74248
1.74283
1.74322
1.74365
1.74412
1.74463
1.74517
1.74575
1.74637
1.74702
1.74771
1.74843
1.74919
1.74998
1.7508
1.75165
1.75253
1.75344
1.75438
1.75534
1.75634
1.75735
1.7584
1.75947
1.76056
1.76167
1.7628
1.76396
1.76513
1.76632
1.76753
1.76875
1.76999
1.77124
1.77251
1.77379
1.77507
1.77637
1.77768
1.77899
1.78031
1.78163
1.78296
1.78429
1.78562
1.78696
1.78829
1.78962
1.79095
1.79228
1.7936
1.79492
1.79623
1.79753
1.79883
1.80011
1.80139
1.80266
1.80391
1.80515
1.80638
1.80759
1.80879
1.80998
1.81115
1.8123
1.81343
1.81455
1.81565
1.81673
1.81779
1.81883
1.81985
1.82084
1.82182
1.82277
1.82371
1.82462
1.8255
1.82637
1.82721
1.82803
1.82882
1.82959
1.83034
1.83106
1.83176
1.83243
1.83308
1.8337
1.8343
1.83487
1.83542
1.83595
1.83645
1.83692
1.83737
1.8378
1.8382
1.83857
1.83892
1.83925
1.83955
1.83983
1.84009
1.84032
1.84052
1.84071
1.84087
1.841
1.84112
1.84121
1.84128
1.84132
1.84135
1.84135
1.84133
1.84129
1.84123
1.84115
1.84105
1.84093
1.84078
1.84062
1.84044
1.84025
1.84003
1.8398
1.83954
1.83928
1.83899
1.83869
1.83837
1.83804
1.83769
1.83733
1.83695
1.83656
1.83616
1.83574
1.83531
1.83487
1.83442
1.83395
1.83348
1.833
1.8325
1.832
1.83148
1.83096
1.83043
1.8299
1.82935
1.8288
1.82824
1.82767
1.8271
1.82653
1.82594
1.82536
1.82477
1.82417
1.82357
1.82296
1.82235
1.82174
1.82113
1.82051
1.81988
1.81926
1.81863
1.818
1.81737
1.81673
1.81609
1.81545
1.81481
1.81417
1.81352
1.81287
1.81223
1.81157
1.81092
1.81027
1.80961
1.80896
1.8083
1.80764
1.80699
1.80633
1.80567
1.80501
1.80435
1.8037
1.80304
1.80239
1.80174
1.80109
1.80044
1.7998
1.79915
1.79852
1.79789
1.79726
1.79664
1.79603
1.79542
1.79483
1.79424
1.79366
1.79309
1.79253
1.79199
1.79146
1.79094
1.79043
1.78995
1.78947
1.78902
1.78858
1.78817
1.78777
1.78739
1.78704
1.78671
1.7864
1.78612
1.78586
1.78563
1.78542
1.78525
1.7851
1.78498
1.78488
1.78482
1.78479
1.78479
1.78482
1.78488
1.78497
1.7851
1.78526
1.78544
1.78566
1.78592
1.7862
1.78652
1.78686
1.78724
1.78765
1.78809
1.78856
1.78906
1.78958
1.79013
1.79071
1.79132
1.79195
1.79261
1.79328
1.79399
1.79471
1.79545
1.79621
1.79699
1.79779
1.7986
1.79942
1.80026
1.80111
1.80198
1.80285
1.80373
1.80462
1.80551
1.80641
1.80731
1.80822
1.80912
1.81003
1.81094
1.81184
1.81275
1.81365
1.81454
1.81543
1.81631
1.81719
1.81806
1.81892
1.81977
1.82061
1.82144
1.82226
1.82307
1.82387
1.82465
1.82542
1.82617
1.82691
1.82764
1.82835
1.82905
1.82973
1.8304
1.83105
1.83169
1.83231
1.83291
1.8335
1.83407
1.83463
1.83517
1.83569
1.8362
1.83669
1.83716
1.83762
1.83806
1.83849
1.8389
1.8393
1.83968
1.84005
1.8404
1.84074
1.84106
1.84137
1.84166
1.84194
1.84221
1.84246
1.8427
1.84293
1.84314
1.84335
1.84354
1.84372
1.84388
1.84404
1.84418
1.84432
1.84444
1.84456
1.84466
1.84475
1.84484
1.84491
1.84498
1.84504
1.84509
1.84513
1.84516
1.84519
1.84521
1.84522
1.84523
1.84522
1.84522
1.8452
1.84518
1.84515
1.84512
1.84509
1.84504
1.845
1.84494
1.84489
1.84482
1.84476
1.84469
1.84461
1.84454
1.84445
1.84437
1.84428
1.84418
1.84409
1.84399
1.84388
1.84378
1.84367
1.84356
1.84344
1.84332
1.8432
1.84308
1.84295
1.84282
1.84269
1.84256
1.84242
1.84228
1.84214
1.84199
1.84184
1.84169
1.84154
1.84139
1.84123
1.84107
1.84091
1.84074
1.84058
1.84041
1.84024
1.84006
1.83989
1.83971
1.83953
1.83934
1.83916
1.83897
1.83878
1.83859
1.8384
1.8382
1.838
1.8378
1.8376
1.8374
1.83719
1.83699
1.83678
1.83657
1.83636
1.83614
1.83593
1.83571
1.83549
1.83528
1.83506
1.83484
1.83462
1.83439
1.83417
1.83395
1.83373
1.8335
1.83328
1.83306
1.83284
1.83261
1.83239
1.83217
1.83195
1.83173
1.83151
1.83129
1.83107
1.83085
1.83064
1.83043
1.83021
1.83
1.82979
1.82959
1.82938
1.82918
1.82898
1.82878
1.82859
1.8284
1.82821
1.82802
1.82783
1.82765
1.82747
1.8273
1.82713
1.82696
1.82679
1.82663
1.82647
1.82631
1.82616
1.82601
1.82586
1.82572
1.82558
1.82545
1.82532
1.82519
1.82506
1.82494
1.82482
1.82471
1.8246
1.82449
1.82439
1.82429
1.82419
1.8241
1.82401
1.82393
1.82384
1.82376
1.82369
1.82362
1.82355
1.82348
1.82342
1.82336
1.8233
1.82325
1.8232
1.82315
1.82311
1.82307
1.82303
1.82299
1.82296
1.82293
1.8229
1.82288
1.82286
1.82284
1.82282
1.82281
1.82279
1.82278
1.82278
1.82277
1.82277
1.82277
1.82277
1.82278
1.82278
1.82279
1.8228
1.82282
1.82283
1.82285
1.82287
1.82289
1.82291
1.82294
1.82297
1.823
1.82303
1.82306
1.8231
1.82313
1.82317
1.82321
1.82326
1.8233
1.82335
1.82339
1.82345
1.8235
1.82355
1.82361
1.82366
1.82372
1.82378
1.82385
1.82391
1.82398
1.82405
1.82412
1.82419
1.82426
1.82434
1.82441
1.82449
1.82457
1.82465
1.82474
1.82482
1.82491
1.825
1.82509
1.82518
1.82527
1.82536
1.82546
1.82555
1.82565
1.82574
1.82584
1.82594
1.82604
1.82614
1.82624
1.82634
1.82644
1.82654
1.82664
1.82674
1.82684
1.82694
1.82704
1.82714
1.82724
1.82733
1.82743
1.82752
1.82761
1.8277
1.82779
1.82788
1.82796
1.82804
1.82812
1.8282
1.82827
1.82834
1.82841
1.82847
1.82853
1.82859
1.82864
1.82869
1.82873
1.82877
1.82881
1.82884
1.82887
1.82889
1.82891
1.82892
1.82893
1.82893
1.82893
1.82892
1.82891
1.8289
1.82888
1.82885
1.82882
1.82878
1.82874
1.82869
1.82864
1.82859
1.82853
1.82846
1.8284
1.82832
1.82825
1.82817
1.82808
1.82799
1.8279
1.82781
1.82771
1.82761
1.82751
1.82741
1.8273
1.8272
1.82709
1.82698
1.82687
1.82676
1.82665
1.82654
1.82643
1.82632
1.82621
1.82611
1.826
1.8259
1.8258
1.8257
1.82561
1.82552
1.82543
1.82535
1.82527
1.82519
1.82512
1.82506
1.825
1.82494
1.82489
1.82485
1.82481
1.82478
1.82475
1.82473
1.82472
1.82472
1.82472
1.82472
1.82474
1.82476
1.82479
1.82483
1.82487
1.82492
1.82498
1.82504
1.82511
1.82519
1.82528
1.82537
1.82547
1.82557
1.82568
1.8258
1.82592
1.82605
1.82618
1.82632
1.82646
1.82661
1.82676
1.82692
1.82708
1.82724
1.82741
1.82758
1.82776
1.82793
1.82811
1.82829
1.82847
1.82866
1.82884
1.82902
1.82921
1.8294
1.82958
1.82977
1.82995
1.83013
1.83032
1.8305
1.83068
1.83085
1.83103
1.8312
1.83137
1.83154
1.8317
1.83187
1.83202
1.83218
1.83233
1.83247
1.83262
1.83276
1.83289
1.83302
1.83315
1.83327
1.83338
1.8335
1.8336
1.83371
1.83381
1.8339
1.83399
1.83407
1.83415
1.83423
1.8343
1.83436
1.83443
1.83448
1.83454
1.83459
1.83463
1.83467
1.83471
1.83475
1.83478
1.8348
1.83483
1.83485
1.83487
1.83489
1.8349
1.83491
1.83492
1.83493
1.83494
1.83494
1.83495
1.83495
1.83495
1.83495
1.83496
1.83496
1.83496
1.83496
1.83497
1.83497
1.83497
1.83498
1.83499
1.835
1.83501
1.83502
1.83504
1.83506
1.83508
1.8351
1.83513
1.83516
1.83519
1.83523
1.83527
1.83531
1.83536
1.83541
1.83546
1.83552
1.83559
1.83565
1.83572
1.8358
1.83588
1.83597
1.83605
1.83615
1.83625
1.83635
1.83645
1.83656
1.83668
1.8368
1.83692
1.83705
1.83718
1.83732
1.83745
1.8376
1.83774
1.83789
1.83804
1.8382
1.83836
1.83852
1.83869
1.83885
1.83902
1.8392
1.83937
1.83955
1.83972
1.8399
1.84009
1.84027
1.84045
1.84064
1.84082
1.84101
1.84119
1.84138
1.84157
1.84175
1.84194
1.84212
1.84231
1.84249
1.84268
1.84286
1.84304
1.84322
1.8434
1.84357
1.84375
1.84392
1.84409
1.84426
1.84443
1.84459
1.84475
1.84491
1.84506
1.84521
1.84536
1.84551
1.84565
1.84579
1.84593
1.84606
1.84619
1.84631
1.84643
1.84655
1.84666
1.84677
1.84688
1.84698
1.84708
1.84717
1.84726
1.84735
1.84743
1.8475
1.84757
1.84764
1.8477
1.84776
1.84781
1.84786
1.84791
1.84795
1.84798
1.84801
1.84804
1.84806
1.84808
1.84809
1.8481
1.8481
1.8481
1.8481
1.84808
1.84807
1.84805
1.84802
1.84799
1.84796
1.84792
1.84788
1.84783
1.84778
1.84772
1.84766
1.84759
1.84752
1.84744
1.84736
1.84727
1.84718
1.84709
1.84699
1.84688
1.84678
1.84666
1.84654
1.84642
1.84629
1.84616
1.84603
1.84589
1.84574
1.84559
1.84544
1.84528
1.84511
1.84494
1.84477
1.84459
1.84441
1.84423
1.84403
1.84384
1.84364
1.84344
1.84323
1.84301
1.8428
1.84257
1.84235
1.84212
1.84188
1.84164
1.8414
1.84115
1.8409
1.84064
1.84038
1.84011
1.83984
1.83957
1.83929
1.83901
1.83872
1.83843
1.83814
1.83784
1.83753
1.83723
1.83692
1.8366
1.83628
1.83596
1.83564
1.83531
1.83497
1.83464
1.8343
1.83396
1.83361
1.83326
1.83291
1.83255
1.83219
1.83183
1.83147
1.8311
1.83073
1.83036
1.82999
1.82961
1.82924
1.82886
1.82848
1.82809
1.82771
1.82733
1.82694
1.82655
1.82617
1.82578
1.82539
1.825
1.82462
1.82423
1.82384
1.82346
1.82307
1.82269
1.82231
1.82193
1.82155
1.82117
1.8208
1.82043
1.82006
1.81969
1.81933
1.81897
1.81862
1.81827
1.81792
1.81758
1.81724
1.81691
1.81659
1.81627
1.81595
1.81564
1.81534
1.81504
1.81475
1.81447
1.8142
1.81393
1.81367
1.81341
1.81317
1.81293
1.8127
1.81248
1.81227
1.81207
1.81187
1.81168
1.81151
1.81134
1.81118
1.81103
1.81089
1.81075
1.81063
1.81052
1.81041
1.81032
1.81023
1.81015
1.81009
1.81003
1.80998
1.80994
1.8099
1.80988
1.80987
1.80986
1.80986
1.80987
1.80989
1.80992
1.80995
1.80999
1.81004
1.8101
1.81016
1.81023
1.81031
1.81039
1.81048
1.81058
1.81068
1.81079
1.8109
1.81102
1.81114
1.81127
1.8114
1.81154
1.81168
1.81182
1.81197
1.81212
1.81227
1.81243
1.81259
1.81275
1.81292
1.81308
1.81325
1.81342
1.8136
1.81377
1.81394
1.81412
1.81429
1.81447
1.81465
1.81482
1.815
1.81518
1.81535
1.81553
1.81571
1.81588
1.81606
1.81623
1.8164
1.81658
1.81675
1.81692
1.81709
1.81726
1.81742
1.81759
1.81775
1.81792
1.81808
1.81824
1.8184
1.81856
1.81871
1.81887
1.81902
1.81918
1.81933
1.81948
1.81963
1.81978
1.81993
1.82007
1.82022
1.82037
1.82051
1.82066
1.8208
1.82094
1.82109
1.82123
1.82137
1.82152
1.82166
1.82181
1.82195
1.8221
1.82224
1.82239
1.82254
1.82269
1.82284
1.82299
1.82315
1.8233
1.82346
1.82362
1.82378
1.82394
1.82411
1.82428
1.82445
1.82462
1.82479
1.82497
1.82515
1.82534
1.82552
1.82571
1.82591
1.82611
1.82631
1.82651
1.82672
1.82693
1.82714
1.82736
1.82758
1.82781
1.82803
1.82827
1.8285
1.82874
1.82899
1.82924
1.82949
1.82974
1.83
1.83026
1.83053
1.8308
1.83107
1.83135
1.83163
1.83192
1.8322
1.83249
1.83279
1.83308
1.83338
1.83369
1.83399
1.8343
1.83461
1.83492
1.83524
1.83556
1.83588
1.8362
1.83652
1.83685
1.83718
1.83751
1.83784
1.83817
1.8385
1.83884
1.83917
1.83951
1.83984
1.84018
1.84052
1.84085
1.84119
1.84153
1.84187
1.8422
1.84254
1.84287
1.84321
1.84354
1.84388
1.84421
1.84454
1.84487
1.8452
1.84552
1.84585
1.84617
1.84649
1.84681
1.84712
1.84744
1.84775
1.84806
1.84836
1.84866
1.84896
1.84926
1.84956
1.84985
1.85013
1.85042
1.8507
1.85098
1.85125
1.85152
1.85179
1.85205
1.85231
1.85256
1.85281
1.85306
1.8533
1.85354
1.85377
1.854
1.85423
1.85445
1.85467
1.85488
1.85508
1.85529
1.85548
1.85568
1.85586
1.85605
1.85623
1.8564
1.85657
1.85673
1.85689
1.85704
1.85719
1.85734
1.85747
1.85761
1.85773
1.85786
1.85797
1.85808
1.85819
1.85829
1.85839
1.85847
1.85856
1.85864
1.85871
1.85877
1.85884
1.85889
1.85894
1.85898
1.85902
1.85905
1.85907
1.85909
1.85911
1.85911
1.85911
1.8591
1.85909
1.85907
1.85904
1.85901
1.85897
1.85892
1.85886
1.8588
1.85873
1.85866
1.85857
1.85848
1.85838
1.85828
1.85816
1.85804
1.85791
1.85777
1.85762
1.85747
1.8573
1.85713
1.85695
1.85676
1.85656
1.85636
1.85614
1.85591
1.85568
1.85543
1.85518
1.85492
1.85464
1.85436
1.85407
1.85377
1.85345
1.85313
1.8528
1.85246
1.8521
1.85174
1.85137
1.85098
1.85059
1.85018
1.84977
1.84934
1.84891
1.84846
1.848
1.84754
1.84706
1.84657
1.84607
1.84556
1.84505
1.84452
1.84398
1.84343
1.84288
1.84231
1.84173
1.84115
1.84056
1.83996
1.83935
1.83873
1.8381
1.83747
1.83683
1.83619
1.83553
1.83488
1.83421
1.83354
1.83287
1.83219
1.8315
1.83082
1.83013
1.82943
1.82874
1.82804
1.82734
1.82664
1.82594
1.82524
1.82454
1.82385
1.82315
1.82246
1.82177
1.82108
1.8204
1.81972
1.81904
1.81837
1.81771
1.81705
1.8164
1.81576
1.81513
1.8145
1.81388
1.81328
1.81268
1.81209
1.81152
1.81095
1.8104
1.80986
1.80933
1.80881
1.80831
1.80782
1.80734
1.80688
1.80644
1.806
1.80559
1.80518
1.8048
1.80443
1.80407
1.80373
1.80341
1.80311
1.80282
1.80255
1.80229
1.80205
1.80183
1.80163
1.80144
1.80127
1.80112
1.80099
1.80087
1.80077
1.80069
1.80062
1.80058
1.80055
1.80053
1.80054
1.80056
1.8006
1.80065
1.80073
1.80081
1.80092
1.80104
1.80118
1.80133
1.8015
1.80168
1.80188
1.80209
1.80232
1.80256
1.80282
1.80309
1.80337
1.80367
1.80398
1.8043
1.80463
1.80498
1.80533
1.8057
1.80608
1.80647
1.80687
1.80728
1.80769
1.80812
1.80855
1.809
1.80945
1.8099
1.81037
1.81084
1.81131
1.81179
1.81228
1.81277
1.81327
1.81376
1.81427
1.81477
1.81528
1.81579
1.8163
1.81682
1.81733
1.81785
1.81836
1.81888
1.8194
1.81991
1.82043
1.82094
1.82145
1.82196
1.82247
1.82298
1.82348
1.82398
1.82448
1.82497
1.82547
1.82595
1.82643
1.82691
1.82739
1.82785
1.82832
1.82878
1.82923
1.82968
1.83012
1.83056
1.83099
1.83141
1.83183
1.83224
1.83265
1.83305
1.83344
1.83382
1.8342
1.83457
1.83494
1.8353
1.83565
1.83599
1.83632
1.83665
1.83697
1.83728
1.83759
1.83789
1.83818
1.83846
1.83874
1.839
1.83926
1.83952
1.83976
1.84
1.84023
1.84045
1.84066
1.84087
1.84107
1.84126
1.84145
1.84162
1.84179
1.84196
1.84211
1.84226
1.8424
1.84254
1.84267
1.84279
1.8429
1.84301
1.84311
1.84321
1.84329
1.84338
1.84345
1.84352
1.84359
1.84365
1.8437
1.84375
1.84379
1.84383
1.84386
1.84389
1.84391
1.84393
1.84395
1.84395
1.84396
1.84396
1.84396
1.84395
1.84394
1.84393
1.84391
1.84389
1.84387
1.84384
1.84381
1.84378
1.84374
1.84371
1.84367
1.84363
1.84359
1.84354
1.8435
1.84345
1.8434
1.84335
1.8433
1.84325
1.84319
1.84314
1.84309
1.84303
1.84298
1.84292
1.84286
1.84281
1.84275
1.84269
1.84264
1.84258
1.84253
1.84247
1.84241
1.84236
1.8423
1.84225
1.84219
1.84214
1.84208
1.84203
1.84197
1.84192
1.84187
1.84181
1.84176
1.8417
1.84165
1.8416
1.84154
1.84149
1.84143
1.84138
1.84132
1.84127
1.84121
1.84115
1.84109
1.84103
1.84097
1.8409
1.84083
1.84077
1.8407
1.84062
1.84055
1.84047
1.84039
1.84031
1.84022
1.84013
1.84004
1.83994
1.83984
1.83973
1.83962
1.8395
1.83938
1.83925
1.83912
1.83898
1.83884
1.83869
1.83853
1.83837
1.8382
1.83802
1.83783
1.83764
1.83744
1.83723
1.83701
1.83678
1.83655
1.8363
1.83605
1.83579
1.83551
1.83523
1.83494
1.83464
1.83432
1.834
1.83367
1.83332
1.83297
1.83261
1.83223
1.83184
1.83145
1.83104
1.83062
1.8302
1.82976
1.82931
1.82886
1.82839
1.82791
1.82743
1.82694
1.82644
1.82593
1.82541
1.82489
1.82436
1.82382
1.82328
1.82273
1.82218
1.82163
1.82107
1.82051
1.81995
1.81939
1.81884
1.81828
1.81772
1.81717
1.81662
1.81608
1.81554
1.81501
1.81449
1.81398
1.81348
1.81299
1.81251
1.81204
1.81159
1.81115
1.81073
1.81033
1.80994
1.80958
1.80923
1.8089
1.80859
1.80831
1.80804
1.8078
1.80758
1.80738
1.80721
1.80706
1.80693
1.80683
1.80675
1.8067
1.80667
1.80666
1.80667
1.80671
1.80677
1.80685
1.80696
1.80708
1.80722
1.80738
1.80756
1.80776
1.80797
1.8082
1.80845
1.8087
1.80897
1.80925
1.80954
1.80984
1.81015
1.81046
1.81078
1.8111
1.81143
1.81176
1.81209
1.81243
1.81276
1.81309
1.81341
1.81374
1.81405
1.81437
1.81467
1.81497
1.81526
1.81555
1.81582
1.81609
1.81634
1.81658
1.81681
1.81703
1.81723
1.81743
1.81761
1.81777
1.81792
1.81806
1.81818
1.81829
1.81838
1.81846
1.81852
1.81857
1.8186
1.81862
1.81862
1.81861
1.81858
1.81854
1.81848
1.81841
1.81833
1.81823
1.81811
1.81798
1.81784
1.81769
1.81752
1.81734
1.81715
1.81695
1.81673
1.81651
1.81627
1.81603
1.81577
1.81551
1.81523
1.81495
1.81467
1.81437
1.81407
1.81376
1.81345
1.81313
1.81281
1.81249
1.81216
1.81183
1.8115
1.81117
1.81084
1.81051
1.81019
1.80986
1.80954
1.80923
1.80891
1.80861
1.80831
1.80801
1.80773
1.80745
1.80719
1.80693
1.80669
1.80646
1.80624
1.80603
1.80584
1.80566
1.8055
1.80536
1.80523
1.80512
1.80503
1.80496
1.8049
1.80487
1.80485
1.80486
1.80489
1.80494
1.80501
1.80511
1.80522
1.80536
1.80552
1.8057
1.80591
1.80614
1.80639
1.80666
1.80695
1.80727
1.8076
1.80796
1.80834
1.80873
1.80915
1.80959
1.81004
1.81051
1.811
1.81151
1.81203
1.81256
1.81311
1.81368
1.81425
1.81484
1.81544
1.81605
1.81667
1.8173
1.81793
1.81857
1.81922
1.81987
1.82053
1.82119
1.82185
1.82251
1.82318
1.82384
1.82451
1.82517
1.82583
1.82649
1.82714
1.82779
1.82844
1.82908
1.82971
1.83034
1.83096
1.83157
1.83217
1.83277
1.83336
1.83393
1.8345
1.83506
1.8356
1.83614
1.83667
1.83718
1.83768
1.83817
1.83865
1.83912
1.83957
1.84001
1.84044
1.84085
1.84125
1.84164
1.84202
1.84238
1.84273
1.84307
1.84339
1.8437
1.844
1.84428
1.84455
1.84481
1.84505
1.84529
1.8455
1.84571
1.8459
1.84608
1.84624
1.8464
1.84654
1.84666
1.84678
1.84688
1.84697
1.84705
1.84712
1.84717
1.84721
1.84725
1.84726
1.84727
1.84727
1.84725
1.84723
1.84719
1.84714
1.84708
1.84701
1.84693
1.84684
1.84673
1.84662
1.8465
1.84637
1.84622
1.84607
1.84591
1.84574
1.84556
1.84537
1.84517
1.84496
1.84475
1.84452
1.84429
1.84405
1.8438
1.84354
1.84327
1.843
1.84271
1.84242
1.84213
1.84182
1.84151
1.84119
1.84087
1.84054
1.8402
1.83986
1.8395
1.83915
1.83879
1.83842
1.83804
1.83767
1.83728
1.83689
1.8365
1.8361
1.8357
1.83529
1.83488
1.83446
1.83405
1.83362
1.8332
1.83277
1.83234
1.8319
1.83146
1.83102
1.83058
1.83014
1.82969
1.82924
1.82879
1.82834
1.82789
1.82744
1.82698
1.82653
1.82607
1.82562
1.82517
1.82471
1.82426
1.82381
1.82335
1.8229
1.82246
1.82201
1.82156
1.82112
1.82068
1.82024
1.81981
1.81938
1.81895
1.81853
1.81811
1.81769
1.81728
1.81688
1.81648
1.81609
1.8157
1.81532
1.81495
1.81458
1.81422
1.81387
1.81352
1.81319
1.81287
1.81255
1.81224
1.81195
1.81166
1.81139
1.81113
1.81088
1.81064
1.81041
1.8102
1.81
1.80981
1.80964
1.80948
1.80934
1.80922
1.80911
1.80901
1.80893
1.80887
1.80882
1.80879
1.80878
1.80879
1.80881
1.80886
1.80892
1.80899
1.80909
1.8092
1.80934
1.80949
1.80966
1.80985
1.81005
1.81028
1.81052
1.81078
1.81106
1.81135
1.81167
1.812
1.81234
1.8127
1.81308
1.81348
1.81389
1.81431
1.81475
1.8152
1.81566
1.81614
1.81663
1.81713
1.81764
1.81816
1.81869
1.81923
1.81978
1.82034
1.8209
1.82147
1.82204
1.82262
1.82321
1.8238
1.82439
1.82498
1.82558
1.82617
1.82677
1.82737
1.82796
1.82855
1.82914
1.82973
1.83031
1.83089
1.83147
1.83204
1.8326
1.83315
1.8337
1.83424
1.83477
1.83529
1.8358
1.83631
1.8368
1.83728
1.83774
1.8382
1.83864
1.83907
1.83949
1.83989
1.84027
1.84064
1.841
1.84134
1.84166
1.84197
1.84226
1.84253
1.84279
1.84302
1.84324
1.84344
1.84362
1.84378
1.84392
1.84404
1.84414
1.84422
1.84427
1.84431
1.84432
1.84432
1.84429
1.84424
1.84416
1.84407
1.84395
1.84381
1.84364
1.84346
1.84325
1.84301
1.84275
1.84247
1.84217
1.84184
1.84149
1.84112
1.84073
1.84031
1.83987
1.8394
1.83892
1.83841
1.83788
1.83734
1.83677
1.83618
1.83557
1.83495
1.8343
1.83364
1.83296
1.83227
1.83157
1.83085
1.83011
1.82937
1.82862
1.82785
1.82708
1.82631
1.82553
1.82474
1.82396
1.82317
1.82239
1.8216
1.82082
1.82005
1.81929
1.81853
1.81779
1.81706
1.81634
1.81564
1.81495
1.81429
1.81364
1.81302
1.81242
1.81185
1.8113
1.81078
1.81029
1.80982
1.80939
1.80899
1.80862
1.80828
1.80797
1.8077
1.80746
1.80726
1.80708
1.80694
1.80683
1.80676
1.80671
1.8067
1.80672
1.80676
1.80684
1.80694
1.80707
1.80722
1.8074
1.80759
1.80781
1.80805
1.80831
1.80858
1.80886
1.80916
1.80948
1.8098
1.81013
1.81046
1.81081
1.81116
1.81151
1.81186
1.81221
1.81256
1.81291
1.81326
1.8136
1.81394
1.81427
1.81459
1.81491
1.81522
1.81552
1.81581
1.81609
1.81636
1.81662
1.81688
1.81712
1.81735
1.81757
1.81778
1.81797
1.81816
1.81834
1.81851
1.81867
1.81882
1.81896
1.8191
1.81922
1.81934
1.81946
1.81956
1.81966
1.81976
1.81985
1.81994
1.82003
1.82011
1.82019
1.82028
1.82036
1.82044
1.82052
1.8206
1.82069
1.82078
1.82087
1.82096
1.82106
1.82116
1.82127
1.82139
1.82151
1.82164
1.82177
1.82191
1.82206
1.82222
1.82238
1.82255
1.82273
1.82292
1.82312
1.82333
1.82354
1.82377
1.824
1.82424
1.82449
1.82475
1.82502
1.82529
1.82558
1.82587
1.82617
1.82648
1.8268
1.82712
1.82746
1.82779
1.82814
1.82849
1.82885
1.82921
1.82958
1.82996
1.83034
1.83072
1.83111
1.8315
1.8319
1.8323
1.8327
1.83311
1.83351
1.83392
1.83434
1.83475
1.83516
1.83558
1.83599
1.83641
1.83683
1.83724
1.83766
1.83807
1.83849
1.8389
1.83931
1.83972
1.84012
1.84053
1.84093
1.84133
1.84172
1.84211
1.8425
1.84289
1.84327
1.84365
1.84402
1.84439
1.84475
1.84511
1.84547
1.84582
1.84616
1.8465
1.84684
1.84717
1.84749
1.84781
1.84812
1.84843
1.84873
1.84902
1.84931
1.8496
1.84987
1.85014
1.85041
1.85067
1.85092
1.85117
1.85141
1.85164
1.85187
1.85209
1.8523
1.85251
1.85271
1.85291
1.8531
1.85328
1.85346
1.85363
1.85379
1.85395
1.8541
1.85424
1.85438
1.85451
1.85464
1.85476
1.85487
1.85498
1.85508
1.85518
1.85527
1.85535
1.85543
1.8555
1.85556
1.85562
1.85568
1.85573
1.85577
1.85581
1.85584
1.85587
1.85589
1.8559
1.85591
1.85592
1.85591
1.85591
1.8559
1.85588
1.85586
1.85583
1.8558
1.85576
1.85572
1.85568
1.85563
1.85557
1.85551
1.85544
1.85537
1.8553
1.85521
1.85513
1.85504
1.85495
1.85485
1.85474
1.85463
1.85452
1.8544
1.85428
1.85416
1.85402
1.85389
1.85375
1.8536
1.85345
1.8533
1.85314
1.85297
1.85281
1.85263
1.85245
1.85227
1.85208
1.85189
1.85169
1.85149
1.85128
1.85107
1.85085
1.85063
1.8504
1.85016
1.84992
1.84968
1.84942
1.84917
1.8489
1.84863
1.84836
1.84807
1.84779
1.84749
1.84719
1.84688
1.84656
1.84624
1.84591
1.84557
1.84523
1.84488
1.84452
1.84415
1.84377
1.84338
1.84299
1.84259
1.84218
1.84176
1.84133
1.84089
1.84044
1.83998
1.83952
1.83904
1.83855
1.83805
1.83755
1.83703
1.8365
1.83596
1.83541
1.83485
1.83428
1.8337
1.8331
1.8325
1.83188
1.83126
1.83062
1.82998
1.82932
1.82865
1.82797
1.82728
1.82658
1.82588
1.82516
1.82443
1.8237
1.82295
1.8222
1.82144
1.82068
1.81991
1.81913
1.81835
1.81756
1.81677
1.81598
1.81519
1.81439
1.81359
1.8128
1.81201
1.81122
1.81043
1.80965
1.80887
1.8081
1.80735
1.8066
1.80586
1.80513
1.80442
1.80372
1.80304
1.80238
1.80173
1.8011
1.8005
1.79992
1.79936
1.79883
1.79832
1.79785
1.7974
1.79697
1.79658
1.79622
1.7959
1.7956
1.79534
1.79511
1.79492
1.79476
1.79464
1.79455
1.7945
1.79449
1.79451
1.79456
1.79465
1.79478
1.79494
1.79513
1.79536
1.79562
1.79591
1.79623
1.79658
1.79697
1.79738
1.79781
1.79828
1.79876
1.79928
1.79981
1.80036
1.80094
1.80153
1.80214
1.80276
1.8034
1.80405
1.80472
1.80539
1.80607
1.80676
1.80746
1.80816
1.80886
1.80957
1.81028
1.81098
1.81169
1.81239
1.81309
1.81379
1.81448
1.81517
1.81585
1.81652
1.81718
1.81783
1.81847
1.81911
1.81973
1.82033
1.82093
1.82151
1.82208
1.82264
1.82318
1.8237
1.82421
1.82471
1.82519
1.82565
1.8261
1.82653
1.82694
1.82734
1.82772
1.82809
1.82844
1.82877
1.82909
1.82938
1.82967
1.82993
1.83018
1.83041
1.83063
1.83083
1.83101
1.83118
1.83134
1.83147
1.8316
1.83171
1.8318
1.83188
1.83195
1.832
1.83204
1.83207
1.83208
1.83208
1.83207
1.83205
1.83202
1.83198
1.83193
1.83186
1.83179
1.83171
1.83162
1.83152
1.83141
1.83129
1.83117
1.83104
1.8309
1.83076
1.83061
1.83045
1.83029
1.83013
1.82996
1.82978
1.8296
1.82942
1.82923
1.82904
1.82884
1.82864
1.82844
1.82823
1.82802
1.82781
1.8276
1.82738
1.82716
1.82694
1.82671
1.82648
1.82625
1.82602
1.82578
1.82554
1.8253
1.82505
1.8248
1.82455
1.82429
1.82403
1.82377
1.8235
1.82323
1.82296
1.82268
1.8224
1.82211
1.82182
1.82152
1.82122
1.82091
1.8206
1.82029
1.81997
1.81965
1.81932
1.81898
1.81865
1.8183
1.81796
1.8176
1.81725
1.81689
1.81652
1.81615
1.81578
1.81541
1.81503
1.81464
1.81426
1.81387
1.81348
1.81309
1.8127
1.8123
1.81191
1.81151
1.81111
1.81071
1.81032
1.80992
1.80952
1.80913
1.80873
1.80834
1.80795
1.80756
1.80718
1.8068
1.80642
1.80604
1.80567
1.8053
1.80493
1.80457
1.80422
1.80386
1.80351
1.80317
1.80283
1.80249
1.80216
1.80183
1.80151
1.80119
1.80088
1.80056
1.80026
1.79996
1.79966
1.79936
1.79907
1.79878
1.79849
1.79821
1.79793
1.79765
1.79737
1.7971
1.79683
1.79655
1.79628
1.79602
1.79575
1.79548
1.79521
1.79495
1.79468
1.79441
1.79415
1.79388
1.79361
1.79334
1.79308
1.79281
1.79253
1.79226
1.79199
1.79172
1.79144
1.79116
1.79089
1.79061
1.79033
1.79005
1.78976
1.78948
1.78919
1.78891
1.78862
1.78833
1.78804
1.78775
1.78746
1.78717
1.78688
1.78659
1.78629
1.786
1.78571
1.78541
1.78512
1.78483
1.78453
1.78424
1.78395
1.78365
1.78336
1.78307
1.78277
1.78248
1.78219
1.7819
1.78161
1.78131
1.78102
1.78073
1.78044
1.78015
1.77986
1.77957
1.77928
1.77899
1.7787
1.77841
1.77811
1.77782
1.77753
1.77723
1.77694
1.77664
1.77634
1.77604
1.77574
1.77544
1.77513
1.77483
1.77452
1.77421
1.77389
1.77357
1.77325
1.77293
1.7726
1.77227
1.77194
1.7716
1.77126
1.77091
1.77056
1.77021
1.76985
1.76949
1.76912
1.76875
1.76837
1.76799
1.7676
1.76721
1.76682
1.76642
1.76601
1.7656
1.76519
1.76477
1.76435
1.76393
1.7635
1.76306
1.76263
1.76219
1.76175
1.76131
1.76086
1.76042
1.75997
1.75952
1.75908
1.75863
1.75819
1.75775
1.75731
1.75687
1.75644
1.75602
1.7556
1.75519
1.75479
1.7544
1.75401
1.75364
1.75329
1.75294
1.75261
1.7523
1.752
1.75173
1.75147
1.75123
1.75102
1.75083
1.75066
1.75052
1.7504
1.75032
1.75026
1.75023
1.75023
1.75026
1.75033
1.75042
1.75055
1.75072
1.75092
1.75115
1.75142
1.75172
1.75206
1.75244
1.75285
1.75329
1.75377
1.75428
1.75483
1.7554
1.75601
1.75666
1.75733
1.75803
1.75876
1.75951
1.76029
1.7611
1.76193
1.76278
1.76365
1.76454
1.76544
1.76636
1.7673
1.76825
1.76921
1.77017
1.77115
1.77213
1.77312
1.77411
1.77511
1.7761
1.77709
1.77809
1.77907
1.78006
1.78103
1.78201
1.78297
1.78392
1.78487
1.7858
1.78672
1.78763
1.78853
1.78941
1.79027
1.79113
1.79196
1.79278
1.79359
1.79437
1.79514
1.79589
1.79663
1.79734
1.79804
1.79872
1.79938
1.80002
1.80065
1.80125
1.80184
1.80241
1.80295
1.80349
1.804
1.80449
1.80497
1.80543
1.80587
1.80629
1.8067
1.80709
1.80746
1.80782
1.80815
1.80848
1.80878
1.80908
1.80935
1.80961
1.80986
1.81009
1.81031
1.81051
1.8107
1.81087
1.81104
1.81119
1.81132
1.81145
1.81156
1.81166
1.81174
1.81182
1.81188
1.81194
1.81198
1.81201
1.81203
1.81204
1.81204
1.81204
1.81202
1.81199
1.81195
1.81191
1.81185
1.81179
1.81172
1.81164
1.81155
1.81146
1.81135
1.81124
1.81112
1.811
1.81086
1.81073
1.81058
1.81043
1.81027
1.8101
1.80993
1.80975
1.80956
1.80937
1.80918
1.80898
1.80877
1.80856
1.80834
1.80811
1.80789
1.80765
1.80741
1.80717
1.80692
1.80667
1.80641
1.80615
1.80589
1.80562
1.80534
1.80506
1.80478
1.8045
1.80421
1.80391
1.80362
1.80332
1.80301
1.80271
1.8024
1.80208
1.80177
1.80145
1.80112
1.8008
1.80047
1.80014
1.79981
1.79947
1.79914
1.7988
1.79846
1.79811
1.79777
1.79742
1.79707
1.79672
1.79637
1.79602
1.79566
1.79531
1.79495
1.7946
1.79424
1.79388
1.79352
1.79317
1.79281
1.79245
1.79209
1.79173
1.79138
1.79102
1.79066
1.79031
1.78996
1.7896
1.78925
1.7889
1.78856
1.78821
1.78787
1.78753
1.78719
1.78685
1.78652
1.78619
1.78586
1.78554
1.78522
1.7849
1.78459
1.78428
1.78397
1.78367
1.78338
1.78308
1.7828
1.78251
1.78224
1.78196
1.7817
1.78144
1.78118
1.78093
1.78069
1.78045
1.78022
1.77999
1.77977
1.77956
1.77935
1.77915
1.77895
1.77876
1.77858
1.77841
1.77824
1.77808
1.77793
1.77778
1.77764
1.7775
1.77738
1.77726
1.77714
1.77704
1.77694
1.77684
1.77676
1.77668
1.7766
1.77654
1.77648
1.77642
1.77637
1.77633
1.77629
1.77626
1.77624
1.77622
1.7762
1.7762
1.77619
1.77619
1.7762
1.77621
1.77622
1.77624
1.77627
1.7763
1.77633
1.77636
1.7764
1.77644
1.77649
1.77654
1.77659
1.77664
1.7767
1.77676
1.77682
1.77688
1.77694
1.77701
1.77708
1.77714
1.77721
1.77728
1.77735
1.77742
1.7775
1.77757
1.77764
1.77771
1.77778
1.77785
1.77792
1.77799
1.77806
1.77813
1.7782
1.77826
1.77832
1.77839
1.77845
1.77851
1.77856
1.77862
1.77867
1.77872
1.77877
1.77882
1.77886
1.7789
1.77894
1.77898
1.77901
1.77904
1.77907
1.77909
1.77911
1.77913
1.77914
1.77915
1.77916
1.77917
1.77917
1.77917
1.77916
1.77915
1.77914
1.77912
1.7791
1.77908
1.77905
1.77902
1.77899
1.77895
1.77891
1.77886
1.77881
1.77876
1.77871
1.77865
1.77858
1.77852
1.77845
1.77837
1.7783
1.77821
1.77813
1.77804
1.77795
1.77786
1.77776
1.77766
1.77755
1.77745
1.77734
1.77722
1.77711
1.77699
1.77687
1.77674
1.77661
1.77648
1.77635
1.77621
1.77608
1.77594
1.7758
1.77565
1.7755
1.77536
1.77521
1.77505
1.7749
1.77475
1.77459
1.77443
1.77427
1.77411
1.77395
1.77379
1.77363
1.77346
1.7733
1.77314
1.77297
1.77281
1.77264
1.77248
1.77232
1.77215
1.77199
1.77183
1.77167
1.7715
1.77134
1.77119
1.77103
1.77087
1.77072
1.77057
1.77042
1.77027
1.77012
1.76997
1.76983
1.76969
1.76955
1.76942
1.76929
1.76916
1.76903
1.76891
1.76879
1.76867
1.76856
1.76845
1.76834
1.76824
1.76814
1.76804
1.76795
1.76786
1.76777
1.76769
1.76762
1.76754
1.76747
1.76741
1.76735
1.76729
1.76724
1.76719
1.76715
1.76711
1.76707
1.76704
1.76701
1.76699
1.76697
1.76695
1.76694
1.76693
1.76693
1.76693
1.76694
1.76694
1.76696
1.76697
1.76699
1.76702
1.76704
1.76707
1.76711
1.76715
1.76719
1.76723
1.76728
1.76733
1.76738
1.76744
1.7675
1.76756
1.76762
1.76769
1.76776
1.76783
1.76791
1.76798
1.76806
1.76814
1.76823
1.76831
1.7684
1.76849
1.76858
1.76867
1.76876
1.76885
1.76895
1.76905
1.76914
1.76924
1.76934
1.76944
1.76954
1.76964
1.76974
1.76985
1.76995
1.77005
1.77016
1.77026
1.77036
1.77047
1.77057
1.77067
1.77078
1.77088
1.77098
1.77108
1.77119
1.77129
1.77139
1.77149
1.77159
1.77169
1.77178
1.77188
1.77198
1.77207
1.77217
1.77226
1.77235
1.77244
1.77253
1.77262
1.7727
1.77279
1.77287
1.77296
1.77304
1.77312
1.77319
1.77327
1.77334
1.77342
1.77349
1.77356
1.77362
1.77369
1.77375
1.77381
1.77387
1.77393
1.77398
1.77404
1.77409
1.77413
1.77418
1.77422
1.77426
1.7743
1.77434
1.77437
1.7744
1.77443
1.77445
1.77448
1.77449
1.77451
1.77452
1.77453
1.77454
1.77455
1.77455
1.77454
1.77454
1.77453
1.77452
1.7745
1.77448
1.77446
1.77443
1.7744
1.77437
1.77433
1.77429
1.77424
1.77419
1.77414
1.77408
1.77402
1.77395
1.77388
1.7738
1.77372
1.77364
1.77355
1.77346
1.77336
1.77326
1.77315
1.77304
1.77292
1.7728
1.77267
1.77254
1.7724
1.77226
1.77212
1.77196
1.77181
1.77164
1.77148
1.7713
1.77112
1.77094
1.77075
1.77056
1.77036
1.77015
1.76995
1.76973
1.76951
1.76928
1.76905
1.76882
1.76858
1.76833
1.76808
1.76782
1.76756
1.7673
1.76702
1.76675
1.76647
1.76618
1.76589
1.7656
1.7653
1.765
1.76469
1.76438
1.76407
1.76375
1.76343
1.76311
1.76278
1.76245
1.76211
1.76178
1.76144
1.76109
1.76075
1.7604
1.76006
1.75971
1.75936
1.759
1.75865
1.7583
1.75794
1.75759
1.75723
1.75687
1.75652
1.75616
1.75581
1.75546
1.7551
1.75475
1.7544
1.75405
1.75371
1.75336
1.75302
1.75268
1.75235
1.75201
1.75168
1.75135
1.75103
1.75071
1.75039
1.75008
1.74977
1.74947
1.74917
1.74887
1.74858
1.74829
1.74801
1.74774
1.74746
1.7472
1.74694
1.74669
1.74644
1.7462
1.74596
1.74573
1.74551
1.74529
1.74509
1.74488
1.74469
1.7445
1.74432
1.74415
1.74399
1.74383
1.74369
1.74355
1.74342
1.7433
1.7432
1.7431
1.74301
1.74293
1.74286
1.74281
1.74276
1.74273
1.74271
1.74271
1.74271
1.74273
1.74277
1.74282
1.74288
1.74296
1.74306
1.74317
1.74329
1.74344
1.7436
1.74378
1.74397
1.74419
1.74442
1.74467
1.74494
1.74523
1.74554
1.74586
1.74621
1.74658
1.74697
1.74737
1.7478
1.74824
1.74871
1.7492
1.7497
1.75022
1.75077
1.75133
1.75191
1.7525
1.75312
1.75375
1.7544
1.75506
1.75574
1.75643
1.75714
1.75787
1.7586
1.75935
1.76011
1.76088
1.76166
1.76245
1.76325
1.76405
1.76487
1.76569
1.76651
1.76734
1.76818
1.76902
1.76986
1.7707
1.77154
1.77239
1.77323
1.77407
1.77492
1.77575
1.77659
1.77742
1.77825
1.77907
1.77989
1.7807
1.7815
1.7823
1.78309
1.78388
1.78465
1.78542
1.78617
1.78692
1.78766
1.78839
1.78911
1.78982
1.79051
1.7912
1.79188
1.79254
1.79319
1.79384
1.79447
1.79509
1.79569
1.79629
1.79687
1.79744
1.798
1.79855
1.79909
1.79961
1.80012
1.80063
1.80111
1.80159
1.80206
1.80251
1.80295
1.80339
1.80381
1.80421
1.80461
1.805
1.80537
1.80574
1.80609
1.80643
1.80677
1.80709
1.8074
1.8077
1.80799
1.80827
1.80854
1.8088
1.80906
1.8093
1.80953
1.80975
1.80997
1.81017
1.81036
1.81055
1.81073
1.81089
1.81105
1.8112
1.81134
1.81148
1.8116
1.81171
1.81182
1.81192
1.81201
1.81209
1.81216
1.81223
1.81229
1.81233
1.81237
1.81241
1.81243
1.81245
1.81245
1.81245
1.81245
1.81243
1.81241
1.81237
1.81233
1.81229
1.81223
1.81217
1.81209
1.81201
1.81193
1.81183
1.81173
1.81161
1.81149
1.81136
1.81123
1.81108
1.81093
1.81077
1.8106
1.81042
1.81024
1.81005
1.80984
1.80963
1.80942
1.80919
1.80895
1.80871
1.80846
1.8082
1.80793
1.80766
1.80737
1.80708
1.80678
1.80647
1.80615
1.80583
1.80549
1.80515
1.8048
1.80444
1.80407
1.8037
1.80332
1.80293
1.80253
1.80212
1.80171
1.80129
1.80086
1.80042
1.79998
1.79953
1.79907
1.7986
1.79813
1.79765
1.79717
1.79667
1.79618
1.79567
1.79516
1.79465
1.79412
1.7936
1.79307
1.79253
1.79199
1.79144
1.79089
1.79034
1.78978
1.78922
1.78865
1.78809
1.78752
1.78694
1.78637
1.78579
1.78522
1.78464
1.78406
1.78348
1.7829
1.78232
1.78175
1.78117
1.78059
1.78002
1.77945
1.77888
1.77831
1.77775
1.77719
1.77664
1.77609
1.77554
1.77501
1.77447
1.77395
1.77343
1.77291
1.77241
1.77191
1.77143
1.77095
1.77048
1.77002
1.76957
1.76913
1.7687
1.76829
1.76788
1.76749
1.76711
1.76675
1.7664
1.76606
1.76574
1.76543
1.76514
1.76486
1.7646
1.76435
1.76412
1.76391
1.76372
1.76354
1.76338
1.76324
1.76311
1.76301
1.76292
1.76285
1.7628
1.76277
1.76276
1.76277
1.76279
1.76283
1.7629
1.76298
1.76308
1.7632
1.76333
1.76349
1.76366
1.76385
1.76406
1.76429
1.76453
1.76479
1.76507
1.76536
1.76567
1.766
1.76633
1.76669
1.76706
1.76744
1.76783
1.76824
1.76866
1.76909
1.76954
1.76999
1.77045
1.77093
1.77141
1.7719
1.7724
1.77291
1.77343
1.77395
1.77448
1.77501
1.77555
1.7761
1.77665
1.7772
1.77776
1.77832
1.77888
1.77945
1.78001
1.78058
1.78115
1.78172
1.78229
1.78287
1.78344
1.78401
1.78458
1.78515
1.78572
1.78628
1.78685
1.78741
1.78798
1.78854
1.78909
1.78965
1.7902
1.79076
1.7913
1.79185
1.79239
1.79293
1.79347
1.79401
1.79454
1.79507
1.7956
1.79612
1.79664
1.79716
1.79767
1.79819
1.7987
1.7992
1.79971
1.80021
1.80071
1.8012
1.8017
1.80219
1.80268
1.80316
1.80365
1.80413
1.8046
1.80508
1.80555
1.80603
1.80649
1.80696
1.80742
1.80789
1.80835
1.8088
1.80926
1.80971
1.81016
1.8106
1.81105
1.81149
1.81193
1.81236
1.8128
1.81323
1.81365
1.81408
1.8145
1.81492
1.81533
1.81574
1.81615
1.81655
1.81695
1.81734
1.81773
1.81812
1.8185
1.81887
1.81924
1.81961
1.81997
1.82033
1.82068
1.82102
1.82136
1.82169
1.82201
1.82233
1.82264
1.82295
1.82325
1.82354
1.82382
1.82409
1.82436
1.82462
1.82487
1.82511
1.82534
1.82557
1.82578
1.82598
1.82618
1.82636
1.82654
1.8267
1.82686
1.827
1.82713
1.82726
1.82737
1.82747
1.82755
1.82763
1.82769
1.82775
1.82779
1.82781
1.82783
1.82783
1.82782
1.8278
1.82776
1.82771
1.82765
1.82757
1.82748
1.82737
1.82725
1.82712
1.82697
1.82681
1.82664
1.82645
1.82624
1.82602
1.82579
1.82554
1.82528
1.825
1.82471
1.8244
1.82408
1.82374
1.82339
1.82302
1.82264
1.82224
1.82183
1.8214
1.82096
1.82051
1.82004
1.81955
1.81906
1.81854
1.81802
1.81748
1.81693
1.81636
1.81578
1.81519
1.81459
1.81397
1.81334
1.8127
1.81205
1.81139
1.81072
1.81004
1.80935
1.80865
1.80794
1.80723
1.80651
1.80578
1.80504
1.8043
1.80356
1.80281
1.80206
1.8013
1.80055
1.79979
1.79903
1.79828
1.79752
1.79677
1.79602
1.79527
1.79453
1.7938
1.79307
1.79235
1.79164
1.79094
1.79025
1.78957
1.7889
1.78825
1.78761
1.78698
1.78637
1.78578
1.78521
1.78465
1.78412
1.7836
1.7831
1.78263
1.78218
1.78175
1.78134
1.78095
1.78059
1.78026
1.77995
1.77966
1.7794
1.77917
1.77896
1.77878
1.77862
1.77849
1.77839
1.77831
1.77826
1.77823
1.77823
1.77825
1.7783
1.77837
1.77847
1.77858
1.77873
1.77889
1.77908
1.77929
1.77951
1.77976
1.78003
1.78032
1.78062
1.78094
1.78128
1.78163
1.782
1.78239
1.78278
1.78319
1.78361
1.78405
1.78449
1.78495
1.78541
1.78589
1.78637
1.78686
1.78735
1.78785
1.78836
1.78888
1.78939
1.78992
1.79044
1.79097
1.7915
1.79204
1.79257
1.79311
1.79365
1.79419
1.79473
1.79527
1.79581
1.79636
1.7969
1.79744
1.79798
1.79852
1.79905
1.79959
1.80012
1.80066
1.80119
1.80172
1.80225
1.80278
1.8033
1.80382
1.80435
1.80486
1.80538
1.8059
1.80641
1.80692
1.80743
1.80793
1.80843
1.80894
1.80943
1.80993
1.81042
1.81091
1.8114
1.81189
1.81237
1.81285
1.81333
1.8138
1.81427
1.81474
1.8152
1.81566
1.81612
1.81657
1.81702
1.81747
1.81791
1.81835
1.81878
1.81921
1.81964
1.82006
1.82048
1.82089
1.82129
1.82169
1.82209
1.82248
1.82286
1.82324
1.82361
1.82398
1.82434
1.82469
1.82504
1.82538
1.82571
1.82604
1.82636
1.82667
1.82697
1.82727
1.82756
1.82784
1.82811
1.82838
1.82863
1.82888
1.82912
1.82935
1.82957
1.82978
1.82999
1.83018
1.83037
1.83054
1.83071
1.83086
1.83101
1.83115
1.83128
1.8314
1.83151
1.83161
1.8317
1.83177
1.83184
1.8319
1.83195
1.832
1.83203
1.83205
1.83206
1.83206
1.83205
1.83203
1.83201
1.83197
1.83192
1.83187
1.8318
1.83173
1.83164
1.83155
1.83145
1.83134
1.83123
1.8311
1.83097
1.83083
1.83068
1.83052
1.83036
1.83019
1.83001
1.82983
1.82964
1.82944
1.82924
1.82903
1.82882
1.82861
1.82839
1.82816
1.82793
1.8277
1.82747
1.82724
1.827
1.82676
1.82652
1.82628
1.82604
1.8258
1.82556
1.82532
1.82508
1.82485
1.82462
1.82439
1.82416
1.82394
1.82373
1.82352
1.82331
1.82311
1.82292
1.82273
1.82255
1.82238
1.82221
1.82206
1.82191
1.82177
1.82165
1.82153
1.82142
1.82132
1.82124
1.82116
1.8211
1.82104
1.821
1.82097
1.82095
1.82094
1.82095
1.82096
1.82099
1.82103
1.82108
1.82114
1.82122
1.8213
1.82139
1.8215
1.82162
1.82174
1.82188
1.82202
1.82218
1.82234
1.82251
1.82269
1.82287
1.82307
1.82326
1.82347
1.82368
1.82389
1.82411
1.82434
1.82456
1.82479
1.82502
1.82526
1.82549
1.82572
1.82596
1.82619
1.82642
1.82665
1.82688
1.8271
1.82732
1.82754
1.82775
1.82796
1.82816
1.82836
1.82854
1.82873
1.8289
1.82907
1.82923
1.82938
1.82952
1.82965
1.82977
1.82989
1.82999
1.83008
1.83016
1.83023
1.83029
1.83033
1.83037
1.83039
1.8304
1.83039
1.83038
1.83035
1.83031
1.83025
1.83018
1.8301
1.83001
1.8299
1.82977
1.82964
1.82949
1.82932
1.82915
1.82896
1.82875
1.82853
1.8283
1.82806
1.8278
1.82753
1.82724
1.82694
1.82663
1.82631
1.82597
1.82562
1.82526
1.82488
1.82449
1.8241
1.82368
1.82326
1.82283
1.82238
1.82193
1.82146
1.82099
1.8205
1.82
1.8195
1.81899
1.81846
1.81793
1.81739
1.81685
1.81629
1.81573
1.81517
1.81459
1.81402
1.81343
1.81285
1.81225
1.81166
1.81106
1.81046
1.80986
1.80925
1.80865
1.80804
1.80744
1.80683
1.80623
1.80563
1.80503
1.80444
1.80384
1.80326
1.80267
1.8021
1.80153
1.80096
1.8004
1.79985
1.79931
1.79878
1.79826
1.79774
1.79724
1.79675
1.79627
1.7958
1.79534
1.79489
1.79446
1.79404
1.79364
1.79325
1.79287
1.79251
1.79216
1.79183
1.79151
1.79121
1.79092
1.79065
1.79039
1.79015
1.78992
1.78971
1.78951
1.78933
1.78916
1.789
1.78886
1.78873
1.78862
1.78851
1.78842
1.78834
1.78827
1.78822
1.78817
1.78813
1.7881
1.78808
1.78807
1.78807
1.78807
1.78808
1.78809
1.78811
1.78814
1.78817
1.7882
1.78823
1.78827
1.78831
1.78835
1.78839
1.78843
1.78847
1.78851
1.78855
1.78858
1.78862
1.78865
1.78868
1.7887
1.78872
1.78874
1.78876
1.78876
1.78877
1.78877
1.78876
1.78875
1.78874
1.78872
1.78869
1.78866
1.78862
1.78857
1.78852
1.78847
1.78841
1.78834
1.78827
1.78819
1.78811
1.78802
1.78793
1.78783
1.78773
1.78762
1.78751
1.7874
1.78728
1.78716
1.78704
1.78691
1.78678
1.78665
1.78652
1.78638
1.78625
1.78611
1.78597
1.78584
1.7857
1.78556
1.78543
1.78529
1.78516
1.78503
1.7849
1.78478
1.78466
1.78454
1.78443
1.78432
1.78422
1.78412
1.78403
1.78394
1.78387
1.78379
1.78373
1.78367
1.78363
1.78359
1.78356
1.78353
1.78352
1.78352
1.78353
1.78355
1.78358
1.78363
1.78368
1.78375
1.78382
1.78391
1.78402
1.78413
1.78426
1.7844
1.78456
1.78473
1.78491
1.78511
1.78532
1.78554
1.78577
1.78602
1.78629
1.78656
1.78685
1.78715
1.78747
1.7878
1.78813
1.78849
1.78885
1.78922
1.78961
1.79
1.79041
1.79083
1.79125
1.79168
1.79213
1.79258
1.79303
1.7935
1.79397
1.79444
1.79493
1.79541
1.7959
1.79639
1.79689
1.79739
1.79789
1.79839
1.79889
1.79939
1.79989
1.80039
1.80089
1.80139
1.80188
1.80237
1.80285
1.80333
1.80381
1.80428
1.80475
1.80521
1.80566
1.8061
1.80654
1.80697
1.80739
1.80781
1.80821
1.80861
1.809
1.80937
1.80974
1.8101
1.81045
1.81078
1.81111
1.81143
1.81173
1.81203
1.81231
1.81259
1.81285
1.8131
1.81334
1.81357
1.81379
1.81399
1.81419
1.81437
1.81455
1.81471
1.81486
1.815
1.81513
1.81525
1.81536
1.81546
1.81555
1.81563
1.8157
1.81576
1.81581
1.81585
1.81588
1.81591
1.81592
1.81593
1.81592
1.81591
1.81589
1.81586
1.81582
1.81578
1.81573
1.81567
1.8156
1.81553
1.81545
1.81536
1.81527
1.81517
1.81507
1.81495
1.81484
1.81472
1.81459
1.81446
1.81432
1.81418
1.81403
1.81388
1.81372
1.81356
1.8134
1.81323
1.81306
1.81289
1.81271
1.81253
1.81235
1.81216
1.81197
1.81178
1.81159
1.81139
1.8112
1.811
1.8108
1.81059
1.81039
1.81018
1.80997
1.80977
1.80956
1.80935
1.80914
1.80892
1.80871
1.8085
1.80829
1.80807
1.80786
1.80765
1.80743
1.80722
1.80701
1.8068
1.80658
1.80637
1.80616
1.80595
1.80574
1.80553
1.80533
1.80512
1.80491
1.80471
1.80451
1.80431
1.80411
1.80391
1.80371
1.80352
1.80332
1.80313
1.80294
1.80275
1.80257
1.80238
1.8022
1.80202
1.80184
1.80167
1.80149
1.80132
1.80115
1.80098
1.80082
1.80066
1.8005
1.80034
1.80018
1.80003
1.79988
1.79973
1.79959
1.79945
1.79931
1.79917
1.79904
1.7989
1.79877
1.79865
1.79852
1.7984
1.79828
1.79817
1.79805
1.79794
1.79783
1.79773
1.79762
1.79752
1.79742
1.79733
1.79723
1.79714
1.79705
1.79696
1.79688
1.7968
1.79672
1.79664
1.79656
1.79649
1.79642
1.79635
1.79628
1.79621
1.79615
1.79609
1.79603
1.79597
1.79591
1.79585
1.7958
1.79575
1.7957
1.79565
1.7956
1.79555
1.7955
1.79546
1.79542
1.79537
1.79533
1.79529
1.79525
1.79521
1.79517
1.79513
1.79509
1.79506
1.79502
1.79498
1.79495
1.79491
1.79487
1.79484
1.7948
1.79477
1.79473
1.7947
1.79466
1.79463
1.79459
1.79455
1.79452
1.79448
1.79444
1.7944
1.79436
1.79433
1.79429
1.79425
1.7942
1.79416
1.79412
1.79408
1.79403
1.79399
1.79394
1.79389
1.79385
1.7938
1.79375
1.7937
1.79364
1.79359
1.79354
1.79348
1.79342
1.79336
1.79331
1.79324
1.79318
1.79312
1.79305
1.79299
1.79292
1.79285
1.79278
1.79271
1.79264
1.79256
1.79249
1.79241
1.79233
1.79225
1.79217
1.79208
1.792
1.79191
1.79183
1.79174
1.79165
1.79155
1.79146
1.79136
1.79127
1.79117
1.79107
1.79097
1.79086
1.79076
1.79065
1.79055
1.79044
1.79033
1.79022
1.7901
1.78999
1.78987
1.78975
1.78963
1.78951
1.78939
1.78927
1.78914
1.78902
1.78889
1.78876
1.78863
1.78849
1.78836
1.78823
1.78809
1.78795
1.78781
1.78767
1.78753
1.78739
1.78724
1.7871
1.78695
1.7868
1.78665
1.7865
1.78635
1.7862
1.78605
1.78589
1.78573
1.78558
1.78542
1.78526
1.7851
1.78494
1.78477
1.78461
1.78445
1.78428
1.78411
1.78395
1.78378
1.78361
1.78344
1.78327
1.7831
1.78292
1.78275
1.78258
1.7824
1.78223
1.78205
1.78187
1.7817
1.78152
1.78134
1.78116
1.78098
1.7808
1.78062
1.78044
1.78026
1.78008
1.7799
1.77971
1.77953
1.77935
1.77916
1.77898
1.7788
1.77861
1.77843
1.77824
1.77806
1.77787
1.77769
1.7775
1.77732
1.77713
1.77695
1.77676
1.77658
1.77639
1.7762
1.77602
1.77583
1.77564
1.77546
1.77527
1.77508
1.7749
1.77471
1.77452
1.77433
1.77415
1.77396
1.77377
1.77358
1.77339
1.7732
1.77301
1.77282
1.77263
1.77244
1.77225
1.77206
1.77186
1.77167
1.77147
1.77128
1.77108
1.77088
1.77068
1.77048
1.77028
1.77008
1.76987
1.76967
1.76946
1.76925
1.76904
1.76883
1.76861
1.7684
1.76818
1.76796
1.76773
1.76751
1.76728
1.76705
1.76681
1.76658
1.76634
1.7661
1.76585
1.7656
1.76535
1.76509
1.76483
1.76457
1.76431
1.76404
1.76376
1.76348
1.7632
1.76292
1.76263
1.76233
1.76203
1.76173
1.76142
1.76111
1.76079
1.76047
1.76015
1.75982
1.75948
1.75914
1.7588
1.75845
1.7581
1.75774
1.75738
1.75701
1.75664
1.75626
1.75588
1.7555
1.75511
1.75472
1.75432
1.75392
1.75351
1.75311
1.7527
1.75228
1.75187
1.75145
1.75102
1.7506
1.75017
1.74974
1.74931
1.74888
1.74845
1.74802
1.74758
1.74715
1.74672
1.74628
1.74585
1.74542
1.74499
1.74457
1.74414
1.74372
1.7433
1.74289
1.74248
1.74207
1.74167
1.74127
1.74089
1.7405
1.74013
1.73976
1.7394
1.73904
1.7387
1.73836
1.73804
1.73772
1.73741
1.73712
1.73683
1.73656
1.7363
1.73605
1.73582
1.7356
1.73539
1.73519
1.73501
1.73485
1.73469
1.73456
1.73444
1.73433
1.73424
1.73416
1.7341
1.73406
1.73404
1.73403
1.73403
1.73405
1.73409
1.73415
1.73422
1.73431
1.73442
1.73454
1.73467
1.73483
1.735
1.73518
1.73538
1.7356
1.73583
1.73607
1.73633
1.7366
1.73689
1.73719
1.73751
1.73783
1.73817
1.73852
1.73888
1.73926
1.73964
1.74003
1.74044
1.74085
1.74127
1.7417
1.74213
1.74258
1.74303
1.74348
1.74395
1.74441
1.74488
1.74536
1.74584
1.74632
1.7468
1.74729
1.74778
1.74827
1.74875
1.74924
1.74973
1.75021
1.7507
1.75118
1.75166
1.75213
1.75261
1.75307
1.75354
1.75399
1.75445
1.75489
1.75533
1.75576
1.75619
1.75661
1.75701
1.75742
1.75781
1.75819
1.75856
1.75892
1.75928
1.75962
1.75995
1.76027
1.76057
1.76087
1.76115
1.76142
1.76168
1.76192
1.76216
1.76237
1.76258
1.76277
1.76295
1.76311
1.76325
1.76339
1.76351
1.76361
1.7637
1.76377
1.76383
1.76387
1.7639
1.76391
1.76391
1.76389
1.76386
1.76381
1.76374
1.76366
1.76357
1.76346
1.76333
1.76319
1.76304
1.76287
1.76269
1.76249
1.76228
1.76205
1.76181
1.76156
1.76129
1.76102
1.76073
1.76042
1.76011
1.75979
1.75945
1.75911
1.75876
1.75839
1.75802
1.75764
1.75726
1.75686
1.75647
1.75606
1.75565
1.75524
1.75483
1.75441
1.75399
1.75357
1.75315
1.75273
1.75231
1.75189
1.75148
1.75107
1.75066
1.75026
1.74987
1.74948
1.7491
1.74873
1.74837
1.74802
1.74768
1.74735
1.74704
1.74673
1.74644
1.74616
1.7459
1.74565
1.74542
1.7452
1.745
1.74482
1.74465
1.7445
1.74437
1.74425
1.74415
1.74407
1.74401
1.74397
1.74394
1.74393
1.74393
1.74396
1.744
1.74406
1.74413
1.74422
1.74432
1.74444
1.74457
1.74472
1.74488
1.74506
1.74524
1.74544
1.74565
1.74587
1.74609
1.74633
1.74658
1.74683
1.74709
1.74736
1.74763
1.74791
1.74819
1.74847
1.74876
1.74905
1.74934
1.74964
1.74993
1.75022
1.75052
1.75081
1.7511
1.75138
1.75167
1.75195
1.75223
1.7525
1.75277
1.75303
1.75329
1.75354
1.75379
1.75403
1.75426
1.75449
1.7547
1.75492
1.75512
1.75532
1.75551
1.75569
1.75586
1.75602
1.75618
1.75633
1.75647
1.7566
1.75672
1.75684
1.75694
1.75704
1.75713
1.75721
1.75729
1.75735
1.75741
1.75746
1.7575
1.75754
1.75756
1.75759
1.7576
1.7576
1.7576
1.7576
1.75758
1.75757
1.75754
1.75751
1.75747
1.75743
1.75739
1.75734
1.75728
1.75722
1.75716
1.75709
1.75702
1.75695
1.75687
1.75679
1.75671
1.75663
1.75654
1.75646
1.75637
1.75628
1.75619
1.7561
1.75601
1.75592
1.75584
1.75575
1.75566
1.75557
1.75549
1.75541
1.75532
1.75525
1.75517
1.75509
1.75502
1.75496
1.75489
1.75483
1.75477
1.75472
1.75467
1.75462
1.75458
1.75454
1.75451
1.75448
1.75446
1.75444
1.75443
1.75442
1.75442
1.75442
1.75443
1.75445
1.75447
1.75449
1.75452
1.75456
1.75461
1.75466
1.75471
1.75477
1.75484
1.75491
1.75499
1.75508
1.75517
1.75526
1.75537
1.75547
1.75559
1.75571
1.75583
1.75596
1.7561
1.75624
1.75638
1.75654
1.75669
1.75685
1.75702
1.75719
1.75737
1.75755
1.75773
1.75792
1.75812
1.75832
1.75852
1.75872
1.75893
1.75915
1.75936
1.75958
1.75981
1.76003
1.76026
1.7605
1.76073
1.76097
1.76121
1.76145
1.7617
1.76194
1.76219
1.76245
1.7627
1.76295
1.76321
1.76347
1.76373
1.76399
1.76425
1.76451
1.76477
1.76503
1.7653
1.76556
1.76583
1.76609
1.76636
1.76662
1.76689
1.76715
1.76742
1.76768
1.76795
1.76821
1.76847
1.76873
1.76899
1.76925
1.76951
1.76977
1.77002
1.77028
1.77053
1.77078
1.77104
1.77128
1.77153
1.77178
1.77202
1.77226
1.7725
1.77274
1.77297
1.77321
1.77344
1.77367
1.77389
1.77412
1.77434
1.77456
1.77477
1.77499
1.7752
1.77541
1.77561
1.77582
1.77602
1.77622
1.77641
1.7766
1.77679
1.77698
1.77716
1.77734
1.77752
1.77769
1.77786
1.77803
1.7782
1.77836
1.77852
1.77867
1.77883
1.77898
1.77912
1.77927
1.77941
1.77954
1.77968
1.77981
1.77993
1.78006
1.78018
1.7803
1.78041
1.78052
1.78063
1.78074
1.78084
1.78094
1.78103
1.78113
1.78122
1.7813
1.78139
1.78147
1.78155
1.78162
1.78169
1.78176
1.78183
1.78189
1.78195
1.78201
1.78206
1.78211
1.78216
1.7822
1.78225
1.78229
1.78232
1.78236
1.78239
1.78242
1.78244
1.78246
1.78249
1.7825
1.78252
1.78253
1.78254
1.78255
1.78255
1.78256
1.78256
1.78255
1.78255
1.78254
1.78253
1.78252
1.7825
1.78249
1.78247
1.78245
1.78242
1.7824
1.78237
1.78234
1.78231
1.78227
1.78224
1.7822
1.78216
1.78211
1.78207
1.78202
1.78197
1.78192
1.78187
1.78182
1.78176
1.7817
1.78164
1.78158
1.78152
1.78146
1.78139
1.78132
1.78125
1.78118
1.78111
1.78103
1.78096
1.78088
1.7808
1.78072
1.78064
1.78056
1.78047
1.78039
1.7803
1.78021
1.78012
1.78003
1.77994
1.77985
1.77975
1.77966
1.77956
1.77946
1.77937
1.77927
1.77917
1.77907
1.77896
1.77886
1.77876
1.77865
1.77855
1.77844
1.77833
1.77823
1.77812
1.77801
1.7779
1.77779
1.77768
1.77757
1.77746
1.77735
1.77723
1.77712
1.77701
1.77689
1.77678
1.77667
1.77655
1.77644
1.77632
1.7762
1.77609
1.77597
1.77586
1.77574
1.77562
1.77551
1.77539
1.77527
1.77516
1.77504
1.77492
1.7748
1.77469
1.77457
1.77445
1.77433
1.77422
1.7741
1.77398
1.77386
1.77374
1.77363
1.77351
1.77339
1.77327
1.77315
1.77304
1.77292
1.7728
1.77268
1.77256
1.77244
1.77233
1.77221
1.77209
1.77197
1.77185
1.77173
1.77161
1.77149
1.77137
1.77125
1.77113
1.77101
1.77089
1.77077
1.77064
1.77052
1.7704
1.77028
1.77015
1.77003
1.7699
1.76978
1.76965
1.76953
1.7694
1.76927
1.76914
1.76901
1.76888
1.76875
1.76862
1.76849
1.76836
1.76822
1.76809
1.76795
1.76782
1.76768
1.76754
1.76741
1.76727
1.76713
1.76698
1.76684
1.7667
1.76655
1.76641
1.76626
1.76611
1.76597
1.76582
1.76567
1.76552
1.76536
1.76521
1.76506
1.7649
1.76475
1.76459
1.76443
1.76428
1.76412
1.76396
1.7638
1.76364
1.76348
1.76331
1.76315
1.76299
1.76283
1.76266
1.7625
1.76234
1.76217
1.76201
1.76184
1.76168
1.76152
1.76135
1.76119
1.76102
1.76086
1.7607
1.76054
1.76037
1.76021
1.76005
1.75989
1.75974
1.75958
1.75942
1.75927
1.75911
1.75896
1.75881
1.75866
1.75851
1.75837
1.75822
1.75808
1.75794
1.7578
1.75767
1.75754
1.7574
1.75728
1.75715
1.75702
1.7569
1.75679
1.75667
1.75656
1.75645
1.75634
1.75624
1.75614
1.75604
1.75594
1.75585
1.75577
1.75568
1.7556
1.75552
1.75545
1.75538
1.75531
1.75525
1.75519
1.75513
1.75508
1.75503
1.75499
1.75494
1.75491
1.75487
1.75484
1.75481
1.75479
1.75476
1.75475
1.75473
1.75472
1.75471
1.7547
1.7547
1.7547
1.7547
1.75471
1.75472
1.75473
1.75474
1.75476
1.75478
1.75479
1.75482
1.75484
1.75486
1.75489
1.75492
1.75495
1.75498
1.75501
1.75504
1.75507
1.7551
1.75513
1.75517
1.7552
1.75523
1.75526
1.75529
1.75532
1.75535
1.75537
1.7554
1.75542
1.75544
1.75546
1.75548
1.75549
1.7555
1.75551
1.75551
1.75551
1.75551
1.7555
1.75549
1.75547
1.75545
1.75542
1.75539
1.75535
1.75531
1.75526
1.7552
1.75514
1.75507
1.755
1.75492
1.75483
1.75473
1.75463
1.75452
1.7544
1.75427
1.75413
1.75399
1.75383
1.75367
1.7535
1.75332
1.75313
1.75293
1.75272
1.7525
1.75227
1.75203
1.75178
1.75152
1.75125
1.75097
1.75068
1.75038
1.75007
1.74975
1.74942
1.74908
1.74873
1.74836
1.74799
1.74761
1.74722
1.74682
1.74641
1.74599
1.74557
1.74513
1.74469
1.74423
1.74377
1.74331
1.74283
1.74235
1.74187
1.74137
1.74088
1.74037
1.73987
1.73936
1.73885
1.73833
1.73782
1.7373
1.73678
1.73627
1.73575
1.73524
1.73472
1.73422
1.73371
1.73321
1.73272
1.73223
1.73175
1.73128
1.73082
1.73037
1.72992
1.72949
1.72907
1.72867
1.72827
1.72789
1.72753
1.72718
1.72684
1.72653
1.72623
1.72594
1.72568
1.72543
1.72521
1.725
1.72481
1.72464
1.72449
1.72436
1.72425
1.72416
1.72409
1.72404
1.72401
1.724
1.72401
1.72403
1.72407
1.72414
1.72422
1.72431
1.72442
1.72455
1.72469
1.72485
1.72502
1.7252
1.72539
1.72559
1.72581
1.72603
1.72626
1.72649
1.72674
1.72698
1.72723
1.72748
1.72774
1.72799
1.72825
1.7285
1.72875
1.72899
1.72923
1.72947
1.72969
1.72991
1.73012
1.73032
1.7305
1.73068
1.73084
1.73098
1.73111
1.73123
1.73132
1.7314
1.73146
1.7315
1.73151
1.73151
1.73148
1.73143
1.73136
1.73126
1.73114
1.73099
1.73081
1.73061
1.73038
1.73013
1.72985
1.72954
1.7292
1.72884
1.72844
1.72803
1.72758
1.72711
1.72661
1.72608
1.72553
1.72496
1.72436
1.72374
1.7231
1.72244
1.72176
1.72106
1.72035
1.71962
1.71888
1.71813
1.71738
1.71661
1.71585
1.71508
1.71431
1.71355
1.71279
1.71205
1.71131
1.71059
1.70989
1.70921
1.70855
1.70792
1.70732
1.70675
1.70622
1.70573
1.70527
1.70486
1.7045
1.70418
1.70391
1.70369
1.70353
1.70342
1.70336
1.70337
1.70343
1.70354
1.70372
1.70395
1.70425
1.7046
1.705
1.70547
1.70599
1.70656
1.70718
1.70785
1.70857
1.70934
1.71015
1.711
1.71189
1.71281
1.71377
1.71476
1.71578
1.71682
1.71789
1.71897
1.72007
1.72118
1.72231
1.72344
1.72458
1.72573
1.72687
1.72801
1.72915
1.73029
1.73141
1.73253
1.73364
1.73473
1.73581
1.73687
1.73792
1.73895
1.73996
1.74095
1.74192
1.74286
1.74379
1.74469
1.74557
1.74642
1.74725
1.74806
1.74884
1.7496
1.75034
1.75105
1.75173
1.75239
1.75303
1.75365
1.75424
1.7548
1.75535
1.75587
1.75637
1.75685
1.75731
1.75774
1.75816
1.75856
1.75893
1.75929
1.75963
1.75995
1.76025
1.76054
1.76081
1.76106
1.7613
1.76152
1.76173
1.76192
1.7621
1.76226
1.76242
1.76255
1.76268
1.7628
1.7629
1.76299
1.76307
1.76314
1.7632
1.76325
1.76329
1.76333
1.76335
1.76336
1.76337
1.76337
1.76336
1.76334
1.76332
1.76329
1.76325
1.76321
1.76316
1.7631
1.76304
1.76298
1.7629
1.76283
1.76274
1.76266
1.76256
1.76247
1.76237
1.76226
1.76215
1.76204
1.76193
1.76181
1.76168
1.76155
1.76142
1.76129
1.76115
1.76102
1.76087
1.76073
1.76058
1.76043
1.76028
1.76012
1.75996
1.7598
1.75964
1.75948
1.75931
1.75914
1.75897
1.7588
1.75862
1.75845
1.75827
1.75809
1.75791
1.75772
1.75754
1.75735
1.75716
1.75697
1.75678
1.75659
1.75639
1.7562
1.756
1.7558
1.7556
1.7554
1.7552
1.75499
1.75479
1.75458
1.75437
1.75416
1.75395
1.75374
1.75353
1.75331
1.7531
1.75288
1.75266
1.75244
1.75222
1.752
1.75178
1.75155
1.75133
1.7511
1.75088
1.75065
1.75042
1.75019
1.74996
1.74972
1.74949
1.74926
1.74902
1.74878
1.74855
1.74831
1.74807
1.74783
1.74759
1.74734
1.7471
1.74686
1.74661
1.74637
1.74612
1.74587
1.74562
1.74537
1.74512
1.74487
1.74462
1.74437
1.74411
1.74386
1.74361
1.74335
1.74309
1.74284
1.74258
1.74232
1.74207
1.74181
1.74155
1.74129
1.74103
1.74077
1.74051
1.74025
1.73999
1.73973
1.73947
1.73921
1.73895
1.73869
1.73842
1.73816
1.7379
1.73764
1.73738
1.73712
1.73686
1.73661
1.73635
1.73609
1.73583
1.73558
1.73532
1.73507
1.73481
1.73456
1.73431
1.73406
1.73381
1.73356
1.73331
1.73307
1.73282
1.73258
1.73234
1.7321
1.73186
1.73162
1.73139
1.73116
1.73093
1.7307
1.73047
1.73025
1.73003
1.72981
1.72959
1.72938
1.72917
1.72896
1.72876
1.72855
1.72836
1.72816
1.72797
1.72778
1.72759
1.72741
1.72723
1.72705
1.72688
1.72671
1.72654
1.72638
1.72622
1.72607
1.72592
1.72577
1.72563
1.72549
1.72535
1.72522
1.7251
1.72497
1.72485
1.72474
1.72463
1.72453
1.72442
1.72433
1.72423
1.72415
1.72406
1.72398
1.72391
1.72384
1.72377
1.72371
1.72365
1.72359
1.72354
1.7235
1.72346
1.72342
1.72339
1.72336
1.72333
1.72331
1.72329
1.72327
1.72326
1.72326
1.72325
1.72325
1.72325
1.72326
1.72327
1.72328
1.7233
1.72331
1.72333
1.72336
1.72338
1.72341
1.72344
1.72347
1.7235
1.72354
1.72358
1.72361
1.72365
1.72369
1.72374
1.72378
1.72382
1.72387
1.72391
1.72395
1.724
1.72404
1.72409
1.72413
1.72417
1.72422
1.72426
1.7243
1.72434
1.72437
1.72441
1.72444
1.72447
1.7245
1.72453
1.72455
1.72457
1.72459
1.72461
1.72462
1.72463
1.72463
1.72463
1.72463
1.72463
1.72461
1.7246
1.72458
1.72455
1.72453
1.72449
1.72445
1.72441
1.72436
1.7243
1.72424
1.72418
1.72411
1.72403
1.72394
1.72386
1.72376
1.72366
1.72355
1.72344
1.72332
1.72319
1.72306
1.72292
1.72278
1.72263
1.72248
1.72231
1.72215
1.72197
1.72179
1.72161
1.72142
1.72122
1.72102
1.72082
1.72061
1.72039
1.72017
1.71995
1.71972
1.71949
1.71925
1.71902
1.71878
1.71853
1.71829
1.71804
1.71779
1.71754
1.7173
1.71705
1.7168
1.71655
1.7163
1.71605
1.71581
1.71557
1.71533
1.7151
1.71487
1.71464
1.71442
1.71421
1.714
1.7138
1.7136
1.71341
1.71323
1.71306
1.7129
1.71275
1.71261
1.71248
1.71236
1.71225
1.71216
1.71207
1.712
1.71195
1.7119
1.71187
1.71185
1.71185
1.71186
1.71189
1.71193
1.71199
1.71206
1.71215
1.71225
1.71237
1.7125
1.71264
1.71281
1.71298
1.71318
1.71338
1.7136
1.71384
1.71409
1.71435
1.71462
1.71491
1.71521
1.71552
1.71584
1.71618
1.71652
1.71688
1.71724
1.71761
1.71799
1.71838
1.71878
1.71918
1.71959
1.72
1.72042
1.72085
1.72127
1.7217
1.72213
1.72256
1.723
1.72343
1.72386
1.7243
1.72473
1.72515
1.72558
1.726
1.72642
1.72683
1.72723
1.72763
1.72803
1.72841
1.72879
1.72916
1.72952
1.72987
1.73021
1.73054
1.73085
1.73116
1.73145
1.73173
1.732
1.73225
1.73248
1.73271
1.73291
1.7331
1.73327
1.73343
1.73356
1.73368
1.73378
1.73386
1.73392
1.73396
1.73398
1.73397
1.73395
1.7339
1.73383
1.73373
1.73362
1.73347
1.73331
1.73312
1.7329
1.73266
1.73239
1.73209
1.73177
1.73142
1.73104
1.73064
1.73021
1.72975
1.72926
1.72875
1.72821
1.72764
1.72705
1.72642
1.72577
1.7251
1.7244
1.72367
1.72292
1.72215
1.72135
1.72053
1.71969
1.71884
1.71796
1.71707
1.71616
1.71524
1.71431
1.71336
1.71242
1.71146
1.7105
1.70955
1.70859
1.70764
1.7067
1.70576
1.70484
1.70394
1.70305
1.70219
1.70135
1.70054
1.69976
1.69901
1.6983
1.69763
1.697
1.69642
1.69589
1.6954
1.69497
1.69459
1.69427
1.694
1.6938
1.69365
1.69357
1.69354
1.69358
1.69369
1.69385
1.69408
1.69437
1.69473
1.69514
1.69561
1.69613
1.69672
1.69736
1.69804
1.69878
1.69957
1.7004
1.70127
1.70218
1.70312
1.7041
1.70511
1.70615
1.70722
1.7083
1.7094
1.71052
1.71166
1.7128
1.71395
1.71511
1.71627
1.71743
1.71859
1.71974
1.72089
1.72204
1.72317
1.72429
1.7254
1.72649
1.72757
1.72864
1.72968
1.73071
1.73172
1.7327
1.73367
1.73462
1.73554
1.73644
1.73732
1.73818
1.73901
1.73982
1.74061
1.74138
1.74212
1.74284
1.74354
1.74421
1.74487
1.7455
1.74611
1.7467
1.74727
1.74782
1.74834
1.74885
1.74934
1.74981
1.75027
1.7507
1.75112
1.75152
1.7519
1.75227
1.75262
1.75296
1.75328
1.75359
1.75388
1.75416
1.75443
1.75468
1.75492
1.75515
1.75537
1.75557
1.75577
1.75595
1.75612
1.75629
1.75644
1.75659
1.75672
1.75685
1.75696
1.75707
1.75717
1.75727
1.75735
1.75743
1.7575
1.75756
1.75762
1.75767
1.75771
1.75775
1.75778
1.7578
1.75782
1.75783
1.75784
1.75784
1.75784
1.75783
1.75782
1.7578
1.75777
1.75774
1.75771
1.75767
1.75763
1.75758
1.75753
1.75747
1.75741
1.75735
1.75728
1.7572
1.75712
1.75704
1.75696
1.75687
1.75677
1.75667
1.75657
1.75647
1.75636
1.75624
1.75612
1.756
1.75588
1.75575
1.75562
1.75548
1.75534
1.75519
1.75505
1.75489
1.75474
1.75458
1.75441
1.75425
1.75408
1.7539
1.75372
1.75354
1.75335
1.75316
1.75297
1.75277
1.75257
1.75237
1.75216
1.75194
1.75173
1.75151
1.75128
1.75105
1.75082
1.75059
1.75035
1.7501
1.74985
1.7496
1.74935
1.74909
1.74882
1.74856
1.74828
1.74801
1.74773
1.74745
1.74716
1.74687
1.74658
1.74628
1.74598
1.74567
1.74536
1.74505
1.74473
1.74441
1.74409
1.74376
1.74344
1.7431
1.74277
1.74243
1.74209
1.74174
1.74139
1.74104
1.74069
1.74034
1.73998
1.73962
1.73926
1.7389
1.73853
1.73817
1.7378
1.73743
1.73706
1.73669
1.73632
