-0.418164
-0.418442
-0.418717
-0.418988
-0.419255
-0.419521
-0.419778
-0.420031
-0.420278
-0.420521
-0.420759
-0.420992
-0.421221
-0.421447
-0.421666
-0.421881
-0.422091
-0.422298
-0.422505
-0.422701
-0.422895
-0.423089
-0.423276
-0.423461
-0.423643
-0.423822
-0.423999
-0.424172
-0.424345
-0.424517
-0.424689
-0.424859
-0.425028
-0.425196
-0.425365
-0.425533
-0.425703
-0.42587
-0.426039
-0.426215
-0.426389
-0.426566
-0.426748
-0.426932
-0.427119
-0.427307
-0.427499
-0.427694
-0.427893
-0.428095
-0.428305
-0.42852
-0.42874
-0.428963
-0.429191
-0.429427
-0.429666
-0.429911
-0.430162
-0.430421
-0.430684
-0.430955
-0.43123
-0.431511
-0.431799
-0.432095
-0.432393
-0.432699
-0.433012
-0.433331
-0.433655
-0.433989
-0.43433
-0.43467
-0.435018
-0.435372
-0.435729
-0.436093
-0.436463
-0.436835
-0.437209
-0.437593
-0.437981
-0.438373
-0.438766
-0.439165
-0.439568
-0.439974
-0.440381
-0.440792
-0.441211
-0.441625
-0.442043
-0.442462
-0.442881
-0.443305
-0.443731
-0.444152
-0.444574
-0.445
-0.445427
-0.445853
-0.446276
-0.446698
-0.447124
-0.447544
-0.44796
-0.448376
-0.448789
-0.449201
-0.449611
-0.450019
-0.450427
-0.450829
-0.45123
-0.451626
-0.452021
-0.452417
-0.452803
-0.453189
-0.453567
-0.453941
-0.45431
-0.454673
-0.455034
-0.455393
-0.455748
-0.456098
-0.45644
-0.456778
-0.457109
-0.457437
-0.457758
-0.458076
-0.458387
-0.458693
-0.458993
-0.459291
-0.459579
-0.459867
-0.460151
-0.460428
-0.460702
-0.460971
-0.461232
-0.46149
-0.46174
-0.461987
-0.462227
-0.462462
-0.462688
-0.46291
-0.463128
-0.463343
-0.463551
-0.463751
-0.463946
-0.464137
-0.464324
-0.464505
-0.46468
-0.464851
-0.465018
-0.465178
-0.465332
-0.465481
-0.465625
-0.465763
-0.465896
-0.466024
-0.466146
-0.466263
-0.466374
-0.46648
-0.466585
-0.466678
-0.466767
-0.466851
-0.466927
-0.467002
-0.467071
-0.467132
-0.467188
-0.467237
-0.467281
-0.467317
-0.467348
-0.467374
-0.467393
-0.467407
-0.467414
-0.467414
-0.467408
-0.467393
-0.467374
-0.467351
-0.467318
-0.467278
-0.467228
-0.467174
-0.467115
-0.467046
-0.466972
-0.466885
-0.466792
-0.46669
-0.466579
-0.466459
-0.466334
-0.466199
-0.466054
-0.465901
-0.46574
-0.465569
-0.465389
-0.465198
-0.464998
-0.464792
-0.464571
-0.464342
-0.4641
-0.463844
-0.463577
-0.463301
-0.463015
-0.462716
-0.462402
-0.462073
-0.461738
-0.461391
-0.461029
-0.460653
-0.460267
-0.459864
-0.459448
-0.459017
-0.458572
-0.458109
-0.457635
-0.457149
-0.456645
-0.456129
-0.455596
-0.455047
-0.454482
-0.453902
-0.453304
-0.452691
-0.452064
-0.451423
-0.450767
-0.450093
-0.449403
-0.448699
-0.447978
-0.447241
-0.446489
-0.445722
-0.44494
-0.444146
-0.443335
-0.442511
-0.441672
-0.440818
-0.439954
-0.439078
-0.43819
-0.437291
-0.436379
-0.435459
-0.434531
-0.433592
-0.432648
-0.431698
-0.430739
-0.429779
-0.428817
-0.42785
-0.426883
-0.425912
-0.424945
-0.42398
-0.423017
-0.422061
-0.421106
-0.420162
-0.419229
-0.418307
-0.417397
-0.416496
-0.415616
-0.414751
-0.413906
-0.41308
-0.412273
-0.411491
-0.410734
-0.410003
-0.4093
-0.408625
-0.407981
-0.407371
-0.406792
-0.406247
-0.405738
-0.405268
-0.404833
-0.40444
-0.404084
-0.403769
-0.403493
-0.403264
-0.403075
-0.402932
-0.402828
-0.40277
-0.402757
-0.402789
-0.402864
-0.402982
-0.403149
-0.403357
-0.403609
-0.403904
-0.404242
-0.40462
-0.405039
-0.405503
-0.406004
-0.406542
-0.407119
-0.407733
-0.40838
-0.409064
-0.409781
-0.410529
-0.411307
-0.412115
-0.412952
-0.413817
-0.414707
-0.415616
-0.416546
-0.417496
-0.418464
-0.419447
-0.420449
-0.421464
-0.422492
-0.42353
-0.424577
-0.425634
-0.4267
-0.427772
-0.428846
-0.429923
-0.431004
-0.432083
-0.433162
-0.434239
-0.435315
-0.436386
-0.437452
-0.438512
-0.439565
-0.440611
-0.441647
-0.442675
-0.443695
-0.444701
-0.445701
-0.446688
-0.44766
-0.448624
-0.449575
-0.45051
-0.451432
-0.452339
-0.45323
-0.454108
-0.454974
-0.455825
-0.456658
-0.457478
-0.45828
-0.459064
-0.459833
-0.46059
-0.46133
-0.462054
-0.462762
-0.463454
-0.464131
-0.464793
-0.465439
-0.466065
-0.466678
-0.467279
-0.467865
-0.468436
-0.468993
-0.469535
-0.470061
-0.470576
-0.471074
-0.471561
-0.472034
-0.472495
-0.472943
-0.473377
-0.4738
-0.47421
-0.474608
-0.474995
-0.475369
-0.475735
-0.47609
-0.476434
-0.476764
-0.477085
-0.477397
-0.477695
-0.477985
-0.478266
-0.478537
-0.478799
-0.479045
-0.47929
-0.479525
-0.479753
-0.479972
-0.480184
-0.480388
-0.480581
-0.480768
-0.480947
-0.481124
-0.481291
-0.481455
-0.481604
-0.481752
-0.481892
-0.48203
-0.48216
-0.482284
-0.482402
-0.482515
-0.482621
-0.482723
-0.482821
-0.482913
-0.483001
-0.483084
-0.483162
-0.483236
-0.483304
-0.483371
-0.483433
-0.48349
-0.483543
-0.483595
-0.483641
-0.483681
-0.483722
-0.483757
-0.483787
-0.483815
-0.483838
-0.48386
-0.483882
-0.483893
-0.483907
-0.483917
-0.483925
-0.48393
-0.483935
-0.483932
-0.483927
-0.483922
-0.483915
-0.483905
-0.483893
-0.483879
-0.483865
-0.483846
-0.483825
-0.483803
-0.483778
-0.483751
-0.483723
-0.483692
-0.48366
-0.483626
-0.483593
-0.483555
-0.483512
-0.483473
-0.483431
-0.483387
-0.483342
-0.483292
-0.483244
-0.483194
-0.483143
-0.48309
-0.483036
-0.482981
-0.482926
-0.482869
-0.482809
-0.482749
-0.48269
-0.482627
-0.482563
-0.482493
-0.482427
-0.48236
-0.482292
-0.482222
-0.482152
-0.482078
-0.482006
-0.48193
-0.481849
-0.481776
-0.481702
-0.481621
-0.481543
-0.481464
-0.481382
-0.481302
-0.481221
-0.481139
-0.481056
-0.48097
-0.480886
-0.480799
-0.480713
-0.480627
-0.48054
-0.480457
-0.480369
-0.48028
-0.48019
-0.4801
-0.480012
-0.47992
-0.479831
-0.479741
-0.479646
-0.479552
-0.479456
-0.47936
-0.479265
-0.479167
-0.479071
-0.478975
-0.478879
-0.478782
-0.478685
-0.478587
-0.478486
-0.478388
-0.478287
-0.478188
-0.478091
-0.477989
-0.477887
-0.477787
-0.477686
-0.477586
-0.477485
-0.477381
-0.477282
-0.477181
-0.477082
-0.47698
-0.476878
-0.476773
-0.476671
-0.476569
-0.476467
-0.476362
-0.476259
-0.476157
-0.476054
-0.475952
-0.475849
-0.475747
-0.475644
-0.475542
-0.475437
-0.475335
-0.475233
-0.475133
-0.475032
-0.47493
-0.474829
-0.474727
-0.474624
-0.474523
-0.474423
-0.474323
-0.474226
-0.474126
-0.474027
-0.473929
-0.47383
-0.47373
-0.473633
-0.473539
-0.473445
-0.473349
-0.473254
-0.473157
-0.473061
-0.472965
-0.472873
-0.472781
-0.472694
-0.472604
-0.472514
-0.472423
-0.472333
-0.472246
-0.472164
-0.472081
-0.471996
-0.471913
-0.47183
-0.471748
-0.471667
-0.471585
-0.471506
-0.471423
-0.471346
-0.47127
-0.471195
-0.471123
-0.47105
-0.470978
-0.470907
-0.470838
-0.470771
-0.470703
-0.470635
-0.470568
-0.470501
-0.470433
-0.470366
-0.470302
-0.470238
-0.470177
-0.470115
-0.47005
-0.469988
-0.469926
-0.469869
-0.469808
-0.469746
-0.469685
-0.469623
-0.469561
-0.469499
-0.469436
-0.469373
-0.469309
-0.469245
-0.469179
-0.469113
-0.469045
-0.468976
-0.468906
-0.468835
-0.468761
-0.468687
-0.46861
-0.468532
-0.468452
-0.468369
-0.468285
-0.468196
-0.468107
-0.468015
-0.467921
-0.467825
-0.467726
-0.467624
-0.467522
-0.467414
-0.467304
-0.467191
-0.467076
-0.466957
-0.466836
-0.466712
-0.466583
-0.466456
-0.46632
-0.466185
-0.466051
-0.465912
-0.465771
-0.465628
-0.465483
-0.465332
-0.465184
-0.465035
-0.464884
-0.464733
-0.464579
-0.464427
-0.464275
-0.464123
-0.463972
-0.46382
-0.463666
-0.463516
-0.463372
-0.463229
-0.463088
-0.462957
-0.46282
-0.46269
-0.462563
-0.46244
-0.462321
-0.462211
-0.462102
-0.461999
-0.461904
-0.461817
-0.461736
-0.461663
-0.461596
-0.461536
-0.46149
-0.461452
-0.461421
-0.4614
-0.461388
-0.461386
-0.461391
-0.461409
-0.461436
-0.461473
-0.461525
-0.461586
-0.46166
-0.461743
-0.461837
-0.461943
-0.462059
-0.462187
-0.462326
-0.462476
-0.462637
-0.46281
-0.462993
-0.463184
-0.463389
-0.463604
-0.463829
-0.464067
-0.464307
-0.464565
-0.464829
-0.465103
-0.465385
-0.465677
-0.465976
-0.466287
-0.4666
-0.466923
-0.467253
-0.467589
-0.467928
-0.468278
-0.468635
-0.468999
-0.469366
-0.469739
-0.470114
-0.470496
-0.470881
-0.471271
-0.471664
-0.47206
-0.472457
-0.472862
-0.473266
-0.473674
-0.474082
-0.474494
-0.474904
-0.47532
-0.475732
-0.476144
-0.476554
-0.476966
-0.477378
-0.477789
-0.478196
-0.478604
-0.479011
-0.479419
-0.479819
-0.48022
-0.480618
-0.481013
-0.481401
-0.481789
-0.482174
-0.482553
-0.48293
-0.483302
-0.48367
-0.48403
-0.48439
-0.484742
-0.48509
-0.48543
-0.485763
-0.48609
-0.486409
-0.486722
-0.487029
-0.487323
-0.487612
-0.487892
-0.488161
-0.488419
-0.488671
-0.488912
-0.489145
-0.489368
-0.489578
-0.489778
-0.489968
-0.490147
-0.490315
-0.490475
-0.490618
-0.490746
-0.490862
-0.490967
-0.491059
-0.491134
-0.491196
-0.491248
-0.491286
-0.49131
-0.491322
-0.49132
-0.491302
-0.491269
-0.491225
-0.491164
-0.491091
-0.491004
-0.490901
-0.490781
-0.490645
-0.490501
-0.490343
-0.490175
-0.48999
-0.489794
-0.489587
-0.489371
-0.489141
-0.488902
-0.488652
-0.488396
-0.488128
-0.487853
-0.487571
-0.487281
-0.486987
-0.486686
-0.486384
-0.48608
-0.485778
-0.485472
-0.485165
-0.48486
-0.484557
-0.484258
-0.483964
-0.483673
-0.483392
-0.483119
-0.482855
-0.482602
-0.482363
-0.482134
-0.481919
-0.481714
-0.481529
-0.481362
-0.481212
-0.481081
-0.48097
-0.480881
-0.480811
-0.480763
-0.48074
-0.480738
-0.480758
-0.480805
-0.480872
-0.480967
-0.481085
-0.481227
-0.481393
-0.481584
-0.481799
-0.482036
-0.482298
-0.482581
-0.48289
-0.48322
-0.483571
-0.483944
-0.484333
-0.484744
-0.485173
-0.485617
-0.48608
-0.486558
-0.487049
-0.487554
-0.488071
-0.488599
-0.489136
-0.489679
-0.490232
-0.490791
-0.491353
-0.49192
-0.492491
-0.493063
-0.493634
-0.494208
-0.494777
-0.495345
-0.495911
-0.496469
-0.497025
-0.497573
-0.498114
-0.498649
-0.499171
-0.499685
-0.500189
-0.500683
-0.501164
-0.501632
-0.502089
-0.502534
-0.502964
-0.503381
-0.503784
-0.504172
-0.504543
-0.504903
-0.505246
-0.505573
-0.505887
-0.506185
-0.506464
-0.506725
-0.506973
-0.507206
-0.507418
-0.507617
-0.507804
-0.507971
-0.508121
-0.508258
-0.508376
-0.508479
-0.508564
-0.508636
-0.508692
-0.50873
-0.508756
-0.508765
-0.508761
-0.508743
-0.508708
-0.508662
-0.508599
-0.508525
-0.508437
-0.508336
-0.508222
-0.508097
-0.507959
-0.507807
-0.507643
-0.507464
-0.50728
-0.507083
-0.506871
-0.506648
-0.506417
-0.50617
-0.505913
-0.505645
-0.50537
-0.505084
-0.504789
-0.504484
-0.504169
-0.503845
-0.50351
-0.503169
-0.502818
-0.502459
-0.502094
-0.501713
-0.501325
-0.500933
-0.500533
-0.500129
-0.499714
-0.499292
-0.49886
-0.498419
-0.497974
-0.497524
-0.497067
-0.496603
-0.496134
-0.49566
-0.495175
-0.494687
-0.494195
-0.493695
-0.493187
-0.492675
-0.492158
-0.491636
-0.491108
-0.490573
-0.490036
-0.489495
-0.488948
-0.488396
-0.487839
-0.487276
-0.486708
-0.486139
-0.485566
-0.484988
-0.484405
-0.483818
-0.483223
-0.482631
-0.482037
-0.481437
-0.480834
-0.480234
-0.479626
-0.479019
-0.478409
-0.477795
-0.477182
-0.476568
-0.475952
-0.475337
-0.47472
-0.474104
-0.473486
-0.47287
-0.472252
-0.471637
-0.471023
-0.470405
-0.469791
-0.469177
-0.468564
-0.467956
-0.467351
-0.466751
-0.466153
-0.465558
-0.464967
-0.46438
-0.463801
-0.463224
-0.462651
-0.462086
-0.461532
-0.460977
-0.46043
-0.459892
-0.459365
-0.458844
-0.458331
-0.457827
-0.457333
-0.456849
-0.456372
-0.455906
-0.455456
-0.455015
-0.454588
-0.454172
-0.453767
-0.453373
-0.452993
-0.452627
-0.452275
-0.451937
-0.451612
-0.451303
-0.451008
-0.45073
-0.450466
-0.450219
-0.449985
-0.449767
-0.449564
-0.449378
-0.449205
-0.449053
-0.448918
-0.448796
-0.448692
-0.448603
-0.448529
-0.448472
-0.448431
-0.448405
-0.448396
-0.448399
-0.448423
-0.44846
-0.448512
-0.448579
-0.44866
-0.448758
-0.448866
-0.448992
-0.449131
-0.449282
-0.449445
-0.449621
-0.449806
-0.450009
-0.450222
-0.450444
-0.45068
-0.45092
-0.451173
-0.451436
-0.451707
-0.45199
-0.452278
-0.452574
-0.452875
-0.453188
-0.453507
-0.453828
-0.454157
-0.454491
-0.454831
-0.455175
-0.455523
-0.455872
-0.45623
-0.456588
-0.456947
-0.45731
-0.457676
-0.458043
-0.458411
-0.458781
-0.459151
-0.45952
-0.459891
-0.46026
-0.46063
-0.461
-0.461367
-0.461737
-0.462109
-0.462471
-0.462835
-0.463193
-0.463552
-0.463907
-0.464258
-0.464612
-0.46496
-0.465306
-0.465648
-0.465986
-0.466319
-0.46665
-0.466978
-0.467301
-0.467621
-0.467934
-0.468245
-0.468551
-0.468851
-0.469147
-0.469444
-0.46973
-0.470014
-0.470293
-0.470564
-0.470829
-0.471093
-0.471352
-0.471606
-0.471855
-0.472099
-0.472337
-0.472571
-0.472799
-0.473025
-0.473243
-0.473457
-0.473662
-0.473865
-0.474063
-0.474259
-0.474447
-0.474635
-0.474816
-0.474987
-0.475158
-0.475324
-0.475484
-0.475641
-0.475792
-0.475938
-0.476079
-0.476217
-0.47635
-0.476479
-0.476605
-0.476724
-0.476841
-0.476953
-0.477063
-0.477169
-0.477272
-0.477375
-0.477471
-0.47756
-0.47765
-0.477737
-0.477821
-0.477902
-0.477983
-0.478059
-0.478129
-0.4782
-0.478267
-0.478333
-0.478393
-0.478454
-0.478507
-0.478563
-0.478616
-0.478667
-0.478713
-0.47876
-0.478804
-0.478848
-0.47889
-0.478927
-0.478959
-0.478992
-0.479017
-0.479042
-0.479067
-0.479087
-0.479109
-0.479128
-0.479145
-0.479156
-0.479164
-0.479169
-0.479171
-0.479172
-0.479169
-0.479158
-0.479146
-0.479132
-0.479112
-0.479085
-0.479052
-0.479021
-0.478983
-0.478941
-0.478896
-0.478841
-0.478785
-0.478722
-0.478653
-0.47858
-0.478499
-0.478411
-0.478315
-0.478217
-0.478109
-0.477994
-0.477872
-0.477742
-0.477604
-0.477459
-0.477302
-0.47714
-0.476966
-0.476785
-0.476596
-0.476396
-0.47619
-0.475971
-0.475741
-0.475502
-0.475253
-0.474992
-0.474721
-0.474437
-0.47414
-0.473832
-0.473513
-0.47318
-0.472834
-0.472474
-0.472102
-0.471715
-0.471313
-0.470901
-0.470475
-0.470032
-0.469574
-0.469101
-0.468613
-0.468112
-0.467596
-0.467064
-0.466513
-0.465947
-0.465365
-0.464773
-0.464159
-0.463528
-0.462881
-0.462217
-0.461538
-0.460842
-0.46013
-0.459403
-0.458657
-0.457898
-0.457127
-0.456338
-0.455535
-0.454718
-0.453888
-0.453044
-0.452191
-0.451321
-0.45044
-0.449552
-0.448654
-0.447747
-0.446836
-0.445916
-0.444995
-0.444066
-0.443136
-0.4422
-0.441267
-0.440332
-0.439403
-0.438481
-0.437563
-0.436653
-0.435752
-0.434858
-0.433982
-0.43312
-0.432276
-0.431453
-0.43065
-0.42987
-0.429112
-0.428382
-0.427678
-0.427003
-0.426362
-0.425752
-0.425179
-0.424639
-0.42414
-0.423677
-0.423253
-0.422864
-0.422521
-0.422224
-0.42197
-0.421758
-0.421592
-0.421472
-0.421391
-0.421358
-0.421372
-0.42143
-0.421534
-0.421681
-0.421869
-0.422096
-0.422368
-0.422677
-0.423022
-0.423406
-0.423825
-0.424283
-0.424771
-0.425284
-0.425828
-0.426397
-0.426994
-0.427613
-0.428254
-0.428914
-0.429591
-0.430284
-0.43099
-0.431709
-0.432439
-0.433178
-0.433923
-0.43467
-0.43542
-0.436172
-0.436923
-0.437676
-0.438423
-0.439165
-0.439902
-0.440632
-0.441354
-0.442068
-0.442771
-0.443464
-0.444145
-0.444812
-0.445463
-0.446107
-0.446738
-0.447351
-0.44795
-0.448536
-0.449103
-0.449655
-0.450191
-0.450708
-0.451211
-0.451698
-0.452171
-0.452628
-0.453069
-0.453491
-0.453895
-0.454286
-0.454658
-0.455018
-0.455363
-0.455691
-0.456006
-0.456305
-0.456591
-0.456867
-0.457123
-0.457371
-0.45761
-0.457833
-0.458045
-0.458246
-0.458436
-0.458618
-0.458788
-0.458945
-0.459095
-0.459234
-0.45937
-0.45949
-0.459607
-0.459717
-0.45982
-0.459916
-0.460009
-0.460093
-0.460171
-0.460242
-0.460311
-0.460375
-0.460435
-0.460491
-0.460545
-0.460595
-0.460641
-0.460686
-0.460727
-0.460766
-0.460802
-0.460837
-0.460871
-0.460903
-0.460934
-0.460961
-0.460988
-0.461017
-0.461046
-0.461077
-0.461107
-0.461133
-0.46116
-0.461191
-0.46122
-0.46125
-0.461285
-0.461317
-0.461349
-0.461384
-0.461418
-0.46145
-0.461484
-0.461521
-0.461559
-0.461596
-0.461636
-0.461677
-0.461722
-0.461766
-0.461813
-0.461858
-0.461905
-0.461953
-0.462002
-0.46205
-0.462096
-0.462148
-0.462203
-0.462256
-0.46231
-0.462365
-0.462428
-0.462481
-0.462533
-0.46259
-0.462647
-0.462705
-0.462765
-0.462821
-0.462879
-0.462937
-0.462995
-0.463058
-0.463113
-0.46317
-0.46323
-0.463286
-0.463342
-0.4634
-0.463454
-0.463508
-0.463561
-0.463613
-0.463664
-0.463714
-0.463763
-0.463813
-0.46386
-0.463905
-0.463948
-0.464
-0.464038
-0.464077
-0.464117
-0.464153
-0.464187
-0.464219
-0.464249
-0.464277
-0.464301
-0.464327
-0.464349
-0.464366
-0.464382
-0.464397
-0.464412
-0.46442
-0.464436
-0.464444
-0.464447
-0.464446
-0.464442
-0.464438
-0.464431
-0.464421
-0.464406
-0.464389
-0.464371
-0.464351
-0.464325
-0.464299
-0.464272
-0.46424
-0.464205
-0.464168
-0.464127
-0.464083
-0.464034
-0.463984
-0.463933
-0.46388
-0.463821
-0.463759
-0.463696
-0.463627
-0.463556
-0.463483
-0.463405
-0.463322
-0.463238
-0.463148
-0.463057
-0.462965
-0.462868
-0.462767
-0.462664
-0.462557
-0.462446
-0.46233
-0.462214
-0.462094
-0.46197
-0.461841
-0.461707
-0.461574
-0.461445
-0.461305
-0.461162
-0.461016
-0.460869
-0.460717
-0.460562
-0.460405
-0.460243
-0.460079
-0.459913
-0.459744
-0.459568
-0.459391
-0.459211
-0.459028
-0.458839
-0.458651
-0.458459
-0.458265
-0.458068
-0.457868
-0.457665
-0.45746
-0.457253
-0.457043
-0.456831
-0.456616
-0.456399
-0.45618
-0.455961
-0.455737
-0.455509
-0.45528
-0.45505
-0.45482
-0.454585
-0.454351
-0.454115
-0.453878
-0.45364
-0.4534
-0.453162
-0.452918
-0.452676
-0.452433
-0.452189
-0.451943
-0.451701
-0.451456
-0.451211
-0.450966
-0.450721
-0.450476
-0.450231
-0.449985
-0.449742
-0.449502
-0.44926
-0.449019
-0.44878
-0.448544
-0.448307
-0.448072
-0.447836
-0.447604
-0.447374
-0.447147
-0.446916
-0.446696
-0.446475
-0.446262
-0.446047
-0.445835
-0.445628
-0.445422
-0.445219
-0.445024
-0.444828
-0.444636
-0.444447
-0.444263
-0.444082
-0.443903
-0.44373
-0.443562
-0.443397
-0.443238
-0.443083
-0.442932
-0.442786
-0.442645
-0.44251
-0.442379
-0.442252
-0.44213
-0.442013
-0.441901
-0.441796
-0.441694
-0.441597
-0.441505
-0.441418
-0.441336
-0.44126
-0.441188
-0.441126
-0.441064
-0.441007
-0.440956
-0.440911
-0.440869
-0.440834
-0.440802
-0.440774
-0.440755
-0.440737
-0.440722
-0.440713
-0.440707
-0.440706
-0.440709
-0.440716
-0.440725
-0.440737
-0.440756
-0.440778
-0.440801
-0.44083
-0.440863
-0.440899
-0.440942
-0.440982
-0.441027
-0.441076
-0.441122
-0.441175
-0.441232
-0.441289
-0.441349
-0.441411
-0.441477
-0.441542
-0.441609
-0.441678
-0.441753
-0.441825
-0.441895
-0.441972
-0.442047
-0.442124
-0.442201
-0.442279
-0.442358
-0.442438
-0.442518
-0.442601
-0.442682
-0.442763
-0.442845
-0.442927
-0.443007
-0.443087
-0.443167
-0.443247
-0.44333
-0.443415
-0.443497
-0.44358
-0.443662
-0.443744
-0.443829
-0.443911
-0.443995
-0.444077
-0.444158
-0.44424
-0.444321
-0.444402
-0.444483
-0.444564
-0.444645
-0.444724
-0.444807
-0.444888
-0.444969
-0.445048
-0.445127
-0.445209
-0.445288
-0.445368
-0.44545
-0.445533
-0.445619
-0.445703
-0.445789
-0.445874
-0.44596
-0.446046
-0.446133
-0.446223
-0.446314
-0.446402
-0.446492
-0.446584
-0.446677
-0.446771
-0.446866
-0.446962
-0.447062
-0.447161
-0.447261
-0.44736
-0.447464
-0.447568
-0.447674
-0.447782
-0.447891
-0.448002
-0.448114
-0.44823
-0.448346
-0.448463
-0.448584
-0.448702
-0.448824
-0.448947
-0.449072
-0.449199
-0.449324
-0.449456
-0.449587
-0.449719
-0.449853
-0.449988
-0.450124
-0.450261
-0.4504
-0.450539
-0.450679
-0.450821
-0.450965
-0.451108
-0.451253
-0.451397
-0.451541
-0.451685
-0.451829
-0.451974
-0.452118
-0.452262
-0.452408
-0.452551
-0.452694
-0.452833
-0.452973
-0.453113
-0.453251
-0.453388
-0.453524
-0.453655
-0.453789
-0.453916
-0.454041
-0.454166
-0.45429
-0.45441
-0.454527
-0.45464
-0.454748
-0.454855
-0.454955
-0.455059
-0.455152
-0.455245
-0.455327
-0.455409
-0.455487
-0.455559
-0.455624
-0.455686
-0.455743
-0.455794
-0.455839
-0.455876
-0.455909
-0.455936
-0.455956
-0.45597
-0.455977
-0.455974
-0.455968
-0.455953
-0.455929
-0.455901
-0.455864
-0.45582
-0.455767
-0.455707
-0.455639
-0.455562
-0.45548
-0.455387
-0.455288
-0.455175
-0.455056
-0.454926
-0.45479
-0.454645
-0.454491
-0.454329
-0.454157
-0.453974
-0.453785
-0.453584
-0.453377
-0.453164
-0.452939
-0.452706
-0.452467
-0.452216
-0.451957
-0.45169
-0.451412
-0.451129
-0.450837
-0.450538
-0.450232
-0.449915
-0.449592
-0.449264
-0.44893
-0.448594
-0.448247
-0.447894
-0.447534
-0.447168
-0.446801
-0.446431
-0.446057
-0.445678
-0.445296
-0.444913
-0.444526
-0.444137
-0.443747
-0.443357
-0.442966
-0.442576
-0.442187
-0.441795
-0.441409
-0.441024
-0.440643
-0.440268
-0.439897
-0.43953
-0.439175
-0.438819
-0.438474
-0.438133
-0.437806
-0.437483
-0.437169
-0.436868
-0.436576
-0.436295
-0.436028
-0.435773
-0.435532
-0.435305
-0.435091
-0.434892
-0.434708
-0.434539
-0.434386
-0.434252
-0.434134
-0.434028
-0.433939
-0.433868
-0.433812
-0.433778
-0.433762
-0.433759
-0.433779
-0.433817
-0.433875
-0.433949
-0.434041
-0.43415
-0.434274
-0.434419
-0.434578
-0.434756
-0.434948
-0.43516
-0.435387
-0.435629
-0.435887
-0.436159
-0.436446
-0.436746
-0.437058
-0.437382
-0.437721
-0.438074
-0.438435
-0.438808
-0.43919
-0.439582
-0.439983
-0.440393
-0.44081
-0.441234
-0.441665
-0.442102
-0.442544
-0.442992
-0.443441
-0.443899
-0.444358
-0.444817
-0.445281
-0.445746
-0.446211
-0.446678
-0.447146
-0.447614
-0.448083
-0.44855
-0.449014
-0.449477
-0.449941
-0.450399
-0.450855
-0.451307
-0.451761
-0.452206
-0.452647
-0.453084
-0.453509
-0.453939
-0.454362
-0.454779
-0.455194
-0.455605
-0.456003
-0.456398
-0.456787
-0.457167
-0.457544
-0.457914
-0.458282
-0.458639
-0.458992
-0.459338
-0.459675
-0.460005
-0.460331
-0.460647
-0.460958
-0.461261
-0.461558
-0.461847
-0.462128
-0.462402
-0.462671
-0.462931
-0.463184
-0.463427
-0.463666
-0.4639
-0.464124
-0.464339
-0.464549
-0.464753
-0.464949
-0.465136
-0.465318
-0.465494
-0.46566
-0.465819
-0.465971
-0.466118
-0.466259
-0.466393
-0.46652
-0.466641
-0.466756
-0.466861
-0.466961
-0.467056
-0.467143
-0.467225
-0.467298
-0.467365
-0.467427
-0.467481
-0.467527
-0.467568
-0.467601
-0.467624
-0.467642
-0.467659
-0.467664
-0.467663
-0.467656
-0.467644
-0.467629
-0.467605
-0.467574
-0.46754
-0.467497
-0.467448
-0.467393
-0.467331
-0.467264
-0.467192
-0.467112
-0.467029
-0.466937
-0.46684
-0.466734
-0.466622
-0.466506
-0.466385
-0.466258
-0.466128
-0.46599
-0.465846
-0.465697
-0.465542
-0.465384
-0.465217
-0.465043
-0.464867
-0.464686
-0.4645
-0.464309
-0.464115
-0.463913
-0.46371
-0.463497
-0.463281
-0.463061
-0.462839
-0.46261
-0.462377
-0.462135
-0.461893
-0.46165
-0.4614
-0.461148
-0.460891
-0.460632
-0.460367
-0.460099
-0.459827
-0.459551
-0.459273
-0.458993
-0.458708
-0.45842
-0.458134
-0.457841
-0.457544
-0.457245
-0.456939
-0.456631
-0.456327
-0.456018
-0.455708
-0.455396
-0.455081
-0.454765
-0.454447
-0.454128
-0.453807
-0.453485
-0.453161
-0.452837
-0.452514
-0.452182
-0.451855
-0.451527
-0.451204
-0.450875
-0.450549
-0.45022
-0.449891
-0.449562
-0.449233
-0.448906
-0.448576
-0.44825
-0.447924
-0.4476
-0.447277
-0.446958
-0.446637
-0.446319
-0.446004
-0.445691
-0.44538
-0.445072
-0.444767
-0.444464
-0.444168
-0.443871
-0.44358
-0.443294
-0.443014
-0.442737
-0.442462
-0.442195
-0.441933
-0.441681
-0.44143
-0.441186
-0.440945
-0.440713
-0.440488
-0.440271
-0.44006
-0.439857
-0.439659
-0.439471
-0.439292
-0.43912
-0.438955
-0.438801
-0.438655
-0.438523
-0.438396
-0.438275
-0.438165
-0.438065
-0.437977
-0.437896
-0.437826
-0.437764
-0.437711
-0.437666
-0.437632
-0.437607
-0.437594
-0.437588
-0.437591
-0.437606
-0.437631
-0.437658
-0.437697
-0.437743
-0.437795
-0.437858
-0.437928
-0.438005
-0.438083
-0.438172
-0.43827
-0.438375
-0.438483
-0.438596
-0.43872
-0.438847
-0.438976
-0.439109
-0.439251
-0.439394
-0.43954
-0.43969
-0.43984
-0.439992
-0.440148
-0.440308
-0.440465
-0.440625
-0.440785
-0.440946
-0.441106
-0.441267
-0.441426
-0.441585
-0.441744
-0.4419
-0.442053
-0.442203
-0.442352
-0.442499
-0.442643
-0.442784
-0.442924
-0.443058
-0.443189
-0.443316
-0.443439
-0.443558
-0.443676
-0.443787
-0.443893
-0.443995
-0.444095
-0.44419
-0.444279
-0.444362
-0.444443
-0.44452
-0.44459
-0.444654
-0.444714
-0.44477
-0.44482
-0.444864
-0.444906
-0.444943
-0.444975
-0.444996
-0.44502
-0.445042
-0.445058
-0.445071
-0.445077
-0.44508
-0.44508
-0.445077
-0.44507
-0.445057
-0.445043
-0.445029
-0.445009
-0.444987
-0.444961
-0.444933
-0.444905
-0.444873
-0.444838
-0.444803
-0.444762
-0.444724
-0.444684
-0.444642
-0.444599
-0.444553
-0.444508
-0.444454
-0.444405
-0.444354
-0.444299
-0.444247
-0.444195
-0.444145
-0.444093
-0.44404
-0.44399
-0.443935
-0.443883
-0.44383
-0.443779
-0.443728
-0.443679
-0.443629
-0.443582
-0.443534
-0.443484
-0.443437
-0.443389
-0.443342
-0.443298
-0.443258
-0.443217
-0.443178
-0.443139
-0.443103
-0.443068
-0.443034
-0.443
-0.442969
-0.442938
-0.442909
-0.442887
-0.442864
-0.442843
-0.442825
-0.44281
-0.442796
-0.442783
-0.442773
-0.442766
-0.44276
-0.44276
-0.442762
-0.442764
-0.442769
-0.442776
-0.442786
-0.442802
-0.44282
-0.442838
-0.44286
-0.442885
-0.442912
-0.442943
-0.442977
-0.443014
-0.443055
-0.443101
-0.443148
-0.443198
-0.443253
-0.44331
-0.443374
-0.443438
-0.443505
-0.443577
-0.443655
-0.443737
-0.443821
-0.443906
-0.443997
-0.444092
-0.444191
-0.444294
-0.444401
-0.444511
-0.444626
-0.444743
-0.444868
-0.44499
-0.445123
-0.445257
-0.445396
-0.445538
-0.445682
-0.445835
-0.445989
-0.446146
-0.446303
-0.446469
-0.446638
-0.44681
-0.446989
-0.447169
-0.447349
-0.447536
-0.447728
-0.447924
-0.448122
-0.448324
-0.448529
-0.44873
-0.448936
-0.449149
-0.449363
-0.449582
-0.449796
-0.450018
-0.450239
-0.450465
-0.450693
-0.450923
-0.451151
-0.451385
-0.451623
-0.451862
-0.452099
-0.452341
-0.452583
-0.452826
-0.453074
-0.453317
-0.453565
-0.453812
-0.454059
-0.454307
-0.454556
-0.454802
-0.455052
-0.455304
-0.455553
-0.455805
-0.456055
-0.456305
-0.456554
-0.456803
-0.457054
-0.457302
-0.45755
-0.457797
-0.458045
-0.458291
-0.458531
-0.458774
-0.459015
-0.459254
-0.459494
-0.459733
-0.459971
-0.460208
-0.460441
-0.460675
-0.460909
-0.461135
-0.461366
-0.461594
-0.461819
-0.462041
-0.462263
-0.462485
-0.462701
-0.462915
-0.463129
-0.463346
-0.463556
-0.463768
-0.463974
-0.464177
-0.464378
-0.464577
-0.464773
-0.464962
-0.465154
-0.465343
-0.465532
-0.465715
-0.465892
-0.466071
-0.466247
-0.46642
-0.46659
-0.466758
-0.46692
-0.467082
-0.467241
-0.467397
-0.467552
-0.467699
-0.467843
-0.467987
-0.468127
-0.468264
-0.468398
-0.468526
-0.46865
-0.468773
-0.468891
-0.469007
-0.469119
-0.469228
-0.469333
-0.469434
-0.469532
-0.469627
-0.469714
-0.469801
-0.469882
-0.469956
-0.470031
-0.470099
-0.470164
-0.470225
-0.470282
-0.470331
-0.470375
-0.470414
-0.470451
-0.470477
-0.470503
-0.470521
-0.470534
-0.470538
-0.470542
-0.470537
-0.470524
-0.47051
-0.470484
-0.470455
-0.470419
-0.470376
-0.470324
-0.470263
-0.470199
-0.470126
-0.470048
-0.469964
-0.46987
-0.469768
-0.469658
-0.46954
-0.469416
-0.46928
-0.469138
-0.468985
-0.468825
-0.46865
-0.468468
-0.468277
-0.468075
-0.467865
-0.46764
-0.467406
-0.467162
-0.466906
-0.466639
-0.46636
-0.466069
-0.465766
-0.46545
-0.465122
-0.464781
-0.464427
-0.464059
-0.463677
-0.463282
-0.462872
-0.462445
-0.462006
-0.461552
-0.461082
-0.460595
-0.460096
-0.459579
-0.459046
-0.458494
-0.457924
-0.45734
-0.456742
-0.45612
-0.455484
-0.454831
-0.454158
-0.453465
-0.452757
-0.452028
-0.451277
-0.450512
-0.449726
-0.44892
-0.448094
-0.44725
-0.446385
-0.445499
-0.444599
-0.443671
-0.442725
-0.44176
-0.440774
-0.439768
-0.438743
-0.437695
-0.436631
-0.435551
-0.434445
-0.433323
-0.432182
-0.431025
-0.429849
-0.428654
-0.427442
-0.42621
-0.424962
-0.423701
-0.422422
-0.421131
-0.419827
-0.418509
-0.417179
-0.41584
-0.414486
-0.413124
-0.411753
-0.410375
-0.408988
-0.407599
-0.406204
-0.404801
-0.4034
-0.402
-0.400596
-0.399194
-0.397797
-0.396404
-0.395017
-0.393641
-0.39227
-0.390908
-0.389557
-0.38822
-0.386896
-0.385588
-0.3843
-0.383028
-0.381776
-0.380543
-0.379331
-0.378148
-0.37699
-0.37586
-0.374755
-0.373685
-0.372643
-0.371633
-0.370658
-0.369716
-0.368808
-0.367937
-0.367103
-0.36631
-0.365553
-0.364838
-0.364163
-0.363524
-0.362932
-0.36238
-0.361869
-0.361402
-0.360978
-0.360598
-0.360259
-0.359964
-0.359715
-0.35951
-0.359349
-0.359233
-0.35916
-0.35913
-0.359144
-0.359202
-0.3593
-0.359445
-0.359631
-0.359858
-0.360126
-0.360436
-0.360786
-0.361176
-0.361605
-0.362074
-0.362582
-0.363124
-0.363705
-0.364325
-0.364978
-0.365666
-0.366388
-0.367143
-0.367931
-0.368753
-0.369604
-0.370485
-0.3714
-0.372339
-0.373303
-0.374296
-0.375315
-0.376361
-0.377429
-0.378523
-0.379631
-0.380765
-0.381921
-0.383092
-0.384283
-0.385491
-0.386714
-0.387953
-0.389206
-0.390471
-0.39175
-0.393038
-0.394335
-0.39564
-0.396952
-0.398271
-0.39959
-0.400918
-0.402249
-0.403585
-0.404918
-0.406254
-0.407586
-0.408916
-0.41024
-0.411563
-0.41288
-0.41419
-0.415491
-0.416787
-0.418069
-0.419345
-0.420608
-0.42186
-0.4231
-0.424326
-0.425541
-0.426745
-0.42793
-0.429096
-0.430245
-0.431378
-0.432494
-0.43359
-0.434669
-0.435731
-0.436775
-0.437794
-0.438794
-0.439775
-0.440728
-0.44166
-0.442571
-0.443456
-0.44432
-0.445162
-0.445984
-0.446776
-0.447546
-0.448296
-0.449018
-0.449718
-0.45039
-0.451041
-0.451664
-0.452263
-0.452837
-0.453386
-0.45391
-0.454407
-0.454882
-0.455329
-0.455756
-0.456154
-0.45653
-0.456884
-0.457211
-0.457513
-0.457794
-0.458049
-0.458281
-0.458488
-0.458672
-0.458832
-0.458968
-0.459087
-0.459178
-0.459244
-0.459293
-0.459318
-0.45932
-0.459301
-0.459264
-0.459203
-0.459119
-0.45902
-0.458898
-0.458757
-0.458598
-0.458419
-0.458221
-0.458004
-0.45777
-0.457518
-0.45725
-0.456964
-0.456665
-0.456347
-0.456014
-0.455664
-0.455299
-0.454925
-0.454539
-0.454135
-0.453721
-0.453292
-0.452851
-0.452399
-0.451935
-0.45146
-0.450976
-0.450481
-0.449977
-0.449465
-0.448943
-0.448413
-0.447876
-0.447329
-0.446777
-0.446218
-0.44565
-0.445079
-0.444503
-0.443918
-0.443331
-0.442741
-0.442147
-0.441544
-0.440941
-0.440332
-0.43972
-0.439106
-0.438487
-0.437865
-0.437239
-0.436614
-0.435983
-0.43535
-0.434715
-0.434079
-0.433439
-0.432797
-0.432153
-0.431507
-0.43086
-0.430208
-0.429562
-0.42891
-0.428259
-0.427601
-0.426948
-0.426294
-0.425636
-0.424979
-0.424321
-0.423662
-0.423004
-0.422347
-0.42169
-0.421037
-0.420383
-0.419731
-0.419081
-0.418434
-0.41779
-0.417147
-0.416511
-0.41588
-0.415259
-0.414641
-0.414031
-0.413425
-0.412827
-0.412239
-0.41166
-0.411091
-0.410534
-0.409986
-0.409452
-0.408933
-0.408429
-0.407946
-0.407474
-0.40702
-0.406584
-0.406167
-0.40577
-0.405394
-0.405038
-0.404707
-0.4044
-0.404114
-0.403859
-0.403629
-0.403424
-0.403246
-0.403096
-0.402975
-0.402883
-0.402819
-0.402787
-0.402786
-0.402816
-0.402878
-0.402973
-0.403098
-0.403257
-0.403446
-0.403667
-0.403919
-0.404204
-0.404522
-0.404872
-0.40525
-0.405656
-0.406095
-0.406563
-0.407061
-0.407586
-0.408144
-0.408721
-0.409327
-0.409958
-0.410614
-0.411292
-0.411993
-0.412715
-0.413454
-0.414216
-0.414992
-0.415788
-0.4166
-0.417426
-0.418265
-0.419119
-0.419981
-0.420853
-0.421734
-0.422621
-0.423513
-0.424412
-0.425315
-0.426218
-0.427123
-0.42803
-0.42894
-0.429843
-0.430749
-0.431648
-0.432544
-0.433433
-0.434317
-0.435194
-0.43606
-0.436918
-0.437769
-0.438608
-0.439438
-0.440255
-0.441063
-0.441861
-0.442643
-0.443413
-0.444171
-0.444915
-0.445642
-0.446355
-0.447052
-0.447735
-0.448402
-0.449053
-0.449689
-0.450311
-0.450915
-0.451496
-0.452067
-0.45262
-0.453164
-0.453687
-0.454199
-0.45469
-0.455165
-0.455619
-0.456063
-0.45649
-0.456902
-0.457294
-0.457678
-0.458044
-0.458398
-0.458734
-0.459054
-0.45936
-0.459654
-0.459934
-0.460201
-0.460452
-0.460692
-0.460919
-0.461132
-0.461334
-0.461522
-0.461703
-0.461871
-0.462024
-0.462169
-0.462303
-0.462425
-0.462538
-0.462639
-0.462733
-0.462818
-0.462894
-0.462958
-0.463016
-0.463066
-0.46311
-0.463144
-0.46317
-0.463189
-0.463196
-0.463203
-0.463201
-0.463193
-0.463181
-0.463161
-0.463132
-0.4631
-0.463061
-0.463018
-0.462968
-0.462916
-0.462857
-0.462795
-0.462731
-0.462661
-0.462586
-0.462508
-0.462426
-0.46234
-0.462248
-0.462157
-0.46206
-0.46196
-0.461857
-0.461751
-0.461641
-0.461529
-0.461413
-0.461293
-0.461172
-0.461046
-0.460917
-0.460787
-0.460655
-0.460521
-0.460384
-0.460244
-0.460104
-0.459959
-0.459812
-0.459662
-0.459515
-0.459358
-0.459203
-0.459046
-0.458884
-0.458719
-0.45855
-0.458381
-0.45821
-0.458034
-0.457857
-0.457679
-0.457501
-0.457318
-0.457133
-0.456945
-0.456753
-0.456559
-0.456365
-0.45617
-0.455972
-0.455774
-0.45557
-0.455367
-0.455161
-0.454954
-0.454746
-0.454533
-0.454321
-0.454105
-0.453888
-0.453677
-0.45346
-0.45324
-0.453018
-0.4528
-0.45258
-0.452356
-0.452134
-0.451911
-0.451688
-0.451465
-0.451244
-0.451021
-0.450798
-0.450575
-0.450353
-0.450129
-0.449912
-0.449691
-0.449472
-0.449253
-0.449033
-0.448814
-0.448604
-0.448391
-0.448176
-0.447966
-0.447755
-0.447546
-0.44734
-0.447137
-0.446938
-0.44674
-0.446545
-0.446352
-0.446167
-0.44598
-0.445795
-0.445616
-0.44544
-0.445262
-0.445089
-0.44492
-0.444754
-0.444591
-0.444431
-0.444275
-0.444122
-0.443973
-0.443829
-0.443692
-0.443553
-0.443417
-0.443285
-0.443157
-0.44303
-0.442907
-0.442791
-0.442678
-0.442569
-0.442463
-0.442359
-0.44226
-0.442163
-0.442073
-0.441983
-0.4419
-0.441818
-0.441738
-0.441663
-0.44159
-0.441519
-0.441446
-0.441386
-0.441324
-0.441267
-0.441212
-0.441162
-0.441114
-0.441073
-0.441031
-0.440993
-0.440957
-0.440925
-0.440895
-0.440865
-0.44084
-0.440819
-0.440797
-0.44078
-0.440766
-0.440754
-0.440745
-0.44074
-0.440735
-0.440731
-0.440731
-0.440733
-0.440738
-0.440745
-0.440749
-0.44076
-0.440773
-0.440788
-0.440803
-0.440823
-0.440844
-0.440868
-0.440893
-0.440923
-0.440952
-0.440976
-0.44101
-0.441045
-0.441082
-0.441123
-0.441164
-0.441202
-0.441247
-0.441293
-0.441341
-0.441392
-0.441437
-0.44149
-0.441546
-0.441604
-0.441663
-0.441724
-0.441789
-0.441854
-0.44192
-0.441989
-0.442059
-0.44213
-0.442204
-0.442277
-0.442354
-0.442432
-0.442512
-0.442594
-0.442677
-0.442762
-0.442853
-0.442941
-0.44303
-0.443121
-0.443212
-0.443305
-0.443399
-0.443495
-0.443591
-0.443686
-0.443783
-0.443882
-0.443984
-0.444083
-0.444184
-0.444284
-0.444389
-0.44449
-0.444593
-0.444694
-0.444789
-0.444889
-0.444987
-0.445088
-0.445188
-0.445286
-0.445381
-0.445474
-0.445566
-0.445656
-0.445742
-0.445828
-0.445915
-0.445996
-0.446075
-0.446151
-0.446227
-0.446297
-0.446362
-0.446425
-0.446483
-0.446542
-0.446594
-0.44664
-0.446685
-0.446725
-0.446764
-0.446795
-0.446823
-0.446845
-0.44686
-0.446873
-0.446882
-0.446885
-0.446886
-0.446879
-0.44687
-0.446849
-0.446825
-0.446796
-0.446767
-0.44673
-0.446687
-0.446641
-0.44659
-0.446537
-0.446475
-0.446415
-0.446347
-0.446272
-0.446195
-0.446117
-0.446033
-0.445946
-0.445853
-0.445757
-0.44566
-0.445561
-0.44546
-0.445354
-0.445249
-0.445142
-0.445034
-0.444922
-0.444812
-0.444707
-0.444597
-0.444484
-0.444375
-0.444266
-0.444158
-0.444052
-0.443948
-0.443848
-0.443747
-0.44365
-0.443556
-0.443465
-0.443377
-0.443293
-0.443216
-0.443141
-0.44307
-0.443004
-0.442944
-0.442889
-0.442839
-0.442793
-0.442757
-0.442726
-0.4427
-0.442684
-0.442671
-0.442666
-0.442667
-0.442673
-0.44269
-0.442713
-0.442742
-0.442778
-0.442821
-0.442872
-0.442929
-0.442993
-0.443065
-0.443145
-0.44323
-0.443321
-0.443417
-0.443523
-0.443636
-0.443748
-0.443868
-0.443995
-0.444129
-0.444272
-0.444413
-0.444561
-0.444716
-0.444872
-0.445033
-0.4452
-0.445367
-0.44554
-0.445714
-0.44589
-0.446068
-0.446248
-0.44643
-0.446611
-0.446793
-0.446978
-0.447161
-0.447347
-0.447537
-0.447722
-0.447909
-0.448091
-0.448273
-0.448449
-0.448629
-0.448808
-0.448984
-0.449156
-0.449334
-0.449501
-0.449665
-0.449829
-0.449987
-0.450141
-0.450291
-0.450438
-0.450583
-0.450722
-0.450859
-0.450989
-0.451115
-0.451233
-0.45135
-0.451465
-0.451572
-0.45168
-0.451778
-0.451872
-0.451963
-0.452048
-0.452127
-0.452203
-0.452271
-0.452337
-0.452402
-0.452459
-0.452513
-0.452562
-0.452607
-0.452647
-0.452685
-0.452714
-0.452748
-0.452773
-0.452798
-0.452822
-0.452841
-0.452859
-0.452873
-0.452885
-0.452898
-0.452903
-0.45291
-0.452918
-0.452922
-0.452923
-0.452925
-0.452925
-0.452927
-0.452929
-0.452931
-0.452931
-0.452934
-0.452935
-0.45294
-0.452946
-0.452952
-0.452959
-0.45297
-0.452983
-0.452999
-0.453017
-0.453038
-0.453064
-0.45309
-0.45312
-0.453155
-0.453191
-0.453229
-0.453272
-0.45332
-0.453371
-0.453426
-0.453485
-0.453548
-0.453613
-0.453685
-0.453763
-0.453843
-0.453928
-0.454015
-0.454106
-0.454203
-0.454305
-0.454414
-0.454525
-0.45464
-0.454759
-0.45488
-0.455004
-0.455136
-0.455273
-0.455412
-0.455552
-0.455698
-0.455848
-0.456001
-0.456159
-0.456316
-0.456475
-0.45664
-0.456807
-0.45698
-0.457152
-0.457324
-0.457498
-0.457676
-0.457855
-0.458036
-0.458219
-0.458402
-0.458587
-0.458772
-0.458958
-0.459139
-0.459326
-0.459512
-0.459699
-0.459885
-0.460073
-0.460258
-0.460443
-0.460628
-0.460808
-0.460989
-0.461169
-0.461345
-0.461521
-0.461695
-0.461868
-0.462041
-0.462209
-0.462375
-0.462538
-0.462699
-0.462857
-0.463012
-0.463164
-0.463313
-0.463461
-0.463603
-0.463745
-0.463881
-0.464013
-0.464142
-0.464264
-0.464388
-0.464505
-0.464616
-0.464726
-0.464831
-0.464933
-0.46503
-0.465123
-0.46521
-0.465296
-0.465374
-0.465448
-0.46552
-0.465587
-0.465649
-0.465708
-0.465761
-0.46581
-0.465855
-0.465893
-0.465931
-0.465962
-0.465985
-0.466007
-0.466024
-0.466037
-0.466044
-0.466047
-0.466043
-0.466037
-0.466028
-0.466013
-0.465995
-0.46597
-0.46594
-0.465904
-0.465865
-0.465821
-0.465772
-0.465719
-0.465662
-0.465599
-0.465535
-0.465465
-0.465389
-0.46531
-0.465225
-0.465134
-0.465042
-0.464942
-0.46484
-0.464734
-0.464621
-0.464505
-0.464382
-0.464258
-0.464126
-0.463989
-0.463849
-0.463705
-0.463555
-0.463401
-0.463239
-0.463075
-0.462905
-0.462732
-0.462555
-0.462373
-0.462187
-0.461996
-0.4618
-0.461601
-0.461396
-0.461188
-0.460979
-0.460762
-0.460542
-0.460315
-0.460087
-0.459851
-0.459612
-0.459368
-0.459119
-0.458869
-0.458612
-0.45835
-0.458085
-0.457813
-0.457536
-0.457258
-0.456973
-0.456687
-0.456401
-0.456106
-0.455807
-0.455504
-0.455195
-0.454885
-0.45457
-0.454252
-0.453933
-0.453609
-0.453278
-0.452945
-0.452606
-0.452267
-0.451926
-0.451577
-0.451228
-0.450875
-0.45052
-0.450162
-0.4498
-0.449437
-0.44907
-0.448701
-0.44833
-0.447957
-0.447579
-0.4472
-0.446818
-0.446437
-0.446053
-0.445667
-0.44528
-0.444892
-0.444506
-0.444119
-0.443729
-0.443341
-0.442954
-0.442566
-0.442179
-0.441792
-0.441404
-0.441024
-0.440641
-0.440258
-0.43988
-0.439502
-0.43913
-0.438756
-0.438385
-0.438014
-0.437651
-0.43729
-0.436929
-0.436574
-0.436224
-0.435876
-0.435534
-0.435195
-0.434864
-0.434538
-0.434217
-0.433902
-0.433594
-0.433289
-0.432993
-0.432703
-0.432421
-0.432145
-0.431875
-0.431611
-0.431361
-0.431116
-0.430878
-0.430649
-0.430428
-0.430213
-0.430007
-0.429812
-0.429621
-0.429443
-0.429275
-0.429115
-0.428964
-0.428823
-0.428691
-0.428568
-0.428454
-0.428352
-0.428256
-0.428168
-0.428088
-0.42802
-0.427964
-0.427916
-0.427875
-0.427848
-0.427824
-0.427809
-0.427803
-0.427807
-0.42782
-0.427841
-0.427867
-0.427904
-0.427946
-0.427995
-0.428051
-0.428117
-0.428185
-0.42826
-0.428343
-0.428431
-0.428527
-0.428631
-0.428736
-0.428849
-0.428964
-0.429085
-0.42921
-0.429342
-0.429478
-0.429619
-0.429763
-0.429911
-0.430062
-0.430213
-0.430371
-0.430533
-0.430695
-0.43086
-0.431029
-0.431197
-0.43137
-0.431544
-0.431717
-0.431891
-0.432066
-0.432237
-0.432413
-0.432589
-0.432766
-0.432943
-0.43312
-0.433295
-0.433471
-0.433647
-0.433823
-0.434
-0.434174
-0.434348
-0.43452
-0.434694
-0.434862
-0.435032
-0.4352
-0.435369
-0.435535
-0.4357
-0.435863
-0.436023
-0.436183
-0.436343
-0.436501
-0.436658
-0.436813
-0.436967
-0.437121
-0.437273
-0.437426
-0.437576
-0.437727
-0.437875
-0.438022
-0.438169
-0.438314
-0.438459
-0.438604
-0.438748
-0.438892
-0.439036
-0.43918
-0.439319
-0.439463
-0.439607
-0.439752
-0.439897
-0.44004
-0.440189
-0.440336
-0.440485
-0.440636
-0.44079
-0.440942
-0.441095
-0.441251
-0.44141
-0.441571
-0.44173
-0.441896
-0.442061
-0.442229
-0.442399
-0.442574
-0.442747
-0.44293
-0.443111
-0.443293
-0.44348
-0.44367
-0.443866
-0.444063
-0.444263
-0.444467
-0.444672
-0.444882
-0.445097
-0.445315
-0.445536
-0.445764
-0.445991
-0.446223
-0.446457
-0.446698
-0.446942
-0.44719
-0.447441
-0.447696
-0.447955
-0.448218
-0.448489
-0.448762
-0.449035
-0.449314
-0.449595
-0.449876
-0.450163
-0.450454
-0.450745
-0.451042
-0.451346
-0.451649
-0.451954
-0.452265
-0.452578
-0.452891
-0.453204
-0.453522
-0.453843
-0.454165
-0.454489
-0.454812
-0.455142
-0.455472
-0.455802
-0.456134
-0.456467
-0.456799
-0.457131
-0.457467
-0.457803
-0.45814
-0.458477
-0.458815
-0.459152
-0.459492
-0.459831
-0.460165
-0.460504
-0.460837
-0.461172
-0.461506
-0.461839
-0.462173
-0.462502
-0.462831
-0.463158
-0.463492
-0.463818
-0.464138
-0.464456
-0.464769
-0.465085
-0.465399
-0.465712
-0.466021
-0.466327
-0.46663
-0.466927
-0.467225
-0.467521
-0.467812
-0.468102
-0.468386
-0.468667
-0.468945
-0.469216
-0.469486
-0.469748
-0.47001
-0.470269
-0.470523
-0.470774
-0.47102
-0.47126
-0.471496
-0.47173
-0.471959
-0.472185
-0.472405
-0.472621
-0.472831
-0.473035
-0.473238
-0.473438
-0.473631
-0.473819
-0.474002
-0.47418
-0.474354
-0.474522
-0.474684
-0.474844
-0.474998
-0.475144
-0.475287
-0.475425
-0.475558
-0.475687
-0.47581
-0.475929
-0.47604
-0.476146
-0.476246
-0.476341
-0.476433
-0.476517
-0.476595
-0.476667
-0.476733
-0.476797
-0.476851
-0.4769
-0.476943
-0.47698
-0.477011
-0.477038
-0.477061
-0.477076
-0.477081
-0.477081
-0.477073
-0.477057
-0.477037
-0.47701
-0.476976
-0.476935
-0.476887
-0.47683
-0.476766
-0.476697
-0.47662
-0.476536
-0.476442
-0.476343
-0.476237
-0.47612
-0.475997
-0.475867
-0.475728
-0.475579
-0.475424
-0.475262
-0.475086
-0.474905
-0.474715
-0.474519
-0.474312
-0.474095
-0.47387
-0.473635
-0.473391
-0.473135
-0.472872
-0.472596
-0.472314
-0.472024
-0.471721
-0.471409
-0.471087
-0.470756
-0.470414
-0.470058
-0.469697
-0.469324
-0.46894
-0.468545
-0.46814
-0.467727
-0.467302
-0.466868
-0.466421
-0.465964
-0.465497
-0.465019
-0.464532
-0.464033
-0.463523
-0.463007
-0.462479
-0.461942
-0.461392
-0.460835
-0.460269
-0.459696
-0.459112
-0.458517
-0.457916
-0.457306
-0.456691
-0.456069
-0.455441
-0.454801
-0.454157
-0.453505
-0.452846
-0.452184
-0.451514
-0.450839
-0.45016
-0.449472
-0.448787
-0.448097
-0.447402
-0.446706
-0.446007
-0.44531
-0.444611
-0.443911
-0.443212
-0.442515
-0.441818
-0.441129
-0.440433
-0.439742
-0.439054
-0.43837
-0.437691
-0.437014
-0.436345
-0.435682
-0.435025
-0.434373
-0.433731
-0.433097
-0.432471
-0.431855
-0.431245
-0.430648
-0.430063
-0.429487
-0.428924
-0.428371
-0.427829
-0.4273
-0.426784
-0.426276
-0.425787
-0.425311
-0.42485
-0.424405
-0.423973
-0.423558
-0.423157
-0.422768
-0.422397
-0.422043
-0.421704
-0.421382
-0.421074
-0.420783
-0.420511
-0.420256
-0.420023
-0.419802
-0.419598
-0.419412
-0.419245
-0.419093
-0.418957
-0.41884
-0.418741
-0.418659
-0.418594
-0.418547
-0.418517
-0.418504
-0.418508
-0.41853
-0.418568
-0.418621
-0.418692
-0.418776
-0.41888
-0.419003
-0.41914
-0.41929
-0.419456
-0.419637
-0.419835
-0.420049
-0.420274
-0.420517
-0.42077
-0.42104
-0.421324
-0.42162
-0.421932
-0.422251
-0.422585
-0.422931
-0.423285
-0.423653
-0.424032
-0.424423
-0.424822
-0.425228
-0.425645
-0.426071
-0.426508
-0.42695
-0.4274
-0.427859
-0.428321
-0.42879
-0.429266
-0.429747
-0.430233
-0.430724
-0.431219
-0.431716
-0.432218
-0.432726
-0.433234
-0.433747
-0.434259
-0.434773
-0.43529
-0.435809
-0.436325
-0.436844
-0.437363
-0.437881
-0.438401
-0.438915
-0.439427
-0.439937
-0.440446
-0.440954
-0.441456
-0.441956
-0.442456
-0.442953
-0.443443
-0.44393
-0.444412
-0.444888
-0.445361
-0.445832
-0.446299
-0.446757
-0.447209
-0.447657
-0.448094
-0.448531
-0.448961
-0.449386
-0.449801
-0.450216
-0.450621
-0.45102
-0.451412
-0.451797
-0.452176
-0.452547
-0.452911
-0.453268
-0.453616
-0.453959
-0.454294
-0.454624
-0.454945
-0.455257
-0.455563
-0.455861
-0.456151
-0.456434
-0.456709
-0.456972
-0.457232
-0.457486
-0.457731
-0.457966
-0.458193
-0.458415
-0.458629
-0.458836
-0.459036
-0.459228
-0.459412
-0.45959
-0.459762
-0.459928
-0.460083
-0.460232
-0.460374
-0.460508
-0.460636
-0.460755
-0.460872
-0.460975
-0.461077
-0.46117
-0.461258
-0.461339
-0.461418
-0.461488
-0.461553
-0.461612
-0.461666
-0.461714
-0.461756
-0.461794
-0.461826
-0.461854
-0.461877
-0.461897
-0.461911
-0.46192
-0.461925
-0.461928
-0.461925
-0.461916
-0.461906
-0.461892
-0.461875
-0.461854
-0.461833
-0.461807
-0.461778
-0.461743
-0.461712
-0.461673
-0.461634
-0.461594
-0.461551
-0.461509
-0.461463
-0.461416
-0.46137
-0.46132
-0.461269
-0.461217
-0.461166
-0.461113
-0.461056
-0.461001
-0.460943
-0.46089
-0.460834
-0.460778
-0.460721
-0.460665
-0.460615
-0.460559
-0.460503
-0.460444
-0.460388
-0.460332
-0.460274
-0.460217
-0.460162
-0.460107
-0.460052
-0.459998
-0.459944
-0.45989
-0.459836
-0.459782
-0.459726
-0.459672
-0.459616
-0.459562
-0.459508
-0.459451
-0.459399
-0.459343
-0.459287
-0.45923
-0.459173
-0.459114
-0.459054
-0.458991
-0.458928
-0.458864
-0.458798
-0.45873
-0.458658
-0.458585
-0.458515
-0.458438
-0.458357
-0.458274
-0.458185
-0.458094
-0.458
-0.457902
-0.4578
-0.457691
-0.45758
-0.457463
-0.457337
-0.457211
-0.457076
-0.45694
-0.456796
-0.45665
-0.456493
-0.456327
-0.456154
-0.455976
-0.45579
-0.455596
-0.455393
-0.455185
-0.454963
-0.454738
-0.454503
-0.454256
-0.454002
-0.453739
-0.453466
-0.453181
-0.452886
-0.452584
-0.452273
-0.451953
-0.45162
-0.451274
-0.450917
-0.450552
-0.450177
-0.449792
-0.449396
-0.448989
-0.44857
-0.448143
-0.447706
-0.447259
-0.446799
-0.446333
-0.445857
-0.445373
-0.44488
-0.444378
-0.443867
-0.443347
-0.442826
-0.442296
-0.44176
-0.441221
-0.440675
-0.440124
-0.439573
-0.439017
-0.438458
-0.437901
-0.437342
-0.436782
-0.436225
-0.435669
-0.435117
-0.434567
-0.434024
-0.433487
-0.43296
-0.432439
-0.431926
-0.431424
-0.430936
-0.430457
-0.429989
-0.42954
-0.429103
-0.428685
-0.428281
-0.427895
-0.427527
-0.427176
-0.426845
-0.426537
-0.426251
-0.425986
-0.425744
-0.425524
-0.425327
-0.425154
-0.425004
-0.424878
-0.424776
-0.424698
-0.424646
-0.424615
-0.424607
-0.424622
-0.42466
-0.42472
-0.424802
-0.424904
-0.425025
-0.425168
-0.425334
-0.425516
-0.425714
-0.425927
-0.42616
-0.426403
-0.426658
-0.426926
-0.427206
-0.427496
-0.427796
-0.428103
-0.428414
-0.428734
-0.429058
-0.429386
-0.429718
-0.43005
-0.430382
-0.43071
-0.43104
-0.431367
-0.43169
-0.432008
-0.432321
-0.432628
-0.432927
-0.433219
-0.4335
-0.433771
-0.43403
-0.434281
-0.434526
-0.434756
-0.43497
-0.435175
-0.43537
-0.435549
-0.435715
-0.435866
-0.436003
-0.436126
-0.436231
-0.436322
-0.4364
-0.436463
-0.436508
-0.436539
-0.436556
-0.436558
-0.436548
-0.436521
-0.436476
-0.436418
-0.436347
-0.436261
-0.43616
-0.436048
-0.435918
-0.435779
-0.435628
-0.435461
-0.435281
-0.435092
-0.434889
-0.434674
-0.434449
-0.434213
-0.433967
-0.43371
-0.433445
-0.433172
-0.432894
-0.432606
-0.43231
-0.432009
-0.431702
-0.431389
-0.43107
-0.430751
-0.430427
-0.430101
-0.429773
-0.429443
-0.429113
-0.428786
-0.428457
-0.42813
-0.427806
-0.427485
-0.427165
-0.426853
-0.426547
-0.426247
-0.425952
-0.425667
-0.425391
-0.425125
-0.42487
-0.424625
-0.424391
-0.424173
-0.423967
-0.423776
-0.423597
-0.423433
-0.423289
-0.423161
-0.423051
-0.422962
-0.422889
-0.422836
-0.4228
-0.422786
-0.422796
-0.422825
-0.422872
-0.422944
-0.423037
-0.423153
-0.423291
-0.423451
-0.423634
-0.423839
-0.424067
-0.424316
-0.424588
-0.424881
-0.425196
-0.425532
-0.425889
-0.426267
-0.426667
-0.427084
-0.42752
-0.427976
-0.428448
-0.428937
-0.429443
-0.429967
-0.430503
-0.431056
-0.431622
-0.432198
-0.432787
-0.433386
-0.43399
-0.434604
-0.435231
-0.435866
-0.436505
-0.437152
-0.437804
-0.43846
-0.439115
-0.439777
-0.440441
-0.441103
-0.44177
-0.442432
-0.443092
-0.443753
-0.444413
-0.445067
-0.445717
-0.446362
-0.447002
-0.447635
-0.44827
-0.44889
-0.449502
-0.450104
-0.450702
-0.451289
-0.451866
-0.452434
-0.452991
-0.453538
-0.454072
-0.454596
-0.45511
-0.455612
-0.456102
-0.45658
-0.457046
-0.457499
-0.457938
-0.458366
-0.458788
-0.459193
-0.45958
-0.459958
-0.460324
-0.460673
-0.46101
-0.461333
-0.461643
-0.461942
-0.462224
-0.462494
-0.462751
-0.462992
-0.463223
-0.463441
-0.463645
-0.463837
-0.464016
-0.464182
-0.464337
-0.464473
-0.4646
-0.464716
-0.464816
-0.464907
-0.464985
-0.465051
-0.465106
-0.465148
-0.465179
-0.4652
-0.465205
-0.4652
-0.465185
-0.465158
-0.46512
-0.465067
-0.465007
-0.464932
-0.464848
-0.464757
-0.464657
-0.464545
-0.464422
-0.46429
-0.464148
-0.463996
-0.463834
-0.463665
-0.463485
-0.463295
-0.463097
-0.462889
-0.462672
-0.462447
-0.462211
-0.461969
-0.461716
-0.461458
-0.461191
-0.460917
-0.460635
-0.460345
-0.460046
-0.459742
-0.459431
-0.45911
-0.458785
-0.458451
-0.458111
-0.457764
-0.457414
-0.457057
-0.456697
-0.45633
-0.455956
-0.455577
-0.455191
-0.454797
-0.454404
-0.454005
-0.453602
-0.453193
-0.452782
-0.452367
-0.451948
-0.451527
-0.451099
-0.45067
-0.450238
-0.449801
-0.44936
-0.44892
-0.448478
-0.448033
-0.447587
-0.447139
-0.446689
-0.446238
-0.445791
-0.445338
-0.444885
-0.44443
-0.443976
-0.443522
-0.443067
-0.442613
-0.442162
-0.44171
-0.441261
-0.44081
-0.440362
-0.439915
-0.439468
-0.439025
-0.438585
-0.438148
-0.437711
-0.43728
-0.436853
-0.436427
-0.436008
-0.435596
-0.435186
-0.434781
-0.434382
-0.433989
-0.433604
-0.433223
-0.432849
-0.432482
-0.432123
-0.431774
-0.431428
-0.431096
-0.430771
-0.430455
-0.430149
-0.429856
-0.429571
-0.429297
-0.429037
-0.428786
-0.428547
-0.428321
-0.428108
-0.427909
-0.427723
-0.427552
-0.427395
-0.427256
-0.427129
-0.42702
-0.426925
-0.426846
-0.426784
-0.426738
-0.426709
-0.426698
-0.426704
-0.426728
-0.42677
-0.42683
-0.426911
-0.427007
-0.427122
-0.427255
-0.427406
-0.427574
-0.427762
-0.427968
-0.428193
-0.428433
-0.428693
-0.428971
-0.429269
-0.429579
-0.429909
-0.430252
-0.430615
-0.430993
-0.431387
-0.431795
-0.432219
-0.432659
-0.433112
-0.433576
-0.434056
-0.434544
-0.435042
-0.435556
-0.43608
-0.436611
-0.437151
-0.4377
-0.438256
-0.43882
-0.439389
-0.439962
-0.440543
-0.441127
-0.441718
-0.44231
-0.442901
-0.443496
-0.444092
-0.444691
-0.445287
-0.445879
-0.446474
-0.447065
-0.447652
-0.448235
-0.448812
-0.449386
-0.449954
-0.450516
-0.451074
-0.451621
-0.452163
-0.452692
-0.453214
-0.45373
-0.454232
-0.45472
-0.455202
-0.45567
-0.456125
-0.456568
-0.456997
-0.457412
-0.457813
-0.458202
-0.458573
-0.458929
-0.459267
-0.45959
-0.459897
-0.460187
-0.460459
-0.460713
-0.460954
-0.46117
-0.461368
-0.461548
-0.461705
-0.46184
-0.46196
-0.462062
-0.46214
-0.462196
-0.462232
-0.462247
-0.462237
-0.462211
-0.46216
-0.462086
-0.46199
-0.461874
-0.46173
-0.461566
-0.461376
-0.461168
-0.460929
-0.46067
-0.460389
-0.460083
-0.459754
-0.459402
-0.459029
-0.458633
-0.458217
-0.457774
-0.457314
-0.456829
-0.456322
-0.455792
-0.455249
-0.45468
-0.454092
-0.453484
-0.452858
-0.452212
-0.451547
-0.45087
-0.450178
-0.449471
-0.448752
-0.448019
-0.447273
-0.446522
-0.44576
-0.44499
-0.444218
-0.44344
-0.442655
-0.441869
-0.441082
-0.440297
-0.439509
-0.438731
-0.437961
-0.437193
-0.43644
-0.435698
-0.434966
-0.434249
-0.433547
-0.432863
-0.432198
-0.431553
-0.430931
-0.430332
-0.429753
-0.429207
-0.428686
-0.428193
-0.427733
-0.427299
-0.426897
-0.426529
-0.426194
-0.425888
-0.425616
-0.425376
-0.42517
-0.424997
-0.424856
-0.424749
-0.424675
-0.424634
-0.424618
-0.424633
-0.424679
-0.424756
-0.42486
-0.424985
-0.425145
-0.425316
-0.425514
-0.425737
-0.425975
-0.426231
-0.426503
-0.42679
-0.427087
-0.427399
-0.42772
-0.428051
-0.428388
-0.428731
-0.429081
-0.429429
-0.429786
-0.430139
-0.43049
-0.430835
-0.431181
-0.431523
-0.431861
-0.432189
-0.432512
-0.432829
-0.433138
-0.433438
-0.433729
-0.434011
-0.434283
-0.434544
-0.434796
-0.435036
-0.435267
-0.435484
-0.435693
-0.435892
-0.436081
-0.436264
-0.436433
-0.436593
-0.436743
-0.436885
-0.437019
-0.437146
-0.437265
-0.437378
-0.437485
-0.437586
-0.437683
-0.43777
-0.437859
-0.437945
-0.438029
-0.438113
-0.438194
-0.438275
-0.438356
-0.43844
-0.438523
-0.438608
-0.438696
-0.438787
-0.43888
-0.438977
-0.43908
-0.439189
-0.439304
-0.439425
-0.439552
-0.439686
-0.439827
-0.439978
-0.440136
-0.440303
-0.440475
-0.440656
-0.440845
-0.441043
-0.441251
-0.441469
-0.441693
-0.441929
-0.442168
-0.442419
-0.442678
-0.442948
-0.443227
-0.443512
-0.443805
-0.444106
-0.444415
-0.444732
-0.445052
-0.445385
-0.445726
-0.446071
-0.446423
-0.446781
-0.447145
-0.447512
-0.447886
-0.448266
-0.448648
-0.449034
-0.449434
-0.449832
-0.450232
-0.450635
-0.45104
-0.451448
-0.451861
-0.452275
-0.452689
-0.453101
-0.453516
-0.45393
-0.454346
-0.454762
-0.455178
-0.455593
-0.456008
-0.456421
-0.456833
-0.457245
-0.457656
-0.458062
-0.458469
-0.45887
-0.459266
-0.459661
-0.460053
-0.460442
-0.460827
-0.461208
-0.461586
-0.461959
-0.462327
-0.462692
-0.463049
-0.463404
-0.463756
-0.464099
-0.464437
-0.464771
-0.465098
-0.465422
-0.46574
-0.466053
-0.46636
-0.466659
-0.466954
-0.467243
-0.467521
-0.467791
-0.468065
-0.46833
-0.468588
-0.468841
-0.469087
-0.469327
-0.469561
-0.469788
-0.470009
-0.470225
-0.470431
-0.470633
-0.470828
-0.471017
-0.471202
-0.471381
-0.471551
-0.471714
-0.471871
-0.472025
-0.472169
-0.472303
-0.472435
-0.472563
-0.472685
-0.472797
-0.472902
-0.473003
-0.473101
-0.473191
-0.473274
-0.473354
-0.473426
-0.473492
-0.473549
-0.473604
-0.473655
-0.473695
-0.473733
-0.473762
-0.473788
-0.473809
-0.473827
-0.473836
-0.473843
-0.473843
-0.473837
-0.473826
-0.473807
-0.473785
-0.473761
-0.473729
-0.473693
-0.473651
-0.473607
-0.473555
-0.473499
-0.47344
-0.473372
-0.473301
-0.473225
-0.473145
-0.47306
-0.47297
-0.472876
-0.472774
-0.472668
-0.472562
-0.472447
-0.472332
-0.472212
-0.472086
-0.471954
-0.471818
-0.471675
-0.47153
-0.471378
-0.471221
-0.471062
-0.470898
-0.470729
-0.470556
-0.470375
-0.470192
-0.470009
-0.469816
-0.469618
-0.469413
-0.469204
-0.468991
-0.468773
-0.468549
-0.468322
-0.468089
-0.467849
-0.467608
-0.467356
-0.467098
-0.466835
-0.466565
-0.466291
-0.466012
-0.465723
-0.46543
-0.465128
-0.464819
-0.464504
-0.464181
-0.463848
-0.463511
-0.463164
-0.462811
-0.46245
-0.462082
-0.461705
-0.461317
-0.460921
-0.460517
-0.460103
-0.459683
-0.459254
-0.458815
-0.458367
-0.45791
-0.457442
-0.456965
-0.45648
-0.455983
-0.455475
-0.454957
-0.454428
-0.453894
-0.453346
-0.452783
-0.452212
-0.45163
-0.451037
-0.450432
-0.44982
-0.449194
-0.448558
-0.447908
-0.447251
-0.446582
-0.445902
-0.445213
-0.444515
-0.443807
-0.443089
-0.442363
-0.441628
-0.440885
-0.440134
-0.439378
-0.438613
-0.437841
-0.437064
-0.436282
-0.435498
-0.434708
-0.433918
-0.433123
-0.43233
-0.431536
-0.430741
-0.429943
-0.429151
-0.428366
-0.427585
-0.42681
-0.426042
-0.425282
-0.424532
-0.423791
-0.423063
-0.422348
-0.421648
-0.420966
-0.420302
-0.419654
-0.419031
-0.418428
-0.417839
-0.417284
-0.41675
-0.416246
-0.415767
-0.415317
-0.414896
-0.41451
-0.414148
-0.41382
-0.413525
-0.413264
-0.413037
-0.412844
-0.412686
-0.412566
-0.412479
-0.412432
-0.412419
-0.412439
-0.412494
-0.412587
-0.41271
-0.41287
-0.413063
-0.41329
-0.41355
-0.413842
-0.41416
-0.414513
-0.414895
-0.415307
-0.415747
-0.416208
-0.416696
-0.417209
-0.417743
-0.418305
-0.418879
-0.419471
-0.42008
-0.420705
-0.421344
-0.421996
-0.422659
-0.423328
-0.42401
-0.424701
-0.425397
-0.426097
-0.426801
-0.427508
-0.428213
-0.428923
-0.429629
-0.430336
-0.431037
-0.431734
-0.432425
-0.433111
-0.433792
-0.43446
-0.435122
-0.435774
-0.436417
-0.437048
-0.437668
-0.438281
-0.438877
-0.43946
-0.440028
-0.440583
-0.441124
-0.44165
-0.44216
-0.442656
-0.443135
-0.443599
-0.444049
-0.444478
-0.444895
-0.445296
-0.445678
-0.44604
-0.446386
-0.446718
-0.447031
-0.447329
-0.447611
-0.447871
-0.448123
-0.448353
-0.448569
-0.448769
-0.448954
-0.449123
-0.449277
-0.449415
-0.449538
-0.449645
-0.449739
-0.449819
-0.449884
-0.449937
-0.449976
-0.450006
-0.45002
-0.450018
-0.450008
-0.449987
-0.449957
-0.449914
-0.449861
-0.449797
-0.449729
-0.449647
-0.449556
-0.449456
-0.449346
-0.44923
-0.449107
-0.448974
-0.448838
-0.448694
-0.448545
-0.448387
-0.448226
-0.44806
-0.447889
-0.447716
-0.447536
-0.447351
-0.447163
-0.446971
-0.446775
-0.446579
-0.446376
-0.446171
-0.44596
-0.445748
-0.445533
-0.445314
-0.445093
-0.44487
-0.444645
-0.444414
-0.444183
-0.443948
-0.443711
-0.443474
-0.443228
-0.442984
-0.442735
-0.44248
-0.442222
-0.44196
-0.441697
-0.441427
-0.441156
-0.440882
-0.440601
-0.440317
-0.44003
-0.439736
-0.439438
-0.439134
-0.438829
-0.438519
-0.438207
-0.437887
-0.437563
-0.437237
-0.436903
-0.436565
-0.436222
-0.435872
-0.435522
-0.435166
-0.434803
-0.434439
-0.43407
-0.433698
-0.433322
-0.432943
-0.432558
-0.432174
-0.431788
-0.431399
-0.431007
-0.430613
-0.430216
-0.429817
-0.429418
-0.429018
-0.428623
-0.428225
-0.427826
-0.42743
-0.427035
-0.426641
-0.426249
-0.425859
-0.425471
-0.425086
-0.424704
-0.424324
-0.423948
-0.423575
-0.423204
-0.422838
-0.422479
-0.422119
-0.421768
-0.421417
-0.421072
-0.420732
-0.420396
-0.420064
-0.419736
-0.419411
-0.419092
-0.418777
-0.418467
-0.418162
-0.417862
-0.417567
-0.417272
-0.416984
-0.416695
-0.416406
-0.416123
-0.415842
-0.415561
-0.415285
-0.415008
-0.414735
-0.414466
-0.414194
-0.413928
-0.41366
-0.413388
-0.413121
-0.412854
-0.41259
-0.412324
-0.412057
-0.41179
-0.411522
-0.411252
-0.410983
-0.410713
-0.410444
-0.41017
-0.409897
-0.409623
-0.409348
-0.409071
-0.408793
-0.408514
-0.408234
-0.407952
-0.40767
-0.407386
-0.407103
-0.406817
-0.40653
-0.406241
-0.405952
-0.405663
-0.405372
-0.405081
-0.404789
-0.404496
-0.404204
-0.403913
-0.403619
-0.403326
-0.403032
-0.402738
-0.402447
-0.402153
-0.401859
-0.401564
-0.40127
-0.400977
-0.400682
-0.40039
-0.400098
-0.399806
-0.399514
-0.399228
-0.398937
-0.398644
-0.398353
-0.398062
-0.39777
-0.397479
-0.397188
-0.396898
-0.396604
-0.396313
-0.39602
-0.395728
-0.395434
-0.395142
-0.394849
-0.394552
-0.394254
-0.39395
-0.393649
-0.393346
-0.393041
-0.392734
-0.392424
-0.392112
-0.391795
-0.391478
-0.39116
-0.390834
-0.390509
-0.390176
-0.389842
-0.389507
-0.389165
-0.388819
-0.38847
-0.388118
-0.387759
-0.387396
-0.387027
-0.386655
-0.386276
-0.385894
-0.385508
-0.385118
-0.38472
-0.38432
-0.383916
-0.383507
-0.383096
-0.382681
-0.382262
-0.381836
-0.381407
-0.380975
-0.380539
-0.3801
-0.379659
-0.379216
-0.378772
-0.378323
-0.377877
-0.377432
-0.376986
-0.37654
-0.376096
-0.375655
-0.375217
-0.374784
-0.374352
-0.373928
-0.37351
-0.373102
-0.3727
-0.372308
-0.371926
-0.371555
-0.371197
-0.370858
-0.370529
-0.370213
-0.369917
-0.36964
-0.369382
-0.36915
-0.368938
-0.368746
-0.368574
-0.368435
-0.36832
-0.36823
-0.368171
-0.368139
-0.36814
-0.368173
-0.36824
-0.368337
-0.368463
-0.368628
-0.368829
-0.369063
-0.369332
-0.369636
-0.369975
-0.370349
-0.37076
-0.371204
-0.371683
-0.372195
-0.372738
-0.373314
-0.373929
-0.37457
-0.375242
-0.375942
-0.376671
-0.377429
-0.37821
-0.379013
-0.379842
-0.380692
-0.381562
-0.382448
-0.383352
-0.384271
-0.385204
-0.386153
-0.387112
-0.388078
-0.389058
-0.390041
-0.391029
-0.392027
-0.393021
-0.394015
-0.395011
-0.396002
-0.39699
-0.397974
-0.398952
-0.399922
-0.400885
-0.401837
-0.402778
-0.403712
-0.404633
-0.40554
-0.406438
-0.407317
-0.408187
-0.409039
-0.409875
-0.410695
-0.411499
-0.412285
-0.413055
-0.413806
-0.414538
-0.415256
-0.415954
-0.416633
-0.417293
-0.417935
-0.418559
-0.419164
-0.41975
-0.420315
-0.420865
-0.421396
-0.42191
-0.422407
-0.422886
-0.423342
-0.423783
-0.424209
-0.424615
-0.425002
-0.425372
-0.425727
-0.426064
-0.426387
-0.426694
-0.426988
-0.427261
-0.427522
-0.427771
-0.428002
-0.428219
-0.428422
-0.428611
-0.428786
-0.428951
-0.429097
-0.429233
-0.429359
-0.429473
-0.429572
-0.429659
-0.429735
-0.4298
-0.429851
-0.429891
-0.429925
-0.429949
-0.42996
-0.429959
-0.42995
-0.42993
-0.4299
-0.429865
-0.42982
-0.429765
-0.429704
-0.429631
-0.429551
-0.429463
-0.429367
-0.429264
-0.429153
-0.429034
-0.428911
-0.428778
-0.428639
-0.428495
-0.428341
-0.428182
-0.428015
-0.427843
-0.427667
-0.427482
-0.42729
-0.427091
-0.426889
-0.426682
-0.426469
-0.426251
-0.426025
-0.425797
-0.425565
-0.425327
-0.425084
-0.424836
-0.424584
-0.424327
-0.424065
-0.423802
-0.423532
-0.423258
-0.422982
-0.422701
-0.422412
-0.422123
-0.421829
-0.421533
-0.42123
-0.420926
-0.420617
-0.420306
-0.419993
-0.419677
-0.419357
-0.419035
-0.41871
-0.418382
-0.418052
-0.417715
-0.41738
-0.417043
-0.416706
-0.416359
-0.416014
-0.415666
-0.415319
-0.414971
-0.414618
-0.414269
-0.413919
-0.413567
-0.413213
-0.412857
-0.412498
-0.412141
-0.411783
-0.411425
-0.41107
-0.410711
-0.410356
-0.409998
-0.40964
-0.409283
-0.408926
-0.408571
-0.408216
-0.407863
-0.40751
-0.407162
-0.406815
-0.406465
-0.40612
-0.405776
-0.405438
-0.405097
-0.404761
-0.404427
-0.404097
-0.40377
-0.403446
-0.403123
-0.402806
-0.402495
-0.402186
-0.401883
-0.401584
-0.40129
-0.401001
-0.400716
-0.400434
-0.400161
-0.399889
-0.399622
-0.399363
-0.399105
-0.398855
-0.398611
-0.398372
-0.398138
-0.397911
-0.397691
-0.397477
-0.397272
-0.397074
-0.396882
-0.396694
-0.396513
-0.396339
-0.396171
-0.39601
-0.395856
-0.395708
-0.395563
-0.39543
-0.3953
-0.39518
-0.395064
-0.394956
-0.394853
-0.394758
-0.394671
-0.394593
-0.39452
-0.394453
-0.394392
-0.394337
-0.394286
-0.394246
-0.394207
-0.394176
-0.394151
-0.394131
-0.394117
-0.394111
-0.394107
-0.39411
-0.394114
-0.394122
-0.394138
-0.394157
-0.394181
-0.394209
-0.39424
-0.394273
-0.394312
-0.39435
-0.394395
-0.394441
-0.394492
-0.394543
-0.394599
-0.394655
-0.394716
-0.39478
-0.394844
-0.394912
-0.394977
-0.395045
-0.395114
-0.395184
-0.395252
-0.395326
-0.395397
-0.395469
-0.395541
-0.395612
-0.395684
-0.395754
-0.395825
-0.395894
-0.395963
-0.396033
-0.396099
-0.396165
-0.396231
-0.396291
-0.396351
-0.39641
-0.396467
-0.396522
-0.396575
-0.396626
-0.396674
-0.396723
-0.396766
-0.39681
-0.396848
-0.396884
-0.396917
-0.396949
-0.396976
-0.397
-0.397023
-0.397041
-0.397053
-0.397065
-0.397073
-0.397077
-0.397079
-0.397076
-0.397071
-0.397059
-0.397044
-0.397028
-0.397009
-0.396983
-0.396956
-0.396921
-0.396887
-0.396851
-0.396808
-0.396762
-0.396714
-0.396659
-0.396603
-0.396544
-0.396478
-0.396411
-0.396341
-0.396267
-0.396195
-0.396114
-0.39603
-0.39594
-0.395848
-0.395752
-0.395654
-0.395553
-0.395447
-0.395337
-0.395226
-0.395113
-0.394997
-0.39487
-0.39475
-0.394623
-0.394496
-0.394365
-0.394233
-0.394095
-0.393962
-0.393822
-0.39368
-0.393533
-0.393389
-0.393241
-0.393091
-0.392941
-0.39279
-0.392638
-0.392481
-0.392324
-0.392165
-0.392005
-0.391844
-0.391682
-0.39152
-0.391356
-0.391193
-0.391029
-0.390864
-0.3907
-0.390536
-0.390369
-0.390203
-0.390039
-0.389876
-0.389711
-0.38955
-0.389394
-0.389236
-0.389078
-0.388918
-0.388762
-0.388608
-0.388456
-0.388305
-0.388153
-0.388007
-0.387862
-0.387719
-0.387579
-0.387439
-0.387304
-0.387172
-0.387043
-0.386916
-0.386793
-0.38667
-0.38655
-0.386436
-0.386328
-0.386221
-0.386118
-0.386018
-0.385917
-0.385826
-0.38574
-0.385655
-0.385574
-0.385497
-0.385424
-0.385355
-0.385295
-0.385236
-0.385177
-0.385125
-0.385076
-0.385032
-0.384992
-0.384956
-0.384922
-0.384889
-0.384866
-0.384846
-0.384831
-0.384822
-0.384817
-0.384814
-0.384815
-0.38482
-0.384828
-0.384841
-0.384859
-0.384879
-0.3849
-0.384928
-0.384961
-0.384995
-0.385032
-0.385073
-0.38512
-0.385167
-0.385218
-0.385273
-0.385328
-0.385387
-0.385449
-0.385513
-0.385581
-0.385653
-0.385725
-0.385799
-0.385876
-0.385957
-0.386038
-0.386121
-0.386206
-0.38629
-0.386378
-0.386468
-0.386556
-0.386651
-0.386743
-0.386841
-0.386939
-0.387037
-0.387137
-0.387237
-0.387334
-0.387435
-0.387539
-0.387641
-0.387743
-0.387848
-0.387951
-0.388054
-0.388158
-0.388261
-0.388363
-0.388464
-0.388567
-0.38867
-0.388773
-0.388878
-0.388983
-0.389085
-0.389188
-0.389287
-0.389387
-0.389486
-0.38959
-0.389687
-0.389787
-0.389885
-0.389982
-0.390076
-0.390169
-0.390261
-0.390352
-0.390441
-0.390529
-0.390613
-0.390694
-0.390778
-0.39086
-0.390943
-0.391025
-0.3911
-0.391177
-0.391251
-0.391323
-0.391392
-0.391458
-0.391525
-0.39159
-0.391654
-0.391715
-0.391774
-0.391831
-0.391888
-0.39194
-0.39199
-0.392038
-0.392084
-0.392127
-0.392167
-0.39221
-0.392246
-0.392279
-0.392309
-0.392339
-0.392364
-0.392386
-0.392405
-0.392424
-0.39244
-0.39245
-0.392457
-0.392461
-0.39246
-0.39246
-0.392457
-0.39245
-0.392437
-0.392422
-0.392404
-0.392381
-0.392355
-0.392324
-0.392288
-0.392252
-0.39221
-0.392164
-0.392114
-0.39206
-0.392002
-0.391942
-0.391876
-0.391805
-0.39173
-0.39165
-0.391563
-0.391475
-0.391381
-0.391284
-0.391179
-0.391074
-0.390961
-0.390844
-0.390723
-0.390596
-0.390466
-0.390325
-0.390183
-0.390036
-0.389884
-0.389724
-0.389564
-0.389396
-0.389226
-0.389043
-0.388857
-0.388669
-0.388477
-0.388278
-0.388073
-0.387861
-0.387646
-0.387426
-0.387198
-0.386967
-0.386731
-0.38649
-0.386246
-0.385995
-0.385736
-0.385475
-0.385209
-0.38494
-0.384662
-0.38438
-0.384097
-0.383808
-0.383514
-0.383213
-0.382909
-0.382602
-0.382292
-0.381976
-0.381658
-0.381336
-0.381012
-0.380684
-0.380353
-0.380019
-0.379684
-0.379345
-0.379003
-0.378659
-0.378311
-0.377963
-0.377613
-0.377262
-0.37691
-0.376556
-0.376202
-0.375847
-0.37549
-0.375132
-0.374776
-0.374421
-0.374068
-0.373714
-0.373358
-0.373008
-0.372659
-0.372309
-0.371961
-0.371613
-0.371271
-0.370929
-0.370587
-0.37025
-0.369916
-0.369588
-0.36926
-0.368936
-0.368615
-0.368298
-0.367985
-0.367676
-0.367372
-0.367074
-0.36678
-0.366489
-0.366203
-0.36592
-0.365644
-0.365373
-0.365108
-0.364849
-0.364597
-0.364352
-0.36411
-0.363875
-0.363648
-0.363428
-0.363212
-0.363004
-0.362802
-0.362607
-0.362423
-0.362244
-0.362072
-0.361909
-0.361754
-0.361608
-0.361476
-0.361348
-0.361229
-0.361118
-0.361019
-0.36093
-0.360855
-0.360786
-0.36073
-0.360684
-0.360653
-0.360633
-0.360622
-0.360629
-0.360647
-0.360684
-0.36074
-0.360804
-0.360883
-0.360978
-0.361088
-0.361215
-0.361357
-0.361517
-0.361696
-0.361891
-0.362106
-0.362338
-0.362589
-0.362859
-0.363148
-0.363456
-0.363779
-0.364127
-0.364494
-0.364881
-0.365285
-0.365709
-0.366155
-0.36662
-0.367105
-0.36761
-0.368131
-0.368673
-0.369234
-0.369816
-0.37041
-0.371025
-0.371658
-0.372306
-0.37297
-0.37365
-0.374344
-0.375056
-0.37578
-0.376513
-0.377259
-0.378018
-0.378789
-0.379569
-0.380359
-0.381161
-0.381967
-0.382781
-0.383602
-0.384427
-0.385258
-0.386093
-0.386931
-0.387772
-0.388615
-0.389461
-0.390302
-0.391146
-0.391991
-0.392831
-0.39367
-0.394505
-0.395337
-0.396165
-0.396987
-0.397807
-0.398618
-0.399426
-0.400221
-0.401012
-0.401795
-0.40257
-0.403336
-0.404094
-0.404842
-0.405578
-0.406304
-0.407023
-0.407731
-0.408429
-0.409113
-0.409786
-0.410451
-0.411107
-0.411749
-0.412379
-0.412995
-0.413603
-0.414196
-0.414779
-0.415349
-0.415908
-0.416461
-0.417002
-0.417526
-0.418039
-0.418544
-0.419033
-0.419508
-0.419974
-0.420428
-0.420871
-0.421304
-0.421726
-0.422135
-0.422532
-0.422919
-0.423294
-0.423658
-0.42401
-0.42435
-0.424683
-0.425002
-0.425316
-0.42562
-0.425911
-0.426194
-0.426467
-0.426728
-0.426982
-0.427221
-0.427456
-0.427678
-0.427889
-0.428091
-0.428285
-0.428471
-0.428647
-0.428815
-0.428978
-0.429128
-0.429269
-0.429404
-0.429527
-0.429645
-0.429752
-0.42985
-0.42994
-0.430023
-0.430096
-0.430159
-0.430216
-0.430264
-0.430304
-0.430337
-0.430361
-0.430377
-0.430385
-0.430385
-0.430372
-0.430356
-0.430332
-0.430302
-0.430262
-0.430214
-0.430155
-0.430093
-0.430021
-0.429941
-0.429851
-0.429755
-0.429651
-0.429534
-0.429411
-0.429281
-0.429147
-0.429002
-0.428852
-0.428691
-0.428522
-0.428345
-0.428165
-0.427971
-0.427772
-0.427562
-0.427344
-0.427115
-0.42688
-0.426637
-0.426386
-0.426129
-0.425861
-0.425585
-0.425303
-0.42501
-0.424707
-0.424395
-0.424075
-0.423749
-0.423415
-0.423073
-0.422723
-0.422364
-0.421998
-0.421623
-0.421243
-0.42085
-0.420449
-0.420043
-0.419629
-0.419207
-0.418778
-0.418342
-0.417895
-0.417442
-0.416984
-0.416518
-0.416044
-0.415565
-0.41508
-0.414592
-0.414092
-0.413588
-0.413073
-0.412557
-0.412033
-0.411506
-0.410974
-0.410437
-0.409894
-0.409352
-0.408802
-0.40825
-0.407693
-0.407131
-0.406567
-0.405997
-0.405427
-0.404855
-0.404281
-0.403705
-0.403128
-0.40255
-0.401971
-0.401392
-0.400815
-0.400237
-0.399659
-0.399082
-0.398508
-0.397937
-0.397366
-0.396797
-0.396234
-0.395672
-0.395116
-0.394559
-0.39401
-0.393463
-0.392924
-0.392391
-0.391865
-0.391347
-0.390835
-0.390328
-0.389829
-0.389336
-0.38886
-0.388388
-0.387928
-0.387479
-0.38704
-0.386613
-0.386197
-0.385793
-0.385402
-0.385024
-0.384659
-0.384307
-0.38397
-0.383645
-0.383339
-0.383049
-0.382772
-0.38251
-0.382265
-0.382037
-0.381825
-0.381625
-0.381446
-0.381288
-0.381146
-0.38102
-0.380915
-0.380825
-0.380751
-0.380701
-0.380672
-0.38066
-0.380668
-0.380695
-0.380739
-0.3808
-0.380883
-0.380986
-0.381105
-0.381242
-0.381397
-0.381573
-0.381762
-0.381971
-0.382195
-0.382441
-0.382703
-0.38298
-0.383273
-0.383582
-0.383906
-0.384248
-0.384604
-0.384972
-0.385356
-0.38575
-0.386158
-0.386583
-0.38701
-0.387451
-0.387902
-0.388367
-0.388841
-0.389322
-0.389814
-0.390315
-0.390824
-0.391339
-0.391862
-0.392393
-0.392928
-0.393468
-0.394015
-0.394565
-0.395123
-0.395687
-0.396244
-0.396809
-0.397374
-0.397941
-0.398512
-0.399082
-0.399653
-0.400224
-0.400798
-0.401367
-0.401938
-0.402506
-0.403075
-0.403644
-0.404211
-0.404777
-0.405339
-0.405899
-0.406459
-0.407017
-0.407576
-0.408132
-0.408681
-0.409227
-0.409773
-0.410316
-0.41086
-0.411398
-0.411935
-0.412467
-0.412997
-0.413523
-0.414047
-0.414571
-0.415089
-0.415604
-0.416116
-0.416626
-0.417133
-0.417632
-0.418134
-0.418633
-0.419129
-0.41962
-0.420111
-0.420599
-0.421083
-0.421566
-0.422047
-0.422525
-0.423001
-0.423475
-0.423946
-0.424417
-0.424884
-0.425348
-0.42581
-0.426269
-0.426725
-0.42718
-0.427632
-0.428081
-0.428532
-0.428976
-0.429418
-0.429854
-0.430292
-0.430725
-0.431155
-0.431582
-0.432006
-0.432426
-0.432848
-0.433262
-0.433672
-0.434076
-0.434478
-0.434879
-0.435273
-0.435663
-0.436048
-0.436429
-0.436805
-0.437179
-0.437545
-0.437903
-0.438261
-0.438608
-0.438952
-0.43929
-0.439622
-0.439947
-0.440265
-0.440577
-0.440884
-0.441179
-0.441469
-0.441752
-0.442026
-0.442293
-0.442551
-0.442801
-0.443042
-0.443275
-0.443498
-0.443712
-0.443917
-0.444112
-0.444297
-0.444472
-0.444637
-0.444791
-0.444935
-0.445068
-0.44519
-0.445301
-0.445398
-0.445485
-0.445561
-0.445626
-0.445678
-0.445717
-0.44575
-0.445767
-0.445769
-0.445758
-0.445732
-0.445693
-0.445642
-0.445579
-0.445502
-0.445411
-0.445306
-0.445185
-0.445052
-0.444905
-0.444744
-0.444573
-0.444383
-0.444178
-0.443959
-0.443726
-0.443477
-0.443212
-0.442934
-0.442641
-0.442333
-0.442011
-0.441673
-0.441321
-0.440954
-0.440572
-0.440175
-0.439764
-0.439338
-0.438897
-0.438442
-0.437972
-0.437486
-0.436988
-0.436476
-0.43595
-0.43541
-0.434858
-0.434292
-0.433715
-0.433123
-0.432519
-0.431898
-0.431271
-0.430631
-0.429981
-0.42932
-0.428649
-0.42797
-0.42728
-0.426581
-0.425874
-0.425161
-0.424439
-0.42371
-0.422973
-0.422233
-0.421488
-0.42074
-0.419985
-0.419229
-0.418472
-0.417718
-0.41696
-0.416204
-0.415451
-0.414696
-0.413946
-0.413201
-0.412458
-0.411717
-0.410989
-0.410269
-0.409558
-0.408859
-0.40817
-0.407493
-0.406828
-0.406175
-0.405535
-0.40491
-0.404299
-0.403707
-0.403131
-0.402575
-0.402038
-0.401521
-0.401023
-0.400548
-0.400095
-0.399665
-0.399258
-0.398874
-0.398514
-0.398179
-0.397864
-0.397579
-0.397319
-0.397085
-0.396881
-0.396701
-0.396545
-0.396415
-0.39631
-0.396232
-0.396179
-0.396154
-0.396152
-0.396175
-0.39622
-0.396289
-0.396385
-0.396504
-0.396646
-0.396811
-0.396995
-0.397205
-0.397433
-0.397679
-0.397946
-0.398235
-0.398539
-0.39886
-0.399199
-0.399552
-0.399922
-0.400305
-0.400702
-0.401115
-0.401535
-0.401969
-0.402416
-0.402868
-0.403333
-0.403806
-0.404288
-0.404774
-0.40527
-0.405768
-0.406276
-0.406794
-0.407312
-0.407829
-0.408357
-0.408884
-0.409419
-0.409951
-0.410487
-0.411027
-0.411564
-0.412104
-0.412648
-0.413189
-0.41373
-0.414272
-0.414813
-0.415353
-0.415893
-0.416432
-0.416969
-0.417506
-0.418043
-0.418579
-0.419114
-0.419644
-0.420173
-0.420699
-0.421224
-0.421752
-0.422273
-0.422794
-0.423311
-0.423826
-0.424338
-0.424848
-0.425356
-0.425867
-0.42637
-0.426868
-0.427367
-0.427862
-0.428356
-0.428846
-0.429334
-0.42982
-0.4303
-0.430782
-0.431261
-0.431734
-0.432205
-0.43267
-0.433137
-0.4336
-0.43406
-0.434513
-0.434961
-0.435407
-0.435847
-0.436283
-0.436717
-0.437147
-0.437572
-0.437993
-0.438409
-0.438822
-0.439228
-0.439629
-0.440024
-0.440416
-0.440801
-0.441177
-0.441549
-0.441915
-0.442278
-0.442631
-0.442978
-0.443318
-0.443652
-0.443978
-0.444297
-0.444611
-0.444915
-0.445211
-0.445495
-0.445775
-0.446048
-0.44631
-0.446568
-0.446818
-0.447057
-0.447287
-0.447508
-0.447723
-0.447926
-0.448121
-0.448303
-0.448482
-0.44865
-0.448807
-0.448955
-0.449093
-0.449219
-0.44934
-0.449449
-0.449548
-0.449635
-0.449715
-0.449785
-0.449845
-0.449893
-0.449933
-0.449964
-0.449987
-0.449998
-0.449999
-0.449991
-0.449971
-0.449941
-0.449904
-0.449862
-0.449804
-0.449739
-0.449668
-0.449585
-0.449493
-0.449393
-0.449286
-0.449169
-0.449044
-0.448912
-0.448773
-0.448627
-0.44847
-0.448307
-0.448136
-0.447959
-0.447778
-0.447588
-0.44739
-0.447189
-0.446982
-0.446769
-0.446553
-0.446335
-0.446114
-0.445889
-0.445656
-0.445423
-0.445187
-0.444947
-0.444706
-0.444461
-0.444219
-0.443978
-0.443738
-0.443498
-0.44326
-0.443023
-0.442789
-0.442555
-0.442326
-0.442101
-0.44188
-0.441661
-0.441455
-0.441251
-0.441051
-0.440857
-0.440671
-0.440491
-0.440324
-0.44016
-0.440003
-0.439856
-0.439719
-0.439591
-0.439473
-0.439365
-0.439268
-0.439181
-0.439107
-0.439042
-0.438989
-0.438946
-0.438916
-0.438899
-0.438894
-0.438898
-0.438911
-0.438939
-0.438976
-0.439024
-0.439083
-0.439159
-0.439243
-0.439338
-0.439441
-0.439557
-0.439678
-0.439814
-0.439959
-0.440112
-0.440275
-0.44045
-0.440629
-0.440815
-0.441005
-0.441204
-0.441411
-0.441621
-0.441839
-0.442056
-0.442279
-0.442498
-0.442729
-0.44296
-0.443195
-0.443426
-0.44366
-0.443891
-0.444126
-0.444357
-0.444587
-0.444812
-0.445036
-0.445257
-0.445476
-0.445689
-0.445896
-0.446098
-0.446291
-0.44648
-0.446663
-0.446838
-0.447003
-0.447164
-0.447317
-0.447458
-0.44759
-0.447713
-0.447827
-0.447927
-0.448023
-0.448103
-0.448172
-0.448227
-0.448273
-0.448307
-0.448331
-0.44834
-0.448337
-0.448318
-0.448289
-0.448252
-0.448194
-0.448123
-0.448039
-0.447944
-0.447837
-0.447715
-0.447581
-0.447429
-0.447268
-0.447091
-0.4469
-0.446691
-0.446473
-0.446241
-0.445996
-0.445735
-0.445462
-0.445177
-0.444878
-0.444564
-0.44424
-0.4439
-0.44355
-0.443187
-0.442812
-0.442423
-0.442026
-0.441616
-0.441198
-0.440764
-0.44032
-0.439864
-0.439398
-0.43892
-0.438434
-0.437936
-0.437428
-0.436914
-0.436389
-0.435858
-0.435319
-0.434773
-0.434219
-0.433659
-0.433092
-0.43252
-0.431942
-0.431359
-0.430771
-0.430178
-0.429583
-0.428985
-0.428384
-0.427781
-0.427177
-0.426573
-0.425967
-0.425362
-0.424755
-0.424148
-0.423549
-0.42295
-0.422357
-0.421765
-0.421178
-0.420592
-0.420017
-0.419444
-0.418879
-0.418316
-0.417766
-0.417225
-0.416694
-0.416171
-0.415657
-0.415154
-0.414662
-0.414181
-0.413711
-0.413252
-0.412807
-0.412383
-0.411965
-0.41156
-0.411172
-0.410796
-0.410436
-0.410089
-0.409756
-0.409436
-0.409133
-0.408848
-0.408575
-0.408318
-0.408073
-0.407848
-0.407632
-0.407434
-0.40725
-0.407081
-0.406925
-0.406783
-0.406654
-0.406538
-0.406435
-0.406343
-0.406266
-0.406198
-0.406143
-0.406096
-0.406058
-0.40603
-0.40601
-0.405998
-0.405996
-0.405999
-0.406008
-0.406023
-0.406043
-0.406067
-0.406096
-0.406128
-0.406167
-0.406204
-0.406243
-0.406285
-0.406325
-0.406366
-0.406404
-0.406441
-0.406479
-0.406515
-0.40655
-0.406581
-0.406612
-0.406635
-0.406657
-0.406677
-0.406691
-0.406698
-0.406703
-0.406705
-0.406699
-0.406688
-0.406672
-0.406651
-0.406624
-0.406591
-0.406553
-0.406511
-0.406461
-0.406408
-0.406347
-0.406278
-0.406206
-0.406129
-0.406047
-0.405959
-0.405867
-0.405767
-0.40566
-0.405557
-0.405444
-0.40533
-0.40521
-0.405089
-0.404965
-0.404841
-0.404712
-0.404581
-0.40445
-0.404313
-0.404179
-0.404043
-0.403905
-0.403766
-0.403629
-0.403495
-0.40336
-0.403226
-0.403092
-0.402962
-0.402832
-0.402708
-0.402587
-0.40247
-0.402357
-0.402252
-0.402149
-0.402051
-0.401962
-0.401876
-0.401798
-0.401724
-0.401662
-0.401603
-0.401555
-0.401516
-0.401485
-0.401464
-0.401453
-0.401452
-0.401461
-0.401484
-0.401517
-0.401557
-0.401609
-0.40168
-0.401758
-0.401849
-0.401954
-0.40207
-0.402199
-0.402339
-0.402495
-0.402661
-0.402845
-0.403036
-0.403243
-0.403466
-0.403699
-0.403951
-0.404211
-0.40449
-0.404776
-0.405076
-0.405388
-0.405715
-0.406057
-0.406406
-0.406769
-0.407143
-0.407531
-0.407931
-0.408335
-0.408748
-0.409173
-0.409605
-0.410047
-0.410497
-0.410954
-0.411416
-0.411886
-0.412362
-0.412844
-0.413332
-0.413822
-0.414312
-0.414808
-0.415309
-0.415807
-0.41631
-0.416812
-0.417313
-0.417814
-0.418314
-0.418812
-0.41931
-0.419802
-0.420292
-0.420777
-0.421258
-0.421735
-0.422208
-0.422671
-0.42313
-0.423582
-0.424028
-0.424466
-0.424896
-0.425318
-0.425732
-0.426137
-0.426533
-0.426923
-0.4273
-0.427668
-0.428026
-0.428373
-0.428713
-0.42904
-0.429356
-0.429662
-0.429955
-0.430239
-0.430516
-0.430778
-0.431029
-0.431269
-0.431498
-0.431716
-0.431923
-0.432118
-0.432303
-0.432475
-0.432638
-0.432792
-0.432934
-0.433064
-0.433185
-0.433297
-0.433399
-0.433486
-0.433563
-0.433633
-0.433697
-0.433748
-0.433789
-0.433822
-0.433838
-0.433851
-0.433856
-0.433854
-0.433844
-0.433826
-0.433802
-0.433766
-0.433722
-0.43367
-0.433611
-0.433545
-0.433471
-0.433392
-0.433303
-0.43321
-0.433111
-0.433006
-0.432897
-0.432778
-0.432661
-0.432533
-0.432406
-0.432268
-0.432124
-0.431982
-0.431831
-0.431675
-0.431516
-0.431353
-0.431186
-0.431015
-0.430839
-0.430659
-0.430479
-0.430296
-0.430112
-0.429919
-0.429727
-0.429534
-0.429338
-0.429141
-0.428939
-0.428737
-0.428534
-0.428327
-0.428124
-0.427917
-0.427708
-0.427501
-0.427291
-0.427082
-0.426871
-0.426659
-0.426446
-0.426233
-0.426017
-0.425806
-0.425595
-0.42538
-0.425169
-0.424956
-0.424746
-0.424534
-0.424323
-0.424112
-0.423902
-0.423688
-0.42348
-0.42327
-0.423064
-0.422861
-0.422655
-0.422452
-0.422251
-0.422051
-0.421852
-0.421655
-0.421462
-0.421269
-0.421079
-0.420889
-0.420699
-0.420513
-0.420326
-0.420144
-0.419963
-0.419785
-0.419609
-0.419435
-0.419264
-0.419095
-0.418925
-0.418761
-0.418596
-0.418436
-0.418279
-0.418124
-0.417971
-0.417821
-0.417674
-0.417529
-0.417389
-0.417252
-0.417112
-0.41697
-0.416838
-0.416709
-0.416582
-0.416458
-0.416336
-0.416215
-0.416096
-0.415982
-0.415871
-0.415764
-0.415658
-0.415554
-0.415453
-0.415356
-0.41526
-0.415166
-0.415074
-0.414985
-0.4149
-0.414816
-0.414733
-0.414656
-0.414575
-0.414502
-0.414428
-0.414356
-0.414281
-0.414214
-0.414148
-0.414086
-0.414024
-0.413966
-0.413907
-0.413849
-0.413794
-0.41374
-0.413682
-0.413631
-0.413583
-0.413537
-0.41349
-0.413444
-0.413398
-0.413359
-0.413316
-0.413274
-0.413233
-0.413192
-0.413152
-0.413113
-0.413075
-0.413037
-0.412997
-0.412961
-0.412924
-0.412888
-0.412854
-0.412818
-0.412785
-0.412752
-0.412719
-0.412684
-0.412646
-0.412608
-0.412572
-0.412536
-0.412502
-0.412465
-0.41243
-0.412393
-0.412355
-0.412316
-0.412277
-0.41224
-0.412199
-0.412158
-0.412114
-0.412069
-0.412026
-0.411986
-0.411946
-0.4119
-0.411852
-0.411807
-0.411758
-0.411708
-0.411656
-0.411604
-0.411553
-0.411494
-0.411438
-0.411381
-0.411323
-0.411263
-0.4112
-0.411138
-0.411075
-0.411012
-0.410946
-0.410879
-0.41081
-0.41074
-0.410666
-0.410595
-0.410521
-0.410445
-0.410367
-0.410291
-0.41021
-0.410126
-0.410043
-0.409956
-0.40987
-0.409784
-0.409695
-0.409606
-0.409514
-0.40942
-0.409325
-0.409228
-0.40913
-0.40903
-0.408926
-0.408823
-0.408719
-0.408613
-0.408503
-0.408392
-0.408281
-0.408169
-0.408053
-0.407939
-0.407824
-0.407709
-0.40759
-0.407469
-0.407344
-0.40722
-0.407098
-0.406966
-0.406838
-0.406711
-0.406581
-0.406448
-0.406315
-0.40618
-0.406043
-0.405899
-0.40576
-0.405619
-0.405473
-0.40533
-0.405186
-0.40504
-0.404891
-0.404741
-0.404594
-0.404443
-0.404292
-0.404141
-0.403982
-0.403827
-0.403671
-0.403514
-0.403353
-0.403196
-0.403035
-0.402876
-0.402713
-0.402549
-0.402387
-0.402224
-0.402057
-0.40189
-0.401722
-0.40155
-0.401375
-0.401204
-0.401033
-0.40086
-0.400689
-0.40052
-0.400345
-0.40017
-0.399992
-0.399815
-0.399636
-0.399455
-0.399277
-0.399096
-0.398914
-0.398734
-0.398553
-0.398373
-0.398191
-0.398007
-0.397825
-0.397643
-0.39746
-0.397279
-0.397098
-0.396915
-0.396728
-0.396544
-0.39636
-0.396175
-0.395991
-0.395806
-0.395621
-0.395433
-0.39525
-0.395065
-0.394874
-0.394686
-0.394495
-0.394312
-0.394126
-0.393942
-0.393751
-0.393567
-0.39338
-0.393194
-0.393007
-0.39282
-0.392632
-0.392443
-0.392255
-0.392067
-0.391879
-0.391693
-0.391507
-0.391318
-0.391128
-0.390938
-0.390748
-0.390555
-0.390363
-0.390171
-0.389981
-0.389787
-0.38959
-0.389395
-0.389202
-0.389005
-0.388807
-0.388607
-0.38841
-0.388203
-0.388
-0.387798
-0.387593
-0.38739
-0.387183
-0.386972
-0.38676
-0.386545
-0.386331
-0.386114
-0.385893
-0.38567
-0.385444
-0.385218
-0.38499
-0.384754
-0.384517
-0.384278
-0.384033
-0.383787
-0.383539
-0.383286
-0.383031
-0.382777
-0.382512
-0.382243
-0.381973
-0.381699
-0.381421
-0.381144
-0.380858
-0.380568
-0.380273
-0.379972
-0.379669
-0.379364
-0.37905
-0.378733
-0.378412
-0.378086
-0.377754
-0.377419
-0.377079
-0.37673
-0.376379
-0.376024
-0.375666
-0.375303
-0.374936
-0.374567
-0.374191
-0.373811
-0.373422
-0.373034
-0.372641
-0.372242
-0.371842
-0.371438
-0.371031
-0.370622
-0.370211
-0.369794
-0.369374
-0.368952
-0.368527
-0.368101
-0.367672
-0.367242
-0.36681
-0.366378
-0.365945
-0.365509
-0.365075
-0.364639
-0.364207
-0.363772
-0.363342
-0.362915
-0.362486
-0.362059
-0.361638
-0.361217
-0.3608
-0.36039
-0.359982
-0.359581
-0.359186
-0.358796
-0.358413
-0.358037
-0.35767
-0.357306
-0.356953
-0.356611
-0.356275
-0.355951
-0.355635
-0.355329
-0.355034
-0.35475
-0.354477
-0.354215
-0.353964
-0.353729
-0.353507
-0.353298
-0.353103
-0.352922
-0.352758
-0.352604
-0.352469
-0.352348
-0.352244
-0.352156
-0.352081
-0.352022
-0.351979
-0.351951
-0.351941
-0.351945
-0.35197
-0.352006
-0.352062
-0.352134
-0.352218
-0.352323
-0.352442
-0.352581
-0.352735
-0.352899
-0.353084
-0.353282
-0.353497
-0.353727
-0.35397
-0.354229
-0.354503
-0.354792
-0.355095
-0.355409
-0.355735
-0.356074
-0.356422
-0.356786
-0.357161
-0.357545
-0.357936
-0.358341
-0.358754
-0.359174
-0.359599
-0.360038
-0.360481
-0.360932
-0.361388
-0.36185
-0.362317
-0.362786
-0.363264
-0.363743
-0.364224
-0.364711
-0.365197
-0.365684
-0.366174
-0.366658
-0.367141
-0.367628
-0.368119
-0.368603
-0.369087
-0.369566
-0.370039
-0.370508
-0.370976
-0.371438
-0.371896
-0.37235
-0.372796
-0.373238
-0.37367
-0.374093
-0.37451
-0.374919
-0.37532
-0.375709
-0.376089
-0.376463
-0.376826
-0.37718
-0.377519
-0.37785
-0.378168
-0.378476
-0.378773
-0.379056
-0.379327
-0.379585
-0.379829
-0.380061
-0.380279
-0.380486
-0.380676
-0.380855
-0.381017
-0.381165
-0.381298
-0.381416
-0.381524
-0.381613
-0.381691
-0.381749
-0.38179
-0.381817
-0.38183
-0.381827
-0.381808
-0.381777
-0.381728
-0.381663
-0.381583
-0.381486
-0.381376
-0.381253
-0.38111
-0.380953
-0.380784
-0.3806
-0.380402
-0.38019
-0.379969
-0.37973
-0.379477
-0.379212
-0.378937
-0.378647
-0.378346
-0.378033
-0.377707
-0.37737
-0.377028
-0.376674
-0.376312
-0.375941
-0.375562
-0.375176
-0.374783
-0.374385
-0.373979
-0.373568
-0.373156
-0.37274
-0.372322
-0.371903
-0.371484
-0.371064
-0.370646
-0.370227
-0.369813
-0.369397
-0.368987
-0.368582
-0.368182
-0.367788
-0.367402
-0.367027
-0.366659
-0.366298
-0.365945
-0.365606
-0.365277
-0.36496
-0.364656
-0.364365
-0.364087
-0.363825
-0.363577
-0.363339
-0.363122
-0.362922
-0.36274
-0.362575
-0.362425
-0.362292
-0.362176
-0.362078
-0.361998
-0.361935
-0.361887
-0.36186
-0.361847
-0.361854
-0.361875
-0.361918
-0.361975
-0.362048
-0.36214
-0.362242
-0.362361
-0.362492
-0.362639
-0.362807
-0.362981
-0.363166
-0.363361
-0.36357
-0.363788
-0.364017
-0.364256
-0.364502
-0.364755
-0.365016
-0.365282
-0.365552
-0.365827
-0.366111
-0.366396
-0.366686
-0.366976
-0.367271
-0.367564
-0.367855
-0.368148
-0.368443
-0.368734
-0.369024
-0.369311
-0.369593
-0.369874
-0.370153
-0.370426
-0.370694
-0.370958
-0.371213
-0.371465
-0.371712
-0.371952
-0.372189
-0.372416
-0.372637
-0.372849
-0.373054
-0.37325
-0.373439
-0.373627
-0.3738
-0.373965
-0.374119
-0.374267
-0.374407
-0.374538
-0.374661
-0.374776
-0.374882
-0.374978
-0.375065
-0.375149
-0.375223
-0.375289
-0.375346
-0.375396
-0.375438
-0.375473
-0.3755
-0.375518
-0.375531
-0.375537
-0.375537
-0.37553
-0.375519
-0.375503
-0.375478
-0.375445
-0.375409
-0.375372
-0.375326
-0.375275
-0.375223
-0.375166
-0.375103
-0.375036
-0.374966
-0.374895
-0.374818
-0.37474
-0.374656
-0.374576
-0.374491
-0.374405
-0.374317
-0.374229
-0.374137
-0.374048
-0.373961
-0.373869
-0.37378
-0.373692
-0.373604
-0.37352
-0.373438
-0.373355
-0.373273
-0.373192
-0.373115
-0.373041
-0.37297
-0.372902
-0.372837
-0.372775
-0.372717
-0.372663
-0.372613
-0.372564
-0.372523
-0.372488
-0.372456
-0.372426
-0.372403
-0.372385
-0.372372
-0.372365
-0.372363
-0.372367
-0.372376
-0.37239
-0.372411
-0.372442
-0.372473
-0.372511
-0.372555
-0.372604
-0.372659
-0.372723
-0.37279
-0.372863
-0.372942
-0.373027
-0.37312
-0.373216
-0.373316
-0.373422
-0.373535
-0.373654
-0.373779
-0.37391
-0.374045
-0.374187
-0.374333
-0.374484
-0.374641
-0.3748
-0.374969
-0.375138
-0.375314
-0.375497
-0.375683
-0.375872
-0.376066
-0.376264
-0.376466
-0.376671
-0.376881
-0.377094
-0.377314
-0.377534
-0.377757
-0.377984
-0.378214
-0.378446
-0.378682
-0.378922
-0.379163
-0.379408
-0.379648
-0.379893
-0.380141
-0.380394
-0.380647
-0.3809
-0.381158
-0.381418
-0.381679
-0.381939
-0.3822
-0.382462
-0.382725
-0.382991
-0.383255
-0.383519
-0.383784
-0.384047
-0.384314
-0.384579
-0.384844
-0.385109
-0.385374
-0.385638
-0.385901
-0.386167
-0.386429
-0.386695
-0.386956
-0.387216
-0.387474
-0.387732
-0.387988
-0.388247
-0.388503
-0.388755
-0.389006
-0.389254
-0.389504
-0.389754
-0.389997
-0.390239
-0.390476
-0.390714
-0.390949
-0.391182
-0.391413
-0.391642
-0.391868
-0.39209
-0.392312
-0.392533
-0.39275
-0.392961
-0.393173
-0.393379
-0.393585
-0.393788
-0.393989
-0.394186
-0.394384
-0.394576
-0.394765
-0.394951
-0.395134
-0.395314
-0.395491
-0.395665
-0.395837
-0.396005
-0.39617
-0.396332
-0.396493
-0.396651
-0.396806
-0.396955
-0.397099
-0.39724
-0.397382
-0.397519
-0.397653
-0.397784
-0.397911
-0.398035
-0.398156
-0.398277
-0.398394
-0.398505
-0.398614
-0.398722
-0.398824
-0.398923
-0.399019
-0.399112
-0.399204
-0.399291
-0.399372
-0.399455
-0.399533
-0.399607
-0.399679
-0.39975
-0.399813
-0.399878
-0.399938
-0.399995
-0.400048
-0.400097
-0.400145
-0.400188
-0.40023
-0.40027
-0.400309
-0.400341
-0.400372
-0.400403
-0.400429
-0.400454
-0.400479
-0.400495
-0.40051
-0.400522
-0.40053
-0.400538
-0.400542
-0.400545
-0.400545
-0.40054
-0.400537
-0.400535
-0.400525
-0.400515
-0.400505
-0.400486
-0.400465
-0.400443
-0.400417
-0.400392
-0.400366
-0.400338
-0.400301
-0.400269
-0.400233
-0.400192
-0.400156
-0.400113
-0.400069
-0.40002
-0.399971
-0.399921
-0.399871
-0.399817
-0.399763
-0.399708
-0.399648
-0.399591
-0.399528
-0.399464
-0.399397
-0.399332
-0.399262
-0.399188
-0.399115
-0.399043
-0.398968
-0.39889
-0.398816
-0.398736
-0.398657
-0.398574
-0.398489
-0.398401
-0.398312
-0.398224
-0.398139
-0.398051
-0.397959
-0.397866
-0.397775
-0.397679
-0.397581
-0.397481
-0.397385
-0.397284
-0.397184
-0.397083
-0.396981
-0.396878
-0.396774
-0.39667
-0.396565
-0.396459
-0.396352
-0.396245
-0.396139
-0.396028
-0.395921
-0.395811
-0.395701
-0.39559
-0.395478
-0.395366
-0.395254
-0.395143
-0.39503
-0.394916
-0.394802
-0.394688
-0.394573
-0.394458
-0.394345
-0.394232
-0.394116
-0.393997
-0.393879
-0.393765
-0.393648
-0.393529
-0.393412
-0.393295
-0.393178
-0.393061
-0.392946
-0.392824
-0.392706
-0.392588
-0.392473
-0.392356
-0.39224
-0.392122
-0.392005
-0.391887
-0.391769
-0.391651
-0.391528
-0.39141
-0.391292
-0.391177
-0.391058
-0.390938
-0.39082
-0.390701
-0.390585
-0.390467
-0.390348
-0.390229
-0.39011
-0.389991
-0.389872
-0.389753
-0.389633
-0.389516
-0.389398
-0.389277
-0.389157
-0.389036
-0.388915
-0.388793
-0.388671
-0.388549
-0.388426
-0.388303
-0.388177
-0.388053
-0.387928
-0.387803
-0.387677
-0.387551
-0.387424
-0.387296
-0.387168
-0.387041
-0.386909
-0.386779
-0.386647
-0.386516
-0.38638
-0.386249
-0.386115
-0.38598
-0.385841
-0.385704
-0.385566
-0.385428
-0.385288
-0.385147
-0.385008
-0.384866
-0.384722
-0.384578
-0.384435
-0.384286
-0.384141
-0.383993
-0.383844
-0.383689
-0.383538
-0.383384
-0.383231
-0.383077
-0.382925
-0.382767
-0.382611
-0.382456
-0.382298
-0.38214
-0.38198
-0.381821
-0.381655
-0.381494
-0.381332
-0.381168
-0.381005
-0.38084
-0.380676
-0.380513
-0.380349
-0.380187
-0.380023
-0.379859
-0.379694
-0.37953
-0.379369
-0.379205
-0.379041
-0.378878
-0.378716
-0.378556
-0.378392
-0.378231
-0.378069
-0.377907
-0.377749
-0.377594
-0.377438
-0.377281
-0.377127
-0.376975
-0.376819
-0.37667
-0.376525
-0.376381
-0.37624
-0.3761
-0.37596
-0.375824
-0.375693
-0.37556
-0.375428
-0.3753
-0.375176
-0.375052
-0.374928
-0.37481
-0.374694
-0.374582
-0.374472
-0.374365
-0.374261
-0.374161
-0.374066
-0.373969
-0.373881
-0.373796
-0.373709
-0.373626
-0.373551
-0.373477
-0.373406
-0.37334
-0.373276
-0.373216
-0.37316
-0.373105
-0.373053
-0.373008
-0.372966
-0.372927
-0.372892
-0.372863
-0.372835
-0.37281
-0.372788
-0.37277
-0.372755
-0.372743
-0.372735
-0.372729
-0.372726
-0.372729
-0.372732
-0.372737
-0.372748
-0.372759
-0.372772
-0.372787
-0.372805
-0.372824
-0.372845
-0.372869
-0.372893
-0.372922
-0.372952
-0.372981
-0.37301
-0.373041
-0.373072
-0.373101
-0.373133
-0.373166
-0.373198
-0.37323
-0.373261
-0.373292
-0.373322
-0.373353
-0.373381
-0.373405
-0.373429
-0.373452
-0.373473
-0.373491
-0.37351
-0.373523
-0.373533
-0.373538
-0.373541
-0.373541
-0.373538
-0.37353
-0.373517
-0.373501
-0.373477
-0.37345
-0.373418
-0.373383
-0.37334
-0.373292
-0.373234
-0.373175
-0.373105
-0.37303
-0.372948
-0.37286
-0.372765
-0.372661
-0.37255
-0.37243
-0.372302
-0.372165
-0.37202
-0.371866
-0.371701
-0.371529
-0.371346
-0.371158
-0.370958
-0.370748
-0.370529
-0.370299
-0.370062
-0.369811
-0.369551
-0.369282
-0.369
-0.368709
-0.368409
-0.368101
-0.367775
-0.367444
-0.367105
-0.366756
-0.366395
-0.366021
-0.36564
-0.365252
-0.364851
-0.364442
-0.364023
-0.363594
-0.36316
-0.362718
-0.362264
-0.361804
-0.361337
-0.36086
-0.36038
-0.359893
-0.359401
-0.358906
-0.358404
-0.357899
-0.357389
-0.356877
-0.356363
-0.355847
-0.35533
-0.354815
-0.3543
-0.353784
-0.353268
-0.352754
-0.352246
-0.351742
-0.351243
-0.350752
-0.350265
-0.349785
-0.349316
-0.348858
-0.348403
-0.34796
-0.347528
-0.347109
-0.346702
-0.346308
-0.345931
-0.345566
-0.345216
-0.344883
-0.344566
-0.344266
-0.343981
-0.343716
-0.343473
-0.343245
-0.34304
-0.342851
-0.342682
-0.342532
-0.3424
-0.342288
-0.34219
-0.34212
-0.342072
-0.342043
-0.342029
-0.342036
-0.342062
-0.342108
-0.34217
-0.342251
-0.342347
-0.342458
-0.342585
-0.342727
-0.342883
-0.343052
-0.343233
-0.343426
-0.343632
-0.343845
-0.344066
-0.344296
-0.344532
-0.344774
-0.345021
-0.345269
-0.345522
-0.345778
-0.346033
-0.346287
-0.346539
-0.346786
-0.347031
-0.347269
-0.347502
-0.347729
-0.347947
-0.348153
-0.348349
-0.348535
-0.348709
-0.348869
-0.349014
-0.349144
-0.349258
-0.349353
-0.349431
-0.349489
-0.349525
-0.349545
-0.34954
-0.349516
-0.349466
-0.349387
-0.349291
-0.349168
-0.349019
-0.348845
-0.348644
-0.348416
-0.348161
-0.347879
-0.34757
-0.34723
-0.346871
-0.346479
-0.346062
-0.345616
-0.345145
-0.344646
-0.344121
-0.343574
-0.343002
-0.342405
-0.341785
-0.341146
-0.340482
-0.339802
-0.3391
-0.338387
-0.33766
-0.33692
-0.336173
-0.335413
-0.334652
-0.333885
-0.333117
-0.33235
-0.331588
-0.330831
-0.330082
-0.329347
-0.328628
-0.327926
-0.327246
-0.326589
-0.325959
-0.325358
-0.32479
-0.324257
-0.323762
-0.323308
-0.322894
-0.322528
-0.32221
-0.321941
-0.321723
-0.321557
-0.321447
-0.321393
-0.321395
-0.321455
-0.321571
-0.321747
-0.321984
-0.322277
-0.322627
-0.323034
-0.323495
-0.324012
-0.324581
-0.325204
-0.325876
-0.326599
-0.327363
-0.328173
-0.329027
-0.329914
-0.33084
-0.331799
-0.332786
-0.333804
-0.334844
-0.335904
-0.336988
-0.338091
-0.339203
-0.340328
-0.341462
-0.342602
-0.343746
-0.344888
-0.346031
-0.34717
-0.348307
-0.349434
-0.350548
-0.351654
-0.352748
-0.353829
-0.354893
-0.355939
-0.356968
-0.357977
-0.358967
-0.359933
-0.360882
-0.361809
-0.362713
-0.363597
-0.364457
-0.365288
-0.366092
-0.366875
-0.367636
-0.36837
-0.369082
-0.36977
-0.370432
-0.371069
-0.371684
-0.372276
-0.372844
-0.373391
-0.373913
-0.374414
-0.374892
-0.37535
-0.375784
-0.3762
-0.376596
-0.376972
-0.37733
-0.377671
-0.377992
-0.378295
-0.378579
-0.378846
-0.379099
-0.379336
-0.379558
-0.379763
-0.379953
-0.380131
-0.380296
-0.380448
-0.380589
-0.380716
-0.38083
-0.380933
-0.381025
-0.381106
-0.381177
-0.381237
-0.381288
-0.381329
-0.381361
-0.381382
-0.381399
-0.381405
-0.381409
-0.381399
-0.381383
-0.381359
-0.381327
-0.381287
-0.381244
-0.381194
-0.381138
-0.381077
-0.381008
-0.380938
-0.380863
-0.380776
-0.380686
-0.380594
-0.380498
-0.380395
-0.38029
-0.380182
-0.380066
-0.37995
-0.379832
-0.379711
-0.379586
-0.379456
-0.379323
-0.379184
-0.379047
-0.378905
-0.378762
-0.378616
-0.378466
-0.378313
-0.378158
-0.378
-0.37784
-0.37768
-0.377515
-0.377346
-0.377177
-0.377004
-0.376832
-0.376657
-0.376481
-0.376309
-0.376132
-0.37595
-0.375764
-0.375581
-0.375397
-0.37521
-0.37502
-0.374829
-0.374636
-0.374439
-0.374241
-0.374043
-0.373844
-0.373644
-0.373443
-0.37324
-0.373038
-0.372832
-0.372623
-0.372415
-0.372205
-0.371992
-0.37178
-0.371567
-0.371353
-0.371135
-0.370915
-0.370695
-0.370476
-0.370256
-0.370034
-0.369812
-0.369593
-0.36937
-0.369142
-0.368915
-0.368687
-0.368457
-0.368227
-0.367996
-0.367763
-0.36753
-0.367295
-0.367062
-0.366825
-0.366588
-0.366349
-0.366107
-0.365867
-0.365625
-0.365383
-0.365139
-0.3649
-0.364652
-0.364406
-0.364159
-0.363912
-0.363663
-0.363416
-0.363166
-0.362915
-0.362663
-0.36241
-0.362157
-0.361903
-0.361649
-0.361394
-0.361136
-0.360879
-0.360622
-0.360365
-0.360105
-0.359846
-0.359587
-0.359326
-0.359066
-0.358809
-0.358549
-0.358286
-0.358026
-0.357765
-0.357507
-0.357246
-0.356982
-0.356724
-0.356463
-0.356203
-0.35594
-0.355679
-0.355417
-0.355157
-0.354898
-0.354642
-0.354384
-0.354124
-0.353866
-0.353608
-0.353352
-0.3531
-0.352846
-0.352593
-0.352334
-0.352083
-0.351833
-0.351585
-0.351333
-0.351087
-0.350843
-0.3506
-0.350359
-0.350119
-0.349882
-0.349646
-0.349409
-0.349175
-0.348945
-0.348717
-0.348491
-0.348268
-0.348047
-0.347828
-0.347612
-0.347396
-0.347185
-0.346977
-0.346772
-0.34657
-0.34637
-0.346174
-0.345981
-0.345791
-0.345606
-0.345423
-0.345243
-0.345066
-0.344893
-0.344724
-0.344558
-0.344398
-0.344238
-0.344083
-0.343935
-0.343788
-0.343645
-0.343509
-0.343374
-0.343244
-0.343117
-0.342995
-0.342877
-0.342763
-0.342653
-0.34255
-0.342449
-0.342352
-0.342259
-0.342171
-0.342085
-0.342005
-0.34193
-0.341858
-0.341794
-0.341731
-0.341671
-0.341614
-0.341562
-0.341516
-0.341474
-0.341436
-0.341403
-0.341373
-0.341347
-0.341325
-0.341307
-0.341292
-0.341281
-0.341274
-0.34127
-0.341267
-0.341272
-0.341278
-0.341287
-0.341299
-0.341316
-0.341333
-0.341354
-0.341376
-0.341401
-0.341429
-0.341459
-0.34149
-0.341524
-0.341559
-0.341596
-0.341632
-0.341671
-0.341712
-0.341754
-0.341797
-0.341837
-0.341879
-0.341923
-0.34197
-0.342014
-0.342061
-0.342105
-0.342149
-0.342191
-0.342236
-0.342277
-0.342317
-0.342355
-0.342397
-0.34243
-0.342463
-0.342494
-0.342526
-0.342553
-0.342577
-0.342598
-0.342614
-0.342627
-0.342637
-0.342648
-0.342653
-0.342655
-0.342652
-0.342645
-0.342634
-0.342619
-0.342602
-0.342578
-0.342548
-0.342514
-0.342475
-0.342431
-0.342382
-0.342327
-0.342266
-0.342203
-0.342128
-0.342051
-0.341965
-0.341874
-0.341779
-0.341678
-0.34157
-0.341455
-0.341338
-0.341212
-0.34108
-0.340943
-0.340804
-0.340654
-0.340498
-0.340334
-0.340166
-0.339993
-0.339813
-0.339629
-0.339438
-0.33924
-0.339042
-0.338836
-0.338624
-0.338408
-0.338191
-0.337968
-0.33774
-0.337509
-0.337267
-0.33703
-0.336792
-0.336549
-0.336302
-0.336057
-0.335809
-0.33556
-0.335308
-0.335059
-0.334812
-0.334566
-0.334318
-0.334072
-0.333831
-0.33359
-0.333354
-0.333117
-0.332887
-0.332661
-0.332441
-0.332226
-0.332017
-0.331815
-0.33162
-0.331433
-0.331256
-0.331086
-0.330923
-0.330774
-0.330631
-0.3305
-0.330381
-0.330273
-0.330177
-0.330094
-0.330023
-0.329965
-0.329921
-0.32989
-0.329873
-0.329873
-0.329885
-0.329912
-0.329954
-0.33001
-0.330082
-0.330168
-0.330268
-0.330385
-0.330517
-0.330666
-0.330829
-0.331006
-0.331195
-0.331401
-0.331619
-0.331854
-0.332102
-0.332364
-0.332638
-0.332926
-0.333228
-0.33354
-0.333868
-0.334202
-0.334544
-0.334898
-0.33526
-0.335631
-0.336012
-0.336403
-0.336799
-0.337202
-0.337611
-0.338027
-0.338445
-0.338868
-0.339294
-0.339723
-0.340152
-0.340584
-0.341015
-0.341446
-0.34188
-0.342311
-0.342742
-0.343167
-0.343591
-0.344015
-0.344434
-0.344843
-0.345249
-0.345649
-0.346042
-0.346428
-0.346803
-0.347172
-0.347532
-0.34788
-0.348217
-0.348546
-0.348863
-0.349168
-0.349461
-0.349738
-0.350001
-0.350252
-0.350491
-0.350708
-0.350913
-0.351102
-0.351272
-0.351426
-0.351565
-0.351679
-0.351778
-0.35186
-0.351919
-0.351958
-0.351976
-0.351973
-0.351948
-0.3519
-0.351829
-0.351735
-0.351617
-0.351473
-0.351306
-0.351114
-0.350897
-0.350652
-0.35038
-0.350085
-0.349768
-0.349419
-0.349045
-0.348646
-0.348215
-0.347757
-0.347271
-0.346757
-0.346216
-0.345647
-0.345052
-0.344427
-0.343777
-0.343102
-0.342401
-0.341675
-0.340925
-0.340151
-0.339354
-0.338536
-0.337694
-0.336836
-0.33596
-0.335067
-0.33416
-0.333239
-0.332306
-0.331367
-0.330418
-0.329461
-0.328508
-0.327551
-0.326597
-0.325651
-0.324709
-0.323776
-0.322857
-0.32195
-0.321064
-0.3202
-0.319363
-0.318552
-0.317771
-0.317025
-0.316313
-0.31564
-0.315012
-0.314429
-0.313894
-0.313409
-0.312978
-0.312597
-0.312274
-0.312009
-0.311801
-0.311655
-0.311574
-0.311554
-0.311597
-0.3117
-0.311867
-0.312095
-0.312388
-0.31274
-0.313154
-0.313627
-0.314157
-0.314741
-0.315376
-0.316067
-0.316805
-0.31759
-0.318419
-0.319291
-0.320201
-0.321148
-0.322128
-0.323137
-0.324175
-0.325238
-0.326323
-0.327427
-0.328547
-0.329682
-0.330828
-0.33198
-0.333137
-0.334297
-0.335461
-0.33662
-0.337775
-0.338925
-0.340067
-0.341199
-0.342321
-0.34343
-0.344524
-0.345606
-0.346669
-0.347715
-0.348739
-0.349747
-0.350739
-0.351706
-0.352652
-0.353576
-0.35448
-0.355359
-0.356216
-0.357048
-0.357859
-0.358647
-0.359413
-0.360156
-0.360876
-0.361576
-0.362252
-0.36291
-0.363542
-0.36415
-0.364739
-0.365308
-0.365856
-0.366384
-0.366893
-0.367383
-0.367851
-0.368306
-0.368741
-0.369158
-0.369559
-0.369938
-0.370305
-0.370657
-0.370993
-0.371315
-0.371622
-0.371916
-0.372195
-0.372461
-0.372712
-0.372953
-0.373182
-0.373399
-0.373605
-0.373799
-0.373983
-0.374157
-0.374322
-0.374476
-0.37462
-0.374755
-0.374883
-0.375001
-0.37511
-0.37521
-0.375303
-0.375386
-0.375461
-0.375531
-0.375594
-0.375648
-0.375698
-0.375741
-0.375778
-0.375808
-0.375833
-0.375851
-0.375864
-0.375869
-0.37587
-0.375864
-0.375855
-0.375841
-0.37582
-0.375793
-0.375764
-0.37573
-0.375692
-0.375651
-0.375601
-0.375549
-0.375492
-0.375431
-0.375366
-0.375294
-0.375223
-0.375145
-0.375063
-0.374974
-0.374882
-0.374785
-0.374687
-0.374585
-0.374479
-0.374369
-0.37426
-0.374142
-0.374021
-0.373895
-0.373764
-0.373631
-0.373496
-0.373356
-0.373209
-0.373061
-0.372909
-0.372751
-0.372591
-0.372428
-0.372258
-0.372087
-0.371912
-0.371734
-0.371554
-0.371368
-0.371178
-0.370986
-0.370789
-0.37059
-0.370385
-0.370175
-0.369962
-0.369743
-0.369518
-0.369296
-0.369069
-0.368837
-0.368601
-0.368363
-0.368119
-0.367866
-0.367615
-0.367357
-0.367102
-0.36684
-0.366573
-0.366304
-0.366031
-0.365752
-0.365467
-0.365181
-0.364888
-0.364594
-0.364296
-0.363994
-0.363689
-0.36338
-0.363065
-0.362749
-0.362429
-0.362104
-0.361778
-0.361451
-0.36112
-0.36078
-0.360441
-0.360101
-0.359755
-0.359407
-0.359055
-0.358703
-0.358348
-0.357991
-0.357632
-0.357271
-0.356909
-0.356544
-0.356179
-0.355812
-0.355446
-0.355077
-0.354705
-0.354338
