1.003	11.4743
1.00601	12.3759
1.00903	12.2451
1.01205	12.4675
1.01509	11.8504
1.01814	14.5436
1.02119	13.0151
1.02425	12.314
1.02733	12.6312
1.03041	11.3537
1.0335	11.3826
1.0366	13.5876
1.03971	11.6083
1.04283	12.1243
1.04596	11.473
1.0491	11.7696
1.05224	12.8295
1.0554	8.85471
1.05857	12.3772
1.06174	12.8561
1.06493	12.7784
1.06812	13.7029
1.07133	10.5909
1.07454	12.6201
1.07776	13.5649
1.081	12.3751
1.08424	14.7981
1.08749	12.2037
1.09075	13.0675
1.09403	13.5636
1.09731	13.5403
1.1006	11.0178
1.1039	13.918
1.10721	12.8623
1.11054	12.6326
1.11387	14.1409
1.11721	12.231
1.12056	10.7704
1.12392	14.1559
1.12729	12.1155
1.13068	12.2654
1.13407	13.349
1.13747	12.6601
1.14088	11.5174
1.14431	13.5152
1.14774	9.88086
1.15118	10.5791
1.15464	14.4535
1.1581	12.726
1.16157	11.0441
1.16506	13.909
1.16855	15.1594
1.17206	12.7508
1.17558	14.9494
1.1791	13.5508
1.18264	13.5052
1.18619	12.7394
1.18975	12.1649
1.19331	11.4651
1.19689	12.7496
1.20049	11.043
1.20409	11.4143
1.2077	13.7595
1.21132	12.6711
1.21496	11.1525
1.2186	11.3985
1.22226	12.8039
1.22592	12.7046
1.2296	10.483
1.23329	11.7331
1.23699	13.8984
1.2407	14.0415
1.24442	11.5924
1.24816	14.1352
1.2519	10.8709
1.25566	12.1379
1.25942	11.5189
1.2632	11.9601
1.26699	12.3427
1.27079	13.3902
1.2746	12.5943
1.27843	10.3661
1.28226	13.5611
1.28611	11.6717
1.28997	11.6791
1.29384	12.5827
1.29772	13.2412
1.30161	11.3054
1.30552	13.2843
1.30944	13.4128
1.31336	13.045
1.3173	15.4249
1.32126	11.602
1.32522	12.6431
1.32919	11.5388
1.33318	12.2656
1.33718	11.9448
1.34119	13.946
1.34522	11.433
1.34925	13.5057
1.3533	11.9177
1.35736	11.0424
1.36143	9.80509
1.36552	12.6
1.36961	12.5186
1.37372	12.427
1.37784	11.8832
1.38198	11.8612
1.38612	12.6125
1.39028	11.6611
1.39445	12.1103
1.39864	11.0314
1.40283	13.7271
1.40704	12.2662
1.41126	12.4759
1.41549	11.6001
1.41974	12.2743
1.424	10.8744
1.42827	11.5726
1.43256	11.7546
1.43685	11.7722
1.44117	11.7031
1.44549	12.0891
1.44983	12.3106
1.45417	11.6971
1.45854	10.9941
1.46291	11.676
1.4673	12.1058
1.4717	15.3472
1.47612	14.0917
1.48055	11.8341
1.48499	11.871
1.48944	12.8279
1.49391	12.6353
1.49839	9.77409
1.50289	10.3072
1.5074	11.5822
1.51192	12.1468
1.51646	14.5139
1.521	13.1056
1.52557	10.3164
1.53014	12.3788
1.53474	15.004
1.53934	9.92757
1.54396	12.6852
1.54859	12.7766
1.55323	12.5283
1.55789	13.9567
1.56257	12.6578
1.56726	11.9766
1.57196	11.0269
1.57667	12.7486
1.5814	12.4857
1.58615	14.07
1.59091	13.5706
1.59568	11.5985
1.60047	10.1292
1.60527	9.98192
1.61008	11.7308
1.61491	11.4653
1.61976	9.94129
1.62462	14.6781
1.62949	11.1225
1.63438	10.1143
1.63928	10.2231
1.6442	12.0576
1.64913	11.9847
1.65408	12.5006
1.65904	10.4257
1.66402	9.04588
1.66901	13.6333
1.67402	12.8615
1.67904	9.89542
1.68408	13.4196
1.68913	11.1655
1.6942	13.7285
1.69928	12.3334
1.70438	11.8083
1.70949	12.7693
1.71462	12.3344
1.71976	10.4875
1.72492	11.9579
1.7301	12.1725
1.73529	11.9558
1.74049	11.0949
1.74572	11.7696
1.75095	13.1167
1.75621	11.7816
1.76147	12.186
1.76676	10.6301
1.77206	13.1822
1.77738	13.4828
1.78271	12.3625
1.78806	11.5518
1.79342	11.2187
1.7988	13.1346
1.8042	11.1009
1.80961	11.9474
1.81504	11.1888
1.82048	12.187
1.82594	13.5865
1.83142	10.632
1.83692	11.3245
1.84243	11.9595
1.84795	11.4667
1.8535	10.8159
1.85906	11.7567
1.86464	12.0999
1.87023	13.567
1.87584	10.1163
1.88147	11.4561
1.88711	12.9374
1.89277	11.6812
1.89845	12.4584
1.90415	9.5233
1.90986	12.3624
1.91559	11.7696
1.92134	13.3705
1.9271	11.4912
1.93288	11.8178
1.93868	11.1286
1.9445	12.3795
1.95033	11.3249
1.95618	12.509
1.96205	9.95742
1.96794	9.66318
1.97384	12.1661
1.97976	10.9638
1.9857	9.57234
1.99166	12.3415
1.99763	11.865
2.00363	13.0188
2.00964	11.722
2.01566	10.677
2.02171	9.82287
2.02778	8.84738
2.03386	10.7949
2.03996	11.271
2.04608	11.9951
2.05222	10.0866
2.05838	11.3131
2.06455	11.0728
2.07075	11.4141
2.07696	11.8478
2.08319	10.1712
2.08944	12.8801
2.09571	11.279
2.10199	11.4129
2.1083	11.0988
2.11462	12.5621
2.12097	9.72221
2.12733	10.9731
2.13371	10.9823
2.14011	10.5012
2.14653	13.5215
2.15297	11.7988
2.15943	11.2644
2.16591	11.925
2.17241	8.27083
2.17893	12.1862
2.18546	11.2507
2.19202	10.39
2.1986	11.6558
2.20519	11.064
2.21181	10.6966
2.21844	9.92613
2.2251	9.14399
2.23177	12.1038
2.23847	9.76116
2.24518	11.0694
2.25192	12.94
2.25868	11.0232
2.26545	9.85178
2.27225	12.4973
2.27906	11.5807
2.2859	11.4645
2.29276	9.08399
2.29964	10.1066
2.30654	11.6386
2.31346	10.1686
2.3204	11.486
2.32736	11.1138
2.33434	11.211
2.34134	14.1303
2.34837	11.1504
2.35541	12.6372
2.36248	11.6944
2.36957	10.9377
2.37667	9.38685
2.3838	12.8364
2.39096	9.23927
2.39813	11.145
2.40532	9.74754
2.41254	12.3623
2.41978	10.8132
2.42704	10.9733
2.43432	10.6982
2.44162	11.3719
2.44894	10.9667
2.45629	12.2948
2.46366	10.7374
2.47105	10.4711
2.47846	9.79685
2.4859	10.5438
2.49336	9.72003
2.50084	10.8149
2.50834	11.3587
2.51587	10.0453
2.52341	12.7709
2.53098	10.9181
2.53858	12.4789
2.54619	11.0312
2.55383	9.78411
2.56149	12.0317
2.56918	10.6124
2.57688	10.1792
2.58461	12.0657
2.59237	9.66
2.60015	9.22383
2.60795	10.6794
2.61577	10.369
2.62362	11.1176
2.63149	10.7815
2.63938	11.7203
2.6473	10.2984
2.65524	10.2629
2.66321	12.2799
2.6712	8.53427
2.67921	10.2772
2.68725	12.901
2.69531	11.6035
2.7034	10.9019
2.71151	9.16881
2.71964	12.156
2.7278	11.1094
2.73598	12.2449
2.74419	10.584
2.75242	11.1723
2.76068	11.9953
2.76896	9.52029
2.77727	9.5056
2.7856	9.85235
2.79396	8.63582
2.80234	11.2543
2.81075	10.0219
2.81918	10.4705
2.82764	10.2124
2.83612	10.4634
2.84463	10.7288
2.85316	8.09216
2.86172	10.3231
2.87031	10.8314
2.87892	11.3043
2.88756	10.7742
2.89622	10.5443
2.90491	11.0193
2.91362	10.4081
2.92236	10.0287
2.93113	11.1693
2.93992	9.16504
2.94874	10.8324
2.95759	10.2374
2.96646	9.29796
2.97536	11.122
2.98429	10.8519
2.99324	10.2318
3.00222	9.41611
3.01123	9.48151
3.02026	9.30367
3.02932	11.0436
3.03841	9.83585
3.04752	12.7538
3.05667	10.3214
3.06584	10.7302
3.07503	10.0315
3.08426	9.10183
3.09351	10.1048
3.10279	10.0064
3.1121	8.96796
3.12144	9.14087
3.1308	10.4741
3.14019	9.77572
3.14961	9.57321
3.15906	10.8183
3.16854	9.43145
3.17805	10.7604
3.18758	11.5968
3.19714	8.57402
3.20673	8.36853
3.21635	8.19805
3.226	8.98095
3.23568	7.51497
3.24539	9.65399
3.25512	9.6027
3.26489	9.77778
3.27468	8.76361
3.28451	10.5142
3.29436	10.8675
3.30425	10.2485
3.31416	8.6083
3.3241	8.28276
3.33407	8.82275
3.34407	8.86875
3.35411	9.74037
3.36417	9.27083
3.37426	8.90017
3.38438	10.7253
3.39454	9.40981
3.40472	9.24721
3.41494	10.0343
3.42518	11.2368
3.43546	9.89052
3.44576	6.89318
3.4561	9.25244
3.46647	8.60518
3.47687	11.7485
3.4873	11.1276
3.49776	7.42152
3.50825	9.94022
3.51878	10.2359
3.52933	9.4261
3.53992	9.44596
3.55054	9.49659
3.56119	8.40953
3.57188	12.0582
3.58259	10.8797
3.59334	11.428
3.60412	9.59769
3.61493	11.7093
3.62578	8.58298
3.63666	7.90846
3.64757	10.8747
3.65851	9.55583
3.66948	8.35407
3.68049	10.2366
3.69153	7.82789
3.70261	9.68782
3.71372	11.2164
3.72486	8.89102
3.73603	10.6806
3.74724	9.36806
3.75848	10.5418
3.76976	10.638
3.78107	8.82357
3.79241	9.15397
3.80379	8.75795
3.8152	8.37434
3.82664	7.91177
3.83812	8.71837
3.84964	7.81588
3.86119	8.35873
3.87277	10.5065
3.88439	10.0622
3.89604	12.0212
3.90773	8.77997
3.91945	8.97144
3.93121	9.08799
3.943	11.1794
3.95483	7.47863
3.9667	9.83947
3.9786	8.14017
3.99053	8.18098
4.00251	8.80891
4.01451	8.2687
4.02656	10.8432
4.03864	8.68124
4.05075	8.89188
4.0629	10.846
4.07509	10.221
4.08732	9.13295
4.09958	9.15886
4.11188	8.03307
4.12422	8.92232
4.13659	9.99565
4.149	8.25062
4.16144	8.69415
4.17393	9.84936
4.18645	8.68966
4.19901	9.77405
4.21161	10.3046
4.22424	9.25178
4.23691	7.29743
4.24963	7.60756
4.26237	9.30897
4.27516	9.20006
4.28799	8.91909
4.30085	10.4722
4.31375	8.51883
4.32669	8.31295
4.33967	7.50409
4.35269	10.8491
4.36575	9.11097
4.37885	8.20608
4.39199	8.13344
4.40516	7.68496
4.41838	7.40583
4.43163	9.13102
4.44493	10.2805
4.45826	6.62407
4.47164	9.51026
4.48505	9.01347
4.49851	8.67492
4.512	8.40187
4.52554	8.33546
4.53911	9.95208
4.55273	9.66778
4.56639	8.6662
4.58009	8.81802
4.59383	8.53324
4.60761	8.48165
4.62143	11.3131
4.6353	9.22039
4.6492	8.09472
4.66315	8.41227
4.67714	7.08792
4.69117	9.99226
4.70525	6.5332
4.71936	7.85199
4.73352	8.85139
4.74772	9.22315
4.76196	8.78491
4.77625	7.47964
4.79058	10.2988
4.80495	9.63946
4.81937	8.75519
4.83382	7.43141
4.84832	8.40252
4.86287	9.47422
4.87746	8.87302
4.89209	9.93401
4.90677	7.63184
4.92149	7.58821
4.93625	8.62255
4.95106	8.55604
4.96591	6.72415
4.98081	7.57832
4.99575	7.39859
5.01074	11.2178
5.02577	8.47596
5.04085	7.76675
5.05597	9.05519
5.07114	7.3568
5.08635	7.22541
5.10161	8.34921
5.11692	9.54536
5.13227	6.93113
5.14767	7.27636
5.16311	9.71606
5.1786	7.84634
5.19413	8.92052
5.20972	7.94036
5.22535	9.42174
5.24102	10.6201
5.25674	9.35839
5.27252	8.39927
5.28833	6.16641
5.3042	7.65073
5.32011	8.02811
5.33607	7.40649
5.35208	8.09244
5.36813	9.36603
5.38424	7.01494
5.40039	6.50932
5.41659	7.34507
5.43284	7.5829
5.44914	8.09083
5.46549	7.46709
5.48189	8.59244
5.49833	8.4824
5.51483	6.7236
5.53137	6.79305
5.54796	7.55969
5.56461	7.12559
5.5813	9.2383
5.59805	7.66297
5.61484	6.91782
5.63168	7.05304
5.64858	6.62309
5.66553	8.10471
5.68252	7.6607
5.69957	7.11753
5.71667	9.09578
5.73382	8.00318
5.75102	6.92422
5.76827	8.61277
5.78558	6.9357
5.80293	8.2339
5.82034	7.38306
5.8378	6.18091
5.85532	7.06508
5.87288	7.18179
5.8905	6.73286
5.90817	8.13454
5.9259	8.75945
5.94368	9.23411
5.96151	7.95499
5.97939	6.96612
5.99733	7.38393
6.01532	6.94403
6.03337	6.66748
6.05147	7.60243
6.06962	7.49296
6.08783	8.71801
6.10609	6.32537
6.12441	7.03916
6.14279	6.16447
6.16121	5.6831
6.1797	9.0031
6.19824	6.6496
6.21683	9.33192
6.23548	9.78869
6.25419	7.71973
6.27295	8.64578
6.29177	7.59928
6.31065	6.5165
6.32958	7.61196
6.34857	8.00903
6.36761	6.70979
6.38672	7.01917
6.40588	5.92422
6.42509	7.34178
6.44437	6.43677
6.4637	7.12726
6.48309	7.40693
6.50254	7.62336
6.52205	6.34887
6.54162	6.82792
6.56124	6.87662
6.58092	6.84828
6.60067	7.8431
6.62047	7.53314
6.64033	7.02151
6.66025	7.37004
6.68023	7.76472
6.70027	6.4193
6.72037	5.76172
6.74053	6.0267
6.76076	6.60785
6.78104	6.4302
6.80138	7.34935
6.82179	7.27123
6.84225	7.44803
6.86278	6.00592
6.88337	7.03092
6.90402	5.97248
6.92473	6.73291
6.9455	6.91955
6.96634	6.09369
6.98724	7.78952
7.0082	7.85557
7.02922	6.97473
7.05031	5.85607
7.07146	6.39126
7.09268	7.30478
7.11396	5.33196
7.1353	7.52839
7.1567	6.55622
7.17817	5.60525
7.19971	6.67798
7.22131	7.86697
7.24297	7.4366
7.2647	7.84988
7.28649	6.17623
7.30835	6.55516
7.33028	5.58898
7.35227	7.23993
7.37433	5.82051
7.39645	6.62073
7.41864	6.63145
7.44089	6.47663
7.46322	6.22624
7.48561	6.42967
7.50806	6.70127
7.53059	5.74112
7.55318	5.88191
7.57584	6.39532
7.59857	6.40119
7.62136	7.02785
7.64423	7.86734
7.66716	6.79557
7.69016	7.05348
7.71323	6.92296
7.73637	6.20891
7.75958	6.88931
7.78286	5.29047
7.80621	6.84942
7.82963	7.04293
7.85311	6.02525
7.87667	6.46176
7.9003	6.61809
7.924	7.11546
7.94778	5.76885
7.97162	7.04762
7.99553	5.41892
8.01952	6.12057
8.04358	6.44523
8.06771	5.65845
8.09191	6.23742
8.11619	6.2978
8.14054	6.67274
8.16496	6.71346
8.18945	5.77132
8.21402	6.6933
8.23867	5.40441
8.26338	7.4536
8.28817	5.24509
8.31304	5.47374
8.33797	5.42722
8.36299	5.65354
8.38808	6.5193
8.41324	5.56198
8.43848	6.3971
8.4638	5.74514
8.48919	5.51213
8.51466	5.76476
8.5402	5.29474
8.56582	6.00592
8.59152	5.61699
8.61729	5.41679
8.64314	6.03424
8.66907	6.53738
8.69508	6.32709
8.72117	6.14576
8.74733	5.77897
8.77357	4.98699
8.79989	5.15409
8.82629	6.52518
8.85277	6.41491
8.87933	6.10637
8.90597	6.30357
8.93269	6.48175
8.95948	6.79376
8.98636	5.88569
9.01332	6.07133
9.04036	7.45026
9.06748	5.13265
9.09468	6.03973
9.12197	6.8779
9.14933	5.80822
9.17678	4.86532
9.20431	5.94727
9.23193	6.99212
9.25962	6.05458
9.2874	5.33173
9.31526	5.11038
9.34321	6.51854
9.37124	6.60195
9.39935	5.70153
9.42755	6.57788
9.45583	5.16108
9.4842	5.57638
9.51265	5.9613
9.54119	5.83718
9.56981	6.01895
9.59852	6.22657
9.62732	5.27313
9.6562	6.38325
9.68517	7.03794
9.71423	6.80829
9.74337	6.17211
9.7726	5.17838
9.80192	5.8968
9.83132	5.37237
9.86082	6.42367
9.8904	6.38222
9.92007	5.04362
9.94983	6.44948
9.97968	6.53167
10.0096	6.77779
10.0396	6.28204
10.0698	5.21311
10.1	5.92383
10.1303	5.45364
10.1607	5.84132
10.1911	5.13779
10.2217	5.39224
10.2524	6.66439
10.2831	6.68664
10.314	6.1464
10.3449	4.87142
10.376	6.31851
10.4071	5.89971
10.4383	5.26982
10.4696	5.60264
10.501	5.6491
10.5325	5.45519
10.5641	5.96266
10.5958	5.04561
10.6276	4.9377
10.6595	5.44488
10.6915	6.18244
10.7236	6.41523
10.7557	5.65561
10.788	5.69145
10.8204	5.58453
10.8528	5.69386
10.8854	5.78854
10.918	4.96941
10.9508	5.41565
10.9836	5.17704
11.0166	6.36192
11.0496	5.10615
11.0828	5.13208
11.116	5.73053
11.1494	5.58678
11.1828	5.85621
11.2164	5.04838
11.25	5.98146
11.2838	5.74373
11.3176	5.73707
11.3516	5.30794
11.3856	5.93691
11.4198	6.04119
11.4541	4.89437
11.4884	4.83971
11.5229	5.47035
11.5575	5.67858
11.5921	5.09158
11.6269	5.77419
11.6618	5.43718
11.6968	5.49566
11.7319	5.14161
11.7671	5.12939
11.8024	5.22183
11.8378	5.61941
11.8733	5.57366
11.9089	5.12854
11.9446	5.06951
11.9805	5.14656
12.0164	5.16317
12.0525	6.09617
12.0886	5.28607
12.1249	5.04565
12.1612	5.75176
12.1977	5.3659
12.2343	5.10365
12.271	4.87474
12.3078	4.91719
12.3448	4.62652
12.3818	4.92726
12.4189	5.22925
12.4562	5.00144
12.4936	5.56262
12.5311	5.17373
12.5686	6.11126
12.6063	5.36091
12.6442	5.00353
12.6821	4.7898
12.7201	4.87493
12.7583	5.453
12.7966	5.00126
12.835	5.17179
12.8735	4.75039
12.9121	4.60736
12.9508	4.59244
12.9897	5.22232
13.0287	4.5784
13.0677	5.42121
13.1069	4.73724
13.1463	5.12944
13.1857	5.47242
13.2253	5.20656
13.2649	4.80845
13.3047	4.97102
13.3446	5.06525
13.3847	4.78835
13.4248	5.02811
13.4651	4.87489
13.5055	4.82616
13.546	4.96141
13.5867	5.31855
13.6274	5.52632
13.6683	4.51172
13.7093	4.81484
13.7504	4.87381
13.7917	4.88559
13.8331	4.72783
13.8746	4.69204
13.9162	4.87875
13.9579	4.36271
13.9998	4.25396
14.0418	5.64025
14.0839	5.71788
14.1262	5.50104
14.1686	5.34478
14.2111	5.44193
14.2537	5.15334
14.2965	4.85657
14.3393	4.72507
14.3824	4.46124
14.4255	4.4212
14.4688	4.52317
14.5122	4.99727
14.5557	4.77039
14.5994	5.3764
14.6432	5.46635
14.6871	5.40426
14.7312	5.51372
14.7754	5.21388
14.8197	5.53248
14.8642	4.75128
14.9088	4.44877
14.9535	5.03357
14.9983	5.28906
15.0433	4.6727
15.0885	5.25878
15.1337	5.08725
15.1791	5.0528
15.2247	5.06746
15.2704	4.56914
15.3162	4.7272
15.3621	5.32433
15.4082	4.74599
15.4544	4.70621
15.5008	5.03137
15.5473	5.11309
15.5939	4.92519
15.6407	4.73822
15.6876	5.46213
15.7347	5.58765
15.7819	5.0743
15.8292	4.40238
15.8767	4.60549
15.9244	4.75845
15.9721	4.77984
16.0201	4.64903
16.0681	4.87464
16.1163	4.91934
16.1647	5.33464
16.2132	5.32506
16.2618	4.90428
16.3106	4.99765
16.3595	4.38964
16.4086	4.88543
16.4578	4.36656
16.5072	4.51402
16.5567	4.80036
16.6064	4.39566
16.6562	4.61925
16.7062	4.54903
16.7563	4.74572
16.8066	4.47059
16.857	4.90583
16.9076	4.77597
16.9583	4.77431
17.0092	4.84471
17.0602	4.66865
17.1114	4.91385
17.1627	5.37797
17.2142	4.90521
17.2658	4.25093
17.3176	4.5797
17.3696	4.97574
17.4217	5.08704
17.4739	4.40692
17.5264	4.02596
17.5789	4.21065
17.6317	5.02464
17.6846	5.10663
17.7376	5.15076
17.7908	4.71696
17.8442	4.56578
17.8978	5.06573
17.9514	4.34343
18.0053	4.93448
18.0593	4.70388
18.1135	4.50702
18.1678	4.67607
18.2223	4.67417
18.277	4.58561
18.3318	4.35409
18.3868	4.3729
18.442	4.24354
18.4973	4.65144
18.5528	4.48497
18.6085	4.38498
18.6643	4.68519
18.7203	4.58452
18.7764	4.13198
18.8328	4.57557
18.8893	4.31189
18.9459	4.42783
19.0028	4.76121
19.0598	4.50583
19.117	4.20833
19.1743	4.28129
19.2318	4.25609
19.2895	4.40166
19.3474	4.73831
19.4054	4.4641
19.4637	4.64702
19.5221	4.67185
19.5806	4.46444
19.6394	4.38537
19.6983	4.3179
19.7574	4.57116
19.8166	4.96022
19.8761	4.39666
19.9357	4.51994
19.9955	4.65067
20.0555	4.10049
20.1157	4.39045
20.176	4.70361
20.2366	4.3799
20.2973	4.69337
20.3582	4.43629
20.4192	4.60458
20.4805	4.19998
20.5419	4.1705
20.6036	4.16468
20.6654	4.18632
20.7274	4.08483
20.7896	4.12125
20.8519	4.23161
20.9145	4.44363
20.9772	4.50546
21.0402	4.70467
21.1033	4.23361
21.1666	4.25293
21.2301	4.5002
21.2938	4.28575
21.3577	4.695
21.4217	4.29251
21.486	4.24227
21.5505	4.31145
21.6151	4.15479
21.6799	4.37593
21.745	4.43922
21.8102	4.03424
21.8757	4.02354
21.9413	3.93061
22.0071	4.11302
22.0731	4.02138
22.1393	4.31821
22.2058	4.30175
22.2724	4.26984
22.3392	4.90608
22.4062	4.68712
22.4734	4.43067
22.5409	4.42441
22.6085	4.50189
22.6763	4.30553
22.7443	3.97772
22.8126	4.21662
22.881	4.17865
22.9496	4.02284
23.0185	4.05825
23.0875	4.13317
23.1568	4.09112
23.2263	4.18971
23.296	4.20894
23.3658	4.36626
23.4359	4.38587
23.5063	4.19523
23.5768	4.36795
23.6475	4.18919
23.7184	4.25635
23.7896	4.23538
23.861	4.11746
23.9326	4.24144
24.0043	4.42164
24.0764	4.12063
24.1486	4.30732
24.221	4.0255
24.2937	4.26625
24.3666	4.3078
24.4397	4.36996
24.513	4.75318
24.5865	4.46351
24.6603	4.2926
24.7343	4.25224
24.8085	4.0461
24.8829	4.08699
24.9576	4.02921
25.0324	4.03785
25.1075	3.94175
25.1828	4.27164
25.2584	4.14408
25.3342	4.23573
25.4102	4.14019
25.4864	4.54877
25.5629	4.49265
25.6396	4.42351
25.7165	4.09034
25.7936	4.11133
25.871	4.09391
25.9486	4.47226
26.0265	4.18971
26.1045	4.22988
26.1829	4.04693
26.2614	4.29271
26.3402	4.19513
26.4192	3.97879
26.4985	4.04151
26.578	4.19359
26.6577	4.03873
26.7377	4.03002
26.8179	4.20984
26.8983	4.28723
26.979	4.29435
27.06	4.1448
27.1411	4.2859
27.2226	4.24786
27.3042	4.19084
27.3862	4.33719
27.4683	4.24988
27.5507	4.35949
27.6334	4.12602
27.7163	4.23482
27.7994	4.27914
27.8828	4.21377
27.9665	3.99094
28.0504	3.84292
28.1345	4.14594
28.2189	3.99464
28.3036	3.94793
28.3885	4.17776
28.4736	4.13851
28.5591	3.88045
28.6447	3.96002
28.7307	3.95497
28.8169	4.12371
28.9033	4.03618
28.99	4.31232
29.077	4.3619
29.1642	4.09062
29.2517	4.25275
29.3395	4.20191
29.4275	4.2732
29.5158	4.39048
29.6043	4.15316
29.6931	4.27245
29.7822	4.04317
29.8716	4.0719
29.9612	4.09782
30.0511	4.08682
30.1412	4.09615
30.2316	4.14992
30.3223	4.09105
30.4133	4.07032
30.5045	4.12309
30.5961	4.29846
30.6878	4.11191
30.7799	3.99435
30.8723	4.15684
30.9649	3.98364
31.0578	4.20392
31.1509	4.20716
31.2444	4.14068
31.3381	4.04483
31.4321	4.26417
31.5264	4.03662
31.621	4.03525
31.7159	4.0113
31.811	4.08535
31.9065	4.0644
32.0022	4.1456
32.0982	3.93418
32.1945	4.31604
32.2911	4.03542
32.3879	4.032
32.4851	4.14186
32.5826	4.16964
32.6803	4.02326
32.7783	4.04407
32.8767	4.03801
32.9753	3.98334
33.0742	4.07456
33.1735	4.08117
33.273	4.18983
33.3728	3.95719
33.4729	4.14097
33.5733	4.02817
33.6741	4.13375
33.7751	4.0241
33.8764	3.98535
33.978	3.98334
34.08	4.01074
34.1822	3.98506
34.2847	4.03009
34.3876	4.03287
34.4908	3.97211
34.5942	4.21047
34.698	4.05274
34.8021	4.00628
34.9065	4.04507
35.0112	4.14462
35.1163	4.15912
35.2216	3.9783
35.3273	4.18478
35.4333	3.94373
35.5396	4.09403
35.6462	3.94684
35.7531	3.94684
35.8604	3.96033
35.968	3.89958
36.0759	4.10961
36.1841	3.99614
36.2927	4.12643
36.4015	4.09466
36.5107	4.06038
36.6203	4.12937
36.7301	3.95321
36.8403	4.15873
36.9508	4.1122
37.0617	4.24622
37.1729	4.23501
37.2844	4.01713
37.3962	4.10881
37.5084	4.02676
37.621	4.18587
37.7338	3.99648
37.847	4.03057
37.9606	4.11535
38.0744	4.07527
38.1887	4.14375
38.3032	4.09712
38.4181	4.00676
38.5334	4.05432
38.649	4.16239
38.7649	3.99332
38.8812	3.97128
38.9979	3.9884
39.1149	3.98828
39.2322	3.97687
39.3499	4.00859
39.468	3.92609
39.5864	4.01448
39.7051	4.01886
39.8243	4.00331
39.9437	4.17877
40.0636	3.94977
40.1837	4.06038
40.3043	4.03211
40.4252	4.00759
40.5465	4.05965
40.6681	4.17849
40.7901	3.94016
40.9125	3.95742
41.0352	4.01792
41.1583	3.97698
41.2818	3.94016
41.4057	3.97379
41.5299	3.93418
41.6545	3.99912
41.7794	4.04135
41.9048	4.08358
42.0305	4.04844
42.1566	4.02047
42.283	4.09264
42.4099	4.11691
42.5371	3.9841
42.6647	3.94308
42.7927	3.98373
42.9211	4.00473
43.0499	3.94977
43.179	3.94308
43.3086	3.9984
43.4385	4.00578
43.5688	4.03213
43.6995	4.02667
43.8306	3.98033
43.9621	3.99146
44.094	3.96409
44.2263	3.95958
44.3589	3.96409
44.492	4.04233
44.6255	3.98373
44.7594	3.99078
44.8937	4.01623
45.0283	3.98573
45.1634	4.19694
45.2989	3.95958
45.4348	3.99599
45.5711	4.06295
45.7078	3.97592
45.8449	3.97365
45.9825	4.00978
46.1204	4.08795
46.2588	3.94977
46.3976	3.97879
46.5368	3.94308
46.6764	3.99146
46.8164	3.99241
46.9568	4.00737
47.0977	4.02215
47.239	4.05213
47.3807	3.96924
47.5229	4.07711
47.6654	4.14719
47.8084	3.99696
47.9519	3.98315
48.0957	3.94178
48.24	4.06096
48.3847	4.04142
48.5299	4.01228
48.6755	3.98286
48.8215	4.1297
48.968	3.93565
49.1149	4.04262
49.2622	3.99298
49.41	3.93623
49.5582	3.90914
49.7069	3.93914
49.856	3.99624
50.0056	3.96943
50.1556	3.97391
50.3061	4.03424
50.457	3.97087
50.6084	3.96717
50.7602	3.89958
50.9125	3.89958
51.0652	3.95926
51.2184	3.90914
51.3721	3.92668
51.5262	3.90914
51.6807	3.95049
51.8358	4.01963
51.9913	3.97124
52.1473	3.973
52.3037	3.98888
52.4606	3.97082
52.618	3.98535
52.7759	3.97748
52.9342	3.98038
53.093	3.94373
53.2523	3.93555
53.412	3.92574
53.5723	3.95882
53.733	3.95699
53.8942	3.92668
54.0559	3.95719
54.218	3.9487
54.3807	3.9605
54.5438	3.95838
54.7075	3.95675
54.8716	4.06249
55.0362	4.01087
55.2013	3.99239
55.3669	4.01786
55.533	4.06559
55.6996	3.98357
55.8667	3.93565
56.0343	3.9306
56.2024	3.9824
56.371	3.93729
56.5401	3.98357
56.7097	3.95675
56.8799	3.97587
57.0505	3.93914
57.2217	3.93869
57.3933	3.93223
57.5655	3.94763
57.7382	3.94178
57.9114	3.95838
58.0852	3.93726
58.2594	4.0191
58.4342	4.04633
58.6095	4.00997
58.7853	3.9501
58.9617	3.9618
59.1386	3.96533
59.316	3.92668
59.4939	3.95049
59.6724	3.93555
59.8514	3.89958
60.031	3.93311
60.2111	3.96238
60.3917	3.98714
60.5729	3.98913
60.7546	3.95072
60.9369	3.99624
61.1197	3.95742
61.303	3.94177
61.4869	3.9613
61.6714	4.01566
61.8564	3.96027
62.042	3.94178
62.2281	3.89958
62.4148	3.93311
62.602	3.90914
62.7898	3.89958
62.9782	3.94128
63.1672	3.89958
63.3567	3.89958
63.5467	3.93555
63.7374	4.025
63.9286	3.99392
64.1204	3.99583
64.3127	3.99583
64.5057	3.94978
64.6992	3.99392
64.8933	3.90914
65.088	3.90914
65.2832	3.94023
65.4791	3.89958
65.6755	3.93529
65.8725	3.93311
66.0702	3.89958
66.2684	3.93529
66.4672	3.90914
66.6666	3.90914
66.8666	3.89958
67.0672	3.90914
67.2684	3.97389
67.4702	4.00308
67.6726	3.96717
67.8756	3.90914
68.0792	3.92668
68.2835	3.89958
68.4883	3.89958
68.6938	3.89958
68.8999	3.90914
69.1066	3.89958
69.3139	3.89958
69.5218	4.00719
69.7304	3.92668
69.9396	3.92668
70.1494	3.93529
70.3598	3.89958
70.5709	3.89958
70.7826	3.90914
70.995	3.90914
71.208	3.89958
71.4216	3.90914
71.6359	3.90914
71.8508	3.99226
72.0663	3.95355
72.2825	3.98569
72.4994	3.95806
72.7169	3.97399
72.935	3.95355
73.1538	3.93223
73.3733	3.94763
73.5934	3.94787
73.8142	3.93565
74.0356	3.95095
74.2577	3.93869
74.4805	3.9306
74.7039	3.94787
74.9281	3.93869
75.1528	3.94787
75.3783	3.94681
75.6044	3.96943
75.8312	3.98666
76.0587	4.07229
76.2869	3.96033
76.5158	3.94177
76.7453	3.93565
76.9756	3.94887
77.2065	3.94684
77.4381	3.9306
77.6704	3.94681
77.9034	3.93729
78.1371	3.93418
78.3716	3.99899
78.6067	3.94016
78.8425	3.96341
79.079	3.93565
79.3163	3.9306
79.5542	3.9771
79.7929	3.95224
80.0322	3.98175
80.2723	3.93565
80.5132	3.95224
80.7547	3.9487
80.997	3.92609
81.24	3.92609
81.4837	3.94373
81.7281	3.95095
81.9733	3.94177
82.2192	3.95842
82.4659	3.94787
82.7133	3.96436
82.9614	3.94887
83.2103	3.97287
83.4599	3.94887
83.7103	3.9487
83.9615	3.98675
84.2133	3.94824
84.466	3.9605
84.7194	3.96341
84.9735	3.94373
85.2285	3.93914
85.4841	3.94887
85.7406	3.93223
85.9978	3.93223
86.2558	3.97287
86.5146	3.97439
86.7741	3.93223
87.0344	3.9605
87.2955	4.02846
87.5574	3.92609
87.8201	3.94824
88.0836	3.94365
88.3478	3.95461
88.6129	3.92609
88.8787	3.93418
89.1453	3.9694
89.4128	3.93726
89.681	3.92609
89.95	3.94763
90.2199	3.96027
90.4906	3.95095
90.762	3.93869
91.0343	3.94373
91.3074	3.9487
91.5813	3.94824
91.8561	3.93729
92.1317	3.95742
92.408	3.93726
92.6853	3.93565
92.9633	3.94887
93.2422	3.96631
93.5219	3.9306
93.8025	3.93223
94.0839	3.93223
94.3662	3.94887
94.6493	3.94016
94.9332	3.92609
95.218	3.95842
95.5037	3.94178
95.7902	3.93418
96.0776	3.94684
96.3658	3.93726
96.6549	3.9306
96.9448	3.93223
97.2357	3.93729
97.5274	3.92609
97.82	3.93418
98.1134	3.93914
98.4078	3.96631
98.703	3.95095
98.9991	3.93223
99.2961	3.93418
99.594	3.94365
99.8928	3.92609
100.192	3.93418
100.493	3.94684
100.795	3.95461
101.097	3.9306
101.4	3.95742
101.704	3.94178
102.009	3.92609
102.316	3.95742
102.622	3.93914
102.93	3.92609
103.239	3.96875
103.549	3.93565
103.859	3.93729
104.171	3.92609
104.484	3.94177
104.797	3.98851
105.111	3.93726
105.427	3.97485
105.743	3.96027
106.06	3.93223
106.378	3.93223
106.698	3.93223
107.018	3.93223
107.339	3.93223
107.661	3.94887
107.984	3.93223
108.308	3.93729
108.633	3.92609
108.958	3.95742
109.285	3.93418
109.613	3.93565
109.942	3.93729
110.272	3.93869
110.603	3.9613
110.935	3.94373
111.267	3.92609
111.601	3.97936
111.936	3.93729
112.272	3.93726
112.609	3.93729
112.946	3.92609
113.285	3.9306
113.625	3.93418
113.966	3.93726
114.308	3.92609
114.651	3.98581
114.995	3.97898
115.34	3.93418
115.686	3.93869
116.033	3.93565
116.381	3.93729
116.73	3.93418
117.08	3.94887
117.431	3.95932
117.784	3.95072
118.137	3.94887
118.492	3.97502
118.847	3.93914
119.204	3.92609
119.561	3.94177
119.92	3.93869
120.28	3.92609
120.64	3.93565
121.002	3.92609
121.365	3.92609
121.729	3.9306
122.095	3.92609
122.461	3.94824
122.828	3.94016
123.197	3.92609
123.566	3.92609
123.937	3.92609
124.309	3.92609
124.682	3.92609
125.056	3.93869
125.431	3.92609
125.807	3.93726
126.185	3.9306
126.563	3.93914
126.943	3.93565
127.324	3.93418
127.706	3.94365
128.089	3.9306
128.473	3.93726
128.859	3.93565
129.245	3.9613
129.633	3.92609
130.022	3.95742
130.412	3.92609
130.803	3.9306
131.196	3.92609
131.589	3.93726
131.984	3.94016
132.38	3.92609
132.777	3.9306
133.175	3.93565
133.575	3.9306
133.976	3.93726
134.377	3.92609
134.781	3.93726
135.185	3.92609
135.59	3.94824
135.997	3.93223
136.405	3.93223
136.814	3.98242
137.225	3.93223
137.637	3.93223
138.049	3.93223
138.464	3.94178
138.879	3.93223
139.296	3.94178
139.714	3.94763
140.133	3.94365
140.553	3.93726
140.975	3.9306
141.398	3.92609
141.822	3.92609
142.247	3.92609
142.674	3.93869
143.102	3.94177
143.531	3.94016
143.962	3.92609
144.394	3.9306
144.827	3.93729
145.262	3.9605
145.697	3.93726
146.134	3.92609
146.573	3.93565
147.013	3.93565
147.454	3.92609
147.896	3.93729
148.34	3.9306
148.785	3.92609
149.231	3.93729
149.679	3.9306
150.128	3.94373
150.578	3.9306
151.03	3.9306
151.483	3.92609
151.937	3.94016
152.393	3.92609
152.85	3.92609
153.309	3.93565
153.769	3.92609
154.23	3.94684
154.693	3.93418
155.157	3.93418
155.622	3.93869
156.089	3.92609
156.558	3.92609
157.027	3.93418
157.498	3.92609
157.971	3.93869
158.445	3.93418
158.92	3.94787
159.397	3.93223
159.875	3.93223
160.355	3.94178
160.836	3.93223
161.318	3.93223
161.802	3.94178
162.288	3.93223
162.774	3.93223
163.263	3.93223
163.753	3.93223
164.244	3.93223
164.737	3.93223
165.231	3.9306
165.726	3.92609
166.224	3.93565
166.722	3.94684
167.222	3.92609
167.724	3.92609
168.227	3.96624
168.732	3.9613
169.238	3.93869
169.746	3.92609
170.255	3.9306
170.766	3.94824
171.278	3.92609
171.792	3.92609
172.307	3.92609
172.824	3.9306
173.343	3.92609
173.863	3.93869
174.384	3.9306
174.908	3.92609
175.432	3.92609
175.959	3.93418
176.486	3.93729
177.016	3.94373
177.547	3.93418
178.08	3.93418
178.614	3.93418
179.15	3.92609
179.687	3.93565
180.226	3.9306
180.767	3.93418
181.309	3.93418
181.853	3.9306
182.399	3.92609
182.946	3.93869
183.495	3.93418
184.045	3.92609
184.597	3.93914
185.151	3.93418
185.707	3.93869
186.264	3.9306
186.822	3.92609
187.383	3.93565
187.945	3.92609
188.509	3.94177
189.074	3.9306
189.642	3.92609
190.211	3.92609
190.781	3.92609
191.354	3.92609
191.928	3.94016
192.503	3.94177
193.081	3.92609
193.66	3.92609
194.241	3.92609
194.824	3.92609
195.408	3.9306
195.995	3.92609
196.583	3.92609
197.172	3.92609
197.764	3.93418
198.357	3.9306
198.952	3.92609
199.549	3.93418
200.148	3.93726
200.748	3.94373
201.35	3.92609
201.954	3.94016
202.56	3.92609
203.168	3.9306
203.777	3.92609
204.389	3.93729
205.002	3.9306
205.617	3.92609
206.234	3.92609
206.853	3.92609
207.473	3.94684
208.095	3.93418
208.72	3.9306
209.346	3.92609
209.974	3.94016
210.604	3.92609
211.236	3.92609
211.869	3.93914
212.505	3.92609
213.143	3.9501
213.782	3.92609
214.423	3.92609
215.067	3.93914
215.712	3.92609
216.359	3.93914
217.008	3.92609
217.659	3.92609
218.312	3.92609
218.967	3.93729
219.624	3.92609
220.283	3.92609
220.944	3.92609
221.606	3.92609
222.271	3.9306
222.938	3.92609
223.607	3.92609
224.278	3.92609
224.95	3.92609
225.625	3.94016
226.302	3.92609
226.981	3.92609
227.662	3.92609
228.345	3.9306
229.03	3.93914
229.717	3.93869
230.406	3.92609
231.098	3.92609
231.791	3.9306
232.486	3.92609
233.184	3.93729
233.883	3.92609
234.585	3.9306
235.289	3.92609
235.994	3.93418
236.702	3.92609
237.413	3.92609
238.125	3.9306
238.839	3.92609
239.556	3.92609
240.274	3.94824
240.995	3.92609
241.718	3.93418
242.443	3.93418
243.171	3.92609
243.9	3.92609
244.632	3.9306
245.366	3.93869
246.102	3.92609
246.84	3.92609
247.581	3.9306
248.323	3.9306
249.068	3.92609
249.816	3.93726
250.565	3.94016
251.317	3.9306
252.071	3.92609
252.827	3.92609
253.585	3.92609
254.346	3.9306
255.109	3.9306
255.875	3.92609
256.642	3.9306
257.412	3.9306
258.184	3.93418
258.959	3.93418
259.736	3.94373
260.515	3.9306
261.296	3.92609
262.08	3.93418
262.867	3.92609
263.655	3.92609
264.446	3.93729
265.24	3.92609
266.035	3.93565
266.833	3.94016
267.634	3.92609
268.437	3.9306
269.242	3.92609
270.05	3.9306
270.86	3.92609
271.673	3.9306
272.488	3.92609
273.305	3.9306
274.125	3.92609
274.947	3.93565
275.772	3.9306
276.599	3.92609
277.429	3.92609
278.262	3.9306
279.096	3.92609
279.934	3.9306
280.773	3.9306
281.616	3.92609
282.461	3.92609
283.308	3.9306
284.158	3.92609
285.01	3.92609
285.865	3.9306
286.723	3.93729
287.583	3.92609
288.446	3.92609
289.311	3.92609
290.179	3.9306
291.05	3.92609
291.923	3.92609
292.799	3.9306
293.677	3.92609
294.558	3.92609
295.442	3.92609
296.328	3.92609
297.217	3.9306
298.109	3.92609
299.003	3.94016
299.9	3.92609
300.8	3.92609
301.702	3.92609
302.607	3.9306
303.515	3.92609
304.426	3.92609
305.339	3.92609
306.255	3.92609
307.174	3.9306
308.095	3.92609
309.019	3.9306
309.946	3.92609
310.876	3.92609
311.809	3.92609
312.744	3.92609
313.683	3.92609
314.624	3.92609
315.568	3.93729
316.514	3.92609
317.464	3.92609
318.416	3.92609
319.371	3.93565
320.33	3.92609
321.291	3.92609
322.254	3.92609
323.221	3.92609
324.191	3.92609
325.163	3.92609
326.139	3.9306
327.117	3.92609
328.099	3.92609
329.083	3.92609
330.07	3.9306
331.06	3.92609
332.054	3.9306
333.05	3.9306
334.049	3.92609
335.051	3.93565
336.056	3.9306
337.064	3.92609
338.076	3.92609
339.09	3.92609
340.107	3.92609
341.127	3.93914
342.151	3.93418
343.177	3.92609
344.207	3.92609
345.239	3.92609
346.275	3.92609
347.314	3.92609
348.356	3.92609
349.401	3.92609
350.449	3.92609
351.5	3.92609
352.555	3.9306
353.613	3.92609
354.673	3.92609
355.738	3.92609
356.805	3.92609
357.875	3.92609
358.949	3.9306
360.026	3.92609
361.106	3.92609
362.189	3.9306
363.276	3.92609
364.365	3.92609
365.458	3.92609
366.555	3.92609
367.655	3.92609
368.757	3.92609
369.864	3.9306
370.973	3.92609
372.086	3.92609
373.203	3.9306
374.322	3.9306
375.445	3.92609
376.571	3.92609
377.701	3.94177
378.834	3.93418
379.971	3.92609
381.111	3.92609
382.254	3.92609
383.401	3.92609
384.551	3.92609
385.705	3.92609
386.862	3.93418
388.022	3.93418
389.186	3.92609
390.354	3.92609
391.525	3.92609
392.7	3.92609
393.878	3.9306
395.059	3.92609
396.244	3.92609
397.433	3.92609
398.626	3.92609
399.821	3.92609
