1	0.03424	0.03424	0
2	0.05796	0.0461	0.01186
3	0.02272	0.0383067	0.0103741
4	0.06008	0.04375	0.00913461
5	0.04004	0.043008	0.00711444
6	0.02656	0.0402667	0.00642327
7	0.02964	0.0387486	0.00563692
8	0.05192	0.040395	0.00515188
9	0.0434	0.0407289	0.00455579
10	0.02728	0.039384	0.00429102
11	0.02584	0.0381527	0.00407199
12	0.0462	0.0388233	0.00377721
13	0.00988	0.0365969	0.00412665
14	0.00516	0.0343514	0.00443156
15	0.01256	0.0328987	0.00437387
16	0.07372	0.03545	0.00482169
17	0.02796	0.0350094	0.00455057
18	0.0356	0.0350422	0.00429044
19	0.06136	0.0364274	0.00428822
20	0.03332	0.036272	0.00407113
21	0.00108	0.0345962	0.00421947
22	0.00812	0.0333927	0.00419926
23	0.03948	0.0336574	0.00402125
24	0.02448	0.033275	0.00386899
25	0.01496	0.0325424	0.00378263
26	0.03248	0.03254	0.00363423
27	0.04048	0.0328341	0.00350939
28	0.0244	0.0325329	0.00339512
29	0.02936	0.0324234	0.00327778
30	0.0328	0.032436	0.00316666
31	0.02996	0.0323561	0.00306385
32	0.026	0.0321575	0.0029732
33	0.02692	0.0319988	0.00288606
34	0.04796	0.0324682	0.00283898
35	0.01892	0.0320811	0.00278371
36	-0.00716	0.0309911	0.00291663
37	0.0004	0.0301643	0.00295474
38	0.04712	0.0306105	0.00291034
39	0.06368	0.0314585	0.00295884
40	0.04456	0.031786	0.00290246
41	0.04532	0.0321161	0.00284996
42	-0.00804	0.03116	0.00294102
43	0.00688	0.0305953	0.0029268
44	0.04364	0.0308918	0.00287483
45	0.04364	0.0311751	0.00282447
46	0.03384	0.031233	0.00276299
47	0.04872	0.0316051	0.00272905
48	0.00368	0.0310233	0.0027342
49	0.074	0.0319004	0.00281779
50	0.0196	0.0316544	0.0027718
51	0.02688	0.0315608	0.00271852
52	0.06092	0.0321254	0.00272486
53	0.01876	0.0318732	0.00268483
54	0.03168	0.0318696	0.00263464
55	0.00836	0.0314422	0.00262138
56	0.01724	0.0311886	0.00258661
57	0.01332	0.0308751	0.00256009
58	0.02528	0.0307786	0.00251741
59	0.0366	0.0308773	0.00247634
60	-0.00636	0.0302567	0.00251257
61	0.02744	0.0302105	0.00247147
62	0.023	0.0300942	0.00243406
63	0.0354	0.0301784	0.00239659
64	0.0292	0.0301631	0.0023589
65	0.00788	0.0298203	0.00234749
66	0.00848	0.029497	0.00233415
67	0.04632	0.0297481	0.00231272
68	0.0208	0.0296165	0.00228226
69	0.00332	0.0292354	0.002281
70	0.01072	0.0289709	0.00226368
71	0.02572	0.0289251	0.00223204
72	0.04944	0.02921	0.00221919
73	0.03676	0.0293134	0.00219102
74	0.02556	0.0292627	0.00216181
75	0.03964	0.0294011	0.00213727
76	0.03648	0.0294942	0.00211102
77	0.02076	0.0293808	0.00208651
78	0.02928	0.0293795	0.00205958
79	0.00668	0.0290922	0.00205355
80	0.00968	0.0288495	0.00204218
81	0.0116	0.0286365	0.00202803
82	0.01584	0.0284805	0.00200921
83	0.01876	0.0283634	0.00198831
84	0.01308	0.0281814	0.0019729
85	0.01876	0.0280706	0.0019527
86	0.0308	0.0281023	0.00193012
87	0.05672	0.0284313	0.00193596
88	0.0272	0.0284173	0.00191388
89	0.07484	0.0289389	0.00196283
90	0.04224	0.0290867	0.00194652
91	0.012	0.0288989	0.00193414
92	-0.00492	0.0285313	0.001948
93	-0.03756	0.0278206	0.00205381
94	0.0156	0.0276906	0.002036
95	0.02652	0.0276783	0.00201449
96	0.06944	0.0281133	0.00204031
97	0.05004	0.0283394	0.00203178
98	0.01144	0.0281669	0.00201832
99	-0.00084	0.0278739	0.0020192
100	0.0202	0.0277972	0.00200038
