1	1.23912	1.23912	0
2	1.30116	1.27014	0.03102
3	1.36416	1.30148	0.0360963
4	1.47128	1.34393	0.0495326
5	1.3814	1.35142	0.0390928
6	1.49624	1.37556	0.0400172
7	1.25324	1.35809	0.0380682
8	1.34968	1.35703	0.0329848
9	1.32844	1.35386	0.0292629
10	1.284	1.34687	0.0270897
11	1.23576	1.33677	0.0265039
12	1.53532	1.35332	0.0293111
13	1.21756	1.34287	0.028914
14	1.28356	1.33864	0.0271024
15	1.29736	1.33589	0.0253805
16	1.53332	1.34823	0.0267566
17	1.45956	1.35477	0.0259727
18	1.4256	1.35871	0.0248014
19	1.56792	1.36972	0.0259154
20	1.5982	1.38114	0.0271101
21	1.44548	1.38421	0.0259682
22	1.38444	1.38422	0.0247597
23	1.18396	1.37551	0.02521
24	1.39624	1.37638	0.0241522
25	1.4028	1.37743	0.02319
26	1.41208	1.37876	0.0223201
27	1.55944	1.38546	0.0224958
28	1.51424	1.39006	0.0221601
29	1.29304	1.38671	0.0216424
30	1.23592	1.38168	0.0215042
31	1.24596	1.37731	0.0212548
32	1.42552	1.37881	0.0206349
33	1.26044	1.37523	0.020319
34	1.38252	1.37544	0.0197135
35	1.30324	1.37338	0.0192528
36	1.36084	1.37303	0.0187136
37	1.36344	1.37277	0.0182026
38	1.3684	1.37265	0.0177175
39	1.50792	1.37612	0.0176023
40	1.4504	1.37798	0.0172568
41	1.50916	1.38118	0.0171321
42	1.39212	1.38144	0.0167212
43	1.30608	1.37969	0.0164215
44	1.45324	1.38136	0.0161308
45	1.59932	1.3862	0.0164954
46	1.45664	1.38773	0.0162053
47	1.2884	1.38562	0.015997
48	1.53264	1.38868	0.0159569
49	1.45792	1.3901	0.0156916
50	1.71496	1.39659	0.0166911
51	1.74976	1.40352	0.0177657
52	1.32244	1.40196	0.0174904
53	1.35844	1.40114	0.0171768
54	1.38672	1.40087	0.0168578
55	1.31084	1.39923	0.0166293
56	1.36164	1.39856	0.0163434
57	1.42172	1.39897	0.0160593
58	1.15336	1.39473	0.0163383
59	1.3162	1.3934	0.016114
60	1.16732	1.38964	0.0162851
61	1.25568	1.38744	0.0161658
62	1.35164	1.38686	0.0159134
63	1.27948	1.38516	0.0157512
64	1.28384	1.38357	0.0155838
65	1.30948	1.38243	0.0153844
66	1.20248	1.37971	0.015393
67	1.2088	1.37716	0.0153746
68	1.1048	1.37315	0.0156674
69	1.539	1.37556	0.0156246
70	1.35176	1.37522	0.0154036
71	1.42772	1.37595	0.0152031
72	1.29304	1.3748	0.0150346
73	1.52388	1.37685	0.0149672
74	1.3214	1.3761	0.0147825
75	1.24908	1.3744	0.0146821
76	1.21936	1.37236	0.0146306
77	1.4134	1.3729	0.0144491
78	1.54008	1.37504	0.0144228
79	1.55324	1.37729	0.0144167
80	1.40616	1.37766	0.0142399
81	1.55	1.37978	0.014223
82	1.10528	1.37644	0.0144419
83	1.24556	1.37486	0.0143537
84	1.32964	1.37432	0.014192
85	1.59844	1.37696	0.0142697
86	1.25408	1.37553	0.014175
87	1.38	1.37558	0.0140112
88	1.41208	1.37599	0.0138573
89	1.4542	1.37687	0.0137289
90	1.63528	1.37974	0.0138758
91	1.23616	1.37817	0.0138129
92	1.44404	1.37888	0.0136806
93	1.34948	1.37857	0.0135364
94	1.23832	1.37707	0.0134745
95	1.17084	1.3749	0.0135075
96	1.45808	1.37577	0.0133941
97	1.4002	1.37602	0.0132577
98	1.34504	1.37571	0.0131255
99	1.44644	1.37642	0.0130119
100	1.2086	1.37474	0.01299
