1	-0.460605	-0.460605	0
2	-0.462839	-0.461722	0.0011172
3	-0.458534	-0.460659	0.00124299
4	-0.459362	-0.460335	0.000936904
5	-0.469681	-0.462204	0.0020051
6	-0.470451	-0.463579	0.00213765
7	-0.466513	-0.463998	0.00185463
8	-0.462638	-0.463828	0.00161512
9	-0.455428	-0.462895	0.00170294
10	-0.462626	-0.462868	0.0015234
11	-0.460757	-0.462676	0.00139126
12	-0.473164	-0.46355	0.00154173
13	-0.467398	-0.463846	0.00144874
14	-0.465223	-0.463944	0.00134488
15	-0.458251	-0.463565	0.00130827
16	-0.469314	-0.463924	0.00127545
17	-0.456239	-0.463472	0.00128052
18	-0.463192	-0.463456	0.00120739
19	-0.473787	-0.464	0.0012649
20	-0.468346	-0.464217	0.00121951
21	-0.464982	-0.464254	0.00116055
22	-0.461522	-0.46413	0.00111349
23	-0.47103	-0.46443	0.00110546
24	-0.46409	-0.464416	0.00105849
25	-0.461179	-0.464286	0.00102349
26	-0.47273	-0.464611	0.00103557
27	-0.46537	-0.464639	0.000996877
28	-0.452168	-0.464194	0.00105885
29	-0.457227	-0.463953	0.00104954
30	-0.459856	-0.463817	0.00102311
31	-0.464839	-0.46385	0.000990106
32	-0.45508	-0.463576	0.000997068
33	-0.457978	-0.463406	0.000981154
34	-0.458159	-0.463252	0.000964287
35	-0.465898	-0.463327	0.00093938
36	-0.465217	-0.46338	0.00091442
37	-0.459608	-0.463278	0.000895186
38	-0.453422	-0.463019	0.000909091
39	-0.469194	-0.463177	0.000899519
40	-0.464091	-0.4632	0.000877041
41	-0.458906	-0.463095	0.000861768
42	-0.462319	-0.463077	0.000841202
43	-0.458618	-0.462973	0.000827926
44	-0.467913	-0.463085	0.000816645
45	-0.463753	-0.4631	0.000798429
46	-0.458517	-0.463	0.000787209
47	-0.465454	-0.463053	0.000772046
48	-0.465434	-0.463102	0.000757417
49	-0.46188	-0.463077	0.000742217
50	-0.468072	-0.463177	0.000734051
51	-0.467258	-0.463257	0.000723948
52	-0.462978	-0.463252	0.00070991
53	-0.461175	-0.463213	0.000697488
54	-0.470954	-0.463356	0.000699301
55	-0.458967	-0.463276	0.00069109
56	-0.461065	-0.463237	0.000679785
57	-0.462826	-0.463229	0.000667791
58	-0.454346	-0.463076	0.000673817
59	-0.469772	-0.46319	0.00067195
60	-0.454193	-0.46304	0.00067746
61	-0.464709	-0.463067	0.000666823
62	-0.4635	-0.463074	0.000656017
63	-0.464308	-0.463094	0.000645817
64	-0.460984	-0.463061	0.0006365
65	-0.464558	-0.463084	0.000627054
66	-0.45441	-0.462952	0.000631312
67	-0.460126	-0.46291	0.000623247
68	-0.467536	-0.462978	0.00061777
69	-0.474066	-0.463139	0.000629604
70	-0.454934	-0.463022	0.000631517
71	-0.456354	-0.462928	0.000629601
72	-0.460909	-0.4629	0.000621428
73	-0.459455	-0.462853	0.00061467
74	-0.480191	-0.463087	0.000650005
75	-0.453993	-0.462966	0.000652643
76	-0.46753	-0.463026	0.000646792
77	-0.455535	-0.462928	0.000645707
78	-0.478586	-0.463129	0.000668237
79	-0.467894	-0.463189	0.000662475
80	-0.464754	-0.463209	0.000654434
81	-0.468472	-0.463274	0.000649562
82	-0.452957	-0.463148	0.000653812
83	-0.453335	-0.46303	0.000656618
84	-0.463702	-0.463038	0.000648803
85	-0.465335	-0.463065	0.000641694
86	-0.467496	-0.463116	0.000636278
87	-0.466174	-0.463152	0.000629904
88	-0.459664	-0.463112	0.000623965
89	-0.467657	-0.463163	0.000619024
90	-0.474445	-0.463288	0.000624811
91	-0.4576	-0.463226	0.00062106
92	-0.454782	-0.463134	0.000621092
93	-0.461169	-0.463113	0.000614741
94	-0.464792	-0.463131	0.000608428
95	-0.45261	-0.46302	0.000612091
96	-0.463229	-0.463022	0.000605685
97	-0.461801	-0.46301	0.000599541
98	-0.463109	-0.463011	0.000593392
99	-0.462383	-0.463004	0.000587402
100	-0.462484	-0.462999	0.000581522
