1	0.203278	0.203278	0
2	0.219898	0.211588	0.00830991
3	0.174185	0.199121	0.013359
4	0.199783	0.199286	0.00944768
5	0.201492	0.199727	0.00733142
6	0.195131	0.198961	0.0060349
7	0.180298	0.196295	0.00575526
8	0.19284	0.195863	0.00500288
9	0.191663	0.195396	0.00443673
10	0.200229	0.19588	0.00399765
11	0.210761	0.197232	0.00386079
12	0.199327	0.197407	0.00352872
13	0.201987	0.197759	0.00326502
14	0.203397	0.198162	0.00304952
15	0.198547	0.198188	0.00283907
16	0.195645	0.198029	0.00266045
17	0.220632	0.199358	0.00283076
18	0.18865	0.198763	0.00273437
19	0.213252	0.199526	0.00269652
20	0.190301	0.199065	0.00259939
21	0.209595	0.199566	0.00252285
22	0.202394	0.199695	0.00240888
23	0.20172	0.199783	0.00230345
24	0.206632	0.200068	0.00222377
25	0.186301	0.199517	0.00220291
26	0.177826	0.198683	0.00227498
27	0.199475	0.198713	0.00218929
28	0.203212	0.198873	0.00211577
29	0.198554	0.198862	0.00204154
30	0.207169	0.199139	0.00199165
31	0.193177	0.198947	0.00193591
32	0.205905	0.199164	0.00188701
33	0.213898	0.199611	0.00188264
34	0.196207	0.199511	0.00182917
35	0.203273	0.199618	0.00177939
36	0.197284	0.199553	0.00173047
37	0.192652	0.199367	0.00169336
38	0.195977	0.199278	0.0016506
39	0.194123	0.199145	0.00161315
40	0.208546	0.19938	0.00158977
41	0.19195	0.199199	0.00156106
42	0.189298	0.198963	0.00154157
43	0.186781	0.19868	0.00153172
44	0.198732	0.198681	0.00149651
45	0.224216	0.199249	0.00156907
46	0.197834	0.199218	0.00153489
47	0.218071	0.199619	0.00155452
48	0.198349	0.199593	0.00152202
49	0.212208	0.19985	0.00151271
50	0.208016	0.200013	0.00149111
51	0.219482	0.200395	0.00151061
52	0.196532	0.200321	0.00148314
53	0.204376	0.200397	0.0014569
54	0.193797	0.200275	0.00143488
55	0.193796	0.200157	0.00141347
56	0.201252	0.200177	0.00138813
57	0.189637	0.199992	0.00137604
58	0.20585	0.200093	0.00135588
59	0.221868	0.200462	0.00138286
60	0.19338	0.200344	0.00136473
61	0.199564	0.200331	0.00134223
62	0.190548	0.200173	0.0013298
63	0.204796	0.200247	0.00131058
64	0.209977	0.200399	0.00129887
65	0.203877	0.200452	0.00127985
66	0.1986	0.200424	0.00126062
67	0.195377	0.200349	0.00124395
68	0.195249	0.200274	0.00122781
69	0.216136	0.200504	0.00123153
70	0.192164	0.200385	0.00121964
71	0.191721	0.200263	0.00120852
72	0.178568	0.199961	0.00122912
73	0.215658	0.200176	0.00123109
74	0.199716	0.20017	0.00121435
75	0.21521	0.200371	0.00121472
76	0.184295	0.200159	0.00121715
77	0.208311	0.200265	0.00120589
78	0.191886	0.200158	0.00119517
79	0.187537	0.199998	0.00119071
80	0.188974	0.19986	0.00118378
81	0.192361	0.199767	0.00117273
82	0.200478	0.199776	0.00115838
83	0.200621	0.199786	0.00114438
84	0.196377	0.199746	0.0011314
85	0.19209	0.199656	0.00112164
86	0.186986	0.199508	0.00111826
87	0.209088	0.199618	0.00111081
88	0.207652	0.19971	0.0011019
89	0.187442	0.199572	0.00109813
90	0.195045	0.199522	0.00108703
91	0.194642	0.199468	0.00107635
92	0.191772	0.199384	0.00106787
93	0.195131	0.199339	0.00105732
94	0.168261	0.199008	0.00109701
95	0.184078	0.198851	0.00109672
96	0.200613	0.198869	0.00108539
97	0.203574	0.198918	0.00107524
98	0.190832	0.198835	0.0010674
99	0.194035	0.198787	0.00105768
100	0.176028	0.198559	0.0010715
