1	-0.974205	-0.974205	0
2	-0.980698	-0.977451	0.0032464
3	-1.00426	-0.986387	0.00913045
4	-1.01551	-0.993667	0.00973056
5	-1.01443	-0.997819	0.00860502
6	-1.0157	-1.0008	0.00763188
7	-0.952013	-0.99383	0.0094962
8	-1.01162	-0.996053	0.00851925
9	-0.995751	-0.99602	0.00751335
10	-1.00835	-0.997253	0.00683233
11	-0.982498	-0.995911	0.00632396
12	-1.00757	-0.996883	0.00585408
13	-1.01503	-0.998279	0.00556296
14	-1.01579	-0.999529	0.00529995
15	-0.995358	-0.999251	0.00494182
16	-1.01138	-1.00001	0.00468434
17	-0.996379	-0.999795	0.00440535
18	-1.01283	-1.00052	0.00421608
19	-1.01446	-1.00125	0.00405496
20	-0.990418	-1.00071	0.00388483
21	-1.00241	-1.00079	0.00369609
22	-0.987507	-1.00019	0.00357545
23	-1.01062	-1.00064	0.00344643
24	-1.01176	-1.00111	0.00333207
25	-0.985146	-1.00047	0.00325915
26	-1.01062	-1.00086	0.00315557
27	-1.00178	-1.00089	0.00303664
28	-1.01264	-1.00131	0.00295611
29	-1.01114	-1.00165	0.00287243
30	-1.00951	-1.00191	0.00278738
31	-1.0064	-1.00206	0.00269984
32	-0.991098	-1.00171	0.00263645
33	-1.01222	-1.00203	0.00257506
34	-0.999751	-1.00197	0.00249907
35	-0.985403	-1.00149	0.00247233
36	-1.01902	-1.00198	0.00245153
37	-0.997278	-1.00185	0.00238773
38	-1.01241	-1.00213	0.00234061
39	-1.00859	-1.0023	0.00228581
40	-1.01088	-1.00251	0.00223825
41	-1.01591	-1.00284	0.00220732
42	-0.99269	-1.0026	0.00216763
43	-1.01324	-1.00284	0.00213104
44	-1.012	-1.00305	0.00209241
45	-0.998042	-1.00294	0.00204841
46	-0.992592	-1.00272	0.00201598
47	-1.01331	-1.00294	0.00198545
48	-1.01541	-1.0032	0.00196093
49	-0.962868	-1.00238	0.00208945
50	-1.00798	-1.00249	0.00205029
51	-1.00459	-1.00253	0.00201011
52	-0.995505	-1.0024	0.0019757
53	-1.00393	-1.00242	0.00193828
54	-0.989618	-1.00219	0.00191678
55	-1.01795	-1.00247	0.0019033
56	-0.985675	-1.00217	0.00189293
57	-0.993739	-1.00203	0.0018653
58	-1.01346	-1.00222	0.00184343
59	-0.997703	-1.00215	0.00181354
60	-1.00663	-1.00222	0.00178462
61	-1.01098	-1.00236	0.00176098
62	-1.00041	-1.00233	0.00173263
63	-1.01506	-1.00254	0.00171684
64	-1.00757	-1.00261	0.00169163
65	-1.01506	-1.00281	0.00167638
66	-0.99072	-1.00262	0.00166091
67	-1.00291	-1.00263	0.00163594
68	-1.01853	-1.00286	0.00162859
69	-1.01567	-1.00305	0.0016155
70	-1.01712	-1.00325	0.00160491
71	-1.0077	-1.00331	0.00158338
72	-1.00316	-1.00331	0.00156124
73	-1.00312	-1.00331	0.00153971
74	-0.992003	-1.00315	0.00152642
75	-1.01086	-1.00326	0.00150943
76	-0.976136	-1.0029	0.00153158
77	-1.01233	-1.00302	0.00151651
78	-1.00314	-1.00302	0.00149694
79	-1.01481	-1.00317	0.00148539
80	-1.01229	-1.00329	0.00147113
81	-1.00188	-1.00327	0.00145295
82	-1.00226	-1.00326	0.00143518
83	-0.989074	-1.00309	0.00142804
84	-0.998509	-1.00303	0.00141199
85	-0.977078	-1.00273	0.0014283
86	-0.95419	-1.00216	0.00152023
87	-1.01533	-1.00231	0.00151026
88	-1.01247	-1.00243	0.00149745
89	-1.01552	-1.00257	0.00148782
90	-1.0072	-1.00263	0.0014721
91	-1.0059	-1.00266	0.00145627
92	-1.00165	-1.00265	0.0014404
93	-1.01613	-1.0028	0.00143218
94	-1.01804	-1.00296	0.00142611
95	-1.01619	-1.0031	0.00141788
96	-1.00982	-1.00317	0.00140478
97	-1.01065	-1.00324	0.00139236
98	-0.998651	-1.0032	0.00137887
99	-1.01135	-1.00328	0.00136736
100	-0.989912	-1.00315	0.0013602
