1	-0.96176	-0.96176	0
2	0.82288	-0.06944	0.89232
3	0.95296	0.27136	0.617702
4	0.9914	0.45137	0.472421
5	0.98928	0.558952	0.381422
6	0.993	0.631293	0.319722
7	0.47664	0.6092	0.271116
8	0.98092	0.655665	0.239347
9	0.87956	0.680542	0.212545
10	0.96952	0.70944	0.19229
11	0.83292	0.720665	0.174294
12	0.93828	0.7388	0.160138
13	0.99148	0.758237	0.148583
14	0.99332	0.775029	0.138582
15	0.83988	0.779352	0.129085
16	0.98076	0.79194	0.121403
17	0.90696	0.798706	0.114238
18	0.98964	0.809313	0.108226
19	0.99104	0.818878	0.102817
20	0.40092	0.79798	0.0997547
21	0.91628	0.803613	0.0950527
22	0.77936	0.802511	0.0906359
23	0.97504	0.810012	0.0869299
24	0.98404	0.817263	0.0835443
25	0.76928	0.815344	0.0801558
26	0.95524	0.820725	0.077199
27	0.94104	0.825181	0.0744183
28	0.988	0.830996	0.0719466
29	0.98116	0.836174	0.0696142
30	0.95972	0.840292	0.0673797
31	0.95176	0.843888	0.0652691
32	0.82292	0.843232	0.0631999
33	0.97896	0.847345	0.0613927
34	0.93556	0.84994	0.0596162
35	0.81416	0.848918	0.0578968
36	0.99916	0.853091	0.0564202
37	0.88388	0.853923	0.0548804
38	0.98472	0.857365	0.0535275
39	0.96544	0.860136	0.0522105
40	0.97216	0.862937	0.0509655
41	0.99564	0.866174	0.0498122
42	0.85448	0.865895	0.0486125
43	0.97796	0.868501	0.04754
44	0.9838	0.871122	0.0465209
45	0.93408	0.872521	0.0454968
46	0.8376	0.871762	0.0445032
47	0.97348	0.873926	0.0435998
48	0.99436	0.876435	0.0427555
49	0.5034	0.868822	0.0425603
50	0.97488	0.870943	0.0417543
51	0.96168	0.872722	0.0409661
52	0.90324	0.873309	0.0401748
53	0.91632	0.874121	0.0394179
54	0.73692	0.87158	0.0387644
55	0.99748	0.873869	0.0381218
56	0.78776	0.872331	0.0374665
57	0.82296	0.871465	0.0368135
58	0.98508	0.873424	0.0362262
59	0.93316	0.874437	0.0356213
60	0.95172	0.875725	0.0350462
61	0.97288	0.877317	0.0345037
62	0.92864	0.878145	0.0339527
63	0.9932	0.879971	0.0334593
64	0.94228	0.880945	0.0329468
65	0.9892	0.88261	0.0324787
66	0.84	0.881965	0.0319893
67	0.92132	0.882552	0.0315137
68	0.99856	0.884258	0.0310936
69	0.99528	0.885867	0.0306819
70	0.9962	0.887443	0.0302815
71	0.9688	0.888589	0.0298739
72	0.94596	0.889386	0.0294668
73	0.9402	0.890082	0.0290687
74	0.84416	0.889462	0.0286799
75	0.975	0.890602	0.0283179
76	0.7028	0.888131	0.0280519
77	0.97628	0.889276	0.0277088
78	0.88076	0.889167	0.0273515
79	0.98072	0.890326	0.0270279
80	0.97836	0.891426	0.0267106
81	0.93412	0.891953	0.026384
82	0.89708	0.892016	0.0260604
83	0.77772	0.890639	0.0257813
84	0.86544	0.890339	0.0254743
85	0.76988	0.888921	0.0252127
86	-0.22648	0.875952	0.0280911
87	0.99052	0.877269	0.0277976
88	0.98372	0.878478	0.0275065
89	0.99204	0.879754	0.0272256
90	0.95584	0.8806	0.0269346
91	0.9472	0.881331	0.0266471
92	0.9346	0.88191	0.0263622
93	0.99032	0.883076	0.0261032
94	0.99808	0.8843	0.025853
95	0.98144	0.885322	0.0255998
96	0.94704	0.885965	0.0253399
97	0.96856	0.886816	0.0250918
98	0.91656	0.88712	0.0248363
99	0.9796	0.888054	0.0246019
100	0.8476	0.88765	0.024358
