1	0.0760341	0.0760341	0
2	0.39284	0.234437	0.158403
3	0.232032	0.233635	0.0914574
4	0.0707434	0.192912	0.0764237
5	0.0866525	0.17166	0.0628967
6	0.0674499	0.154292	0.0542125
7	0.683292	0.229863	0.088376
8	0.137699	0.218343	0.0773981
9	0.320324	0.229674	0.0691928
10	0.169779	0.223685	0.0621771
11	0.40391	0.240069	0.0585792
12	0.193427	0.236182	0.0536163
13	0.077454	0.223972	0.0508087
14	0.0801275	0.213697	0.0481488
15	0.34429	0.222404	0.0456617
16	0.135225	0.216955	0.0430588
17	0.334426	0.223865	0.0410327
18	0.107841	0.217419	0.0392193
19	0.0935806	0.210901	0.037666
20	0.304538	0.215583	0.0360385
21	0.284652	0.218872	0.0344369
22	0.494167	0.231386	0.0351379
23	0.141068	0.227459	0.0338043
24	0.158578	0.224589	0.0324922
25	0.431739	0.232875	0.0322481
26	0.164192	0.230233	0.0310954
27	0.245658	0.230804	0.029927
28	0.110947	0.226524	0.0291543
29	0.135127	0.223372	0.028307
30	0.160116	0.221264	0.0274284
31	0.197784	0.220506	0.0265396
32	0.424618	0.226885	0.0264767
33	0.119687	0.223636	0.0258666
34	0.2649	0.22485	0.0251236
35	0.419158	0.230402	0.025019
36	0.015713	0.224438	0.0250348
37	0.375924	0.228532	0.0246906
38	0.117736	0.225617	0.0242083
39	0.17126	0.224223	0.0236205
40	0.138909	0.22209	0.023121
41	0.0714774	0.218416	0.0228473
42	0.361751	0.221829	0.0225563
43	0.109398	0.219215	0.0221802
44	0.154497	0.217744	0.0217201
45	0.300968	0.219593	0.0213123
46	0.349808	0.222424	0.0210352
47	0.107629	0.219981	0.0207272
48	0.0737702	0.216935	0.0205181
49	0.579354	0.224332	0.021413
50	0.231134	0.224468	0.0209808
51	0.23472	0.224669	0.0205663
52	0.34759	0.227033	0.020305
53	0.253304	0.227528	0.0199243
54	0.402241	0.230764	0.0198178
55	0.0328015	0.227164	0.0197843
56	0.430498	0.230795	0.0197642
57	0.358473	0.233035	0.0195431
58	0.111901	0.230947	0.0193165
59	0.294606	0.232026	0.0190169
60	0.195141	0.231411	0.0187073
61	0.140379	0.229919	0.0184585
62	0.267575	0.230526	0.0181685
63	0.0763639	0.228079	0.0180445
64	0.189202	0.227472	0.0177707
65	0.077798	0.225169	0.0176461
66	0.491416	0.229203	0.0178388
67	0.269255	0.229801	0.0175806
68	0.0235409	0.226768	0.0175838
69	0.0671474	0.224454	0.0174808
70	0.0456232	0.221899	0.0174176
71	0.1773	0.221271	0.0171821
72	0.231695	0.221416	0.0169424
73	0.253212	0.221852	0.0167143
74	0.383407	0.224035	0.0166308
75	0.138156	0.22289	0.0164475
76	0.456401	0.225962	0.0165179
77	0.131469	0.224735	0.0163481
78	0.263421	0.225231	0.0161448
79	0.0844142	0.223449	0.0160385
80	0.121894	0.222179	0.0158875
81	0.313383	0.223305	0.0157305
82	0.295433	0.224185	0.0155624
83	0.499073	0.227497	0.0157264
84	0.311486	0.228497	0.0155702
85	0.663962	0.23362	0.0162165
86	0.471742	0.236389	0.0162642
87	0.0735842	0.234517	0.0161847
88	0.114623	0.233155	0.0160576
89	0.0703688	0.231326	0.0159812
90	0.187598	0.23084	0.0158101
91	0.254616	0.231101	0.0156376
92	0.27753	0.231606	0.0154749
93	0.0622788	0.229785	0.0154155
94	0.0311979	0.227672	0.0153963
95	0.0648172	0.225958	0.0153295
96	0.182164	0.225502	0.0151758
97	0.143251	0.224654	0.0150425
98	0.29418	0.225363	0.0149051
99	0.130352	0.224404	0.0147849
100	0.66645	0.228824	0.0152893
