1	95.1827	95.1827	0
2	73.7312	84.457	10.7258
3	92.2717	87.0619	6.7181
4	98.4738	89.9148	5.54129
5	98.1642	91.5647	4.59843
6	98.7349	92.7597	3.9402
7	47.8877	86.3494	7.22366
8	96.6866	87.6416	6.38792
9	82.9019	87.115	5.65818
10	94.8717	87.8906	5.11993
11	75.7675	86.7885	4.76048
12	91.3896	87.1719	4.36259
13	98.4738	88.0413	4.10609
14	98.8139	88.8108	3.87859
15	81.7662	88.3412	3.64118
16	96.676	88.8621	3.44562
17	86.2378	88.7077	3.24028
18	98.084	89.2286	3.09906
19	98.3744	89.71	2.97067
20	89.1288	89.6809	2.81838
21	89.0053	89.6487	2.681
22	73.8458	88.9304	2.65524
23	95.767	89.2277	2.55453
24	97.2178	89.5606	2.46833
25	72.5334	88.8795	2.46356
26	94.2933	89.0877	2.37605
27	90.2973	89.1325	2.28679
28	97.8259	89.443	2.22537
29	96.7512	89.695	2.162
30	93.7522	89.8302	2.09307
31	92.463	89.9152	2.0262
32	80.1822	89.611	1.9853
33	96.504	89.8199	1.9355
34	89.9883	89.8249	1.87772
35	75.7424	89.4225	1.86715
36	99.8398	89.7119	1.83747
37	84.3656	89.5674	1.79295
38	97.2832	89.7704	1.75691
39	94.3091	89.8868	1.71522
40	95.3754	90.024	1.67741
41	99.179	90.2473	1.65115
42	81.0054	90.0273	1.62631
43	96.4712	90.1771	1.5951
44	97.2248	90.3373	1.56663
45	89.2013	90.312	1.53163
46	79.4595	90.0761	1.51643
47	96.0069	90.2023	1.48917
48	98.9502	90.3846	1.46916
49	60.5368	89.7754	1.5625
50	95.8045	89.896	1.53567
51	93.5238	89.9671	1.50694
52	85.3637	89.8786	1.48032
53	88.3882	89.8505	1.45239
54	80.1138	89.6702	1.43661
55	99.533	89.8495	1.4216
56	74.1267	89.5687	1.42394
57	81.6666	89.4301	1.40559
58	97.4354	89.5681	1.38802
59	89.2568	89.5628	1.3643
60	92.3061	89.6086	1.34215
61	95.617	89.7071	1.32363
62	88.9754	89.6953	1.30216
63	98.7459	89.8389	1.28935
64	91.8363	89.8701	1.26943
65	98.1386	89.9973	1.25621
66	80.184	89.8487	1.24593
67	89.7525	89.8472	1.22719
68	99.7254	89.9925	1.21771
69	99.111	90.1246	1.20719
70	99.2968	90.2557	1.19701
71	94.672	90.3179	1.18167
72	91.2824	90.3313	1.16522
73	90.4434	90.3328	1.14915
74	79.5658	90.1873	1.14281
75	95.7797	90.2619	1.12993
76	64.6502	89.9249	1.16478
77	96.333	90.0081	1.15256
78	87.4459	89.9752	1.13816
79	96.9603	90.0637	1.12714
80	96.4155	90.1431	1.11579
81	90.1509	90.1432	1.10193
82	86.8901	90.1035	1.08913
83	77.139	89.9473	1.08721
84	83.8333	89.8745	1.07665
85	73.5042	89.6819	1.0812
86	71.8109	89.4741	1.08857
87	98.3515	89.5761	1.08081
88	97.157	89.6623	1.07193
89	98.6168	89.7629	1.06458
90	92.9174	89.798	1.05327
91	92.1043	89.8233	1.04194
92	89.771	89.8227	1.03055
93	98.3197	89.9141	1.02349
94	99.6362	90.0175	1.01782
95	97.2928	90.0941	1.00995
96	93.481	90.1294	1
97	95.0733	90.1804	0.990949
98	87.6355	90.1544	0.981129
99	96.4368	90.2178	0.973239
100	83.1443	90.1471	0.96605
