1	-0.764256	-0.764256	0
2	-0.736122	-0.750189	0.0140668
3	-0.745684	-0.748687	0.00825915
4	-0.74119	-0.746813	0.00613354
5	-0.74827	-0.747104	0.00475995
6	-0.737361	-0.74548	0.00421211
7	-0.757012	-0.747128	0.00392257
8	-0.744108	-0.74675	0.00341796
9	-0.744232	-0.74647	0.00302731
10	-0.745904	-0.746414	0.0027083
11	-0.74476	-0.746263	0.00245436
12	-0.753997	-0.746908	0.00233135
13	-0.75493	-0.747525	0.00223154
14	-0.74836	-0.747585	0.00206687
15	-0.745075	-0.747417	0.00193141
16	-0.740787	-0.747003	0.00185358
17	-0.751174	-0.747248	0.00175833
18	-0.739974	-0.746844	0.00170633
19	-0.75151	-0.74709	0.00163259
20	-0.741696	-0.74682	0.00157212
21	-0.734959	-0.746255	0.00159849
22	-0.741501	-0.746039	0.00153935
23	-0.747311	-0.746094	0.00147194
24	-0.755221	-0.746475	0.00145967
25	-0.75313	-0.746741	0.00142515
26	-0.75327	-0.746992	0.00139208
27	-0.748676	-0.747054	0.00134098
28	-0.748092	-0.747091	0.00129273
29	-0.74605	-0.747056	0.00124787
30	-0.764055	-0.747622	0.00133209
31	-0.756685	-0.747915	0.00132116
32	-0.755473	-0.748151	0.00130083
33	-0.739136	-0.747878	0.00129005
34	-0.752034	-0.748	0.00125748
35	-0.74052	-0.747786	0.00123959
36	-0.742039	-0.747626	0.00121519
37	-0.742792	-0.747496	0.0011891
38	-0.739947	-0.747297	0.0011743
39	-0.731638	-0.746896	0.00121223
40	-0.749327	-0.746956	0.0011831
41	-0.751985	-0.747079	0.00116038
42	-0.735541	-0.746804	0.00116526
43	-0.738528	-0.746612	0.001154
44	-0.742814	-0.746526	0.00113077
45	-0.741624	-0.746417	0.00111071
46	-0.744484	-0.746375	0.00108711
47	-0.746155	-0.74637	0.00106374
48	-0.746394	-0.74637	0.00104134
49	-0.754638	-0.746539	0.00103373
50	-0.749286	-0.746594	0.00101433
51	-0.756462	-0.746788	0.0010129
52	-0.744986	-0.746753	0.000993832
53	-0.745352	-0.746726	0.000975259
54	-0.74364	-0.746669	0.000958733
55	-0.749561	-0.746722	0.000942608
56	-0.73403	-0.746495	0.000952964
57	-0.741223	-0.746403	0.000940654
58	-0.756107	-0.74657	0.000939316
59	-0.758423	-0.746771	0.000944863
60	-0.745123	-0.746744	0.000929387
61	-0.741118	-0.746651	0.000918666
62	-0.755192	-0.746789	0.000914166
63	-0.753153	-0.74689	0.000905192
64	-0.756181	-0.747035	0.000902685
65	-0.753974	-0.747142	0.000895077
66	-0.743777	-0.747091	0.000882884
67	-0.744287	-0.747049	0.000870614
68	-0.739354	-0.746936	0.000865147
69	-0.754322	-0.747043	0.00085921
70	-0.739013	-0.746928	0.000854581
71	-0.728986	-0.746676	0.000879543
72	-0.745309	-0.746657	0.000867449
73	-0.755887	-0.746783	0.000864778
74	-0.76647	-0.747049	0.000893534
75	-0.753666	-0.747137	0.000885944
76	-0.750394	-0.74718	0.000875258
77	-0.744174	-0.747141	0.000864699
78	-0.755354	-0.747246	0.00086001
79	-0.733298	-0.74707	0.000867217
80	-0.745458	-0.74705	0.000856545
81	-0.744191	-0.747014	0.00084664
82	-0.740606	-0.746936	0.000839895
83	-0.743861	-0.746899	0.000830541
84	-0.746444	-0.746894	0.000820612
85	-0.750252	-0.746933	0.000811862
86	-0.751894	-0.746991	0.000804437
87	-0.727603	-0.746768	0.000825774
88	-0.76105	-0.74693	0.000832314
89	-0.741364	-0.746868	0.000825282
90	-0.745754	-0.746856	0.000816155
91	-0.745811	-0.746844	0.000807218
92	-0.748457	-0.746862	0.000798588
93	-0.753385	-0.746932	0.000793062
94	-0.744618	-0.746907	0.000784966
95	-0.740507	-0.74684	0.000779576
96	-0.738385	-0.746752	0.000776424
97	-0.755899	-0.746846	0.000774143
98	-0.743118	-0.746808	0.000767147
99	-0.748213	-0.746822	0.000759491
100	-0.731744	-0.746671	0.000766828
