1	0.420175	0.420175	0
2	0.430593	0.425384	0.00520896
3	0.434676	0.428481	0.00431732
4	0.384727	0.417543	0.0113565
5	0.492317	0.432498	0.0173502
6	0.416458	0.429824	0.0144164
7	0.447941	0.432412	0.0124559
8	0.477327	0.438027	0.0121608
9	0.428515	0.43697	0.0107767
10	0.403369	0.43361	0.0102079
11	0.382345	0.42895	0.0103428
12	0.461889	0.431694	0.0098326
13	0.479443	0.435367	0.00976201
14	0.386706	0.431892	0.00968319
15	0.394275	0.429384	0.00935688
16	0.433396	0.429635	0.00875615
17	0.396519	0.427687	0.0084525
18	0.468351	0.429946	0.00828312
19	0.445508	0.430765	0.00787774
20	0.356012	0.427027	0.00835602
21	0.413285	0.426373	0.00797505
22	0.416903	0.425942	0.00761609
23	0.520511	0.430054	0.00835864
24	0.39422	0.428561	0.00814088
25	0.449192	0.429386	0.00785195
26	0.400083	0.428259	0.00762763
27	0.410262	0.427593	0.00736989
28	0.426267	0.427545	0.00710196
29	0.434053	0.42777	0.00685637
30	0.451014	0.428544	0.00666904
31	0.468339	0.429828	0.00657682
32	0.491373	0.431751	0.00665208
33	0.413893	0.43121	0.00647002
34	0.383166	0.429797	0.00643393
35	0.441078	0.430119	0.00625571
36	0.374222	0.428567	0.00627461
37	0.455094	0.429284	0.00614464
38	0.41368	0.428873	0.00599483
39	0.420519	0.428659	0.00584302
40	0.484192	0.430047	0.00586185
41	0.405599	0.429451	0.0057481
42	0.380399	0.428283	0.00572986
43	0.407817	0.427807	0.00561523
44	0.426963	0.427788	0.00548616
45	0.440934	0.42808	0.00537081
46	0.45936	0.42876	0.00529659
47	0.435891	0.428912	0.00518489
48	0.417738	0.428679	0.00508106
49	0.375406	0.427592	0.00509366
50	0.3866	0.426772	0.00505764
51	0.438207	0.426996	0.00496255
52	0.458415	0.4276	0.00490354
53	0.396707	0.427017	0.00484532
54	0.453802	0.427513	0.00478055
55	0.481987	0.428504	0.0047962
56	0.457882	0.429028	0.0047389
57	0.453114	0.429451	0.00467416
58	0.455945	0.429908	0.00461552
59	0.375925	0.428993	0.00462797
60	0.412707	0.428721	0.00455827
61	0.397808	0.428215	0.00451147
62	0.451384	0.428588	0.00445382
63	0.384256	0.427885	0.00443869
64	0.388446	0.427268	0.00441203
65	0.428308	0.427284	0.00434365
66	0.423473	0.427227	0.00427772
67	0.444506	0.427485	0.00422128
68	0.435342	0.4276	0.00416034
69	0.356619	0.426571	0.0042267
70	0.439504	0.426756	0.00416998
71	0.475981	0.427449	0.00416888
72	0.384462	0.426852	0.00415371
73	0.435408	0.42697	0.00409809
74	0.431606	0.427032	0.00404281
75	0.408756	0.426789	0.00399598
76	0.428923	0.426817	0.00394315
77	0.377637	0.426178	0.00394367
78	0.37572	0.425531	0.00394616
79	0.401055	0.425221	0.00390819
80	0.390719	0.42479	0.00388306
81	0.417084	0.424695	0.003836
82	0.397767	0.424366	0.00380313
83	0.425637	0.424382	0.00375706
84	0.419769	0.424327	0.00371247
85	0.473407	0.424904	0.0037137
86	0.409687	0.424727	0.00367453
87	0.441486	0.42492	0.00363715
88	0.425813	0.42493	0.00359559
89	0.437831	0.425075	0.00355792
90	0.441087	0.425253	0.00352266
91	0.404052	0.42502	0.00349152
92	0.416141	0.424923	0.0034547
93	0.456611	0.425264	0.0034343
94	0.496622	0.426023	0.00348134
95	0.472705	0.426515	0.00347937
96	0.41371	0.426381	0.00344552
97	0.40472	0.426158	0.00341712
98	0.456	0.426463	0.00339575
99	0.409432	0.42629	0.00336568
100	0.419028	0.426218	0.00333264
