1	7.95703	7.95703	0
2	6.27101	7.11402	0.84301
3	6.38408	6.8707	0.544142
4	6.79017	6.85057	0.385293
5	8.49257	7.17897	0.443753
6	6.65196	7.09114	0.372817
7	7.59855	7.16362	0.323319
8	7.3933	7.19233	0.28147
9	5.60549	7.01602	0.304479
10	7.0397	7.01838	0.272344
11	5.44731	6.87556	0.284754
12	9.43482	7.08883	0.336237
13	9.11802	7.24492	0.346449
14	6.85257	7.2169	0.321971
15	5.99208	7.13524	0.310662
16	6.58423	7.1008	0.292631
17	6.41912	7.06071	0.277788
18	7.04023	7.05957	0.261904
19	8.31764	7.12578	0.256432
20	5.77615	7.0583	0.252459
21	7.39832	7.07449	0.240682
22	5.7251	7.01316	0.237537
23	8.76274	7.08923	0.239382
24	8.1216	7.13224	0.233193
25	7.78819	7.15848	0.225204
26	5.66133	7.1009	0.2239
27	7.52541	7.11662	0.216021
28	6.82491	7.1062	0.208424
29	7.85775	7.13212	0.202771
30	9.88396	7.22385	0.216308
31	8.28206	7.25798	0.211981
32	8.21006	7.28773	0.207394
33	6.1021	7.2518	0.204197
34	7.28549	7.2528	0.198103
35	6.86034	7.24158	0.192686
36	6.18324	7.21218	0.189551
37	8.64594	7.25093	0.188385
38	5.67512	7.20947	0.187991
39	5.43276	7.16391	0.18869
40	7.32183	7.16786	0.183954
41	7.0509	7.165	0.179434
42	5.55535	7.12668	0.179255
43	5.48282	7.08845	0.179163
44	6.2736	7.06993	0.17602
45	5.78743	7.04143	0.174409
46	7.41768	7.04961	0.170771
47	7.42827	7.05767	0.167292
48	6.1597	7.03896	0.164835
49	9.3283	7.08568	0.168061
50	8.20693	7.10811	0.166185
51	7.6461	7.11865	0.163235
52	6.93882	7.1152	0.160103
53	6.52693	7.1041	0.157445
54	6.65158	7.09572	0.154729
55	7.8035	7.10859	0.152433
56	6.6621	7.10061	0.149899
57	7.13684	7.10125	0.147247
58	7.81775	7.1136	0.145212
59	5.88777	7.09282	0.144234
60	6.46568	7.08237	0.142195
61	5.89996	7.06299	0.141181
62	7.87093	7.07602	0.139495
63	7.79177	7.08738	0.137733
64	7.57135	7.09494	0.135774
65	6.90964	7.09209	0.1337
66	6.00373	7.0756	0.132687
67	7.32884	7.07938	0.130746
68	6.77234	7.07487	0.128888
69	7.81775	7.08563	0.127462
70	6.65112	7.07943	0.125781
71	6.39459	7.06978	0.124372
72	6.13653	7.05682	0.123315
73	8.34903	7.07452	0.122896
74	7.81554	7.08453	0.121636
75	8.70179	7.1061	0.121926
76	7.73684	7.1144	0.120597
77	6.18171	7.10228	0.119635
78	6.75642	7.09785	0.118174
79	6.93554	7.09579	0.116687
80	6.77326	7.09176	0.11529
81	5.93882	7.07753	0.114744
82	6.47482	7.07018	0.113574
83	8.1149	7.08277	0.112901
84	7.25874	7.08486	0.111568
85	7.57539	7.09063	0.110399
86	5.8125	7.07577	0.110115
87	6.25493	7.06633	0.10925
88	7.53669	7.07168	0.108134
89	7.00183	7.07089	0.106915
90	6.63627	7.06607	0.105831
91	7.4691	7.07049	0.104755
92	7.9661	7.08023	0.104066
93	7.5155	7.08491	0.103048
94	8.60099	7.10104	0.103213
95	6.92206	7.09915	0.102138
96	6.8435	7.09649	0.101104
97	7.55398	7.10121	0.100167
98	6.2896	7.09293	0.0994853
99	6.18042	7.08371	0.0989057
100	4.7651	7.06052	0.100619
