1	0.1688	0.1688	0
2	0.15012	0.15946	0.00934
3	0.1522	0.15704	0.00591058
4	0.15148	0.15565	0.00440449
5	0.14548	0.153616	0.00397201
6	0.08404	0.14202	0.012041
7	0.1346	0.14096	0.0102315
8	0.0894	0.134515	0.0109568
9	0.0796	0.128413	0.0114282
10	0.0512	0.120692	0.0128102
11	0.022	0.11172	0.0146548
12	0.21184	0.120063	0.0157664
13	0.11048	0.119326	0.0145217
14	0.23	0.127231	0.0155964
15	0.10176	0.125533	0.0146184
16	0.07936	0.122648	0.0139755
17	0.11868	0.122414	0.0131297
18	0.05868	0.118873	0.0128753
19	0.14748	0.120379	0.0122715
20	0.1448	0.1216	0.0117056
21	0.02796	0.117141	0.011994
22	0.11104	0.116864	0.0114392
23	0.20556	0.12072	0.0115908
24	0.14904	0.1219	0.0111599
25	0.17248	0.123923	0.0108938
26	0.10348	0.123137	0.0104959
27	0.1778	0.125161	0.0103006
28	0.1366	0.12557	0.00993429
29	0.17852	0.127396	0.00975796
30	0.21476	0.130308	0.00986663
31	0.16624	0.131467	0.00961318
32	0.12164	0.13116	0.00931299
33	0.1248	0.130967	0.00902842
34	-0.01032	0.126812	0.00969463
35	0.086	0.125646	0.00948551
36	0.10996	0.12521	0.00922855
37	0.1916	0.127004	0.00915326
38	0.03736	0.124645	0.00921617
39	0.07388	0.123344	0.00907063
40	0.11836	0.123219	0.00884183
41	0.21524	0.125463	0.00891077
42	0.10504	0.124977	0.00870961
43	0.0544	0.123336	0.00866158
44	0.16868	0.124366	0.00852496
45	-0.0028	0.12154	0.00879947
46	0.1082	0.12125	0.00861094
47	0.11976	0.121219	0.0084258
48	0.13968	0.121603	0.00825735
49	0.17592	0.122712	0.0081627
50	0.18032	0.123864	0.00808034
51	0.19108	0.125182	0.00802923
52	0.13728	0.125415	0.00787674
53	0.1276	0.125456	0.0077268
54	-0.026	0.122651	0.00808448
55	0.17804	0.123658	0.00799977
56	0.06152	0.122549	0.0079336
57	0.10116	0.122173	0.0078022
58	0.18936	0.123332	0.00775352
59	0.10116	0.122956	0.00763023
60	0.10816	0.122709	0.00750603
61	0.13588	0.122925	0.00738511
62	0.1556	0.123452	0.00728411
63	0.11764	0.12336	0.00716815
64	0.13704	0.123574	0.0070585
65	0.14668	0.123929	0.00695815
66	0.12484	0.123943	0.00685192
67	0.13836	0.124158	0.00675231
68	0.13572	0.124328	0.00665444
69	0.19208	0.12531	0.0066304
70	0.13864	0.125501	0.00653777
71	0.05732	0.12454	0.00651618
72	0.08144	0.123942	0.00645286
73	0.17836	0.124687	0.00640737
74	0.17548	0.125374	0.00635735
75	0.17132	0.125986	0.00630186
76	0.19568	0.126903	0.00628564
77	0.09268	0.126459	0.00621937
78	0.17968	0.127141	0.00617692
79	0.06092	0.126303	0.00615557
80	0.09692	0.125936	0.00608923
81	0.12556	0.125931	0.00601358
82	0.09832	0.125594	0.00594933
83	0.12104	0.125539	0.00587747
84	0.1382	0.12569	0.00580904
85	0.1126	0.125536	0.00574235
86	0.16668	0.126014	0.00569532
87	0.02016	0.124798	0.00575946
88	0.20452	0.125704	0.00576526
89	0.0802	0.125192	0.005723
90	0.07972	0.124687	0.00568156
91	0.18656	0.125367	0.00565977
92	0.11484	0.125253	0.00559908
93	0.17724	0.125812	0.00556669
94	0.18688	0.126461	0.00554533
95	0.16536	0.126871	0.00550191
96	0.12324	0.126833	0.00544443
97	0.17096	0.127288	0.00540718
98	0.10788	0.12709	0.00535538
99	0.14664	0.127287	0.00530469
100	-0.0128	0.125886	0.00543501
