1	-0.5176	-0.5176	0
2	-0.51024	-0.51392	0.00368
3	-0.51472	-0.514187	0.00214132
4	-0.52	-0.51564	0.00209876
5	-0.5148	-0.515472	0.00163435
6	-0.51528	-0.51544	0.00133483
7	-0.52144	-0.516297	0.00141682
8	-0.51944	-0.51669	0.00128836
9	-0.5236	-0.517458	0.00137131
10	-0.51912	-0.517624	0.00123775
11	-0.53184	-0.518916	0.00170988
12	-0.50448	-0.517713	0.00197071
13	-0.51752	-0.517698	0.00181285
14	-0.5188	-0.517777	0.00168021
15	-0.51192	-0.517387	0.00161219
16	-0.51664	-0.51734	0.00150879
17	-0.52248	-0.517642	0.00144916
18	-0.51192	-0.517324	0.00140278
19	-0.51784	-0.517352	0.00132717
20	-0.5208	-0.517524	0.00127082
21	-0.50264	-0.516815	0.00140125
22	-0.5248	-0.517178	0.00138446
23	-0.51408	-0.517043	0.00132974
24	-0.52112	-0.517213	0.00128441
25	-0.52016	-0.517331	0.00123759
26	-0.52608	-0.517668	0.00123573
27	-0.51816	-0.517686	0.00118922
28	-0.52888	-0.518086	0.0012137
29	-0.52112	-0.51819	0.00117576
30	-0.52616	-0.518456	0.00116655
31	-0.51368	-0.518302	0.00113876
32	-0.512	-0.518105	0.00112005
33	-0.51464	-0.518	0.00109064
34	-0.5168	-0.517965	0.00105867
35	-0.5056	-0.517611	0.00108699
36	-0.52128	-0.517713	0.00106126
37	-0.51472	-0.517632	0.00103535
38	-0.51448	-0.517549	0.00101114
39	-0.50952	-0.517344	0.00100616
40	-0.51496	-0.517284	0.000982497
41	-0.52224	-0.517405	0.000965828
42	-0.5112	-0.517257	0.000954059
43	-0.52792	-0.517505	0.000964046
44	-0.51624	-0.517476	0.000942319
45	-0.5272	-0.517692	0.000946146
46	-0.51888	-0.517718	0.000925709
47	-0.51296	-0.517617	0.000911439
48	-0.51192	-0.517498	0.000900108
49	-0.51248	-0.517396	0.000887476
50	-0.51192	-0.517286	0.000876415
51	-0.51256	-0.517194	0.000864043
52	-0.52176	-0.517282	0.000851802
53	-0.50896	-0.517125	0.0008502
54	-0.50904	-0.516975	0.000847633
55	-0.52144	-0.517056	0.00083603
56	-0.5184	-0.51708	0.000821316
57	-0.51592	-0.51706	0.000807035
58	-0.50936	-0.516927	0.000804033
59	-0.50968	-0.516804	0.000799777
60	-0.51248	-0.516732	0.00078963
61	-0.516	-0.51672	0.00077667
62	-0.50976	-0.516608	0.000772243
63	-0.51216	-0.516537	0.000763159
64	-0.51552	-0.516521	0.000751308
65	-0.52048	-0.516582	0.000742162
66	-0.50224	-0.516365	0.000762453
67	-0.52816	-0.516541	0.000771346
68	-0.51544	-0.516525	0.00076009
69	-0.51968	-0.51657	0.000750388
70	-0.5132	-0.516522	0.000741156
71	-0.5072	-0.516391	0.000742347
72	-0.51856	-0.516421	0.000732583
73	-0.51536	-0.516407	0.000722625
74	-0.5152	-0.51639	0.000712979
75	-0.5156	-0.51638	0.000703487
76	-0.51584	-0.516373	0.000694205
77	-0.52144	-0.516438	0.000688284
78	-0.51248	-0.516388	0.000681295
79	-0.51024	-0.51631	0.000677103
80	-0.52384	-0.516404	0.000675179
81	-0.512	-0.51635	0.000669004
82	-0.51064	-0.51628	0.000664453
83	-0.5292	-0.516436	0.000674604
84	-0.51032	-0.516363	0.000670489
85	-0.52408	-0.516454	0.000668746
86	-0.52088	-0.516505	0.000662925
87	-0.5148	-0.516486	0.000655554
88	-0.51664	-0.516487	0.000648064
89	-0.52048	-0.516532	0.00064231
90	-0.51912	-0.516561	0.000635783
91	-0.52784	-0.516685	0.000640858
92	-0.51064	-0.516619	0.00063725
93	-0.52608	-0.516721	0.000638517
94	-0.5148	-0.5167	0.000632018
95	-0.52448	-0.516782	0.000630669
96	-0.51768	-0.516792	0.000624135
97	-0.51384	-0.516761	0.000618416
98	-0.51	-0.516692	0.000615949
99	-0.50656	-0.51659	0.000618226
100	-0.52832	-0.516707	0.000623153
