1	1.8688	1.8688	0
2	1.88681	1.87781	0.00900571
3	1.76471	1.84011	0.0380559
4	1.95424	1.86864	0.0392209
5	1.78231	1.85137	0.0349441
6	1.52901	1.79765	0.0608339
7	1.77893	1.79497	0.0514835
8	2.02002	1.8231	0.052719
9	1.89207	1.83077	0.047121
10	1.93257	1.84095	0.0433585
11	2.2773	1.88062	0.0557831
12	1.48773	1.84787	0.06054
13	1.71264	1.83747	0.056652
14	1.80338	1.83504	0.052506
15	1.56727	1.81719	0.0520381
16	1.61691	1.80467	0.0502607
17	1.83698	1.80657	0.04725
18	1.50487	1.78981	0.0475966
19	1.72539	1.78642	0.0451493
20	1.65984	1.78009	0.0432975
21	1.39045	1.76153	0.0451708
22	1.73787	1.76046	0.0430821
23	1.7787	1.76125	0.041174
24	1.72251	1.75964	0.0394541
25	1.78656	1.76071	0.0378584
26	1.77696	1.76134	0.0363785
27	1.75625	1.76115	0.0350057
28	2.08343	1.77266	0.035642
29	1.65385	1.76856	0.0346342
30	1.75397	1.76808	0.0334633
31	1.65568	1.76445	0.0325683
32	1.73733	1.7636	0.0315455
33	1.85778	1.76646	0.0307076
34	1.66144	1.76337	0.0299504
35	1.99328	1.76994	0.0298147
36	1.83717	1.77181	0.0290348
37	1.85659	1.7741	0.028332
38	1.76576	1.77388	0.0275773
39	1.69385	1.77183	0.0269391
40	2.27785	1.78448	0.0291456
41	2.00731	1.78991	0.0289408
42	1.66866	1.78702	0.0283905
43	2.03808	1.79286	0.0283305
44	1.94039	1.79622	0.0278815
45	1.8976	1.79847	0.0273478
46	1.87461	1.80012	0.0267979
47	1.67662	1.7975	0.0263528
48	2.02098	1.80215	0.0262148
49	1.60942	1.79822	0.0259738
50	2.12978	1.80485	0.0262988
51	1.86651	1.80606	0.0258063
52	1.72786	1.80456	0.0253498
53	1.65435	1.80172	0.0250278
54	1.60261	1.79803	0.0248353
55	1.79113	1.79791	0.0243798
56	1.98656	1.80128	0.0241764
57	1.85989	1.80231	0.0237707
58	2.00439	1.80579	0.0236157
59	1.60544	1.80239	0.0234591
60	1.88709	1.80381	0.0231079
61	1.54706	1.7996	0.0231124
62	1.7541	1.79886	0.0227484
63	1.61911	1.79601	0.0225655
64	1.63584	1.79351	0.0223507
65	1.58153	1.79025	0.0222445
66	1.59982	1.78736	0.0220941
67	1.67589	1.7857	0.0218253
68	1.46126	1.78093	0.022025
69	1.77673	1.78086	0.0217035
70	1.61678	1.77852	0.0215192
71	1.63977	1.77657	0.0213038
72	1.86565	1.7778	0.0210422
73	1.6571	1.77615	0.0208178
74	1.77467	1.77613	0.0205345
75	1.86935	1.77737	0.020297
76	1.84814	1.7783	0.0200498
77	1.86062	1.77937	0.0198165
78	1.53659	1.77626	0.0198069
79	2.01646	1.7793	0.0197895
80	2.17403	1.78424	0.0201539
81	1.96407	1.78646	0.020027
82	1.91977	1.78808	0.019848
83	1.63177	1.7862	0.0196976
84	1.72704	1.78549	0.0194744
85	2.07296	1.78888	0.0195389
86	1.63945	1.78714	0.0193884
87	1.72411	1.78641	0.0191779
88	2.20768	1.7912	0.0195537
89	1.92151	1.79267	0.0193882
90	1.82313	1.793	0.0191745
91	1.93115	1.79452	0.0190233
92	1.62277	1.79265	0.0189078
93	1.73536	1.79204	0.0187135
94	1.62752	1.79029	0.0185959
95	2.15168	1.79409	0.0187883
96	1.86743	1.79486	0.0186072
97	1.67319	1.7936	0.0184571
98	1.6624	1.79226	0.0183167
99	1.67685	1.7911	0.0181682
100	1.96114	1.7928	0.0180658
