1	-0.02672	-0.02672	0
2	0.0016	-0.01256	0.01416
3	-0.00748	-0.0108667	0.00834881
4	0.00812	-0.00612	0.0075751
5	-0.00448	-0.005792	0.00587681
6	-0.04012	-0.0115133	0.00746714
7	0.01408	-0.00785714	0.00729349
8	-0.0096	-0.008075	0.00632011
9	-0.0294	-0.0104444	0.00605654
10	-0.015	-0.0109	0.00543625
11	-0.01872	-0.0116109	0.0049684
12	-0.02184	-0.0124633	0.00461492
13	-0.00592	-0.01196	0.00427484
14	-0.00684	-0.0115943	0.00397459
15	0.00928	-0.0102027	0.00395319
16	0.00392	-0.00932	0.00380175
17	0.01136	-0.00810353	0.00377263
18	-0.06892	-0.0114822	0.0049058
19	0.00756	-0.01048	0.00474742
20	0.02972	-0.00847	0.00493196
21	0.0132	-0.0074381	0.00480338
22	-0.00248	-0.00721273	0.00458539
23	-0.04852	-0.0090087	0.00473529
24	-0.05288	-0.0108367	0.00488834
25	0.00612	-0.0101584	0.00473754
26	-0.00316	-0.00988923	0.00455963
27	-0.01216	-0.00997333	0.00438831
28	0.00236	-0.00953286	0.00425156
29	0.03112	-0.00813103	0.00433524
30	-0.01544	-0.00837467	0.00419532
31	0.0084	-0.00783355	0.00409365
32	0.0256	-0.00678875	0.00409905
33	-0.07404	-0.00882667	0.00446508
34	-0.05496	-0.0101835	0.00453931
35	0.02668	-0.00913029	0.0045318
36	-0.05888	-0.0105122	0.00461584
37	0.01148	-0.00991784	0.00452853
38	-0.00768	-0.00985895	0.00440814
39	-0.00636	-0.00976923	0.00429456
40	-0.03576	-0.010419	0.00423595
41	0.00248	-0.0101044	0.00414331
42	-0.00784	-0.0100505	0.00404381
43	-0.00548	-0.00994419	0.00395008
44	0.02776	-0.00908727	0.00395325
45	-0.00856	-0.00907556	0.00386442
46	0.04404	-0.00792087	0.00395193
47	0.0128	-0.00748	0.00389198
48	-0.02668	-0.00788	0.00383098
49	0.0268	-0.00717224	0.00381815
50	0.01036	-0.0068216	0.00375741
51	0.01088	-0.00647451	0.00369931
52	0.0386	-0.00560769	0.0037296
53	0.00724	-0.00536528	0.00366658
54	-0.00476	-0.00535407	0.00359806
55	-0.04644	-0.00610109	0.00361016
56	-0.01536	-0.00626643	0.00354896
57	-0.01868	-0.00648421	0.00349294
58	0.01256	-0.00615586	0.00344786
59	0.01964	-0.00571864	0.00341701
60	0.00608	-0.005522	0.00336532
61	0.0048	-0.00535279	0.00331402
62	0.0226	-0.00490194	0.00329115
63	0.02664	-0.00440127	0.00327696
64	0.04744	-0.00359125	0.00332551
65	0.02144	-0.00320615	0.00329652
66	-0.02544	-0.00354303	0.00326363
67	0	-0.00349015	0.00321498
68	0.02404	-0.00308529	0.00319312
69	0.02224	-0.00271826	0.00316784
70	0.00972	-0.00254057	0.0031273
71	-0.0172	-0.00274704	0.00308985
72	-0.04476	-0.00333056	0.00310201
73	-0.03292	-0.00373589	0.00308596
74	0.0074	-0.00358541	0.00304769
75	0.07312	-0.00256267	0.00317596
76	0.06376	-0.00169	0.00325312
77	-0.03908	-0.00217558	0.00324711
78	0.04252	-0.00160256	0.00325603
79	0.03216	-0.00117519	0.00324283
80	-0.0818	-0.002183	0.0033569
81	0.00824	-0.00205432	0.00331769
82	0.05668	-0.00133805	0.00335435
83	0.01252	-0.00117108	0.00331789
84	-0.02748	-0.00148429	0.00329308
85	0.02136	-0.00121553	0.00326519
86	0.03764	-0.000763721	0.00325847
87	-0.03324	-0.00113701	0.00324236
88	-0.01548	-0.0013	0.00320945
89	0.0266	-0.000986517	0.00318863
90	-0.04236	-0.00144622	0.00318634
91	-0.01048	-0.00154549	0.00315269
92	-0.00504	-0.00158348	0.00311846
93	-0.01892	-0.00176989	0.00309038
94	0.02872	-0.00144553	0.00307448
95	0.02112	-0.001208	0.00305121
96	-0.0436	-0.00164958	0.00305138
97	0.02636	-0.00136082	0.00303353
98	-0.03476	-0.00170163	0.0030217
99	-0.03012	-0.00198869	0.00300476
100	0.01264	-0.0018424	0.00297816
