1	0.243785	0.243785	0
2	0.237308	0.240547	0.00323835
3	0.253037	0.24471	0.00456397
4	0.230087	0.241054	0.00487654
5	0.243542	0.241552	0.00380999
6	0.241948	0.241618	0.00311154
7	0.253458	0.243309	0.00312676
8	0.234574	0.242218	0.0029197
9	0.238548	0.24181	0.00260702
10	0.23603	0.241232	0.00240236
11	0.229888	0.2402	0.00240532
12	0.240992	0.240266	0.00219674
13	0.250153	0.241027	0.00215907
14	0.236228	0.240684	0.00202809
15	0.245635	0.241014	0.00191667
16	0.243904	0.241195	0.00180196
17	0.233643	0.240751	0.00174996
18	0.258382	0.24173	0.00191875
19	0.254148	0.242384	0.00192904
20	0.227777	0.241653	0.00197039
21	0.241571	0.241649	0.00187422
22	0.221351	0.240727	0.00201113
23	0.253338	0.241275	0.00199839
24	0.238634	0.241165	0.00191648
25	0.234684	0.240906	0.00185641
26	0.238469	0.240812	0.00178604
27	0.223657	0.240177	0.0018323
28	0.236427	0.240043	0.00177072
29	0.228603	0.239648	0.00175352
30	0.240229	0.239668	0.00169417
31	0.229748	0.239348	0.00166956
32	0.214622	0.238575	0.00179172
33	0.250829	0.238946	0.00177583
34	0.248519	0.239228	0.00174566
35	0.251988	0.239592	0.00173381
36	0.223372	0.239142	0.00174416
37	0.235483	0.239043	0.00169925
38	0.251845	0.23938	0.00168789
39	0.24846	0.239613	0.00166045
40	0.243987	0.239722	0.00162209
41	0.252156	0.240025	0.00161084
42	0.236972	0.239953	0.0015737
43	0.225823	0.239624	0.00157141
44	0.227661	0.239352	0.00155916
45	0.240943	0.239388	0.00152453
46	0.227558	0.23913	0.00151304
47	0.235965	0.239063	0.00148203
48	0.250441	0.2393	0.00147006
49	0.230626	0.239123	0.00145059
50	0.216586	0.238672	0.00149104
51	0.252693	0.238947	0.00148714
52	0.240067	0.238969	0.00145842
53	0.236456	0.238921	0.00143142
54	0.222378	0.238615	0.00143768
55	0.254712	0.238908	0.00144133
56	0.25763	0.239242	0.00145431
57	0.243294	0.239313	0.00143034
58	0.239419	0.239315	0.00140546
59	0.24935	0.239485	0.00139186
60	0.238776	0.239473	0.00136852
61	0.237558	0.239442	0.00134627
62	0.236734	0.239398	0.00132509
63	0.232636	0.239291	0.0013083
64	0.25609	0.239553	0.00131418
65	0.243666	0.239617	0.00129535
66	0.232251	0.239505	0.00128044
67	0.234433	0.239429	0.00126346
68	0.249078	0.239571	0.0012528
69	0.222562	0.239325	0.00125888
70	0.236541	0.239285	0.0012414
71	0.224904	0.239082	0.00124044
72	0.246353	0.239183	0.00122726
73	0.239766	0.239191	0.00121035
74	0.234308	0.239125	0.00119571
75	0.244712	0.2392	0.00118201
76	0.227087	0.23904	0.00117719
77	0.232142	0.238951	0.00116525
78	0.229372	0.238828	0.00115675
79	0.271372	0.23924	0.00121404
80	0.237996	0.239224	0.00119887
81	0.263523	0.239524	0.00122139
82	0.238374	0.23951	0.00120649
83	0.233198	0.239434	0.00119429
84	0.23911	0.23943	0.00117999
85	0.22971	0.239316	0.00117162
86	0.239164	0.239314	0.00115792
87	0.24187	0.239344	0.00114491
88	0.232201	0.239263	0.00113473
89	0.254951	0.239439	0.00113567
90	0.235194	0.239392	0.00112397
91	0.240995	0.239409	0.00111169
92	0.224999	0.239253	0.00111064
93	0.221333	0.23906	0.0011154
94	0.250648	0.239183	0.00111034
95	0.232058	0.239108	0.00110114
96	0.231148	0.239025	0.00109276
97	0.224765	0.238878	0.00109139
98	0.244441	0.238935	0.00108168
99	0.238213	0.238928	0.00107073
100	0.255915	0.239098	0.00107349
