1.20717
1.21142
1.20321
1.2224
1.19064
1.20964
1.23548
1.21884
1.18975
1.20656
1.22409
1.21024
1.20502
1.20287
1.2097
1.21472
1.21047
1.18452
1.19914
1.2054
1.19652
1.18688
1.18071
1.17844
1.17271
1.18453
1.1671
1.18258
1.18404
1.20238
1.20334
1.19158
1.20554
1.18513
1.18282
1.20583
1.20227
1.19442
1.18782
1.19545
1.21126
1.21647
1.21336
1.21441
1.24267
1.22462
1.18139
1.25203
1.25946
1.23946
1.24227
1.24703
1.2426
1.23044
1.19108
1.2211
1.23321
1.23013
1.21005
1.20893
1.24163
1.25092
1.21235
1.25242
1.26945
1.24733
1.21987
1.2708
1.24724
1.24982
1.23388
1.25212
1.24234
1.24398
1.24519
1.26629
1.28037
1.24318
1.28082
1.28231
1.27799
1.28404
1.28696
1.25318
1.28139
1.29642
1.2368
1.30375
1.27482
1.2668
1.27416
1.27408
1.28606
1.27957
1.24706
1.2882
1.22787
1.28718
1.25489
1.27688
