0
0
0
0
0.579799
1.45746
1.18357
1.25566
0.977911
1.01144
1.12194
0.690429
0.867227
0.921372
0.966868
0.907495
0.822506
1.0872
0.972872
0.968661
0.981659
1.0136
0.849851
0.992517
0.878794
1.08768
0.956793
1.02877
1.0413
1.01931
0
0
0
0
0.579799
1.65179
1.04432
1.20334
1.01866
0.978813
1.0418
0.779516
0.848374
0.98603
0.910818
0.907495
0.811684
1.09682
1.00731
0.953163
0.939588
0.962605
0.948806
0.896467
0.947526
1.01517
1.04912
1.00149
1.06669
0.96513
0
0
0
0
0.579799
2.04045
0.765837
1.0987
1.01866
1.01144
1.0418
0.890876
0.886079
0.98603
0.896805
0.797124
0.941553
1.00061
0.947043
1.06165
0.897517
0.937106
1.00702
0.864451
0.952436
0.965317
1.08688
0.978108
1.12112
0.95497
0
0
0
0
0.724749
1.74896
1.25319
0.837107
0.977911
0.880931
1.14865
0.979963
0.942638
0.905208
0.784705
0.809387
1.10389
0.856292
1.00731
1.00741
0.939588
0.962605
0.942985
0.875123
1.01135
0.951721
1.08688
0.997592
1.06306
0.96513
0
0
0
0
0.869699
1.45746
1.6013
0.732469
0.977911
0.848304
1.06851
0.935419
1.13117
0.921372
0.742667
0.797124
1.07142
0.885156
0.947043
1.03841
0.967635
0.898856
0.948806
0.971173
0.932798
0.924529
1.08269
1.04825
1.02678
0.992221
0
0
0
0
0.724749
1.74896
1.6013
0.680149
0.896418
0.946186
0.934948
1.04678
1.18772
0.792057
0.840755
0.932022
0.854974
0.971748
0.955653
0.999659
0.855446
0.98173
0.90806
1.02987
0.952436
1.00157
0.986168
1.01318
1.03404
1.01931
0
0
0
0
0.579799
1.94328
1.32281
0.994064
0.814925
0.848304
0.908236
1.24723
0.942638
0.889043
0.994894
0.907495
0.822506
0.856292
1.05036
0.898918
0.883493
0.962605
0.97209
1.04054
0.898432
1.01517
0.940007
1.00928
1.09572
0.995607
0
0
0
0
1.01465
1.45746
1.32281
1.0987
0.855672
0.815677
0.85481
1.31404
0.848374
1.05069
0.952856
0.821651
0.865796
0.846671
1.07619
0.852422
0.925564
0.949855
1.0303
0.976509
0.927888
1.08315
0.88965
0.978108
1.09209
1.01254
0
0
0
0
1.1596
1.26313
1.53167
0.889426
0.814925
0.978813
0.961661
1.09132
0.904932
1.11535
0.86878
0.907495
0.757571
0.962126
0.938434
0.883419
0.918552
0.98173
1.06522
0.960501
0.947526
0.983445
0.923221
1.08722
1.07032
1.00577
0
0
0
0
0.869699
1.65179
1.11395
1.0987
1.01866
0.815677
0.988374
1.13587
0.716405
1.26083
0.798717
0.956548
0.725104
1.02948
0.869558
0.929915
0.932576
0.924356
1.03612
1.04588
0.947526
0.915465
0.960989
1.04825
1.11023
1.06334
0
0
0
0
0.724749
1.74896
1.25319
0.837107
1.01866
0.946186
1.01509
1.00224
0.848374
1.09918
0.924831
0.833914
0.876618
0.952505
0.921215
0.898918
0.939588
0.905231
1.03612
1.07256
0.927888
0.897337
0.981972
1.06384
1.08846
1.0464
0
0
0
0
0.579799
1.65179
1.46205
1.04638
0.733433
1.07669
1.0418
0.957691
0.848374
0.98603
1.03693
0.760333
0.952376
0.817807
1.06758
0.898918
0.988671
0.835108
0.977911
1.08323
1.00644
0.883741
1.00295
0.970314
1.08483
1.10397
0
0
0
0
0.579799
1.55463
1.39243
0.889426
0.896418
1.17458
0.961661
0.913148
0.980343
0.808221
1.12101
0.760333
0.952376
0.808186
1.10201
0.929915
1.00269
0.835108
0.90806
1.08323
0.986802
0.938125
0.944204
1.07553
1.03767
1.13784
0
0
0
0
0.579799
1.55463
1.32281
0.994064
0.814925
1.17458
0.988374
0.913148
0.942638
0.889043
0.910818
0.956548
0.854974
0.865914
1.11923
0.906667
1.04477
0.809608
0.896418
1.05121
0.991711
0.992509
0.898042
1.07553
1.05581
1.1209
0
0
0
0
0.2899
1.65179
1.39243
0.889426
0.692687
1.23983
1.09523
0.868604
0.980343
0.905208
0.742667
1.03013
0.865796
0.923641
1.10201
0.953163
0.974647
0.854232
0.896418
0.997853
0.986802
1.07409
0.914828
0.982005
1.16465
1.08704
0
0
0
0
0.43485
1.74896
1.46205
0.732469
0.733433
1.23983
1.12194
0.801788
0.999196
0.775892
0.924831
0.907495
0.909086
0.981369
1.10201
1.02291
0.876481
0.911606
0.902239
0.923148
1.02608
1.08315
0.88965
1.04046
1.06669
1.10059
0
0
0
0
0.579799
1.65179
1.39243
0.680149
0.733433
1.17458
1.33564
0.734972
0.923785
0.824386
0.938843
0.821651
1.00649
0.923641
1.12784
1.1004
0.764292
0.898856
0.995373
0.93382
1.01626
0.978913
0.990365
0.970314
1.08483
1.11413
0
0
0
0
0.724749
1.26313
1.67092
0.523192
0.814925
1.30508
1.01509
0.913148
0.791816
0.969866
0.86878
0.833914
1.02813
0.981369
1.0848
1.02291
0.841422
0.94348
0.954627
0.891131
1.0899
0.951721
0.956793
0.974211
1.07032
1.10397
0
0
0
0
0.724749
1.45746
1.32281
0.62783
0.855672
1.27246
1.01509
0.957691
0.735257
0.953701
0.896805
0.846177
0.963198
1.05834
1.0848
0.937664
0.9466
0.962605
0.919702
0.907139
1.02608
1.04689
0.856078
1.00539
1.08483
1.0972
0
0
0
0
0.2899
1.84612
1.11395
0.732469
0.937164
1.2072
0.908236
0.979963
0.829521
0.937537
0.826743
0.956548
1.00649
1.02948
1.06758
0.914416
0.967635
0.94348
0.861493
1.00853
0.957345
1.06502
0.906435
0.974211
1.10298
1.01254
0
0
0
0
0.14495
1.55463
1.11395
0.941745
1.01866
1.14195
0.988374
0.82406
0.904932
0.889043
0.86878
0.932022
1.158
0.923641
1.06758
0.867921
1.00971
0.911606
0.931343
0.987181
1.01626
0.987977
0.935811
0.923552
1.09935
1.02609
0
0
0
0
0.579799
1.06881
1.18357
0.994064
1.0594
1.17458
0.908236
0.82406
0.942638
0.678906
1.05094
0.968812
1.158
0.933263
0.9987
0.953163
0.995683
0.854232
0.937164
0.992517
1.09481
0.910933
0.952596
0.931346
1.04492
1.0464
0
0
0
0
0.43485
1.16597
1.04432
1.20334
0.977911
1.01144
0.988374
0.82406
0.923785
0.743564
1.07897
0.968812
1.03896
1.10645
0.886777
0.922166
1.0658
0.892481
0.832388
1.0939
1.01626
0.879209
1.00715
0.954727
1.01953
1.00915
0
0
0
0
0.724749
0.971642
1.04432
1.30798
0.977911
0.946186
0.961661
0.801788
0.867227
0.889043
1.02292
1.10371
0.909086
1.16417
0.869558
0.937664
1.03074
0.854232
0.937164
1.06189
0.932798
0.910933
1.09528
0.896274
1.03041
1.03963
0
0
0
0
0.43485
1.26313
1.04432
1.41262
0.896418
1.01144
0.828097
0.779516
0.999196
0.889043
0.938843
1.18955
0.811684
1.14493
0.9987
0.844673
1.03775
0.937106
0.913881
0.976509
0.952436
0.974381
1.01974
0.974211
0.994129
1.03963
0
0
0
0
0.43485
1.45746
0.905081
1.25566
1.0594
1.01144
0.694533
0.779516
1.01805
0.98603
1.00891
1.05466
0.941553
0.942884
1.0848
0.945414
0.995683
0.94348
0.925522
0.971173
0.898432
0.960785
1.0617
0.923552
1.05581
1.02609
0
0
0
0
0.43485
1.3603
1.04432
1.0987
1.26313
0.880931
0.614395
0.82406
0.999196
1.06685
1.09298
0.981075
0.941553
0.962126
0.9987
0.999659
0.953611
0.962605
0.97209
0.891131
0.893522
1.0197
1.01135
0.974211
1.02678
1.0464
0
0
0
0
0.724749
1.3603
0.974702
1.15102
1.1409
1.01144
0.534256
0.913148
0.942638
1.09918
1.03693
1.0056
0.963198
0.91402
1.00731
0.960912
1.0658
0.898856
1.00119
0.869787
0.967164
0.951721
1.04072
0.958624
0.994129
1.05318
0
0
0
0
0.724749
1.45746
0.974702
0.994064
1.22239
0.815677
0.747959
0.890876
0.867227
1.11535
1.19107
0.895231
0.984843
0.894778
0.981481
1.01516
1.03775
0.917981
0.983731
0.869787
0.947526
0.987977
1.03233
0.966418
0.954219
1.08027
0
0
0
0
0.724749
1.45746
1.04432
1.04638
1.01866
0.815677
0.908236
0.868604
0.886079
1.05069
1.14903
0.981075
0.941553
0.885156
0.981481
1.02291
1.02373
0.96898
0.90806
0.912476
0.976983
0.997041
0.965186
1.01318
1.02678
1.00238
0
0
0
0
0.869699
1.45746
1.04432
1.15102
0.774179
0.913559
1.01509
0.846332
0.848374
1.16384
1.10699
0.993339
0.854974
0.885156
0.964262
1.0694
1.01672
0.95623
0.966269
0.864451
0.981892
0.997041
0.952596
1.02877
1.02315
1.03624
0
0
0
0
0.869699
1.74896
0.765837
1.04638
0.896418
0.880931
0.988374
0.935419
0.904932
1.06685
1.02292
1.0056
0.898263
0.942884
0.912605
1.0539
1.03074
1.00085
0.90806
0.880459
1.02608
0.987977
0.952596
1.04046
0.975988
1.06672
0
0
0
0
0.869699
1.74896
0.765837
1.04638
0.977911
0.750423
1.01509
1.13587
0.829521
0.937537
1.21909
0.895231
0.865796
1.04872
0.792073
1.1469
0.981659
1.05823
0.84403
0.917812
0.991711
0.974381
1.02394
1.00928
0.943334
1.07011
0
0
0
0
1.1596
1.45746
0.835459
0.784788
1.0594
0.815677
0.961661
1.13587
0.96149
1.00219
1.13502
0.809387
0.941553
1.02948
0.878167
1.01516
1.04477
0.994479
0.867314
0.976509
0.952436
0.983445
1.03653
0.997592
0.968731
1.04302
0
0
0
0
0.869699
1.65179
0.835459
0.889426
0.977911
0.913559
0.988374
1.13587
0.829521
1.05069
1.07897
0.821651
0.995665
1.01985
0.972872
0.929915
1.05178
1.01998
0.832388
0.997853
0.927888
1.02877
1.01554
0.978108
1.01953
1.0227
0
0
0
0
0.579799
1.84612
0.765837
0.941745
0.774179
1.17458
1.0418
1.06905
0.810668
1.03452
0.910818
0.968812
0.898263
1.15455
0.972872
0.914416
1.0658
0.95623
0.925522
0.917812
0.937707
1.01517
1.04492
0.989799
1.0413
1.00577
0
0
0
0
0.579799
1.65179
1.18357
0.680149
0.896418
1.14195
0.908236
1.20268
0.942638
0.905208
0.896805
1.05466
0.952376
1.09682
0.990091
0.883419
0.925564
1.01998
0.937164
0.944492
0.918069
1.05143
1.03233
1.02097
1.00864
0.971902
0
0
0
0
0.43485
1.16597
1.6013
0.732469
0.774179
1.2072
1.01509
1.06905
1.05575
0.856715
0.938843
1.01787
0.963198
1.01985
1.11923
0.821425
0.932576
1.0136
0.97209
0.864451
0.967164
1.04689
1.01554
1.07553
0.979616
1.00577
0
0
0
0
0.724749
1.06881
1.46205
0.889426
0.937164
0.946186
1.09523
1.15814
0.904932
0.98603
0.938843
0.907495
1.07142
0.933263
1.16228
0.836923
0.904528
0.988104
0.995373
0.848442
1.04081
0.938125
1.05751
1.04435
1.05581
0.95497
0
0
0
0
0.579799
1.16597
1.46205
0.784788
1.10015
0.848304
1.17536
1.15814
0.772963
1.11535
0.966868
0.858441
1.02813
1.00061
1.04175
0.953163
0.932576
0.962605
0.989552
0.827098
1.05553
0.965317
1.03233
1.01318
1.05218
1.01254
0
0
0
0
0.14495
1.45746
1.53167
0.837107
1.10015
0.848304
1.0418
1.13587
0.923785
1.03452
1.00891
0.858441
1.07142
0.885156
1.11923
0.953163
0.995683
0.917981
0.948806
0.907139
0.991711
0.983445
1.01135
1.00149
1.07395
0.985448
0
0
0
0
0.43485
1.55463
1.11395
1.0987
1.0594
0.880931
0.881523
1.24723
0.980343
0.889043
1.10699
0.870704
1.03896
0.952505
1.06758
0.960912
0.974647
0.95623
0.942985
0.891131
0.972074
0.942657
1.0701
1.02877
1.04855
0.985448
0
0
0
0
1.30455
1.55463
0.974702
1.0987
0.855672
1.01144
0.961661
1.18041
0.829521
0.98603
1.05094
0.919758
0.952376
1.02948
1.05036
0.98416
0.953611
1.0391
0.890597
0.869787
1.00153
0.865613
1.14983
1.03266
0.961475
1.08365
0
0
0
0
1.1596
1.84612
0.905081
1.0987
0.774179
1.10932
1.01509
1.11359
0.75411
1.09918
0.938843
0.932022
1.07142
0.952505
1.11923
0.945414
1.00269
0.937106
0.919702
0.875123
0.972074
0.960785
1.11206
0.970314
1.01227
1.0227
0
0
0
0
1.01465
2.4291
0.765837
0.889426
0.977911
1.07669
1.06851
0.979963
0.772963
1.01836
0.994894
0.919758
1.08224
0.952505
1.10201
0.976411
1.08684
0.822358
0.937164
0.917812
0.927888
1.01517
1.07849
0.978108
1.02315
0.982062
0
0
0
0
1.59445
1.84612
0.905081
0.994064
0.937164
1.17458
1.06851
0.890876
0.772963
1.01836
1.03693
0.833914
1.158
0.933263
1.04175
1.1469
0.953611
0.911606
0.84403
0.949828
0.996621
0.974381
1.0659
0.931346
1.07395
0.992221
0
0
0
0
1.7394
1.74896
1.04432
0.941745
0.937164
1.30508
0.934948
0.868604
0.791816
1.01836
0.980881
0.895231
1.12553
0.894778
1.12784
1.1314
0.953611
0.924356
0.814925
1.00853
0.981892
0.987977
1.04492
0.966418
1.00501
0.95497
0
0
0
0
1.01465
2.13761
1.18357
0.994064
0.896418
1.33771
0.934948
0.690429
0.886079
1.16384
0.882793
0.882968
1.03896
1.04872
1.10201
1.1159
0.995683
0.854232
0.826567
1.02453
1.00153
0.947189
1.0701
0.95083
0.965103
0.995607
0
0
0
0
0.724749
2.13761
1.53167
0.941745
0.774179
1.27246
1.09523
0.712701
0.923785
1.16384
0.798717
0.833914
1.02813
1.18342
0.895386
1.17014
1.03775
0.930731
0.820746
0.960501
1.04081
0.910933
0.990365
1.02097
0.986872
1.0464
0
0
0
0
1.1596
1.45746
1.87978
0.837107
0.896418
1.14195
1.06851
0.82406
0.999196
1.00219
0.882793
0.833914
0.995665
1.2219
0.981481
1.04615
1.03775
0.988104
0.820746
0.949828
1.02608
0.942657
1.02394
0.966418
1.01953
1.00238
0
0
0
0
1.01465
1.65179
1.53167
1.15102
0.855672
0.978813
1.17536
0.890876
1.0369
0.953701
0.86878
0.907495
0.930731
1.24114
0.921215
1.02291
1.05178
1.0391
0.861493
0.896467
0.942617
1.00611
1.03653
1.01708
1.01227
0.971902
0
0
0
0
0.579799
1.94328
1.53167
1.15102
1.0594
0.880931
1.14865
0.913148
1.01805
0.824386
0.952856
1.0056
0.865796
1.21228
0.921215
1.02291
1.01672
1.14748
0.78
0.981845
0.927888
0.987977
1.0617
0.95083
1.03404
0.995607
0
0
0
0
0.869699
1.74896
1.53167
1.15102
1.10015
0.815677
1.12194
0.979963
1.01805
0.792057
0.966868
1.01787
0.930731
1.27963
0.878167
0.960912
1.05879
1.1156
0.838209
0.891131
0.957345
0.978913
1.09528
0.853409
1.11023
1.02609
0
0
0
0
1.30455
1.65179
1.18357
1.41262
0.814925
0.978813
0.934948
1.09132
1.0369
0.872879
0.980881
1.01787
1.03896
1.07758
0.964262
0.953163
1.04477
1.08373
0.861493
0.949828
0.898432
1.00157
1.02394
0.927449
1.13563
0.992221
0
0
0
0
1.4495
1.3603
1.11395
1.62189
0.814925
1.04407
0.828097
1.02451
1.01805
1.00219
1.05094
0.821651
1.16882
1.09682
0.895386
0.953163
1.05178
1.07098
0.873134
0.949828
0.903341
1.07862
0.940007
0.923552
1.14289
0.998994
0
0
0
0
0.724749
1.55463
1.46205
1.46494
0.896418
1.01144
0.828097
0.979963
1.01805
1.01836
1.09298
0.895231
1.17965
0.962126
0.938434
0.945414
1.05178
1.03273
0.919702
0.971173
0.883703
1.08315
0.940007
0.900171
1.11023
1.03286
0
0
0
0
0.43485
1.74896
1.6013
1.20334
1.0594
0.815677
0.988374
1.11359
0.904932
1.14767
0.952856
0.944285
1.21211
0.942884
0.981481
0.945414
0.953611
1.02635
0.97209
0.976509
0.849337
1.10128
0.940007
0.935243
1.08483
1.00577
0
0
0
0
0.579799
1.55463
1.67092
1.15102
1.26313
0.78305
0.801384
1.18041
0.791816
1.24466
0.882793
1.04239
1.17965
1.00061
0.912605
0.960912
0.960623
1.00723
1.03612
0.912476
0.947526
1.02423
0.906435
1.04046
1.07032
0.992221
0
0
0
0
0.579799
1.65179
1.53167
1.25566
1.22239
0.750423
0.747959
1.13587
1.01805
1.11535
0.882793
1.1405
1.13636
0.91402
0.990091
0.945414
0.988671
0.949855
1.01284
0.997853
0.942617
0.997041
0.960989
0.974211
1.07032
1.01254
0
0
0
0
0.724749
1.3603
1.81016
0.941745
1.22239
0.946186
0.801384
0.82406
1.15002
1.19617
0.952856
1.15276
1.00649
1.01023
0.903996
0.953163
1.07281
0.962605
0.948806
1.00319
0.967164
0.974381
1.00715
0.985902
1.00501
1.03963
0
0
0
0
0.43485
1.94328
1.67092
1.25566
0.814925
1.01144
0.881523
0.779516
1.0369
1.2285
1.05094
1.11597
0.995665
1.0391
0.912605
0.968661
1.0658
0.898856
1.01866
0.939156
1.01135
0.942657
1.01554
1.00149
1.01953
1.01931
0
0
0
0
0.724749
1.84612
1.53167
1.25566
0.977911
0.78305
0.961661
0.913148
0.886079
1.14767
1.19107
1.09145
0.97402
1.11607
0.852339
0.953163
1.14293
0.835108
0.983731
0.955164
1.08008
0.960785
0.9484
0.982005
1.04492
1.03624
0
0
0
0
1.01465
2.04045
1.39243
1.15102
0.855672
0.913559
0.988374
0.801788
1.09346
0.98603
1.26113
1.07918
0.952376
1.02948
1.04175
0.883419
1.185
0.835108
0.896418
0.960501
1.03099
0.992509
1.02813
0.935243
1.04855
1.06672
0
0
0
0
1.01465
2.13761
1.39243
1.04638
0.855672
1.01144
0.881523
0.82406
1.15002
0.872879
1.21909
1.15276
1.0606
0.923641
1.01592
1.00741
1.13592
0.892481
0.90806
0.93382
0.981892
1.06502
1.00715
0.904068
1.04855
1.07011
0
0
0
0
1.30455
2.23478
1.39243
0.889426
0.814925
0.978813
1.0418
0.734972
1.0369
1.06685
1.10699
1.10371
1.0606
1.01023
0.981481
1.07715
1.07281
0.911606
0.931343
0.843106
1.06535
1.10128
0.981972
0.927449
1.02315
1.01254
0
0
0
0
1.88435
1.84612
1.46205
0.732469
0.774179
1.14195
0.961661
0.846332
0.867227
1.08302
1.16304
1.05466
1.13636
0.981369
0.972872
1.02291
1.14293
0.988104
0.896418
0.869787
1.00644
1.04689
1.04072
0.962521
1.01227
1.00577
0
0
0
0
1.1596
2.23478
1.39243
0.784788
0.977911
0.946186
1.12194
0.868604
0.75411
1.11535
1.06496
1.01787
1.21211
1.0391
0.886777
1.02291
1.185
0.975355
0.896418
0.901803
1.01626
0.987977
1.03233
1.02097
0.91068
1.04979
0
0
0
0
0.724749
2.7206
0.905081
1.25566
0.937164
0.78305
1.20208
0.935419
0.772963
1.01836
1.03693
1.04239
1.21211
1.10645
0.84373
1.0849
1.1219
0.94348
1.02448
0.885795
0.942617
1.02877
1.04492
1.03266
0.903424
0.988834
0
0
0
0
0.579799
2.4291
1.04432
1.46494
0.937164
0.717796
1.12194
0.957691
0.923785
0.969866
0.994894
1.06692
1.17965
0.962126
0.9987
1.12365
1.05178
1.01998
0.960448
0.917812
0.942617
1.06049
0.977775
1.04435
0.939706
0.985448
0
0
0
0
0.579799
2.04045
1.32281
1.41262
1.10015
0.78305
0.961661
1.06905
0.829521
0.969866
1.05094
1.04239
1.09307
0.971748
1.07619
1.0849
1.09385
1.01998
0.90806
0.976509
0.972074
1.02423
1.00715
0.997592
0.921565
1.03963
0
0
0
0
0.43485
2.13761
1.39243
1.30798
1.10015
0.946186
1.01509
0.979963
0.848374
0.872879
1.13502
1.05466
0.984843
1.09682
1.02453
1.1159
1.03775
1.09648
0.878955
1.04054
0.922979
1.04689
0.998757
0.907965
1.01227
0.992221
0
0
0
0
0.724749
1.94328
1.46205
1.0987
1.22239
1.17458
0.828097
0.868604
0.867227
1.05069
1.02292
1.17729
0.909086
1.07758
0.981481
1.0849
1.14293
1.03273
0.925522
1.06189
0.90825
1.04689
0.902239
0.95083
1.06306
1.01593
0
0
0
0
1.01465
1.94328
1.25319
1.15102
0.977911
1.50085
0.828097
0.913148
0.904932
0.953701
1.00891
1.05466
1.13636
0.885156
1.02453
1.12365
1.13592
1.05185
0.954627
1.04588
0.981892
0.942657
0.906435
0.93914
1.05581
1.01254
0
0
0
0
1.01465
1.84612
1.25319
1.25566
0.814925
1.59873
0.881523
0.935419
0.904932
0.889043
0.952856
1.17729
1.08224
0.846671
1.11062
1.00741
1.17799
1.12198
0.954627
1.02987
0.967164
0.929061
0.969382
0.962521
0.961475
1.08704
0
0
0
0
0.724749
2.52627
1.18357
0.994064
1.01866
1.30508
1.14865
0.868604
0.886079
0.872879
0.938843
1.17729
1.04978
1.02948
0.972872
0.991909
1.22707
1.04548
1.07104
1.00853
0.967164
0.919997
0.965186
0.962521
0.986872
1.0227
0
0
0
0
0.724749
2.7206
1.04432
0.994064
1.0594
1.30508
1.2555
0.868604
0.848374
0.824386
0.994894
1.09145
1.00649
1.19304
0.921215
1.0539
1.10787
1.05185
1.10597
1.08857
0.898432
0.897337
0.965186
0.946933
0.97236
1.03286
0
0
0
0
1.1596
2.4291
1.11395
1.04638
1.0594
1.14195
1.38907
0.913148
0.75411
0.872879
1.12101
0.968812
0.995665
1.21228
0.964262
1.03841
1.07281
1.03273
1.19328
1.01386
0.927888
0.965317
0.906435
0.978108
0.932449
1.00238
0
0
0
0
1.01465
2.33194
1.53167
0.680149
1.30388
1.17458
1.22879
0.935419
0.810668
1.01836
0.938843
1.04239
0.941553
1.25076
0.972872
0.98416
1.08684
1.10285
1.02448
1.07256
0.952436
0.969849
0.956793
0.927449
0.946962
0.992221
0
0
0
0
0.869699
2.23478
1.46205
0.732469
1.54836
1.23983
1.09523
0.935419
0.867227
0.969866
0.994894
0.993339
1.02813
1.13531
0.981481
1.0539
1.17098
1.05823
1.01284
1.03521
0.991711
0.965317
0.898042
0.923552
0.907052
1.05656
0
0
0
0
0.869699
2.81776
0.974702
1.04638
1.50761
0.978813
1.14865
0.979963
1.01805
0.921372
0.924831
0.907495
1.19047
1.05834
0.990091
1.10815
1.12891
1.05823
0.977911
1.0192
1.05553
0.924529
0.885453
0.943036
0.936077
1.0972
0
0
0
0
0.869699
2.7206
1.11395
0.889426
1.54836
0.946186
1.30893
1.00224
0.810668
1.06685
0.952856
0.870704
1.21211
1.06796
0.938434
1.18564
1.00971
1.10923
0.977911
1.01386
1.07517
0.901869
0.906435
0.915759
0.990501
1.07688
0
0
0
0
0.869699
2.7206
0.835459
1.56958
1.1409
1.07669
1.09523
1.02451
1.07461
0.953701
0.952856
0.932022
1.17965
0.99099
1.00731
1.20889
1.01672
1.07098
0.97209
0.992517
1.08008
0.879209
0.927418
0.896274
1.05581
1.0464
0
0
0
0
1.1596
2.4291
1.39243
1.30798
1.1409
1.17458
1.01509
0.913148
1.09346
1.08302
1.00891
0.846177
1.13636
1.01985
1.07619
1.1159
1.05178
0.994479
1.07104
1.00853
0.962255
0.942657
0.87706
0.974211
1.08846
0.938038
0
0
0
0
1.1596
2.23478
1.67092
1.15102
1.22239
1.01144
1.06851
1.11359
0.96149
1.14767
0.924831
0.919758
1.11471
0.952505
1.14506
1.16239
1.00269
0.95623
1.12343
1.00319
0.888613
0.929061
0.960989
0.962521
1.03404
0.96513
0
0
0
0
0.724749
2.33194
1.9494
1.30798
1.0594
0.946186
0.934948
1.24723
0.999196
1.16384
0.994894
0.882968
1.12553
1.02948
1.11923
1.0539
1.02373
0.962605
1.11761
1.06722
0.834609
0.883741
1.01974
0.982005
0.979616
1.00577
0
0
0
0
0.724749
2.13761
2.29751
1.30798
0.855672
0.946186
1.06851
1.20268
1.0369
1.2285
1.00891
0.821651
1.14718
1.04872
0.972872
1.1159
1.05879
1.0391
1.0303
1.01386
0.829699
0.997041
0.914828
1.07943
0.917936
1.01593
0
0
0
0
0.724749
2.52627
2.08865
1.20334
0.814925
1.14195
0.961661
1.18041
1.07461
1.24466
0.952856
0.981075
1.17965
0.91402
0.938434
1.09265
1.14994
1.0136
1.01866
0.923148
0.967164
0.870145
0.965186
1.09112
0.97236
0.95497
0
0
0
0
0.724749
2.52627
1.9494
1.0987
1.0594
1.2072
0.881523
1.24723
1.07461
1.11535
1.02292
1.06692
1.13636
0.894778
0.9987
0.976411
1.21305
0.96898
1.07104
0.880459
0.962255
0.910933
0.919025
1.12619
0.997757
0.890628
0
0
0
0
0.869699
2.33194
1.67092
1.0987
1.26313
1.27246
0.961661
1.20268
1.07461
1.08302
1.03693
1.03013
1.10389
0.91402
1.10201
0.960912
1.05178
1.00723
1.10597
0.944492
0.927888
0.879209
1.02394
1.08332
0.907052
0.951584
0
0
0
0
1.01465
2.13761
1.46205
1.41262
1.1409
1.37034
0.881523
1.33631
1.01805
1.08302
1.16304
1.04239
0.930731
0.99099
1.15367
0.999659
0.925564
1.0136
1.00702
1.02453
0.952436
0.947189
0.965186
1.02487
0.921565
1.02947
0
0
0
0
1.1596
2.13761
1.11395
1.41262
1.42612
1.2072
0.934948
1.24723
1.05575
1.21233
1.12101
0.956548
0.97402
1.06796
1.12784
0.929915
0.925564
1.01998
1.01284
1.08857
0.922979
0.933593
1.02813
0.911862
0.925193
1.10397
0
0
0
0
0.579799
2.33194
1.67092
1.0987
1.46687
0.946186
1.06851
1.29177
1.11231
1.19617
1.13502
0.944285
1.10389
0.971748
1.00731
0.98416
0.9466
1.00723
0.966269
1.11525
0.957345
0.956253
0.990365
0.884584
0.990501
1.11075
0
0
0
0
0.43485
2.62343
1.11395
1.41262
1.34463
1.07669
1.06851
1.33631
1.07461
1.05069
1.16304
1.05466
1.10389
1.01985
0.947043
0.991909
1.00971
0.94348
1.0303
1.10991
0.90825
0.960785
0.977775
0.87679
1.04492
1.03286
0
0
0
0
1.01465
2.13761
1.46205
1.30798
1.1409
0.978813
1.20208
1.24723
1.15002
1.01836
1.17706
1.07918
1.20129
0.981369
0.921215
0.937664
1.05879
0.924356
1.08269
0.971173
0.972074
0.974381
0.944204
0.935243
1.04492
1.01254
0
0
0
0
1.1596
2.23478
1.32281
1.46494
0.855672
1.01144
1.2555
1.22495
1.18772
1.01836
1.24712
1.04239
1.16882
1.02948
0.886777
0.906667
1.05879
1.00723
1.00119
1.0192
0.927888
0.965317
1.01135
0.943036
0.979616
1.04302
0
0
0
0
1.30455
2.52627
1.11395
1.15102
0.896418
1.07669
1.28222
1.15814
1.22543
1.00219
1.17706
1.17729
1.11471
1.12569
0.869558
0.922166
0.974647
1.0391
1.04194
0.949828
0.91316
0.978913
1.04072
0.911862
1.01227
1.08027
0
0
0
0
1.01465
2.91493
1.11395
0.994064
0.977911
0.913559
1.33564
1.18041
1.16887
1.01836
1.27515
1.17729
1.19047
1.07758
0.783463
0.968661
0.995683
0.988104
0.97209
1.05655
0.82479
1.06049
0.994561
0.970314
0.968731
1.10397
0
0
0
0
1.59445
2.52627
1.04432
0.994064
0.855672
1.10932
1.17536
1.24723
1.09346
1.09918
1.17706
1.23861
1.22294
1.11607
0.817901
0.922166
0.988671
1.0391
0.942985
0.971173
0.864065
1.0197
1.0617
1.00539
0.91068
1.13445
0
0
0
0
1.7394
2.33194
1.04432
1.15102
0.855672
0.978813
1.22879
1.33631
0.904932
1.2285
1.19107
1.26313
1.09307
1.12569
0.869558
0.999659
1.00269
0.911606
0.931343
0.955164
0.942617
0.997041
1.09528
0.974211
0.914308
1.1209
0
0
0
0
1.4495
2.13761
1.25319
1.20334
0.855672
1.01144
1.20208
1.20268
1.11231
1.11535
1.12101
1.34898
1.07142
1.10645
0.947043
0.968661
0.960623
0.988104
0.890597
0.992517
0.888613
1.05143
1.01135
1.00539
0.986872
1.04979
