-0.342823
-0.344906
-0.339165
-0.359977
-0.317417
-0.349148
-0.383556
-0.353191
-0.316428
-0.344377
-0.363919
-0.345503
-0.335317
-0.334861
-0.34594
-0.35171
-0.344612
-0.301198
-0.331457
-0.33761
-0.322905
-0.308956
-0.300999
-0.294824
-0.293678
-0.303194
-0.286442
-0.302807
-0.307876
-0.335635
-0.333091
-0.321727
-0.334623
-0.306957
-0.308935
-0.337935
-0.332686
-0.321127
-0.310216
-0.325976
-0.348454
-0.354715
-0.349306
-0.354732
-0.395868
-0.358604
-0.312245
-0.411845
-0.418524
-0.384423
-0.39676
-0.398415
-0.395098
-0.366408
-0.318151
-0.367142
-0.377957
-0.375646
-0.339986
-0.350478
-0.395257
-0.404361
-0.354431
-0.410605
-0.433894
-0.392856
-0.371355
-0.435056
-0.397876
-0.405043
-0.377557
-0.411211
-0.391453
-0.397133
-0.400385
-0.43196
-0.447126
-0.396919
-0.455204
-0.451409
-0.449003
-0.455906
-0.459294
-0.414137
-0.456844
-0.468033
-0.397052
-0.483434
-0.443438
-0.427114
-0.443171
-0.443395
-0.459605
-0.447112
-0.399124
-0.465449
-0.361119
-0.456196
-0.418744
-0.445321
