1.46793
1.47222
1.46565
1.47362
1.46855
1.46532
1.46967
1.47507
1.4682
1.46547
1.47221
1.46986
1.47221
1.46945
1.46861
1.47037
1.47109
1.47557
1.46726
1.47049
1.47187
1.47137
1.47007
1.47283
1.46538
1.4736
1.46421
1.47107
1.46818
1.46793
1.47192
1.46564
1.47369
1.47074
1.46529
1.47081
1.47072
1.47051
1.47151
1.46719
1.46843
1.46999
1.47073
1.46688
1.46813
1.47833
1.45983
1.46621
1.47067
1.47476
1.46665
1.47212
1.4688
1.47925
1.46847
1.46451
1.47185
1.46955
1.47509
1.46291
1.46718
1.47202
1.4641
1.46802
1.47028
1.47814
1.45846
1.47115
1.47298
1.46969
1.47326
1.46697
1.47206
1.46884
1.4674
1.46747
1.47344
1.46785
1.46603
1.47205
1.46798
1.47015
1.47115
1.46563
1.46525
1.4766
1.45815
1.4722
1.4688
1.47309
1.46807
1.46772
1.46948
1.47225
1.47147
1.46685
1.48069
1.47457
1.46359
1.46999
