1	0.19515	0.19515	0
2	0.205695	0.200422	0.00527236
3	0.181624	0.194156	0.00696627
4	0.19847	0.195235	0.00504258
5	0.186352	0.193458	0.00429098
6	0.186804	0.192349	0.00367489
7	0.212062	0.195165	0.00419246
8	0.193008	0.194896	0.00364077
9	0.20085	0.195557	0.00327832
10	0.199182	0.19592	0.00295453
11	0.172186	0.193762	0.00343477
12	0.191722	0.193592	0.00314011
13	0.171301	0.191877	0.0033591
14	0.19031	0.191766	0.00311193
15	0.192837	0.191837	0.00289793
16	0.199678	0.192327	0.00275471
17	0.191238	0.192263	0.00258839
18	0.18636	0.191935	0.00246229
19	0.202619	0.192497	0.00239601
20	0.206732	0.193209	0.00238187
21	0.206768	0.193855	0.00235582
22	0.18287	0.193355	0.00230102
23	0.198566	0.193582	0.00221034
24	0.187712	0.193337	0.00213032
25	0.186701	0.193072	0.00206051
26	0.211928	0.193797	0.00210833
27	0.189454	0.193636	0.00203511
28	0.197972	0.193791	0.00196719
29	0.215215	0.19453	0.00203684
30	0.20496	0.194878	0.00199825
31	0.199077	0.195013	0.00193746
32	0.18957	0.194843	0.00188363
33	0.188434	0.194649	0.00183596
34	0.184542	0.194352	0.00180577
35	0.215192	0.194947	0.00185177
36	0.207424	0.195294	0.00183266
37	0.182913	0.194959	0.00181358
38	0.193674	0.194925	0.00176553
39	0.202478	0.195119	0.00173054
40	0.190017	0.194991	0.00169153
41	0.183232	0.194704	0.00167451
42	0.185413	0.194483	0.00164906
43	0.212993	0.194914	0.00166679
44	0.203197	0.195102	0.00163932
45	0.194264	0.195083	0.00160258
46	0.191885	0.195014	0.0015689
47	0.194639	0.195006	0.00153517
48	0.183448	0.194765	0.00152202
49	0.198662	0.194845	0.00149275
50	0.193402	0.194816	0.00146288
51	0.203488	0.194986	0.00144396
52	0.199651	0.195075	0.00141875
53	0.20577	0.195277	0.00140628
54	0.195168	0.195275	0.00137999
55	0.200826	0.195376	0.00135842
56	0.175961	0.195029	0.00137826
57	0.200968	0.195134	0.00135787
58	0.188038	0.195011	0.00133985
59	0.195967	0.195027	0.00131705
60	0.202752	0.195156	0.00130129
61	0.196547	0.195179	0.00127999
62	0.201484	0.195281	0.00126327
63	0.198798	0.195337	0.00124431
64	0.202973	0.195456	0.00123051
65	0.198359	0.1955	0.00121226
66	0.183579	0.19532	0.00120734
67	0.200719	0.1954	0.00119191
68	0.193112	0.195367	0.00117473
69	0.190995	0.195303	0.00115931
70	0.177797	0.195053	0.00116968
71	0.195754	0.195063	0.00115313
72	0.194744	0.195059	0.00113701
73	0.192042	0.195017	0.00112209
74	0.189662	0.194945	0.00110918
75	0.182985	0.194786	0.00110585
76	0.189625	0.194718	0.00109332
77	0.179952	0.194526	0.00109593
78	0.20459	0.194655	0.00108946
79	0.1967	0.194681	0.00107589
80	0.204059	0.194798	0.0010688
81	0.190768	0.194748	0.0010567
82	0.18495	0.194629	0.00105055
83	0.198382	0.194674	0.0010388
84	0.197614	0.194709	0.00102695
85	0.189194	0.194644	0.00101687
86	0.19864	0.194691	0.00100605
87	0.204722	0.194806	0.00100109
88	0.191705	0.194771	0.000990271
89	0.196348	0.194788	0.000979242
90	0.193284	0.194772	0.000968444
91	0.19191	0.19474	0.000958259
92	0.198515	0.194781	0.000948674
93	0.189438	0.194724	0.000940175
94	0.201666	0.194798	0.000933047
95	0.197662	0.194828	0.000923665
96	0.213742	0.195025	0.000934987
97	0.218596	0.195268	0.000956673
98	0.212346	0.195442	0.000962763
99	0.204996	0.195539	0.000957862
100	0.188782	0.195471	0.000950639
