1	-0.02204	-0.02204	0
2	-0.00028	-0.01116	0.01088
3	-0.00496	-0.00909333	0.00661281
4	-0.01688	-0.01104	0.00506499
5	-0.00336	-0.009504	0.00421329
6	-0.02432	-0.0119733	0.00423463
7	0.00044	-0.0102	0.00399417
8	0.02252	-0.00611	0.0053566
9	-0.0142	-0.00700889	0.00480883
10	-0.0364	-0.009948	0.00520944
11	0.00776	-0.00833818	0.00497951
12	0.00156	-0.00751333	0.00461989
13	-0.0556	-0.0112123	0.00563402
14	-0.02192	-0.0119771	0.00527186
15	0.0038	-0.0109253	0.00501928
16	0.0306	-0.00833	0.00536468
17	-0.01352	-0.00863529	0.00504848
18	0.02172	-0.00694889	0.00504967
19	-0.0268	-0.00799368	0.00488944
20	0.02012	-0.006588	0.00484685
21	-0.00568	-0.00654476	0.00461048
22	-0.03852	-0.00799818	0.00462996
23	0.00792	-0.00730609	0.00447789
24	0.00108	-0.00695667	0.00430146
25	0.0066	-0.0064144	0.0041613
26	0.00104	-0.00612769	0.00400832
27	-0.02276	-0.0067437	0.00390589
28	0.01552	-0.00594857	0.00384688
29	0.02744	-0.00479724	0.00388632
30	-0.01036	-0.00498267	0.00375911
31	-0.01932	-0.00544516	0.00366513
32	-0.02508	-0.00605875	0.0036014
33	0.00064	-0.00585576	0.00349646
34	-0.02236	-0.00634118	0.00342662
35	0.01192	-0.00581943	0.00336794
36	0.01612	-0.00521	0.0033293
37	0.02836	-0.0043027	0.00336278
38	0.00468	-0.00406632	0.00328161
39	0.01688	-0.00352923	0.00324117
40	-0.07508	-0.005318	0.00363037
41	0.01228	-0.00488878	0.00356664
42	0.01908	-0.0043181	0.00352716
43	-0.00228	-0.0042707	0.00344448
44	-0.01492	-0.00451273	0.00337398
45	0.06332	-0.00300533	0.0036263
46	-0.00316	-0.0030087	0.00354659
47	0.01196	-0.00269021	0.0034849
48	0.0034	-0.00256333	0.00341388
49	0.03296	-0.00183837	0.00342118
50	-0.01496	-0.0021008	0.00336231
51	0.01828	-0.00170118	0.00331987
52	-0.0286	-0.00221846	0.00329624
53	0.00392	-0.00210264	0.00323552
54	-0.00012	-0.00206593	0.00317525
55	-0.02848	-0.00254618	0.00315377
56	-0.02436	-0.00293571	0.00312134
57	-0.02248	-0.0032786	0.0030852
58	0.05612	-0.00225448	0.00319985
59	0.02492	-0.0017939	0.0031787
60	-0.00136	-0.00178667	0.00312528
61	0.0068	-0.0016459	0.00307684
62	0.0264	-0.00119355	0.00306042
63	-0.00924	-0.00132127	0.00301416
64	0.03236	-0.000795	0.003013
65	0.02432	-0.000408615	0.00299135
66	-0.03	-0.00085697	0.0029796
67	0.00592	-0.000755821	0.00293653
68	-0.0316	-0.00120941	0.00292837
69	0.002	-0.0011629	0.00288599
70	0.03996	-0.000575429	0.0029045
71	0.0016	-0.000544789	0.00286346
72	0.0156	-0.000320556	0.0028323
73	0.02336	3.83562e-06	0.00281201
74	0.02184	0.000298919	0.0027894
75	-0.0134	0.000116267	0.00275801
76	-0.00568	4e-05	0.00272255
77	-0.0176	-0.000189091	0.0026967
78	0.02696	0.000158974	0.00268457
79	-0.01576	-4.25316e-05	0.00265802
80	-0.00292	-7.85e-05	0.00262483
81	-0.02972	-0.000444444	0.00261792
82	-0.0126	-0.000592683	0.00259004
83	0.0168	-0.000383133	0.00256722
84	0.00472	-0.000322381	0.0025372
85	0.04312	0.000188706	0.00255873
86	-0.035	-0.000220465	0.00256169
87	0.03328	0.000164598	0.00256119
88	0.01088	0.000286364	0.00253484
89	-0.02824	-3.41573e-05	0.00252661
90	-0.0228	-0.000287111	0.00251115
91	0.01388	-0.000131429	0.00248828
92	0.00948	-2.69565e-05	0.0024633
93	-0.00688	-0.000100645	0.00243779
94	-0.00056	-0.000105532	0.00241172
95	-0.00016	-0.000106105	0.0023862
96	-0.04216	-0.000544167	0.0024015
97	-0.01168	-0.000658969	0.00237938
98	-0.00664	-0.00072	0.00235577
99	-0.037	-0.00108646	0.00236047
100	0.00072	-0.0010684	0.00233682
