1	-0.466	-0.466	0
2	-0.44832	-0.45716	0.00884
3	-0.45888	-0.457733	0.00513588
4	-0.46088	-0.45852	0.00371584
5	-0.45488	-0.457792	0.00296892
6	-0.45696	-0.457653	0.00242807
7	-0.4548	-0.457246	0.00209219
8	-0.47312	-0.45923	0.00268707
9	-0.46296	-0.459644	0.00240574
10	-0.4652	-0.4602	0.00222232
11	-0.46328	-0.46048	0.00202957
12	-0.45528	-0.460047	0.00190274
13	-0.46848	-0.460695	0.00186662
14	-0.46088	-0.460709	0.0017282
15	-0.46048	-0.460693	0.00160894
16	-0.4636	-0.460875	0.00151595
17	-0.45688	-0.46064	0.00144325
18	-0.46	-0.460604	0.00136117
19	-0.46336	-0.460749	0.00129568
20	-0.46528	-0.460976	0.00124989
21	-0.45608	-0.460743	0.00121153
22	-0.46984	-0.461156	0.00122693
23	-0.47056	-0.461565	0.00124162
24	-0.46408	-0.46167	0.00119337
25	-0.47368	-0.46215	0.00124136
26	-0.4776	-0.462745	0.00133249
27	-0.46144	-0.462696	0.0012831
28	-0.45504	-0.462423	0.0012663
29	-0.45576	-0.462193	0.00124327
30	-0.464	-0.462253	0.00120262
31	-0.45952	-0.462165	0.00116652
32	-0.45704	-0.462005	0.00114077
33	-0.46696	-0.462155	0.00111581
34	-0.4612	-0.462127	0.00108286
35	-0.4632	-0.462158	0.00105192
36	-0.46416	-0.462213	0.00102379
37	-0.46624	-0.462322	0.00100167
38	-0.45928	-0.462242	0.000978231
39	-0.4596	-0.462174	0.000955224
40	-0.47776	-0.462564	0.00100928
41	-0.46408	-0.462601	0.000985052
42	-0.46752	-0.462718	0.00096842
43	-0.46624	-0.4628	0.000949171
44	-0.46568	-0.462865	0.000929655
45	-0.45888	-0.462777	0.000913067
46	-0.45832	-0.46268	0.000898238
47	-0.46024	-0.462628	0.000880451
48	-0.4664	-0.462707	0.000865487
49	-0.47344	-0.462926	0.000875486
50	-0.46472	-0.462962	0.000858548
51	-0.4624	-0.462951	0.000841618
52	-0.47848	-0.463249	0.000877647
53	-0.46992	-0.463375	0.00087008
54	-0.4624	-0.463357	0.000854006
55	-0.46328	-0.463356	0.000838336
56	-0.45464	-0.4632	0.000837813
57	-0.46816	-0.463287	0.000827571
58	-0.46184	-0.463262	0.00081356
59	-0.46432	-0.46328	0.000799853
60	-0.4608	-0.463239	0.000787494
61	-0.46952	-0.463342	0.000781293
62	-0.44928	-0.463115	0.000801352
63	-0.4596	-0.463059	0.000790501
64	-0.46232	-0.463047	0.000778137
65	-0.45968	-0.462996	0.000767822
66	-0.46336	-0.463001	0.000756119
67	-0.46024	-0.46296	0.000745888
68	-0.4568	-0.462869	0.0007404
69	-0.46064	-0.462837	0.000730305
70	-0.45952	-0.46279	0.000721355
71	-0.46192	-0.462777	0.000711228
72	-0.45888	-0.462723	0.000703366
73	-0.45528	-0.462621	0.000701118
74	-0.4612	-0.462602	0.000691845
75	-0.45064	-0.462443	0.000700946
76	-0.47064	-0.462551	0.000700021
77	-0.45488	-0.462451	0.000698015
78	-0.462	-0.462445	0.000689032
79	-0.46456	-0.462472	0.000680781
80	-0.46336	-0.462483	0.000672309
81	-0.45608	-0.462404	0.000668646
82	-0.45912	-0.462364	0.000661654
83	-0.4628	-0.462369	0.000653655
84	-0.46144	-0.462358	0.000645921
85	-0.45808	-0.462308	0.000640258
86	-0.47088	-0.462407	0.000640572
87	-0.46504	-0.462438	0.000633889
88	-0.46936	-0.462516	0.000631563
89	-0.44744	-0.462347	0.000646996
90	-0.46928	-0.462424	0.000644388
91	-0.46088	-0.462407	0.000637493
92	-0.46064	-0.462388	0.000630818
93	-0.4604	-0.462366	0.000624364
94	-0.45896	-0.46233	0.000618748
95	-0.4668	-0.462377	0.000614006
96	-0.4692	-0.462448	0.000611719
97	-0.45328	-0.462354	0.000612714
98	-0.46328	-0.462363	0.000606503
99	-0.46672	-0.462407	0.000601956
100	-0.45344	-0.462318	0.000602616
