1	1.30436	1.30436	0
2	1.42852	1.36644	0.06208
3	1.18816	1.30701	0.0693986
4	1.25368	1.29368	0.0508514
5	1.2728	1.2895	0.0396101
6	1.28992	1.28957	0.0323416
7	1.28772	1.28931	0.0273349
8	1.35804	1.2979	0.0251835
9	1.39348	1.30852	0.0246183
10	1.5388	1.33155	0.0318612
11	1.45688	1.34294	0.0309901
12	1.41236	1.34873	0.0288753
13	1.47608	1.35852	0.0283104
14	1.3488	1.35783	0.0262196
15	1.29532	1.35366	0.0247623
16	1.40356	1.35678	0.023372
17	1.18288	1.34655	0.0242203
18	1.56548	1.35871	0.0258723
19	1.54816	1.36868	0.026426
20	1.43636	1.37207	0.0252973
21	1.478	1.37711	0.0245856
22	1.47084	1.38137	0.0238254
23	1.57024	1.38958	0.0242016
24	1.36092	1.38839	0.0232021
25	1.21172	1.38132	0.0233497
26	1.3208	1.379	0.0225541
27	1.47172	1.38243	0.0219728
28	1.23112	1.37703	0.0218522
29	1.4824	1.38066	0.021396
30	1.30892	1.37827	0.0208084
31	1.35092	1.37739	0.0201453
32	1.28716	1.37457	0.0197083
33	1.50864	1.37863	0.019529
34	1.29732	1.37624	0.0190963
35	1.44992	1.37834	0.0186618
36	1.19268	1.37319	0.018855
37	1.48444	1.37619	0.0185832
38	1.36188	1.37582	0.0180915
39	1.26136	1.37288	0.0178642
40	1.44244	1.37462	0.0174985
41	1.29036	1.37256	0.0171897
42	1.32828	1.37151	0.0168085
43	1.1942	1.36739	0.016923
44	1.3178	1.36626	0.0165723
45	1.56588	1.3707	0.0167962
46	1.1342	1.36555	0.0172128
47	1.14348	1.36083	0.0174928
48	1.45076	1.3627	0.0172266
49	1.34472	1.36234	0.0168754
50	1.35768	1.36224	0.0165347
51	1.50276	1.365	0.0164398
52	1.3946	1.36557	0.0161306
53	1.2884	1.36411	0.0158902
54	1.31068	1.36312	0.0156245
55	1.33552	1.36262	0.015346
56	1.01476	1.35641	0.0162995
57	1.31696	1.35572	0.016026
58	1.38244	1.35618	0.015754
59	1.48724	1.3584	0.0156432
60	1.1988	1.35574	0.0156086
61	1.48064	1.35779	0.0154865
62	1.18224	1.35495	0.0154956
63	1.31444	1.35431	0.0152612
64	1.32372	1.35383	0.0150284
65	1.43696	1.35511	0.0148506
66	1.29168	1.35415	0.0146554
67	1.46952	1.35587	0.0145373
68	1.42304	1.35686	0.014356
69	1.28176	1.35577	0.0141882
70	1.46004	1.35726	0.0140632
71	1.41624	1.35809	0.0138885
72	1.42648	1.35904	0.0137272
73	1.2444	1.35747	0.0136286
74	1.47544	1.35907	0.0135374
75	1.21372	1.35713	0.0134955
76	1.36864	1.35728	0.0133176
77	1.14416	1.35451	0.0134318
78	1.326	1.35415	0.0132635
79	1.34472	1.35403	0.0130951
80	1.32516	1.35367	0.0129354
81	1.15268	1.35119	0.0130135
82	1.1742	1.34903	0.0130337
83	1.56816	1.35167	0.0131436
84	1.32344	1.35133	0.0129906
85	1.17232	1.34922	0.0130084
86	1.36948	1.34946	0.0128584
87	1.29904	1.34888	0.012723
88	1.39696	1.34943	0.0125894
89	1.43	1.35033	0.0124801
90	1.35504	1.35038	0.0123407
91	1.42716	1.35123	0.0122335
92	1.37644	1.3515	0.0121029
93	1.13768	1.3492	0.0121908
94	1.54552	1.35129	0.0122399
95	1.3932	1.35173	0.0121184
96	1.53264	1.35362	0.0121387
97	1.27424	1.3528	0.0120407
98	1.2752	1.35201	0.0119435
99	1.41796	1.35267	0.011841
100	1.16968	1.35084	0.011864
