1	-0.66388	-0.66388	0
2	-0.11728	-0.39058	0.2733
3	0.65576	-0.0418	0.382812
4	0.30376	0.04459	0.28414
5	-0.23548	-0.011424	0.22711
6	-0.11684	-0.0289933	0.186265
7	-0.39852	-0.0817829	0.166038
8	0.09412	-0.059795	0.145465
9	-0.15992	-0.07092	0.128769
10	0.0574	-0.058088	0.115887
11	0.06772	-0.0466509	0.105446
12	-0.099	-0.0510133	0.0963575
13	-0.49176	-0.0849169	0.0948989
14	-0.69276	-0.128334	0.0980016
15	0.20008	-0.10644	0.0938249
16	0.79548	-0.05007	0.104309
17	0.81932	0.00107059	0.110524
18	-0.22356	-0.0114089	0.104948
19	-0.1456	-0.0184716	0.0995217
20	0.572	0.011052	0.098923
21	-0.72764	-0.0241238	0.100455
22	-0.03208	-0.0244855	0.0957803
23	-0.52232	-0.0461304	0.094046
24	-0.32956	-0.05794	0.0908133
25	-0.0726	-0.0585264	0.0871071
26	-0.64576	-0.0811123	0.0866839
27	-0.07292	-0.0808089	0.0834122
28	0.59548	-0.0566557	0.0839285
29	0.60076	-0.0339862	0.0840958
30	0.09724	-0.029612	0.081362
31	0.65096	-0.00765806	0.0816986
32	0.2604	0.00071875	0.0795466
33	0.199	0.00672727	0.0773322
34	-0.15196	0.00206	0.0751683
35	0.1342	0.00583543	0.0730867
36	-0.64552	-0.0122578	0.0732957
37	0.18136	-0.00702486	0.0714791
38	0.54284	0.00744526	0.0710615
39	-0.22952	0.00136923	0.0694816
40	-0.3562	-0.00757	0.0683097
41	0.4422	0.0034	0.0675199
42	-0.49328	-0.00842571	0.0669454
43	0.53392	0.00418698	0.0665757
44	-0.52704	-0.00788636	0.066156
45	-0.31664	-0.0147476	0.0650321
46	0.23312	-0.00935913	0.0638305
47	-0.21272	-0.013686	0.0626073
48	-0.22992	-0.0181908	0.0614545
49	-0.12028	-0.0202743	0.0602233
50	0.0126	-0.0196168	0.0590102
51	-0.09988	-0.0211906	0.057863
52	-0.42344	-0.0289262	0.0572642
53	0.19368	-0.024726	0.0563302
54	-0.15196	-0.0270822	0.0553274
55	-0.348	-0.0329171	0.0546246
56	0.4842	-0.0236829	0.0544293
57	0.09116	-0.0216681	0.0535039
58	0.41808	-0.0140862	0.0531172
59	0.52596	-0.00493288	0.0530054
60	0.12256	-0.002808	0.0521578
61	-0.14456	-0.0051318	0.0513483
62	-0.02384	-0.00543355	0.0505142
63	-0.37832	-0.0113524	0.0500571
64	-0.8054	-0.0237594	0.0508069
65	-0.12956	-0.0253871	0.0500456
66	0.21052	-0.0218127	0.049411
67	-0.2828	-0.0257081	0.0488235
68	0.09232	-0.0239724	0.0481315
69	0.00188	-0.0235977	0.0474303
70	0.47544	-0.0164686	0.0472883
71	0.14292	-0.0142237	0.0466715
72	0.24648	-0.0106028	0.046161
73	0.41232	-0.00480932	0.0458914
74	0.07316	-0.00375568	0.0452792
75	-0.04596	-0.0043184	0.044675
76	0.14256	-0.00238579	0.0441256
77	0.1282	-0.00068987	0.0435818
78	-0.3082	-0.00463231	0.0431997
79	-0.30752	-0.00846633	0.0428213
80	0.20696	-0.0057735	0.0423683
81	0.25988	-0.00249383	0.0419703
82	-0.24352	-0.00543317	0.0415594
83	-0.55936	-0.012107	0.0415945
84	0.33868	-0.00793095	0.041308
85	0.10356	-0.00661929	0.0408402
86	0.08204	-0.00558837	0.0403757
87	-0.68064	-0.0133476	0.0406562
88	0.16704	-0.0112977	0.0402438
89	0.3998	-0.00667865	0.0400562
90	-0.41396	-0.011204	0.0398663
91	-0.29168	-0.0142862	0.0395461
92	-0.485	-0.0194026	0.0394471
93	0.81804	-0.0103978	0.0400462
94	-0.12632	-0.0116311	0.0396371
95	0.69804	-0.00416084	0.0399227
96	-0.71332	-0.0115479	0.0401894
97	-0.24436	-0.013948	0.0398453
98	-0.04976	-0.0143135	0.0394383
99	-0.03496	-0.014522	0.0390385
100	0.56352	-0.0087416	0.039076
