1	44.3413	44.3413	0
2	28.2117	36.2765	8.0648
3	44.1105	38.8878	5.33849
4	46.4999	40.7909	4.22744
5	19.754	36.5835	5.33149
6	32.2756	35.8655	4.41196
7	27.0438	34.6053	3.93599
8	21.2171	32.9317	3.79733
9	30.9977	32.7168	3.35581
10	18.6697	31.3121	3.31397
11	50.8314	33.0866	3.48345
12	17.3266	31.7733	3.44047
13	37.6943	32.2287	3.19738
14	42.9606	32.9953	3.05784
15	31.1119	32.8697	2.84946
16	53.1393	34.1366	2.95117
17	56.6945	35.4635	3.07336
18	32.2926	35.2874	2.90294
19	27.52	34.8785	2.77617
20	42.5218	35.2607	2.66129
21	46.1202	35.7778	2.58367
22	12.1228	34.7026	2.68787
23	41.9355	35.0171	2.58753
24	19.1617	34.3564	2.56394
25	43.4167	34.7189	2.48581
26	44.3663	35.0899	2.41694
27	43.7682	35.4113	2.34781
28	60.0156	36.2901	2.42706
29	62.245	37.1851	2.50707
30	25.0042	36.779	2.45586
31	42.8758	36.9757	2.38344
32	16.2543	36.3281	2.39689
33	31.093	36.1695	2.32853
34	39.2811	36.261	2.26086
35	33.5147	36.1826	2.19671
36	42.7001	36.3636	2.14248
37	23.1456	36.0064	2.11418
38	37.2021	36.0378	2.05803
39	21.4737	35.6644	2.03905
40	24.5705	35.387	2.00668
41	26.2054	35.1631	1.9699
42	37.4885	35.2185	1.92322
43	31.4457	35.1307	1.88001
44	42.4699	35.2975	1.84434
45	24.3057	35.0533	1.81936
46	33.3186	35.0156	1.77977
47	45.1013	35.2301	1.75466
48	36.4682	35.2559	1.71791
49	27.6466	35.1006	1.68964
50	15.9588	34.7178	1.69919
51	38.1815	34.7857	1.66692
52	26.2191	34.621	1.64283
53	22.7279	34.3966	1.62709
54	27.8377	34.2751	1.60129
55	19.0105	33.9976	1.59622
56	28.7536	33.9039	1.57025
57	14.3314	33.5606	1.58021
58	55.1572	33.9329	1.59675
59	36.9508	33.9841	1.57029
60	23.3122	33.8062	1.5541
61	20.2585	33.5841	1.54447
62	8.15729	33.174	1.57373
63	20.8217	32.9779	1.56091
64	54.4085	33.3128	1.5724
65	52.4233	33.6068	1.57569
66	17.3146	33.3599	1.57114
67	36.8731	33.4124	1.5484
68	38.2112	33.4829	1.5271
69	32.8951	33.4744	1.50483
70	27.3177	33.3865	1.48578
71	15.2698	33.1313	1.48676
72	22.254	32.9802	1.47373
73	29.4567	32.932	1.4542
74	15.5034	32.6964	1.45362
75	12.8604	32.432	1.4583
76	19.0412	32.2558	1.44973
77	34.0562	32.2792	1.43097
78	21.3557	32.1391	1.41943
79	24.658	32.0444	1.40454
80	22.253	31.922	1.39226
81	23.2385	31.8148	1.37914
82	27.4882	31.7621	1.36324
83	32.6289	31.7725	1.34675
84	28.4324	31.7327	1.33122
85	28.7425	31.6976	1.31593
86	20.4223	31.5664	1.30713
87	43.9658	31.709	1.29986
88	28.7215	31.675	1.28545
89	27.3124	31.626	1.27187
90	24.8873	31.5511	1.25989
91	21.183	31.4372	1.25116
92	33.3636	31.4581	1.23767
93	58.0902	31.7445	1.25733
94	19.9828	31.6194	1.25016
95	49.1322	31.8037	1.25059
96	43.4251	31.9248	1.2434
97	24.7804	31.8511	1.23272
98	46.8473	32.0041	1.22964
99	33.4922	32.0192	1.21724
100	42.9785	32.1288	1.20998
