1	0.399129	0.399129	0
2	0.376868	0.387999	0.0111303
3	0.37777	0.384589	0.00727453
4	0.259508	0.353319	0.0316907
5	0.276085	0.337872	0.0290031
6	0.433836	0.353866	0.0285761
7	0.430743	0.364849	0.026531
8	0.466386	0.377541	0.0262491
9	0.509606	0.392215	0.0274084
10	0.262343	0.379227	0.0277425
11	0.409569	0.381986	0.0252451
12	0.293742	0.374632	0.0241904
13	0.496076	0.383974	0.0241333
14	0.39696	0.384902	0.0223624
15	0.424475	0.38754	0.0209847
16	0.350414	0.385219	0.0197661
17	0.445579	0.38877	0.0189034
18	0.325593	0.38526	0.0181647
19	0.385496	0.385273	0.0171821
20	0.454859	0.388752	0.0166675
21	0.398565	0.389219	0.0158609
22	0.34213	0.387079	0.0152735
23	0.439181	0.389344	0.0147691
24	0.383458	0.389099	0.0141424
25	0.516029	0.394176	0.014484
26	0.458679	0.396657	0.0141352
27	0.32159	0.393877	0.0138828
28	0.46978	0.396587	0.0136497
29	0.420237	0.397403	0.0131958
30	0.42941	0.39847	0.012793
31	0.48673	0.401317	0.0126967
32	0.372491	0.400416	0.0123265
33	0.29702	0.397283	0.0123512
34	0.420197	0.397957	0.0120013
35	0.391858	0.397783	0.0116547
36	0.5233	0.401269	0.0118508
37	0.258253	0.397404	0.0121569
38	0.352667	0.396227	0.0118911
39	0.222102	0.391762	0.012413
40	0.403976	0.392067	0.0121025
41	0.417631	0.392691	0.0118201
42	0.412905	0.393172	0.0115453
43	0.403201	0.393405	0.011276
44	0.381337	0.393131	0.0110201
45	0.288173	0.390799	0.0110221
46	0.512833	0.393452	0.0111014
47	0.327401	0.392046	0.0109532
48	0.390041	0.392004	0.0107227
49	0.313183	0.390396	0.010624
50	0.367633	0.389941	0.0104193
51	0.4226	0.390581	0.0102331
52	0.39839	0.390731	0.0100355
53	0.38729	0.390666	0.00984451
54	0.370184	0.390287	0.00966792
55	0.326299	0.389123	0.00956156
56	0.421037	0.389693	0.00940654
57	0.349187	0.388983	0.00926733
58	0.480758	0.390565	0.0092426
59	0.430113	0.391235	0.00910929
60	0.311071	0.389899	0.00905529
61	0.366004	0.389508	0.00891422
62	0.165146	0.385889	0.00948658
63	0.386847	0.385904	0.0093348
64	0.414441	0.38635	0.0091986
65	0.449893	0.387328	0.00910859
66	0.255867	0.385336	0.00918802
67	0.548894	0.387777	0.00937331
68	0.444258	0.388607	0.00927172
69	0.406352	0.388865	0.00913998
70	0.363247	0.388499	0.00901589
71	0.242196	0.386438	0.00912374
72	0.281845	0.384985	0.00911266
73	0.371663	0.384803	0.00898881
74	0.301316	0.383675	0.008938
75	0.269424	0.382151	0.00894863
76	0.443459	0.382958	0.00886687
77	0.611049	0.38592	0.00923873
78	0.235456	0.383991	0.0093213
79	0.544086	0.386018	0.00942304
80	0.279321	0.384684	0.00939961
81	0.38523	0.384691	0.00928284
82	0.458652	0.385593	0.0092132
83	0.340801	0.385053	0.0091175
84	0.487248	0.38627	0.00909009
85	0.311877	0.385394	0.00902505
86	0.316561	0.384594	0.00895533
87	0.407937	0.384862	0.00885586
88	0.209463	0.382869	0.00897867
89	0.356873	0.382577	0.00888202
90	0.269511	0.381321	0.00887217
91	0.359969	0.381086	0.00877727
92	0.510943	0.382498	0.00879534
93	0.441944	0.383137	0.0087237
94	0.341185	0.382691	0.00864193
95	0.308241	0.381907	0.00858631
96	0.436526	0.382476	0.00851543
97	0.474239	0.383422	0.00848012
98	0.490987	0.384519	0.0084646
99	0.570262	0.386396	0.00858616
100	0.522555	0.387757	0.00860823
