1	-0.9364	-0.9364	0
2	-0.89568	-0.91604	0.02036
3	-0.9348	-0.922293	0.0133147
4	-0.94296	-0.92746	0.0107394
5	-0.90472	-0.922912	0.00948078
6	-0.90808	-0.92044	0.00812615
7	-0.90224	-0.91784	0.00734352
8	-0.8908	-0.91446	0.00720208
9	-0.91048	-0.914018	0.00636701
10	-0.906	-0.913216	0.00575099
11	-0.94632	-0.916225	0.00600976
12	-0.89896	-0.914787	0.00567167
13	-0.91744	-0.914991	0.00522117
14	-0.92664	-0.915823	0.00490496
15	-0.91352	-0.915669	0.00456885
16	-0.94496	-0.9175	0.00464934
17	-0.93888	-0.918758	0.00454477
18	-0.91632	-0.918622	0.00428699
19	-0.9036	-0.917832	0.00413145
20	-0.91696	-0.917788	0.00391968
21	-0.92904	-0.918324	0.00376666
22	-0.87272	-0.916251	0.00414667
23	-0.91904	-0.916372	0.00396414
24	-0.89232	-0.91537	0.00392545
25	-0.92328	-0.915686	0.00377843
26	-0.9296	-0.916222	0.00366943
27	-0.93608	-0.916957	0.0036067
28	-0.95296	-0.918243	0.00370574
29	-0.95728	-0.919589	0.00382066
30	-0.90896	-0.919235	0.00370807
31	-0.92464	-0.919409	0.0035907
32	-0.88112	-0.918213	0.00367682
33	-0.91768	-0.918196	0.00356369
34	-0.92376	-0.91836	0.00346116
35	-0.914	-0.918235	0.00336312
36	-0.91928	-0.918264	0.0032685
37	-0.9076	-0.917976	0.00319197
38	-0.91704	-0.917952	0.00310693
39	-0.89872	-0.917458	0.00306613
40	-0.91	-0.917272	0.00299431
41	-0.89488	-0.916726	0.00297099
42	-0.92752	-0.916983	0.00291076
43	-0.90744	-0.916761	0.00285091
44	-0.93968	-0.917282	0.00283365
45	-0.90312	-0.916967	0.00278779
46	-0.8984	-0.916563	0.00275623
47	-0.94216	-0.917108	0.00275138
48	-0.92256	-0.917222	0.00269585
49	-0.924	-0.91736	0.00264388
50	-0.88824	-0.916778	0.00265512
51	-0.91952	-0.916831	0.0026031
52	-0.89992	-0.916506	0.00257318
53	-0.89728	-0.916143	0.0025501
54	-0.89368	-0.915727	0.00253677
55	-0.88576	-0.915183	0.00254913
56	-0.9032	-0.914969	0.00251232
57	-0.89264	-0.914577	0.00249875
58	-0.94456	-0.915094	0.00250912
59	-0.92368	-0.915239	0.00247052
60	-0.90136	-0.915008	0.00243998
61	-0.88552	-0.914525	0.00244786
62	-0.90928	-0.91444	0.00240954
63	-0.89368	-0.91411	0.00239377
64	-0.94424	-0.914581	0.00240264
65	-0.944	-0.915034	0.0024083
66	-0.90208	-0.914838	0.00237964
67	-0.90136	-0.914636	0.00235247
68	-0.91832	-0.914691	0.00231825
69	-0.91464	-0.91469	0.00228441
70	-0.9104	-0.914629	0.00225237
71	-0.9012	-0.914439	0.00222846
72	-0.90992	-0.914377	0.00219819
73	-0.92136	-0.914472	0.00216998
74	-0.89896	-0.914263	0.00215069
75	-0.89392	-0.913991	0.00213909
76	-0.89088	-0.913687	0.00213255
77	-0.9092	-0.913629	0.00210548
78	-0.90544	-0.913524	0.00208096
79	-0.89552	-0.913296	0.00206705
80	-0.89624	-0.913083	0.00205215
81	-0.88992	-0.912797	0.00204673
82	-0.90352	-0.912684	0.00202478
83	-0.91952	-0.912766	0.00200193
84	-0.90328	-0.912653	0.00198118
85	-0.9068	-0.912584	0.00195894
86	-0.89432	-0.912372	0.00194765
87	-0.92688	-0.912539	0.00193234
88	-0.92304	-0.912658	0.00191398
89	-0.91168	-0.912647	0.00189238
90	-0.90952	-0.912612	0.00187156
91	-0.90216	-0.912498	0.00185444
92	-0.91312	-0.912504	0.00183418
93	-0.94912	-0.912898	0.00185658
94	-0.89816	-0.912741	0.0018434
95	-0.9396	-0.913024	0.00184568
96	-0.91256	-0.913019	0.00182636
97	-0.90528	-0.912939	0.00180919
98	-0.92704	-0.913083	0.00179641
99	-0.89808	-0.912932	0.00178462
100	-0.91936	-0.912996	0.00176785
