1	99.5696	99.5696	0
2	86.9646	93.2671	6.30248
3	85.1005	90.5449	4.54432
4	97.9846	92.4048	3.71279
5	81.0072	90.1253	3.66976
6	45.064	82.6151	8.08588
7	60.3408	79.4331	7.53833
8	89.3496	80.6726	6.64502
9	89.8118	81.6881	5.94769
10	56.8608	79.2054	5.8706
11	98.7842	80.9853	5.60052
12	92.9123	81.9792	5.20827
13	99.4754	83.325	4.97636
14	48.9483	80.8696	5.22071
15	92.1254	81.6199	4.9178
16	48.2654	79.5353	5.05049
17	30.924	76.6758	5.53925
18	72.8933	76.4657	5.22668
19	99.5741	77.6819	5.09134
20	97.048	78.6502	4.92618
21	98.9333	79.6161	4.78424
22	96.4134	80.3796	4.62505
23	71.8893	80.0104	4.43478
24	61.0627	79.2209	4.31875
25	90.9826	79.6914	4.16903
26	99.157	80.4401	4.07484
27	94.4678	80.9596	3.95529
28	98.1566	81.5738	3.86058
29	96.8422	82.1003	3.7621
30	94.8498	82.5253	3.6593
31	94.2981	82.9051	3.55961
32	98.8238	83.4025	3.48229
33	56.8173	82.5969	3.46993
34	71.2246	82.2624	3.3829
35	79.6974	82.1891	3.28565
36	79.7557	82.1215	3.19379
37	88.9166	82.3052	3.11169
38	83.7746	82.3439	3.02895
39	82.0453	82.3362	2.95027
40	96.0782	82.6798	2.89602
41	95.499	82.9924	2.84175
42	92.0667	83.2085	2.78167
43	85.3165	83.2575	2.71665
44	34.6054	82.1518	2.8753
45	89.8923	82.3238	2.81594
46	58.6813	81.8098	2.80159
47	68.8515	81.5341	2.75517
48	95.7176	81.8296	2.71329
49	79.2922	81.7778	2.65785
50	67.3477	81.4892	2.62009
51	60.0578	81.069	2.60236
52	99.2243	81.4181	2.5756
53	99.4282	81.7579	2.54928
54	99.0565	82.0783	2.52205
55	58.9539	81.6578	2.51122
56	42.8824	80.9654	2.56134
57	79.2056	80.9345	2.51619
58	66.4298	80.6845	2.48504
59	67.0027	80.4526	2.45354
60	45.2798	79.8664	2.48251
61	68.3606	79.6777	2.44875
62	78.5186	79.659	2.409
63	93.228	79.8744	2.38022
64	99.6966	80.1841	2.36312
65	92.5245	80.374	2.33421
66	54.5914	79.9834	2.33153
67	84.48	80.0505	2.29745
68	83.544	80.1018	2.264
69	99.3267	80.3805	2.24827
70	85.2346	80.4498	2.21701
71	46.3083	79.9689	2.23783
72	75.8427	79.9116	2.20728
73	60.2382	79.6421	2.19345
74	93.2454	79.826	2.1714
75	55.7181	79.5045	2.16623
76	50.7002	79.1255	2.17088
77	81.6878	79.1588	2.14276
78	98.8389	79.4111	2.13011
79	90.3722	79.5499	2.10754
80	80.1096	79.5568	2.08104
81	67.5874	79.4091	2.0605
82	62.8538	79.2072	2.0452
83	70.023	79.0965	2.02344
84	99.6621	79.3414	2.01414
85	97.2565	79.5521	2.00143
86	65.8525	79.3928	1.98443
87	86.8898	79.479	1.96338
88	98.5677	79.6959	1.95302
89	96.5646	79.8855	1.94023
90	98.1072	80.0879	1.92921
91	90.3341	80.2005	1.91121
92	99.6997	80.4125	1.90217
93	88.4043	80.4984	1.88356
94	89.3419	80.5925	1.86579
95	60.8011	80.3841	1.85776
96	99.6653	80.585	1.84925
97	92.0437	80.7031	1.83389
98	76.4592	80.6598	1.8156
99	38.8747	80.2377	1.84607
100	80.3384	80.2387	1.82751
