1	0.025088	0.025088	0
2	0.24066	0.132874	0.107786
3	0.402574	0.222774	0.109337
4	0.0789043	0.186807	0.08527
5	0.285573	0.20656	0.0689404
6	0.299488	0.222048	0.0583815
7	0.479968	0.258894	0.0615806
8	0.178676	0.248867	0.0542649
9	0.238674	0.247734	0.0478705
10	0.411186	0.264079	0.0458305
11	0.0688013	0.246327	0.0450964
12	0.18908	0.241556	0.0414427
13	0.0299827	0.225281	0.0414505
14	0.318075	0.231909	0.0389438
15	0.185631	0.228824	0.0363858
16	0.326036	0.2349	0.0345738
17	0.173157	0.231268	0.0326789
18	0.411909	0.241304	0.0324032
19	0.0336269	0.230373	0.032541
20	0.077792	0.222744	0.0317998
21	0.060128	0.215001	0.0312231
22	0.131067	0.211185	0.0300136
23	0.334868	0.216563	0.0291788
24	0.504417	0.228557	0.0304024
25	0.207852	0.227729	0.0291727
26	0.0540621	0.221049	0.0288131
27	0.143519	0.218178	0.0278738
28	0.0800141	0.213243	0.0273093
29	0.0960909	0.209204	0.0266587
30	0.164987	0.20773	0.0257968
31	0.161403	0.206235	0.0249955
32	0.0653875	0.201834	0.0245988
33	0.480481	0.210278	0.0252928
34	0.342344	0.214162	0.0248432
35	0.284128	0.216161	0.0242056
36	0.561612	0.225757	0.0254055
37	0.281472	0.227263	0.0247552
38	0.3192	0.229682	0.0242161
39	0.30804	0.231691	0.0236724
40	0.186715	0.230567	0.0231004
41	0.169952	0.229088	0.0225784
42	0.258002	0.229777	0.022045
43	0.344776	0.232451	0.0216917
44	0.314111	0.234307	0.0212741
45	0.31916	0.236193	0.0208813
46	0.335252	0.238346	0.0205355
47	0.375726	0.241269	0.0203053
48	0.130432	0.23896	0.0200115
49	0.284344	0.239886	0.0196207
50	0.340332	0.241895	0.019329
51	0.369152	0.24439	0.0191098
52	0.0420403	0.240499	0.0191385
53	0.037248	0.236664	0.0191616
54	0.0467917	0.233148	0.0191293
55	0.337408	0.235044	0.0188737
56	0.333394	0.2368	0.0186166
57	0.312832	0.238134	0.0183357
58	0.4414	0.241638	0.0183545
59	0.331873	0.243168	0.0181054
60	0.313793	0.244345	0.01784
61	0.333102	0.2458	0.0176053
62	0.292204	0.246548	0.0173352
63	0.234081	0.24635	0.017059
64	0.025088	0.242893	0.0171425
65	0.157568	0.241581	0.0169277
66	0.463451	0.244942	0.0170049
67	0.289746	0.245611	0.0167625
68	0.287231	0.246223	0.0165255
69	0.054272	0.243441	0.0165201
70	0.292434	0.244141	0.0162974
71	0.469544	0.247316	0.0163769
72	0.333454	0.248512	0.0161921
73	0.354386	0.249962	0.0160345
74	0.153189	0.248655	0.0158703
75	0.370574	0.25028	0.0157414
76	0.674528	0.255862	0.0165055
77	0.31364	0.256613	0.016307
78	0.06336	0.254135	0.0162862
79	0.190668	0.253332	0.0160988
80	0.336352	0.25437	0.0159301
81	0.324832	0.255239	0.0157562
82	0.333413	0.256193	0.0155921
83	0.450888	0.258538	0.0155807
84	0.0324147	0.255847	0.0156277
85	0.121855	0.25427	0.015523
86	0.412128	0.256106	0.0154508
87	0.249672	0.256032	0.0152724
88	0.0610509	0.253816	0.0152595
89	0.122848	0.252345	0.0151587
90	0.0843571	0.250478	0.0151051
91	0.216974	0.25011	0.0149427
92	0.03376	0.247758	0.0149653
93	0.385944	0.249244	0.0148779
94	0.24667	0.249217	0.0147188
95	0.405806	0.250865	0.014656
96	0.0287629	0.248551	0.0146859
97	0.151096	0.247547	0.0145684
98	0.295711	0.248038	0.0144274
99	0.311352	0.248678	0.0142952
100	0.366836	0.249859	0.0142008
