1	-0.99768	-0.99768	0
2	-0.91172	-0.9547	0.04298
3	-0.63384	-0.847747	0.109794
4	0.98864	-0.38865	0.465615
5	0.8766	-0.1356	0.440582
6	0.47136	-0.03444	0.373687
7	0.63	0.06048	0.329779
8	0.92556	0.168615	0.305383
9	0.93888	0.2542	0.282594
10	0.30448	0.259228	0.25281
11	-0.9934	0.145353	0.25546
12	-0.95656	0.0535267	0.25063
13	-0.99716	-0.0272954	0.244302
14	0.12348	-0.0165257	0.226436
15	0.95272	0.0480907	0.220482
16	0.52684	0.0780125	0.208401
17	-0.32228	0.0544659	0.19717
18	-0.74556	0.01002	0.191133
19	-0.99776	-0.0430211	0.188413
20	-0.9816	-0.08995	0.184803
21	-0.99412	-0.133006	0.180979
22	-0.978	-0.171415	0.176779
23	-0.44016	-0.183099	0.169322
24	0.68456	-0.146947	0.166096
25	0.94588	-0.103234	0.165202
26	0.99548	-0.0609754	0.16425
27	0.96608	-0.0229363	0.162563
28	0.98972	0.01323	0.16077
29	0.98088	0.0465972	0.158675
30	0.97044	0.077392	0.156357
31	0.96644	0.106071	0.153925
32	0.99364	0.133808	0.151596
33	0.5584	0.146674	0.147493
34	0.77528	0.165162	0.144278
35	-0.85588	0.13599	0.143101
36	-0.83436	0.109036	0.141657
37	-0.92732	0.0810259	0.140593
38	-0.893	0.0553937	0.139224
39	-0.85348	0.0320892	0.137595
40	-0.9758	0.006892	0.136457
41	-0.97324	-0.0170137	0.135217
42	-0.94588	-0.0391295	0.133799
43	-0.8948	-0.0590288	0.132157
44	-0.28232	-0.0641036	0.129218
45	-0.92988	-0.0833431	0.127771
46	-0.63664	-0.0953713	0.12554
47	0.61088	-0.0803447	0.123756
48	0.97364	-0.0583867	0.123124
49	0.84336	-0.0399837	0.121981
50	-0.58172	-0.0508184	0.120007
51	0.62772	-0.0375137	0.11838
52	0.99576	-0.0176431	0.11777
53	0.99688	0.00149887	0.117101
54	0.99476	0.0198926	0.116375
55	-0.19816	0.015928	0.114308
56	-0.43364	0.0079	0.112535
57	-0.83628	-0.00691018	0.111531
58	-0.69368	-0.018751	0.110229
59	0.66092	-0.00723119	0.108955
60	-0.32444	-0.012518	0.107254
61	-0.76816	-0.0249056	0.106206
62	-0.82084	-0.0377432	0.105265
63	-0.9598	-0.052379	0.10461
64	-0.9984	-0.0671606	0.104018
65	-0.8008	-0.0784474	0.103025
66	0.52432	-0.0693145	0.101862
67	0.89456	-0.0549284	0.101357
68	0.89296	-0.0409888	0.100823
69	0.99632	-0.0259554	0.100482
70	0.88608	-0.0129263	0.0998898
71	0.0574	-0.0119358	0.0984779
72	-0.70556	-0.0215694	0.0975772
73	-0.22692	-0.0243825	0.0962723
74	-0.95432	-0.0369492	0.0957904
75	-0.63096	-0.0448693	0.0948358
76	0.52672	-0.0373484	0.0938814
77	0.875	-0.0254997	0.0934087
78	0.99356	-0.0124349	0.0931244
79	0.93328	-0.000463797	0.0927141
80	-0.83676	-0.0109175	0.0921428
81	-0.72372	-0.0197175	0.0914226
82	0.58912	-0.0122927	0.0906055
83	0.03168	-0.0117629	0.0895088
84	-0.99824	-0.0235067	0.0892132
85	-0.9846	-0.0348136	0.0888795
86	-0.69136	-0.0424479	0.0881711
87	-0.62196	-0.049109	0.0874059
88	0.99192	-0.0372791	0.087213
89	0.98044	-0.025844	0.0869824
90	0.98928	-0.0145649	0.0867469
91	0.93672	-0.00411121	0.0864229
92	0.99844	0.00678609	0.0861702
93	0.92908	0.0167032	0.0858136
94	0.93156	0.0264357	0.0854518
95	0.72268	0.0337646	0.0848646
96	0.99824	0.0438113	0.0845748
97	0.94252	0.0530763	0.0842096
98	0.832	0.0610245	0.083724
99	-0.39444	0.0564238	0.0830016
100	0.83412	0.0642008	0.0825346
