1	-0.9984	-0.9984	0
2	-0.98176	-0.99008	0.00832
3	-0.97464	-0.984933	0.00704005
4	-0.99472	-0.98738	0.00554683
5	-0.97312	-0.984528	0.00515697
6	-0.9444	-0.97784	0.00790309
7	-0.9484	-0.973634	0.00789313
8	-0.98776	-0.9754	0.00706002
9	-0.98048	-0.975964	0.00625188
10	-0.95448	-0.973816	0.00599038
11	-0.99544	-0.975782	0.00576408
12	-0.98728	-0.97674	0.00534839
13	-0.99808	-0.978382	0.00518644
14	-0.94016	-0.975651	0.00552358
15	-0.98592	-0.976336	0.00518754
16	-0.94224	-0.974205	0.0052998
17	-0.92488	-0.971304	0.00576211
18	-0.96112	-0.970738	0.00546195
19	-0.99784	-0.972164	0.00535979
20	-0.9948	-0.973296	0.00520918
21	-0.9964	-0.974396	0.00507559
22	-0.99216	-0.975204	0.00490628
23	-0.97024	-0.974988	0.00469308
24	-0.95056	-0.97397	0.00460712
25	-0.98368	-0.974358	0.00443603
26	-0.99664	-0.975215	0.00434731
27	-0.98992	-0.97576	0.0042185
28	-0.99464	-0.976434	0.00412059
29	-0.99384	-0.977034	0.00402101
30	-0.98784	-0.977395	0.00390133
31	-0.98816	-0.977742	0.00378933
32	-0.99568	-0.978303	0.00371158
33	-0.95456	-0.977583	0.00366859
34	-0.96896	-0.977329	0.00356808
35	-0.9764	-0.977303	0.00346474
36	-0.97368	-0.977202	0.00336862
37	-0.9832	-0.977364	0.00328032
38	-0.974	-0.977276	0.00319406
39	-0.97504	-0.977218	0.00311161
40	-0.99016	-0.977542	0.00305003
41	-0.9892	-0.977826	0.00298827
42	-0.98352	-0.977962	0.0029194
43	-0.97904	-0.977987	0.00285081
44	-0.93592	-0.977031	0.00294478
45	-0.98272	-0.977157	0.00288138
46	-0.95376	-0.976649	0.00286358
47	-0.96736	-0.976451	0.00280895
48	-0.9912	-0.976758	0.00276692
49	-0.97472	-0.976717	0.00271018
50	-0.96368	-0.976456	0.0026682
51	-0.9552	-0.976039	0.00264836
52	-0.99728	-0.976448	0.00262886
53	-0.9976	-0.976847	0.00260948
54	-0.99696	-0.977219	0.00258765
55	-0.9584	-0.976877	0.0025631
56	-0.94048	-0.976227	0.00259948
57	-0.9712	-0.976139	0.00255499
58	-0.96272	-0.975908	0.00252119
59	-0.96656	-0.975749	0.00248315
60	-0.94344	-0.975211	0.0025001
61	-0.96336	-0.975016	0.00246643
62	-0.97232	-0.974973	0.00242671
63	-0.98544	-0.975139	0.00239366
64	-0.9984	-0.975502	0.00238383
65	-0.9896	-0.975719	0.00235687
66	-0.94616	-0.975272	0.0023637
67	-0.97552	-0.975275	0.00232816
68	-0.97592	-0.975285	0.00229369
69	-0.9968	-0.975597	0.00228161
70	-0.97952	-0.975653	0.00224947
71	-0.93896	-0.975136	0.00227699
72	-0.97464	-0.975129	0.00224515
73	-0.95552	-0.97486	0.00223042
74	-0.98888	-0.97505	0.00220821
75	-0.95464	-0.974778	0.0021955
76	-0.9396	-0.974315	0.00221531
77	-0.97496	-0.974323	0.00218637
78	-0.996	-0.974601	0.00217598
79	-0.98568	-0.974741	0.00215283
80	-0.9732	-0.974722	0.00212584
81	-0.9652	-0.974604	0.00210272
82	-0.95688	-0.974388	0.00208813
83	-0.96704	-0.9743	0.00206472
84	-0.99792	-0.974581	0.00205928
85	-0.99208	-0.974787	0.0020453
86	-0.9596	-0.97461	0.00202907
87	-0.98304	-0.974707	0.00200795
88	-0.99616	-0.974951	0.00199992
89	-0.9916	-0.975138	0.00198615
90	-0.99488	-0.975357	0.00197617
91	-0.98536	-0.975467	0.00195742
92	-0.998	-0.975712	0.00195146
93	-0.97528	-0.975708	0.00193037
94	-0.98136	-0.975768	0.00191067
95	-0.94736	-0.975469	0.00191395
96	-0.99816	-0.975705	0.0019086
97	-0.98928	-0.975845	0.001894
98	-0.97408	-0.975827	0.00187466
99	-0.93872	-0.975452	0.00189311
100	-0.97224	-0.97542	0.00187435
