1	0.332743	0.332743	0
2	0.361821	0.347282	0.0145389
3	0.36964	0.354735	0.0112249
4	0.401805	0.366502	0.0141943
5	0.37755	0.368712	0.0112147
6	0.370146	0.368951	0.00915985
7	0.412346	0.37515	0.00991778
8	0.386296	0.376544	0.00870131
9	0.354581	0.374103	0.0080525
10	0.4047	0.377163	0.00782533
11	0.370517	0.376559	0.00710402
12	0.383884	0.377169	0.00651372
13	0.332293	0.373717	0.00691503
14	0.405019	0.375953	0.00678126
15	0.403384	0.377782	0.00657254
16	0.345397	0.375758	0.00647265
17	0.373176	0.375606	0.00608189
18	0.376019	0.375629	0.00573411
19	0.368663	0.375262	0.0054363
20	0.342954	0.373647	0.0054044
21	0.394197	0.374625	0.00523292
22	0.363693	0.374128	0.00501408
23	0.339796	0.372636	0.00501827
24	0.376485	0.372796	0.0048073
25	0.359152	0.37225	0.00464319
26	0.380505	0.372568	0.00447232
27	0.3738	0.372613	0.00430373
28	0.346752	0.37169	0.00424878
29	0.417652	0.373275	0.00439534
30	0.376629	0.373387	0.00424777
31	0.437346	0.37545	0.00459743
32	0.369784	0.375273	0.00445496
33	0.371118	0.375147	0.00431969
34	0.368762	0.374959	0.00419492
35	0.376971	0.375016	0.00407371
36	0.359984	0.374599	0.00398089
37	0.356993	0.374123	0.00390094
38	0.398336	0.37476	0.00384998
39	0.369826	0.374634	0.0037521
40	0.368123	0.374471	0.00366072
41	0.407206	0.375269	0.0036585
42	0.340668	0.374446	0.00366415
43	0.334027	0.373506	0.00369934
44	0.39935	0.374093	0.0036617
45	0.378469	0.37419	0.00358072
46	0.347165	0.373603	0.00355095
47	0.383963	0.373823	0.00348157
48	0.355247	0.373436	0.00343016
49	0.41284	0.37424	0.00345434
50	0.37374	0.37423	0.00338456
51	0.411953	0.37497	0.00339899
52	0.420339	0.375842	0.00344529
53	0.385555	0.376026	0.00338462
54	0.352671	0.375593	0.0033494
55	0.407171	0.376167	0.00333769
56	0.3292	0.375329	0.00338315
57	0.397424	0.375716	0.0033458
58	0.403442	0.376194	0.00332218
59	0.393833	0.376493	0.00327904
60	0.338816	0.375865	0.00328451
61	0.411277	0.376446	0.00328197
62	0.34853	0.375996	0.00325984
63	0.407274	0.376492	0.00324588
64	0.351119	0.376096	0.00321926
65	0.386208	0.376251	0.00317316
66	0.373823	0.376214	0.00312493
67	0.389894	0.376419	0.0030847
68	0.393316	0.376667	0.00304914
69	0.366297	0.376517	0.00300838
70	0.398531	0.376831	0.00298173
71	0.352937	0.376495	0.00295863
72	0.368047	0.376377	0.00291961
73	0.395564	0.37664	0.00289131
74	0.381592	0.376707	0.00285275
75	0.377691	0.37672	0.00281449
76	0.420933	0.377302	0.00283749
77	0.377244	0.377301	0.0028004
78	0.379656	0.377331	0.00276443
79	0.364697	0.377171	0.00273389
80	0.359065	0.376945	0.00270897
81	0.372112	0.376886	0.00267598
82	0.350577	0.376565	0.00266255
83	0.372102	0.376511	0.00263082
84	0.34285	0.37611	0.00263002
85	0.311476	0.37535	0.00270786
86	0.357153	0.375138	0.00268454
87	0.375799	0.375146	0.00265351
88	0.380438	0.375206	0.00262387
89	0.375446	0.375209	0.00259422
90	0.400896	0.375494	0.00258107
91	0.361749	0.375343	0.00255701
92	0.378681	0.375379	0.00252933
93	0.369853	0.37532	0.00250269
94	0.332463	0.374864	0.00251755
95	0.391682	0.375041	0.00249719
96	0.393474	0.375233	0.00247849
97	0.385791	0.375342	0.00245522
98	0.373878	0.375327	0.00243008
99	0.369758	0.375271	0.00240607
100	0.415153	0.375669	0.00241504
