1	4.26207	4.26207	0
2	4.5222	4.39213	0.130067
3	4.01933	4.26787	0.145194
4	4.67787	4.37037	0.145076
5	4.71367	4.43903	0.13169
6	3.71667	4.31863	0.161419
7	4.66687	4.36838	0.145211
8	5.05807	4.45459	0.15247
9	4.73953	4.48625	0.138143
10	4.99367	4.53699	0.133572
11	4.11013	4.49819	0.126899
12	5.19773	4.55648	0.129684
13	3.7432	4.49392	0.134701
14	4.48853	4.49354	0.124709
15	4.73433	4.50959	0.117203
16	6.311	4.62218	0.157148
17	5.3516	4.66509	0.153724
18	4.3796	4.64923	0.145798
19	5.356	4.68642	0.14284
20	4.90447	4.69733	0.135947
21	4.1612	4.6718	0.131808
22	5.24693	4.69794	0.128364
23	4.03233	4.669	0.126024
24	5.4848	4.70299	0.125355
25	4.93673	4.71234	0.1206
26	5.55833	4.74488	0.12035
27	6.86873	4.82354	0.139996
28	4.53267	4.81315	0.135303
29	4.23707	4.79329	0.132057
30	4.58907	4.78648	0.12776
31	5.61027	4.81305	0.126395
32	3.85987	4.78327	0.125955
33	4.673	4.77993	0.122124
34	4.3384	4.76694	0.119187
35	4.3468	4.75494	0.116353
36	5.1018	4.76457	0.113484
37	4.50967	4.75768	0.110589
38	3.5208	4.72513	0.112453
39	5.5426	4.74609	0.11152
40	5.2988	4.75991	0.109571
41	5.77213	4.7846	0.109679
42	4.02033	4.7664	0.108572
43	3.64693	4.74037	0.109167
44	4.2968	4.73029	0.107132
45	6.26127	4.76431	0.110112
46	5.44613	4.77913	0.108707
47	4.6374	4.77611	0.106412
48	3.09213	4.74103	0.10992
49	5.2536	4.75149	0.108161
50	4.87347	4.75393	0.106003
51	3.56613	4.73064	0.106482
52	5.9374	4.75385	0.106962
53	3.612	4.7323	0.107114
54	4.84373	4.73437	0.105132
55	5.11853	4.74135	0.103439
56	4.2854	4.73321	0.101901
57	5.53453	4.74727	0.101079
58	3.95047	4.73353	0.100267
59	4.1772	4.7241	0.0990029
60	4.8274	4.72582	0.0973541
61	5.30313	4.73529	0.0962114
62	4.64967	4.73391	0.094657
63	5.51	4.74623	0.0939535
64	3.9892	4.7344	0.0932272
65	5.12107	4.74035	0.0919743
66	4.09207	4.73052	0.0911011
67	4.2606	4.72351	0.0900048
68	5.0422	4.7282	0.0887951
69	4.51587	4.72512	0.0875529
70	4.0674	4.71572	0.0868031
71	4.90033	4.71832	0.0856112
72	4.4272	4.71428	0.0845106
73	4.55007	4.71203	0.0833752
74	5.69327	4.72529	0.0833029
75	4.84287	4.72686	0.0821997
76	3.9458	4.71658	0.0817594
77	4.08707	4.70841	0.0811037
78	4.40453	4.70451	0.0801519
79	4.7714	4.70536	0.0791353
80	5.17487	4.71123	0.07836
81	4.38327	4.70718	0.0774924
82	4.50013	4.70465	0.0765831
83	4.77147	4.70546	0.0756591
84	4.97987	4.70872	0.0748243
85	3.546	4.69504	0.0751935
86	5.08507	4.69958	0.0744523
87	5.37127	4.7073	0.0739954
88	3.83913	4.69743	0.073812
89	5.44147	4.70579	0.0734552
90	5.2086	4.71138	0.072849
91	3.804	4.70141	0.0727307
92	5.54587	4.71059	0.0725191
93	3.57527	4.69838	0.0727664
94	3.40113	4.68458	0.073299
95	4.06667	4.67808	0.0728144
96	6.04633	4.69233	0.0734481
97	4.60993	4.69148	0.0726919
98	3.74053	4.68178	0.0725978
99	3.38273	4.66865	0.0730489
100	4.0312	4.66228	0.0725951
