1	0.06836	0.06836	0
2	0.00556	0.03696	0.0314
3	0.11944	0.0644533	0.0329323
4	0.17248	0.09146	0.0356599
5	0.07468	0.088104	0.0278252
6	0.04688	0.0812333	0.0237353
7	0.10452	0.08456	0.020334
8	0.11428	0.088275	0.0179973
9	0.10236	0.08984	0.0159491
10	0.11116	0.091972	0.0144238
11	0.08952	0.0917491	0.0130487
12	0.09392	0.09193	0.0119132
13	-0.05104	0.0809323	0.0155254
14	0.14648	0.0856143	0.015117
15	0.06668	0.084352	0.0141297
16	0.22284	0.0930075	0.0157991
17	0.14072	0.0958141	0.0151037
18	-0.01496	0.08966	0.0155128
19	0.12704	0.0916274	0.014805
20	0.11092	0.092592	0.0140783
21	0.02048	0.0891581	0.0138244
22	0.0364	0.08676	0.0133974
23	0.01348	0.0835739	0.0131922
24	0.12672	0.0853717	0.0127579
25	0.10092	0.0859936	0.0122527
26	0.14324	0.0881954	0.0119762
27	0.15292	0.0905926	0.0117708
28	0.05304	0.0892514	0.0114216
29	0.09888	0.0895834	0.0110257
30	0.05488	0.0884267	0.0107145
31	0.08296	0.0882503	0.0103646
32	0.04792	0.08699	0.0101143
33	0.12884	0.0882582	0.00988471
34	0.10392	0.0887188	0.00960064
35	0.11152	0.0893703	0.00934504
36	0.02628	0.0876178	0.00924929
37	0.10772	0.0881611	0.00901223
38	0.07632	0.0878495	0.00877739
39	0.1742	0.0900636	0.00883142
40	0.12312	0.09089	0.00864738
41	0.09056	0.090882	0.00843384
42	0.0642	0.0902467	0.00825506
43	0.04288	0.0891451	0.00813572
44	0.12104	0.08987	0.00798165
45	0.13028	0.090768	0.00785377
46	0.05144	0.089913	0.00772857
47	0.11756	0.0905013	0.00758519
48	0.01568	0.0889425	0.00758733
49	0.16688	0.0905331	0.0075992
50	0.082	0.0903624	0.00744762
51	0.038	0.0893357	0.00737197
52	0.19924	0.0914492	0.00753146
53	0.06016	0.0908589	0.00741154
54	0.02128	0.0895704	0.00738625
55	0.03544	0.0885862	0.0073172
56	0.08492	0.0885207	0.00718564
57	0.04872	0.0878225	0.00709291
58	-0.01028	0.086131	0.00717185
59	0.06904	0.0858414	0.00705519
60	0.07116	0.0855967	0.00694093
61	0.1346	0.0864	0.0068733
62	0.12428	0.087011	0.00678908
63	0.09576	0.0871498	0.00668189
64	0.14776	0.0880969	0.00664449
65	0.00192	0.0867711	0.00667447
66	0.0846	0.0867382	0.00657265
67	0.1426	0.0875719	0.00652727
68	0.11356	0.0879541	0.00644192
69	0.07128	0.0877125	0.00635247
70	0.10188	0.0879149	0.00626433
71	0.09564	0.0880237	0.00617643
72	0.05792	0.0876056	0.00610438
73	0.08268	0.0875381	0.00602055
74	0.04356	0.0869438	0.0059683
75	0.0422	0.0863472	0.00591833
76	0.12284	0.0868274	0.00585964
77	0.07576	0.0866836	0.00578483
78	0.07192	0.0864944	0.00571332
79	0.11948	0.0869119	0.00565597
80	0.039	0.086313	0.00561684
81	0.04508	0.085804	0.00557037
82	0.1344	0.0863966	0.00553385
83	0.05848	0.0860602	0.0054771
84	0.144	0.08675	0.00545529
85	0.04024	0.0862028	0.00541843
86	0.18816	0.0873884	0.00548471
87	0.14284	0.0880257	0.00545864
88	0.07692	0.0878995	0.00539773
89	0.1328	0.088404	0.00536053
90	0.11908	0.0887449	0.00531158
91	0.1032	0.0889037	0.00525529
92	0.04064	0.0883791	0.00522426
93	0.02132	0.0876581	0.00521784
94	0.06452	0.0874119	0.0051679
95	0.10168	0.0875621	0.00511542
96	0.15972	0.0883137	0.00511736
97	0.07364	0.0881625	0.00506658
98	0.02016	0.0874686	0.0050624
99	0.00036	0.0865887	0.00508767
100	0.0316	0.0860388	0.00506646
