1	-0.679447	-0.679447	0
2	-0.686591	-0.683019	0.003572
3	-0.688709	-0.684916	0.00280177
4	-0.68777	-0.685629	0.0021057
5	-0.689014	-0.686306	0.00176594
6	-0.677498	-0.684838	0.00205774
7	-0.67785	-0.68384	0.00200523
8	-0.688046	-0.684366	0.00181442
9	-0.690767	-0.685077	0.00175114
10	-0.695183	-0.686087	0.00186402
11	-0.68395	-0.685893	0.00169723
12	-0.684918	-0.685812	0.00155148
13	-0.679059	-0.685292	0.00151874
14	-0.68925	-0.685575	0.00143421
15	-0.683094	-0.68541	0.00134539
16	-0.691257	-0.685775	0.00131048
17	-0.686174	-0.685799	0.00123121
18	-0.686261	-0.685824	0.00116108
19	-0.702541	-0.686704	0.00140722
20	-0.681898	-0.686464	0.00135646
21	-0.67329	-0.685836	0.00143468
22	-0.685928	-0.685841	0.00136792
23	-0.68715	-0.685898	0.00130833
24	-0.687174	-0.685951	0.00125376
25	-0.670098	-0.685317	0.0013595
26	-0.692625	-0.685598	0.00133607
27	-0.709138	-0.68647	0.00155339
28	-0.671461	-0.685934	0.00158996
29	-0.689338	-0.686051	0.00153864
30	-0.680858	-0.685878	0.00149651
31	-0.681819	-0.685747	0.00145334
32	-0.671998	-0.685317	0.00147132
33	-0.693777	-0.685574	0.0014489
34	-0.688078	-0.685647	0.00140757
35	-0.68535	-0.685639	0.00136678
36	-0.681726	-0.68553	0.00133272
37	-0.667514	-0.685043	0.00138463
38	-0.682806	-0.684984	0.00134899
39	-0.699484	-0.685356	0.00136553
40	-0.687502	-0.68541	0.00133203
41	-0.695411	-0.685654	0.00132184
42	-0.681444	-0.685554	0.00129388
43	-0.681978	-0.68547	0.00126616
44	-0.688021	-0.685528	0.00123841
45	-0.691166	-0.685654	0.00121704
46	-0.678309	-0.685494	0.00120095
47	-0.683471	-0.685451	0.00117591
48	-0.686474	-0.685472	0.00115135
49	-0.688778	-0.68554	0.00112962
50	-0.68004	-0.68543	0.00111225
51	-0.69156	-0.68555	0.00109683
52	-0.689425	-0.685624	0.00107811
53	-0.678243	-0.685485	0.0010667
54	-0.692266	-0.685611	0.00105426
55	-0.691749	-0.685722	0.00104092
56	-0.680898	-0.685636	0.00102578
57	-0.695614	-0.685811	0.00102272
58	-0.683234	-0.685767	0.00100592
59	-0.684581	-0.685747	0.000988923
60	-0.675343	-0.685573	0.000987641
61	-0.689012	-0.68563	0.000972949
62	-0.686726	-0.685647	0.000957291
63	-0.684795	-0.685634	0.000942071
64	-0.691595	-0.685727	0.000931901
65	-0.693638	-0.685849	0.00092549
66	-0.682012	-0.685791	0.000913212
67	-0.686532	-0.685802	0.000899547
68	-0.682751	-0.685757	0.000887354
69	-0.685746	-0.685757	0.000874399
70	-0.675638	-0.685612	0.000873857
71	-0.675353	-0.685468	0.000873495
72	-0.689318	-0.685521	0.000862937
73	-0.675414	-0.685383	0.000862224
74	-0.706631	-0.68567	0.000897657
75	-0.684364	-0.685652	0.000885779
76	-0.692537	-0.685743	0.000878728
77	-0.687595	-0.685767	0.000867574
78	-0.685118	-0.685759	0.000856419
79	-0.69711	-0.685902	0.000857631
80	-0.68222	-0.685856	0.000848093
81	-0.678422	-0.685764	0.000842571
82	-0.684768	-0.685752	0.000832321
83	-0.68469	-0.68574	0.000822332
84	-0.68704	-0.685755	0.000812631
85	-0.689765	-0.685802	0.000804398
86	-0.701123	-0.68598	0.000814706
87	-0.704697	-0.686195	0.000833528
88	-0.672578	-0.686041	0.000838405
89	-0.691536	-0.686102	0.000831228
90	-0.693582	-0.686186	0.00082613
91	-0.672704	-0.686037	0.000830325
92	-0.679533	-0.685967	0.000824288
93	-0.681146	-0.685915	0.000817022
94	-0.68001	-0.685852	0.000810721
95	-0.679234	-0.685782	0.000805161
96	-0.693514	-0.685863	0.000800791
97	-0.680593	-0.685809	0.000794352
98	-0.676883	-0.685718	0.000791462
99	-0.688407	-0.685745	0.000783898
100	-0.680712	-0.685694	0.00077765
