101	-0.76976	-0.76976	0
102	-0.74856	-0.75916	0.0106
103	-0.75608	-0.758133	0.00620543
104	-0.75712	-0.75788	0.00439521
105	-0.77936	-0.762176	0.00548145
106	-0.76264	-0.762253	0.00447626
107	-0.76264	-0.762309	0.00378353
108	-0.76	-0.76202	0.00328932
109	-0.75448	-0.761182	0.00301946
110	-0.76296	-0.76136	0.00270653
111	-0.75888	-0.761135	0.00245851
112	-0.76504	-0.76146	0.00226777
113	-0.7588	-0.761255	0.00209606
114	-0.7508	-0.760509	0.00207932
115	-0.76368	-0.76072	0.00194725
116	-0.76984	-0.76129	0.00190859
117	-0.7708	-0.761849	0.00187806
118	-0.76368	-0.761951	0.00177357
119	-0.76896	-0.76232	0.00171771
120	-0.74792	-0.7616	0.00178153
121	-0.77752	-0.762358	0.00185642
122	-0.7584	-0.762178	0.00177915
123	-0.75256	-0.76176	0.00175071
124	-0.76832	-0.762033	0.00169832
125	-0.77552	-0.762573	0.00171597
126	-0.76208	-0.762554	0.00164876
127	-0.78248	-0.763292	0.00174977
128	-0.75528	-0.763006	0.00171023
129	-0.76008	-0.762905	0.00165329
130	-0.75712	-0.762712	0.00160882
131	-0.7508	-0.762328	0.0016028
132	-0.7656	-0.76243	0.00155527
133	-0.75016	-0.762058	0.00155259
134	-0.75544	-0.761864	0.00151876
135	-0.76536	-0.761963	0.0014781
136	-0.75968	-0.7619	0.00143786
137	-0.75848	-0.761808	0.00140151
138	-0.76392	-0.761863	0.00136526
139	-0.74808	-0.76151	0.00137596
140	-0.74832	-0.76118	0.00138106
141	-0.7544	-0.761015	0.00135707
142	-0.76344	-0.761072	0.00132562
143	-0.76288	-0.761114	0.00129511
144	-0.76536	-0.761211	0.001269
145	-0.77176	-0.761445	0.00126244
146	-0.76024	-0.761419	0.00123497
147	-0.76912	-0.761583	0.00121946
148	-0.75824	-0.761513	0.00119582
149	-0.7492	-0.761262	0.00119781
150	-0.77336	-0.761504	0.0011983
151	-0.7744	-0.761757	0.00120148
152	-0.76304	-0.761782	0.0011784
153	-0.75416	-0.761638	0.00116486
154	-0.77024	-0.761797	0.00115414
155	-0.75704	-0.761711	0.00113625
156	-0.77272	-0.761907	0.00113297
157	-0.75752	-0.76183	0.00111557
158	-0.75	-0.761626	0.00111498
159	-0.75352	-0.761489	0.0011045
160	-0.76056	-0.761473	0.00108605
161	-0.75472	-0.761363	0.00107382
162	-0.77064	-0.761512	0.0010669
163	-0.7732	-0.761698	0.0010661
164	-0.76176	-0.761699	0.00104931
165	-0.75248	-0.761557	0.00104273
166	-0.76344	-0.761585	0.0010272
167	-0.76056	-0.76157	0.00101187
168	-0.76944	-0.761686	0.00100358
169	-0.7656	-0.761743	0.00099055
170	-0.76688	-0.761816	0.000979051
171	-0.75856	-0.76177	0.000966252
172	-0.77048	-0.761891	0.000960386
173	-0.76584	-0.761945	0.000948682
174	-0.7648	-0.761984	0.00093657
175	-0.756	-0.761904	0.000927436
176	-0.76336	-0.761923	0.000915352
177	-0.76864	-0.76201	0.000907588
178	-0.76368	-0.762032	0.000896132
179	-0.76432	-0.762061	0.00088519
180	-0.756	-0.761985	0.000877332
181	-0.77888	-0.762194	0.000891186
182	-0.76712	-0.762254	0.000882298
183	-0.752	-0.76213	0.000880315
184	-0.76016	-0.762107	0.000870088
185	-0.75384	-0.762009	0.000865274
186	-0.7628	-0.762019	0.000855203
187	-0.75768	-0.761969	0.000846785
188	-0.76376	-0.761989	0.000837355
189	-0.76224	-0.761992	0.000827898
190	-0.76688	-0.762046	0.000820447
191	-0.76248	-0.762051	0.000811395
192	-0.76936	-0.76213	0.00080645
193	-0.76496	-0.762161	0.000798311
194	-0.76472	-0.762188	0.000790242
195	-0.76328	-0.7622	0.000781964
196	-0.75968	-0.762173	0.00077422
197	-0.76128	-0.762164	0.000766252
198	-0.76648	-0.762208	0.000759671
199	-0.78288	-0.762417	0.000780411
200	-0.76808	-0.762474	0.00077464
