101	-0.77408	-0.77408	0
102	-0.7516	-0.76284	0.01124
103	-0.76712	-0.764267	0.00664439
104	-0.76056	-0.76334	0.00478881
105	-0.7652	-0.763712	0.003728
106	-0.76528	-0.763973	0.0030551
107	-0.75016	-0.762	0.00324976
108	-0.74704	-0.76013	0.00337899
109	-0.74792	-0.758773	0.00327428
110	-0.76832	-0.759728	0.00308028
111	-0.78488	-0.762015	0.00360434
112	-0.7636	-0.762147	0.00329295
113	-0.754	-0.76152	0.00309322
114	-0.76032	-0.761434	0.00286505
115	-0.76864	-0.761915	0.00271013
116	-0.76992	-0.762415	0.00258399
117	-0.7744	-0.76312	0.00252755
118	-0.75824	-0.762849	0.00239837
119	-0.76144	-0.762775	0.00226984
120	-0.76248	-0.76276	0.00215341
121	-0.7656	-0.762895	0.00205276
122	-0.76736	-0.763098	0.00196773
123	-0.75464	-0.76273	0.00191585
124	-0.74712	-0.76208	0.0019462
125	-0.76616	-0.762243	0.00187385
126	-0.77336	-0.762671	0.00185041
127	-0.756	-0.762424	0.00179762
128	-0.76464	-0.762503	0.00173404
129	-0.75256	-0.76216	0.00170794
130	-0.76072	-0.762112	0.00165073
131	-0.74976	-0.761714	0.00164556
132	-0.77848	-0.762237	0.00167724
133	-0.75192	-0.761925	0.00165542
134	-0.75288	-0.761659	0.00162787
135	-0.74984	-0.761321	0.00161634
136	-0.76472	-0.761416	0.00157364
137	-0.7476	-0.761042	0.00157541
138	-0.74544	-0.760632	0.00158741
139	-0.75176	-0.760404	0.00156281
140	-0.77344	-0.76073	0.00155771
141	-0.7596	-0.760702	0.0015195
142	-0.7728	-0.76099	0.00151059
143	-0.74768	-0.760681	0.00150717
144	-0.76008	-0.760667	0.00147258
145	-0.77208	-0.760921	0.00146166
146	-0.75328	-0.760755	0.00143915
147	-0.76648	-0.760877	0.00141345
148	-0.74384	-0.760522	0.00142849
149	-0.75552	-0.76042	0.00140275
150	-0.762	-0.760451	0.00137477
151	-0.76784	-0.760596	0.00135531
152	-0.76168	-0.760617	0.00132916
153	-0.7624	-0.760651	0.00130427
154	-0.75816	-0.760604	0.00128072
155	-0.76424	-0.760671	0.00125896
156	-0.75064	-0.760491	0.00124918
157	-0.75608	-0.760414	0.00122951
158	-0.76088	-0.760422	0.00120815
159	-0.77168	-0.760613	0.00120273
160	-0.76296	-0.760652	0.00118316
161	-0.76712	-0.760758	0.00116842
162	-0.7636	-0.760804	0.00115034
163	-0.76648	-0.760894	0.00113551
164	-0.75488	-0.7608	0.00112157
165	-0.7592	-0.760775	0.00110446
166	-0.7708	-0.760927	0.00109815
167	-0.75664	-0.760863	0.00108352
168	-0.76536	-0.760929	0.00106952
169	-0.7636	-0.760968	0.00105461
170	-0.76488	-0.761024	0.00104094
171	-0.75208	-0.760898	0.00103388
172	-0.75992	-0.760884	0.00101951
173	-0.76408	-0.760928	0.0010064
174	-0.75824	-0.760892	0.000993368
175	-0.77	-0.761013	0.000987529
176	-0.76936	-0.761123	0.000980618
177	-0.76944	-0.761231	0.000973807
178	-0.75536	-0.761156	0.000964184
179	-0.76256	-0.761174	0.000952067
180	-0.76984	-0.761282	0.000946312
181	-0.77152	-0.761408	0.000943064
182	-0.76784	-0.761487	0.000934789
183	-0.77496	-0.761649	0.000937616
184	-0.76672	-0.76171	0.000928352
185	-0.75464	-0.761626	0.000921127
186	-0.76208	-0.761632	0.000910369
187	-0.74776	-0.761472	0.000913861
188	-0.7608	-0.761465	0.000903449
189	-0.7652	-0.761507	0.000894225
190	-0.76632	-0.76156	0.00088585
191	-0.76008	-0.761544	0.000876212
192	-0.75616	-0.761485	0.000868609
193	-0.76192	-0.76149	0.000859231
194	-0.76024	-0.761477	0.000850145
195	-0.7688	-0.761554	0.000844674
196	-0.762	-0.761558	0.000835842
197	-0.7544	-0.761485	0.000830465
198	-0.75392	-0.761407	0.000825564
199	-0.76192	-0.761413	0.000817199
200	-0.76304	-0.761429	0.000809149
