101	-0.4564	-0.4564	0
102	-0.45912	-0.45776	0.00136
103	-0.45832	-0.457947	0.00080708
104	-0.45784	-0.45792	0.000571314
105	-0.46	-0.458336	0.000607368
106	-0.46576	-0.459573	0.00133301
107	-0.46648	-0.46056	0.00149758
108	-0.4644	-0.46104	0.00138292
109	-0.45136	-0.459964	0.00162613
110	-0.4628	-0.460248	0.00148183
111	-0.46432	-0.460618	0.00139055
112	-0.45552	-0.460193	0.0013386
113	-0.45424	-0.459735	0.00131373
114	-0.45736	-0.459566	0.00122806
115	-0.46352	-0.459829	0.00117326
116	-0.46072	-0.459885	0.0010989
117	-0.46424	-0.460141	0.00106355
118	-0.4588	-0.460067	0.00100549
119	-0.4652	-0.460337	0.000988724
120	-0.47152	-0.460896	0.00109201
121	-0.45672	-0.460697	0.00105757
122	-0.46552	-0.460916	0.00103191
123	-0.45584	-0.460696	0.00101042
124	-0.45352	-0.460397	0.00101255
125	-0.4628	-0.460493	0.000975953
126	-0.47352	-0.460994	0.00106314
127	-0.45992	-0.460954	0.00102378
128	-0.4668	-0.461163	0.00100839
129	-0.45912	-0.461092	0.000975541
130	-0.45328	-0.460832	0.000977779
131	-0.46544	-0.460981	0.000957322
132	-0.4548	-0.460787	0.000946832
133	-0.45576	-0.460635	0.000930252
134	-0.46232	-0.460685	0.000903837
135	-0.44832	-0.460331	0.000946068
136	-0.4688	-0.460567	0.000949029
137	-0.45792	-0.460495	0.000925791
138	-0.46672	-0.460659	0.000915868
139	-0.464	-0.460745	0.000896179
140	-0.46344	-0.460812	0.000876082
141	-0.45312	-0.460624	0.000874802
142	-0.4648	-0.460724	0.000859488
143	-0.46232	-0.460761	0.000840083
144	-0.46192	-0.460787	0.000821191
145	-0.46792	-0.460946	0.000818234
146	-0.45504	-0.460817	0.000810482
147	-0.4596	-0.460791	0.000793473
148	-0.46296	-0.460837	0.000778079
149	-0.45744	-0.460767	0.000765181
150	-0.46088	-0.46077	0.000749724
151	-0.46424	-0.460838	0.000738021
152	-0.47216	-0.461055	0.000755735
153	-0.4676	-0.461179	0.000751552
154	-0.47464	-0.461428	0.000778493
155	-0.46352	-0.461466	0.000765154
156	-0.46184	-0.461473	0.000751396
157	-0.44864	-0.461248	0.000771668
158	-0.45992	-0.461225	0.000758593
159	-0.46832	-0.461345	0.00075526
160	-0.46952	-0.461481	0.000754962
161	-0.46152	-0.461482	0.000742482
162	-0.46856	-0.461596	0.000739276
163	-0.45648	-0.461515	0.000731966
164	-0.46456	-0.461562	0.000722008
165	-0.45672	-0.461488	0.000714707
166	-0.466	-0.461556	0.000707107
167	-0.464	-0.461593	0.000697427
168	-0.45984	-0.461567	0.000687578
169	-0.46616	-0.461634	0.000680802
170	-0.46232	-0.461643	0.000671077
171	-0.45832	-0.461597	0.000663212
172	-0.45816	-0.461549	0.000655675
173	-0.45944	-0.46152	0.000647276
174	-0.46304	-0.461541	0.000638799
175	-0.46096	-0.461533	0.000630272
176	-0.466	-0.461592	0.000624695
177	-0.45568	-0.461515	0.000621291
178	-0.46624	-0.461575	0.000616258
179	-0.47224	-0.46171	0.000623204
180	-0.4616	-0.461709	0.000615367
181	-0.46312	-0.461726	0.000607972
182	-0.45344	-0.461625	0.000608955
183	-0.46856	-0.461709	0.000607347
184	-0.4664	-0.461765	0.000602667
185	-0.4592	-0.461735	0.000596298
186	-0.46696	-0.461795	0.000592448
187	-0.46576	-0.461841	0.000587369
188	-0.464	-0.461865	0.000581174
189	-0.46184	-0.461865	0.000574607
190	-0.46096	-0.461855	0.000568275
191	-0.46656	-0.461907	0.000564369
192	-0.46464	-0.461937	0.000558991
193	-0.46736	-0.461995	0.000556014
194	-0.46456	-0.462022	0.000550744
195	-0.46152	-0.462017	0.000544942
196	-0.46248	-0.462022	0.000539257
197	-0.466	-0.462063	0.000535242
198	-0.46152	-0.462057	0.000529781
199	-0.46872	-0.462124	0.000528704
200	-0.46312	-0.462134	0.000523485
