101	-0.45664	-0.45664	0
102	-0.46576	-0.4612	0.00456
103	-0.4652	-0.462533	0.0029511
104	-0.45816	-0.46144	0.00235582
105	-0.47208	-0.463568	0.00280327
106	-0.45824	-0.46268	0.00245508
107	-0.4592	-0.462183	0.00213365
108	-0.46576	-0.46263	0.00190112
109	-0.45536	-0.461822	0.00186108
110	-0.46	-0.46164	0.00167454
111	-0.46216	-0.461687	0.00151542
112	-0.45896	-0.46146	0.00140193
113	-0.46	-0.461348	0.00129446
114	-0.46728	-0.461771	0.00127115
115	-0.46736	-0.462144	0.00124064
116	-0.4704	-0.46266	0.00127006
117	-0.4576	-0.462362	0.00122958
118	-0.46328	-0.462413	0.00116038
119	-0.46912	-0.462766	0.00115297
120	-0.4588	-0.462568	0.00111164
121	-0.46504	-0.462686	0.00106391
122	-0.47064	-0.463047	0.00107691
123	-0.45568	-0.462727	0.00107772
124	-0.45104	-0.46224	0.00114097
125	-0.47592	-0.462787	0.00122356
126	-0.4556	-0.462511	0.00120762
127	-0.46928	-0.462761	0.00118877
128	-0.45112	-0.462346	0.00121865
129	-0.46232	-0.462345	0.00117588
130	-0.46344	-0.462381	0.00113659
131	-0.45376	-0.462103	0.00113395
132	-0.45352	-0.461835	0.00113023
133	-0.46232	-0.46185	0.00109554
134	-0.45744	-0.46172	0.00107072
135	-0.4716	-0.462002	0.00107732
136	-0.45448	-0.461793	0.00106761
137	-0.45992	-0.461743	0.00103959
138	-0.46384	-0.461798	0.00101337
139	-0.45784	-0.461696	0.000992244
140	-0.45152	-0.461442	0.00100002
141	-0.46592	-0.461551	0.000981423
142	-0.46304	-0.461587	0.000958427
143	-0.45712	-0.461483	0.000941619
144	-0.45976	-0.461444	0.000920803
145	-0.45976	-0.461406	0.000900885
146	-0.46248	-0.46143	0.000881392
147	-0.46072	-0.461414	0.000862568
148	-0.45944	-0.461373	0.000845408
149	-0.44944	-0.46113	0.000863048
150	-0.46104	-0.461128	0.000845613
151	-0.47672	-0.461434	0.000883452
152	-0.46312	-0.461466	0.000866903
153	-0.45704	-0.461383	0.00085448
154	-0.46872	-0.461519	0.000849445
155	-0.44784	-0.46127	0.000870155
156	-0.46616	-0.461357	0.000858926
157	-0.46176	-0.461364	0.000843752
158	-0.46056	-0.46135	0.000829193
159	-0.46648	-0.461437	0.000819642
160	-0.4632	-0.461467	0.000806401
161	-0.46024	-0.461447	0.000793326
162	-0.47272	-0.461628	0.000801328
163	-0.45936	-0.461592	0.000789327
164	-0.45416	-0.461476	0.000785528
165	-0.46656	-0.461554	0.000777293
166	-0.46784	-0.46165	0.000771327
167	-0.45496	-0.46155	0.000766261
168	-0.45552	-0.461461	0.000760098
169	-0.46992	-0.461584	0.000758967
170	-0.46152	-0.461583	0.000748047
171	-0.46168	-0.461584	0.000737437
172	-0.46208	-0.461591	0.000727155
173	-0.4576	-0.461536	0.000719206
174	-0.45648	-0.461468	0.000712704
175	-0.45128	-0.461332	0.000716139
176	-0.45936	-0.461306	0.000707129
177	-0.46232	-0.461319	0.000698009
178	-0.46344	-0.461347	0.000689539
179	-0.47	-0.461456	0.00068951
180	-0.47096	-0.461575	0.000691124
181	-0.46608	-0.461631	0.0006848
182	-0.46656	-0.461691	0.000679063
183	-0.47344	-0.461832	0.000685605
184	-0.45488	-0.46175	0.000682431
185	-0.46792	-0.461822	0.000678251
186	-0.46368	-0.461844	0.000670666
187	-0.46808	-0.461915	0.000666777
188	-0.45624	-0.461851	0.000662304
189	-0.46296	-0.461863	0.000654938
190	-0.4728	-0.461985	0.000658922
191	-0.45432	-0.461901	0.000657062
192	-0.4548	-0.461823	0.000654448
193	-0.45192	-0.461717	0.000656073
194	-0.46776	-0.461781	0.000652232
195	-0.46064	-0.461769	0.000645441
196	-0.45648	-0.461714	0.000641055
197	-0.45896	-0.461686	0.000635047
198	-0.46432	-0.461713	0.000629108
199	-0.46384	-0.461734	0.000623091
200	-0.46048	-0.461722	0.000616956
