1	0.461368	0.461368	0
2	0.434376	0.447872	0.0134963
3	0.490009	0.461918	0.0160623
4	0.467436	0.463297	0.0114412
5	0.415507	0.453739	0.0130344
6	0.492285	0.460163	0.0124312
7	0.498141	0.465589	0.0118244
8	0.432763	0.461486	0.0110317
9	0.37147	0.451484	0.0139531
10	0.386148	0.44495	0.0140869
11	0.39771	0.440656	0.0134463
12	0.42566	0.439406	0.0123382
13	0.415307	0.437552	0.0114999
14	0.354431	0.431615	0.0121904
15	0.450342	0.432863	0.0114171
16	0.338943	0.426993	0.0121866
17	0.407725	0.42586	0.0115033
18	0.400611	0.424457	0.0109357
19	0.491701	0.427996	0.0109329
20	0.406068	0.4269	0.0104296
21	0.447001	0.427857	0.00996662
22	0.362787	0.424899	0.00995246
23	0.36955	0.422493	0.00980966
24	0.52812	0.426894	0.0103721
25	0.487206	0.429307	0.0102369
26	0.399588	0.428164	0.00990148
27	0.586023	0.43401	0.0111786
28	0.39368	0.43257	0.0108678
29	0.437817	0.432751	0.0104879
30	0.529066	0.435961	0.0106288
31	0.391757	0.434535	0.0103786
32	0.446553	0.434911	0.0100561
33	0.422133	0.434524	0.00975427
34	0.338885	0.431711	0.00987225
35	0.431772	0.431713	0.00958604
36	0.367102	0.429918	0.00948726
37	0.510314	0.432091	0.00947967
38	0.485466	0.433495	0.00933314
39	0.423958	0.433251	0.00909396
40	0.457609	0.43386	0.00888459
41	0.429616	0.433756	0.00866581
42	0.49109	0.435121	0.00856643
43	0.434562	0.435108	0.00836484
44	0.453225	0.43552	0.00818289
45	0.328497	0.433142	0.00834506
46	0.376705	0.431915	0.00825333
47	0.367664	0.430548	0.0081907
48	0.461209	0.431187	0.00804365
49	0.423125	0.431022	0.0078795
50	0.451559	0.431433	0.00773122
51	0.370706	0.430242	0.00767109
52	0.387231	0.429415	0.00756746
53	0.35444	0.428	0.00755689
54	0.394667	0.427383	0.00744128
55	0.41911	0.427233	0.00730628
56	0.403556	0.42681	0.00718707
57	0.41718	0.426641	0.00706188
58	0.567105	0.429063	0.00734953
59	0.399232	0.428557	0.00724156
60	0.474132	0.429317	0.00716024
61	0.47296	0.430032	0.00707814
62	0.380919	0.42924	0.00700795
63	0.45046	0.429577	0.00690404
64	0.412785	0.429314	0.00680037
65	0.495001	0.430325	0.00677077
66	0.497161	0.431338	0.00674386
67	0.38068	0.430582	0.00668534
68	0.31784	0.428924	0.00679176
69	0.416062	0.428737	0.0066952
70	0.377221	0.428001	0.00663977
71	0.520929	0.42931	0.00667516
72	0.419383	0.429172	0.00658324
73	0.399631	0.428768	0.00650504
74	0.469017	0.429311	0.00643954
75	0.422069	0.429215	0.00635383
76	0.467531	0.429719	0.00628991
77	0.302829	0.428071	0.0064227
78	0.450503	0.428359	0.00634634
79	0.40037	0.428004	0.0062755
80	0.535054	0.429343	0.00633939
81	0.438008	0.42945	0.00626155
82	0.37958	0.428841	0.00621455
83	0.479132	0.429447	0.00616905
84	0.428983	0.429442	0.00609517
85	0.472385	0.429947	0.00604418
86	0.341333	0.428917	0.00606171
87	0.34709	0.427976	0.006065
88	0.429574	0.427994	0.00599571
89	0.489626	0.428687	0.00596827
90	0.431399	0.428717	0.00590166
91	0.459534	0.429055	0.00584626
92	0.3442	0.428133	0.00585547
93	0.408405	0.427921	0.00579604
94	0.554002	0.429262	0.00588884
95	0.403492	0.428991	0.00583283
96	0.515058	0.429888	0.00584097
97	0.541716	0.43104	0.00589428
98	0.533097	0.432082	0.00592605
99	0.570081	0.433476	0.00602923
100	0.456121	0.433702	0.00597293
