1	14.5789	14.5789	0
2	18.0537	16.3163	1.73739
3	14.015	15.5492	1.26277
4	22.5666	17.3035	1.96851
5	15.9967	17.0422	1.54704
6	20.8062	17.6695	1.41036
7	24.7529	18.6814	1.56357
8	18.8156	18.6982	1.35419
9	11.4278	17.8904	1.44184
10	14.3975	17.5411	1.33608
11	15.2524	17.333	1.22631
12	38.4941	19.0964	2.08874
13	23.0958	19.4041	1.94584
14	12.5675	18.9158	1.86651
15	22.5439	19.1576	1.75438
16	17.3955	19.0475	1.64476
17	21.837	19.2116	1.55367
18	18.3866	19.1658	1.46554
19	18.827	19.1479	1.38637
20	17.5299	19.067	1.31771
21	22.8272	19.2461	1.26612
22	20.5415	19.305	1.20863
23	8.08928	18.8173	1.25362
24	18.0665	18.786	1.20066
25	19.8318	18.8279	1.15239
26	24.2734	19.0373	1.12682
27	24.2478	19.2303	1.10132
28	14.5057	19.0616	1.07459
29	17.0404	18.9919	1.03921
30	25.1274	19.1964	1.02459
31	19.1433	19.1947	0.990991
32	19.5789	19.2067	0.959598
33	19.9435	19.229	0.930333
34	20.264	19.2594	0.903068
35	17.4471	19.2077	0.878414
36	17.3166	19.1551	0.85528
37	18.1063	19.1268	0.832326
38	17.0702	19.0727	0.811932
39	14.4179	18.9533	0.799795
40	20.6492	18.9957	0.780696
41	20.1805	19.0246	0.761965
42	20.7619	19.066	0.744751
43	23.8572	19.1774	0.735711
44	22.9315	19.2627	0.723842
45	8.4352	19.0221	0.747365
46	12.4883	18.8801	0.744611
47	16.4496	18.8284	0.730429
48	18.7002	18.8257	0.715054
49	16.1898	18.7719	0.702372
50	18.662	18.7697	0.688185
51	14.8701	18.6932	0.678876
52	15.3721	18.6294	0.66875
53	19.1707	18.6396	0.65609
54	13.7207	18.5485	0.650237
55	18.7945	18.553	0.638321
56	16.24	18.5117	0.628178
57	22.9815	18.5901	0.622022
58	25.6398	18.7116	0.623172
59	23.4372	18.7917	0.617733
60	15.9753	18.7448	0.609162
61	21.9678	18.7976	0.601418
62	14.6374	18.7305	0.595431
63	15.1524	18.6737	0.588649
64	17.7113	18.6587	0.579574
65	17.5796	18.6421	0.570829
66	18.4939	18.6398	0.562118
67	15.1547	18.5878	0.556103
68	21.2389	18.6268	0.549249
69	19.7473	18.643	0.541474
70	18.6774	18.6435	0.533683
71	27.1475	18.7633	0.539574
72	13.6365	18.6921	0.536771
73	17.8048	18.6799	0.529507
74	18.5133	18.6777	0.522307
75	17.5529	18.6627	0.515514
76	17.0755	18.6418	0.509115
77	10.7918	18.5399	0.512697
78	21.9079	18.583	0.507921
79	14.8222	18.5354	0.503705
80	29.7186	18.6752	0.51664
81	20.4269	18.6969	0.51068
82	12.7757	18.6246	0.509556
83	20.2607	18.6444	0.503765
84	20.123	18.662	0.498043
85	20.2476	18.6806	0.492502
86	13.8211	18.6241	0.49001
87	22.1403	18.6645	0.486029
88	14.6469	18.6189	0.482638
89	23.1568	18.6699	0.479901
90	18.4308	18.6672	0.474546
91	17.6269	18.6558	0.469441
92	20.2234	18.6728	0.464623
93	15.8972	18.643	0.460568
94	24.9769	18.7103	0.460597
95	18.0448	18.7033	0.455777
96	22.6199	18.7441	0.452846
97	24.5846	18.8043	0.45218
98	23.181	18.849	0.449765
99	32.4685	18.9866	0.465969
100	21.448	19.0112	0.461942
