1	-0.0398	-0.0398	0
2	-0.20692	-0.12336	0.08356
3	0.107	-0.0465733	0.0906842
4	-0.06032	-0.05001	0.0642154
5	0.1698	-0.006048	0.066384
6	0.25368	0.03724	0.0693667
7	-0.14832	0.0107314	0.0643402
8	-0.2376	-0.02031	0.0637833
9	-0.13752	-0.0333333	0.0577395
10	0.06396	-0.023604	0.0525523
11	0.01172	-0.0203927	0.0476437
12	0.2512	0.00224	0.049029
13	0.09916	0.00969538	0.0457122
14	-0.08496	0.00293429	0.0428579
15	-0.11748	-0.00509333	0.0406981
16	0.18684	0.0069025	0.0399148
17	-0.22144	-0.00652941	0.0398268
18	-0.268	-0.0210556	0.0402609
19	0.00556	-0.0196547	0.0381088
20	0.20772	-0.008286	0.0378985
21	0.37676	0.0100495	0.0404438
22	0.17972	0.0177618	0.0393253
23	-0.00108	0.0169426	0.0375856
24	-0.17716	0.008855	0.0368831
25	0.34564	0.0223264	0.0378551
26	-0.08276	0.0182846	0.0365939
27	0.4118	0.0328593	0.0381096
28	0.03828	0.0330529	0.0367238
29	0.12552	0.0362414	0.035578
30	-0.24412	0.026896	0.0356195
31	-0.33288	0.0152903	0.0363536
32	-0.11056	0.0113575	0.0354182
33	0.0984	0.0139952	0.0344294
34	-0.10172	0.0105918	0.0335743
35	0.05988	0.012	0.0326314
36	0.01972	0.0122144	0.0317127
37	0.19996	0.0172886	0.0312583
38	0.29612	0.0246263	0.0312969
39	-0.04552	0.0228277	0.0305369
40	0.16664	0.026423	0.0299801
41	-0.33456	0.0176185	0.0305365
42	-0.04468	0.0161352	0.0298375
43	-0.10108	0.0134093	0.0292626
44	0.13924	0.0162691	0.0287324
45	0.17328	0.0197582	0.0283026
46	0.09928	0.021487	0.0277344
47	-0.15908	0.0176451	0.0274085
48	-0.17864	0.0135558	0.0271412
49	0.0718	0.0147445	0.0266081
50	-0.09208	0.012608	0.0261579
51	-0.10228	0.0103553	0.0257387
52	0.01556	0.0104554	0.025239
53	0.15964	0.0132702	0.0249177
54	0.08552	0.0146081	0.0244885
55	-0.17992	0.0110713	0.0242979
56	0.02344	0.0112921	0.0238611
57	-0.18744	0.00780561	0.0236967
58	0.12212	0.00977655	0.0233678
59	0.07096	0.0108136	0.0229917
60	0.0872	0.0120867	0.0226411
61	-0.33768	0.00635279	0.0229932
62	-0.09744	0.00467871	0.0226812
63	0.07432	0.00578413	0.0223456
64	0.3614	0.0113406	0.0226848
65	0.06132	0.0121095	0.0223463
66	0.1368	0.0139988	0.022086
67	-0.12508	0.011923	0.0218527
68	-0.14276	0.00964824	0.0216488
69	0.12796	0.0113629	0.0214015
70	-0.12668	0.00939086	0.0211856
71	-0.44136	0.00304225	0.0218286
72	-0.00136	0.00298111	0.0215234
73	-0.12168	0.00127342	0.0212951
74	-0.02448	0.000925405	0.0210083
75	0.1096	0.0023744	0.0207768
76	0.18236	0.00474263	0.020638
77	-0.05428	0.0039761	0.0203826
78	0.17516	0.00617077	0.0202389
79	0.02704	0.00643494	0.0199828
80	0.22432	0.0091585	0.0199186
81	0.02984	0.00941383	0.0196728
82	0.05504	0.00997024	0.0194393
83	-0.2192	0.00720916	0.0194012
84	-0.22852	0.00440286	0.0193732
85	0.30444	0.00793271	0.0194666
86	-0.05164	0.00724	0.0192514
87	0.0666	0.0079223	0.019041
88	-0.09668	0.00673364	0.0188609
89	-0.04868	0.00611101	0.0186582
90	-0.28116	0.00291911	0.0187238
91	0.16264	0.00467429	0.0185999
92	0.12944	0.00603043	0.0184465
93	0.19944	0.00811011	0.0183652
94	0.07328	0.0088034	0.018182
95	-0.24496	0.00613221	0.0181868
96	0.02912	0.00637167	0.017998
97	-0.20044	0.00423959	0.0179386
98	-0.09176	0.00326	0.0177816
99	-0.5052	-0.00187596	0.0183351
100	0.19212	6.4e-05	0.0182542
