1	-0.85992	-0.85992	0
2	-0.86856	-0.86424	0.00432
3	-0.86272	-0.863733	0.0025451
4	-0.86752	-0.86468	0.00203345
5	-0.86368	-0.86448	0.00158775
6	-0.86272	-0.864187	0.00132917
7	-0.87848	-0.866229	0.00233051
8	-0.86224	-0.86573	0.00207895
9	-0.8596	-0.865049	0.00195589
10	-0.8612	-0.864664	0.00179124
11	-0.8616	-0.864385	0.00164401
12	-0.90904	-0.868107	0.00401245
13	-0.87496	-0.868634	0.00372837
14	-0.86592	-0.86844	0.00345724
15	-0.86976	-0.868528	0.00321972
16	-0.88808	-0.86975	0.00325024
17	-0.88288	-0.870522	0.00314925
18	-0.87208	-0.870609	0.0029704
19	-0.86328	-0.870223	0.00283607
20	-0.87624	-0.870524	0.0027073
21	-0.88128	-0.871036	0.0026256
22	-0.87864	-0.871382	0.00252716
23	-0.8496	-0.870435	0.00259385
24	-0.87136	-0.870473	0.00248372
25	-0.86624	-0.870304	0.00238831
26	-0.8752	-0.870492	0.00230233
27	-0.87128	-0.870521	0.00221561
28	-0.86176	-0.870209	0.00215782
29	-0.8576	-0.869774	0.00212699
30	-0.88008	-0.870117	0.00208339
31	-0.87536	-0.870286	0.00202215
32	-0.86896	-0.870245	0.00195838
33	-0.87496	-0.870388	0.00190347
34	-0.87616	-0.870558	0.00185443
35	-0.8684	-0.870496	0.00180172
36	-0.87584	-0.870644	0.00175724
37	-0.86736	-0.870556	0.00171139
38	-0.87032	-0.870549	0.00166576
39	-0.86552	-0.870421	0.0016276
40	-0.86824	-0.870366	0.00158732
41	-0.87168	-0.870398	0.00154846
42	-0.85872	-0.87012	0.00153651
43	-0.87912	-0.870329	0.00151488
44	-0.86832	-0.870284	0.00148075
45	-0.85936	-0.870041	0.00146769
46	-0.85856	-0.869791	0.00145696
47	-0.86768	-0.869746	0.00142633
48	-0.86728	-0.869695	0.00139725
49	-0.8628	-0.869554	0.00137565
50	-0.86704	-0.869504	0.00134879
51	-0.85704	-0.86926	0.00134448
52	-0.86888	-0.869252	0.00131839
53	-0.87752	-0.869408	0.00130265
54	-0.85544	-0.86915	0.00130421
55	-0.86224	-0.869024	0.00128643
56	-0.878	-0.869184	0.00127337
57	-0.88208	-0.869411	0.00127113
58	-0.87552	-0.869516	0.00125346
59	-0.8852	-0.869782	0.00126038
60	-0.86064	-0.869629	0.00124853
61	-0.878	-0.869767	0.00123553
62	-0.86432	-0.869679	0.00121861
63	-0.85792	-0.869492	0.00121355
64	-0.87608	-0.869595	0.00119887
65	-0.86872	-0.869582	0.00118036
66	-0.87376	-0.869645	0.00116406
67	-0.87248	-0.869687	0.00114733
68	-0.87712	-0.869796	0.00113561
69	-0.87032	-0.869804	0.00111905
70	-0.88432	-0.870011	0.00112228
71	-0.88384	-0.870206	0.00112337
72	-0.86384	-0.870118	0.00111118
73	-0.85744	-0.869944	0.00110953
74	-0.86672	-0.869901	0.0010953
75	-0.86072	-0.869778	0.00108751
76	-0.86104	-0.869663	0.00107925
77	-0.86576	-0.869612	0.00106634
78	-0.8648	-0.869551	0.00105439
79	-0.8588	-0.869415	0.00104982
80	-0.88592	-0.869621	0.00105694
81	-0.88064	-0.869757	0.00105264
82	-0.86904	-0.869748	0.00103976
83	-0.87392	-0.869799	0.00102838
84	-0.87384	-0.869847	0.00101721
85	-0.86448	-0.869784	0.00100715
86	-0.86008	-0.869671	0.00100174
87	-0.88872	-0.86989	0.00101408
88	-0.85336	-0.869702	0.00101994
89	-0.88584	-0.869883	0.00102459
90	-0.86328	-0.86981	0.00101579
91	-0.8652	-0.869759	0.00100584
92	-0.88248	-0.869897	0.00100441
93	-0.8632	-0.869825	0.000996161
94	-0.88104	-0.869945	0.000992702
95	-0.86848	-0.869929	0.000982318
96	-0.878	-0.870013	0.00097566
97	-0.87664	-0.870082	0.000967963
98	-0.87568	-0.870139	0.000959737
99	-0.89184	-0.870358	0.000974955
100	-0.8812	-0.870466	0.000971227
