2.0744
2.07814
2.08184
2.08549
2.08907
2.09257
2.09596
2.09923
2.10236
2.10535
2.10817
2.1108
2.11324
2.11546
2.11745
2.1192
2.1207
2.12192
2.12287
2.12352
2.12387
2.12391
2.12362
2.12301
2.12205
2.12075
2.1191
2.1171
2.11475
2.11203
2.10895
2.10552
2.10172
2.09757
2.09306
2.08821
2.08301
2.07747
2.0716
2.06541
2.0589
2.05209
2.04498
2.03759
2.02993
2.02201
2.01385
2.00546
1.99685
1.98804
1.97904
1.96987
1.96056
1.9511
1.94153
1.93185
1.92209
1.91226
1.90238
1.89246
1.88253
1.8726
1.86269
1.85282
1.843
1.83324
1.82357
1.814
1.80455
1.79522
1.78604
1.77702
1.76817
1.7595
1.75102
1.74276
1.73471
1.72689
1.71931
1.71197
1.70489
1.69807
1.69152
1.68524
1.67924
1.67352
1.66808
1.66294
1.65808
1.65351
1.64922
1.64523
1.64152
1.63809
1.63494
1.63206
1.62945
1.6271
1.62501
1.62317
1.62156
1.62019
1.61903
1.61809
1.61735
1.6168
1.61644
1.61624
1.61621
1.61632
1.61658
1.61695
1.61745
1.61805
1.61874
1.61952
1.62037
1.62129
1.62226
1.62328
1.62435
1.62544
1.62656
1.62771
1.62886
1.63003
1.6312
1.63237
1.63354
1.6347
1.63586
1.63701
1.63815
1.63927
1.64039
1.64149
1.64258
1.64367
1.64474
1.64581
1.64687
1.64792
1.64897
1.65002
1.65107
1.65213
1.65319
1.65425
1.65533
1.65641
1.65751
1.65863
1.65976
1.66092
1.6621
1.6633
1.66454
1.66581
1.66711
1.66846
1.66984
1.67127
1.67275
1.67428
1.67587
1.67752
1.67923
1.68101
1.68286
1.68478
1.68679
1.68887
1.69105
1.69332
1.69568
1.69815
1.70071
1.70339
1.70618
1.70908
1.71211
1.71525
1.71851
1.72191
1.72543
1.72909
1.73288
1.73681
1.74087
1.74507
1.74941
1.75388
1.75849
1.76324
1.76812
1.77313
1.77828
1.78355
1.78895
1.79447
1.8001
1.80585
1.8117
1.81766
1.82371
1.82985
1.83607
1.84237
1.84873
1.85516
1.86164
1.86816
1.87472
1.88131
1.88792
1.89453
1.90115
1.90775
1.91434
1.9209
1.92742
1.93389
1.9403
1.94664
1.95291
1.95909
1.96517
1.97115
1.97701
1.98275
1.98835
1.99382
1.99913
2.00429
2.00928
2.0141
2.01874
2.0232
2.02747
2.03154
2.03541
2.03907
2.04252
2.04576
2.04878
2.05158
2.05416
2.05651
2.05864
2.06054
2.06221
2.06366
2.06488
2.06588
2.06666
2.06721
2.06755
2.06767
2.06758
2.06727
2.06677
2.06607
2.06517
2.06408
2.06281
2.06137
2.05975
2.05797
2.05603
2.05394
2.0517
2.04933
2.04683
2.04421
2.04148
2.03864
2.0357
2.03267
2.02956
2.02638
2.02313
2.01983
2.01648
2.01308
2.00965
2.0062
2.00273
1.99924
1.99576
1.99228
1.98881
1.98535
1.98192
1.97853
1.97517
1.97185
1.96859
1.96538
1.96223
1.95916
1.95615
1.95323
1.95039
1.94764
1.94499
1.94243
1.93998
1.93764
1.93542
1.93331
1.93133
1.92947
1.92774
1.92615
1.9247
1.9234
1.92224
1.92123
1.92038
1.9197
1.91917
1.91881
1.91862
1.91861
1.91877
1.91912
1.91964
1.92035
1.92125
1.92234
1.92362
1.92509
1.92675
1.92861
1.93067
1.93291
1.93535
1.93798
1.9408
1.94381
1.947
1.95037
1.95391
1.95763
1.9615
1.96554
1.96972
1.97404
1.97849
1.98307
1.98775
1.99253
1.9974
2.00235
2.00735
2.01241
2.01749
2.0226
2.0277
2.03279
2.03785
2.04287
2.04782
2.05269
2.05747
2.06213
2.06666
2.07104
2.07526
2.0793
2.08314
2.08678
2.09018
2.09335
2.09626
2.09891
2.10127
2.10335
2.10512
2.10658
2.10772
2.10853
2.10901
2.10915
2.10894
2.10838
2.10747
2.10621
2.10458
2.10261
2.10027
2.09758
2.09454
2.09116
2.08742
2.08335
2.07895
2.07421
2.06916
2.06379
2.05811
2.05214
2.04587
2.03933
2.03251
2.02543
2.0181
2.01053
2.00272
1.99468
1.98643
1.97798
1.96933
1.96049
1.95147
1.94228
1.93293
1.92343
1.91378
1.904
1.89409
1.88405
1.87391
1.86365
1.8533
1.84285
1.83231
1.82169
1.811
1.80025
1.78943
1.77856
1.76764
1.75668
1.74568
1.73466
1.72362
1.71256
1.70149
1.69043
1.67938
1.66834
1.65732
1.64634
1.6354
1.62451
1.61367
1.6029
1.59221
1.5816
1.57108
1.56066
1.55036
1.54017
1.53011
1.52018
1.51041
1.50078
1.49131
1.48201
1.47289
1.46394
1.45519
1.44663
1.43827
1.43012
1.42217
1.41444
1.40694
1.39965
1.39259
1.38576
1.37917
1.3728
1.36667
1.36078
1.35512
1.3497
1.34451
1.33956
1.33484
1.33036
1.32611
1.32208
1.31828
1.3147
1.31134
1.30819
1.30526
1.30253
1.3
1.29767
1.29552
1.29356
1.29178
1.29017
1.28872
1.28743
1.28629
1.28529
1.28443
1.28369
1.28308
1.28258
1.28218
1.28188
1.28166
1.28153
1.28147
1.28148
1.28154
1.28165
1.28181
1.28201
1.28224
1.28249
1.28277
1.28306
1.28337
1.28369
1.28401
1.28433
1.28466
1.285
1.28533
1.28567
1.28601
1.28636
1.28673
1.2871
1.2875
1.28792
1.28837
1.28886
1.28939
1.28998
1.29062
1.29133
1.29212
1.29299
1.29396
1.29503
1.29622
1.29752
1.29897
1.30055
1.30228
1.30417
1.30623
1.30847
1.31088
1.31349
1.31629
1.31929
1.3225
1.32592
1.32955
1.3334
1.33747
1.34176
1.34627
1.35101
1.35596
1.36113
1.36652
1.37212
1.37793
1.38394
1.39015
1.39656
1.40315
1.40992
1.41686
1.42397
1.43124
1.43865
1.4462
1.45388
1.46169
1.4696
1.47762
1.48573
1.49393
1.5022
1.51053
1.51891
1.52734
1.53581
1.5443
1.55281
1.56132
1.56983
1.57833
1.58681
1.59526
1.60367
1.61204
1.62035
1.6286
1.63677
1.64487
1.65288
1.66079
1.66861
1.67631
1.6839
1.69137
1.69871
1.70592
1.71299
1.71992
1.7267
1.73332
1.73979
1.74609
1.75223
1.7582
1.764
1.76963
1.77509
1.78037
1.78548
1.79041
1.79517
1.79975
1.80416
1.8084
1.81247
1.81637
1.82011
1.82369
1.82711
1.83037
1.83349
1.83645
1.83928
1.84196
1.8445
1.84691
1.8492
1.85135
1.85338
1.85529
1.85709
1.85877
1.86033
1.86179
1.86313
1.86437
1.86551
1.86654
1.86748
1.86831
1.86904
1.86967
1.87021
1.87065
1.871
1.87125
1.8714
1.87146
1.87143
1.87131
1.87109
1.87079
1.87039
1.86991
1.86934
1.86869
1.86795
1.86714
1.86625
1.86528
1.86424
1.86313
1.86196
1.86072
1.85943
1.85809
1.8567
1.85527
1.8538
1.8523
1.85078
1.84925
1.8477
1.84615
1.84461
1.84307
1.84156
1.84007
1.83861
1.8372
1.83584
1.83453
1.83328
1.83211
1.83102
1.83
1.82908
1.82825
1.82752
1.82689
1.82637
1.82596
1.82566
1.82548
1.82541
1.82545
1.8256
1.82587
1.82625
1.82673
1.82732
1.828
1.82878
1.82964
1.83059
1.83162
1.83271
1.83387
1.83509
1.83636
1.83767
1.83903
1.84041
1.84183
1.84326
1.84472
1.8462
1.84769
1.84919
1.8507
1.85222
1.85376
1.8553
1.85686
1.85844
1.86004
1.86166
1.86332
1.865
1.86674
1.86851
1.87035
1.87224
1.87421
1.87625
1.87837
1.88059
1.8829
1.88532
1.88785
1.8905
1.89327
1.89618
1.89921
1.90238
1.90569
1.90915
1.91275
1.9165
1.9204
1.92444
1.92864
1.93299
1.93748
1.94213
1.94691
1.95184
1.95691
1.96211
1.96744
1.9729
1.97849
1.98419
1.99001
1.99593
2.00195
2.00808
2.01429
2.02059
2.02697
2.03343
2.03995
2.04654
2.05318
2.05988
2.06662
2.0734
2.08021
2.08705
2.09392
2.1008
2.1077
2.11461
2.12152
2.12842
2.13532
2.14221
2.14908
2.15593
2.16275
2.16954
2.1763
2.18302
2.1897
2.19632
2.2029
2.20942
2.21587
2.22226
2.22858
2.23483
2.241
2.24709
2.25308
2.25899
2.2648
2.2705
2.2761
2.28158
2.28695
2.29219
2.2973
2.30227
2.3071
2.31179
2.31632
2.32068
2.32489
2.32891
2.33276
2.33641
2.33987
2.34312
2.34617
2.34899
2.35159
2.35395
2.35608
2.35795
2.35957
2.36093
2.36202
2.36284
2.36337
2.36362
2.36357
2.36323
2.36259
2.36165
2.36039
2.35883
2.35695
2.35476
2.35226
2.34944
2.3463
2.34285
2.33909
2.33502
2.33064
2.32596
2.32099
2.31572
2.31017
2.30433
2.29822
2.29185
2.28521
2.27833
2.2712
2.26383
2.25625
2.24844
2.24043
2.23222
2.22382
2.21524
2.20649
2.19757
2.1885
2.17929
2.16994
2.16046
2.15086
2.14114
2.13132
2.12139
2.11136
2.10125
2.09105
2.08077
2.07041
2.05998
2.04948
2.03892
2.02829
2.01761
2.00687
1.99608
1.98524
1.97435
1.96341
1.95244
1.94142
1.93036
1.91926
1.90814
1.89698
1.88579
1.87458
1.86335
1.85211
1.84085
1.82958
1.8183
1.80703
1.79576
1.78451
1.77328
1.76207
1.7509
1.73977
1.72869
1.71766
1.70671
1.69583
1.68504
1.67435
1.66376
1.65329
1.64294
1.63274
1.62268
1.61279
1.60306
1.59352
1.58418
1.57504
1.56612
1.55743
1.54899
1.54079
1.53286
1.52521
1.51784
1.51078
1.50402
1.49758
1.49147
1.4857
1.48028
1.47522
1.47053
1.46621
1.46228
1.45875
1.45561
1.45289
1.45057
1.44868
1.44722
1.44619
1.44559
1.44544
1.44574
1.44648
1.44767
1.44932
1.45142
1.45398
1.45699
1.46046
1.46439
1.46876
1.47359
1.47886
1.48458
1.49073
1.49731
1.50432
1.51175
1.51959
1.52783
1.53646
1.54547
1.55484
1.56458
1.57465
1.58506
1.59578
1.60679
1.61808
1.62964
1.64144
1.65347
1.6657
1.67811
1.69069
1.70341
1.71625
1.72919
1.74219
1.75525
1.76834
1.78143
1.7945
1.80752
1.82048
1.83335
1.8461
1.85871
1.87117
1.88345
1.89553
1.90739
1.91902
1.93039
1.94149
1.9523
1.96281
1.97301
1.98288
1.99242
2.00161
2.01045
2.01894
2.02706
2.03481
2.0422
2.04921
2.05586
2.06215
2.06807
2.07363
2.07885
2.08371
2.08824
2.09243
2.09631
2.09987
2.10313
2.10611
2.1088
2.11123
2.11339
2.11532
2.11702
2.11849
2.11976
2.12083
2.12172
2.12243
2.12298
2.12337
2.12362
2.12374
2.12372
2.12358
2.12333
2.12296
2.12249
2.12191
2.12123
2.12045
2.11957
2.11859
2.11751
2.11632
2.11503
2.11363
2.11211
2.11047
2.10869
2.10678
2.10473
2.10252
2.10015
2.09761
2.09489
2.09198
2.08887
2.08554
2.082
2.07822
2.0742
2.06993
2.0654
2.0606
2.05552
2.05016
2.04451
2.03856
2.0323
2.02574
2.01886
2.01167
2.00417
1.99635
1.98822
1.97977
1.97101
1.96195
1.95259
1.94294
1.933
1.92278
1.91229
1.90155
1.89056
1.87934
1.8679
1.85626
1.84442
1.83241
1.82025
1.80794
1.79551
1.78297
1.77034
1.75765
1.7449
1.73212
1.71933
1.70654
1.69378
1.68106
1.6684
1.65583
1.64335
1.63099
1.61876
1.60668
1.59478
1.58306
1.57154
1.56025
1.54919
1.53839
1.52785
1.51759
1.50763
1.49798
1.48866
1.47967
1.47103
1.46275
1.45484
1.44732
1.44019
1.43347
1.42715
1.42127
1.41581
1.41079
1.40622
1.4021
1.39844
1.39525
1.39252
1.39027
1.3885
1.38721
1.3864
1.38608
1.38625
1.38691
1.38806
1.3897
1.39183
1.39445
1.39756
1.40115
1.40523
1.40978
1.41482
1.42032
1.42629
1.43272
1.43961
1.44695
1.45473
1.46295
1.47159
1.48065
1.49012
1.49999
1.51024
1.52088
1.53188
1.54324
1.55494
1.56696
1.57931
1.59195
1.60487
1.61807
1.63153
1.64523
1.65914
1.67327
1.68758
1.70207
1.71671
1.73148
1.74637
1.76136
1.77642
1.79155
1.80671
1.8219
1.83709
1.85226
1.86739
1.88247
1.89747
1.91239
1.92719
1.94186
1.95638
1.97074
1.98493
1.99892
2.01269
2.02625
2.03956
2.05262
2.06541
2.07793
2.09017
2.10211
2.11374
2.12507
2.13607
2.14675
2.1571
2.16712
2.1768
2.18615
2.19516
2.20383
2.21216
2.22015
2.22781
2.23515
2.24215
2.24884
2.25521
2.26127
2.26703
2.27249
2.27767
2.28256
2.28719
2.29155
2.29566
2.29953
2.30316
2.30656
2.30975
2.31272
2.3155
2.31809
2.32049
2.32272
2.32479
2.32669
2.32845
2.33006
2.33153
2.33287
2.33409
2.33518
2.33616
2.33703
2.33778
2.33844
2.33899
2.33944
2.33979
2.34004
2.3402
2.34027
2.34023
2.34011
2.33988
2.33956
2.33913
2.33861
2.33798
2.33724
2.33639
2.33544
2.33436
2.33317
2.33186
2.33042
2.32886
2.32717
2.32534
2.32338
2.32128
2.31904
2.31666
2.31414
2.31147
2.30866
2.3057
2.3026
2.29935
2.29596
2.29242
2.28875
2.28494
2.281
2.27693
2.27274
2.26842
2.26399
2.25946
2.25483
2.2501
2.24529
2.24041
2.23546
2.23045
2.2254
2.22031
2.21519
2.21006
2.20493
2.19981
2.1947
2.18964
2.18462
2.17965
2.17476
2.16996
2.16525
2.16066
2.15618
2.15185
2.14766
2.14363
2.13978
2.13612
2.13266
2.1294
2.12636
2.12356
2.121
2.11869
2.11663
2.11484
2.11333
2.11209
2.11114
2.11048
2.11011
2.11004
2.11026
2.11079
2.11162
2.11275
2.11417
2.11589
2.11789
2.12018
2.12275
2.12559
2.12869
2.13205
2.13565
2.13948
2.14353
2.14779
2.15224
2.15686
2.16165
2.16658
2.17164
2.17681
2.18207
2.18739
2.19277
2.19818
2.20359
2.209
2.21437
2.21968
2.22492
2.23006
2.23507
2.23995
2.24466
2.24919
2.25351
2.2576
2.26145
2.26504
2.26834
2.27134
2.27403
2.27639
2.2784
2.28006
2.28135
2.28227
2.28279
2.28292
2.28266
2.28199
2.28092
2.27944
2.27756
2.27527
2.27259
2.26951
2.26605
2.26221
2.25801
2.25344
2.24853
2.24328
2.23771
2.23184
2.22568
2.21925
2.21255
2.20562
2.19847
2.1911
2.18356
2.17584
2.16797
2.15996
2.15183
2.14361
2.13529
2.12691
2.11848
2.11
2.1015
2.093
2.08449
2.076
2.06753
2.0591
2.05072
2.04239
2.03413
2.02595
2.01784
2.00982
2.00189
1.99406
1.98634
1.97872
1.97122
1.96383
1.95655
1.9494
1.94236
1.93544
1.92865
1.92198
1.91543
1.909
1.90269
1.8965
1.89043
1.88447
1.87863
1.8729
1.86727
1.86176
1.85635
1.85104
1.84584
1.84073
1.83571
1.83079
1.82596
1.82122
1.81656
1.81198
1.80749
1.80307
1.79872
1.79444
1.79024
1.7861
1.78203
1.77802
1.77407
1.77018
1.76635
1.76257
1.75885
1.75518
1.75156
1.74799
1.74447
1.741
1.73758
1.7342
1.73087
1.72758
1.72433
1.72113
1.71797
1.71486
1.71178
1.70875
1.70576
1.70281
1.69991
1.69704
1.69422
1.69144
1.6887
1.68601
1.68336
1.68075
1.67818
1.67566
1.67318
1.67075
1.66836
1.66602
1.66373
1.66149
1.6593
1.65715
1.65507
1.65303
1.65105
1.64913
1.64727
1.64546
1.64372
1.64205
1.64044
1.63891
1.63745
1.63606
1.63475
1.63353
1.63239
1.63135
1.63039
1.62953
1.62877
1.62812
1.62758
1.62714
1.62683
1.62664
1.62658
1.62664
1.62685
1.6272
1.62769
1.62834
1.62914
1.63011
1.63124
1.63255
1.63403
1.63569
1.63754
1.63959
1.64182
1.64426
1.6469
1.64975
1.65281
1.65609
1.65959
1.66331
1.66726
1.67144
1.67586
1.68051
1.68541
1.69054
1.69591
1.70153
1.70739
1.7135
1.71986
1.72647
1.73332
1.74042
1.74776
1.75535
1.76318
1.77125
1.77955
1.78809
1.79686
1.80586
1.81507
1.8245
1.83414
1.84399
1.85403
1.86426
1.87467
1.88525
1.89599
1.90689
1.91793
1.9291
1.94039
1.95179
1.96329
1.97488
1.98654
1.99825
2.01002
2.02181
2.03361
2.04542
2.05722
2.06899
2.08072
2.09239
2.104
2.11551
2.12693
2.13823
2.14941
2.16045
2.17133
2.18205
2.19258
2.20293
2.21307
2.223
2.23271
2.24219
2.25142
2.26041
2.26914
2.2776
2.2858
2.29372
2.30135
2.3087
2.31576
2.32253
2.32899
2.33516
2.34101
2.34656
2.35179
2.35671
2.3613
2.36557
2.3695
2.37311
2.37637
2.37929
2.38187
2.38408
2.38594
2.38742
2.38853
2.38926
2.38959
2.38953
2.38906
2.38818
2.38687
2.38513
2.38296
2.38035
2.37729
2.37378
2.36982
2.3654
2.36052
2.35518
2.34938
2.34313
2.33644
2.3293
2.32172
2.31373
2.30532
2.29651
2.28732
2.27775
2.26784
2.25759
2.24703
2.23618
2.22506
2.21369
2.2021
2.19031
2.17834
2.16621
2.15397
2.14161
2.12918
2.1167
2.10418
2.09165
2.07913
2.06665
2.05423
2.04188
2.02963
2.0175
2.00549
1.99364
1.98195
1.97043
1.95912
1.94801
1.93712
1.92647
1.91606
1.9059
1.89601
1.88638
1.87704
1.86799
1.85923
1.85077
1.84262
1.83479
1.82727
1.82007
1.81319
1.80664
1.80043
1.79455
1.789
1.78379
1.77892
1.77438
1.77019
1.76633
1.76281
1.75963
1.75678
1.75426
1.75208
1.75022
1.74869
1.74747
1.74658
1.74599
1.74572
1.74574
1.74606
1.74667
1.74757
1.74874
1.75017
1.75187
1.75381
1.756
1.75841
1.76105
1.76389
1.76694
1.77017
1.77357
1.77714
1.78086
1.78471
1.78869
1.79277
1.79695
1.80121
1.80554
1.80991
1.81433
1.81876
1.82321
1.82764
1.83206
1.83644
1.84077
1.84504
1.84924
1.85334
1.85734
1.86124
1.86501
1.86865
1.87215
1.87549
1.87868
1.88171
1.88457
1.88726
1.88977
1.8921
1.89425
1.89622
1.89802
1.89963
1.90107
1.90234
1.90344
1.90438
1.90516
1.9058
1.90629
1.90665
1.90689
1.90702
1.90704
1.90696
1.9068
1.90657
1.90628
1.90593
1.90554
1.90512
1.90468
1.90423
1.90378
1.90334
1.90292
1.90253
1.90217
1.90186
1.9016
1.9014
1.90126
1.9012
1.90121
1.90131
1.9015
1.90177
1.90214
1.9026
1.90316
1.90382
1.90458
1.90544
1.90641
1.90747
1.90863
1.90988
1.91123
1.91267
1.9142
1.91581
1.9175
1.91927
1.92111
1.92302
1.925
1.92703
1.92911
1.93123
1.9334
1.9356
1.93784
1.94009
1.94236
1.94464
1.94693
1.94922
1.9515
1.95377
1.95602
1.95825
1.96045
1.96262
1.96475
1.96684
1.96889
1.97088
1.97283
1.97471
1.97654
1.97831
1.98
1.98163
1.98319
1.98467
1.98607
1.98739
1.98862
1.98977
1.99082
1.99179
1.99265
1.99342
1.99409
1.99464
1.99509
1.99541
1.99562
1.9957
1.99565
1.99546
1.99512
1.99464
1.994
1.99319
1.99222
1.99107
1.98974
1.98822
1.9865
1.98458
1.98244
1.98009
1.97751
1.97471
1.97167
1.96838
1.96486
1.96108
1.95705
1.95276
1.94821
1.9434
1.93832
1.93299
1.92739
1.92152
1.9154
1.90901
1.90237
1.89548
1.88834
1.88096
1.87334
1.86548
1.85741
1.84911
1.84061
1.83191
1.82302
1.81395
1.8047
1.7953
1.78574
1.77604
1.76621
1.75626
1.74621
1.73605
1.72581
1.7155
1.70512
1.69469
1.68422
1.67371
1.66319
1.65266
1.64213
1.63161
1.62111
1.61065
1.60022
1.58985
1.57953
1.56929
1.55911
1.54903
1.53903
1.52913
1.51934
1.50966
1.50009
1.49065
1.48134
1.47216
1.46311
1.45421
1.44545
1.43683
1.42837
1.42005
1.41188
1.40387
1.396
1.38829
1.38073
1.37332
1.36606
1.35894
1.35196
1.34513
1.33844
1.33188
1.32546
1.31917
1.313
1.30696
1.30103
1.29523
1.28953
1.28394
1.27846
1.27308
1.26781
1.26263
1.25755
1.25256
1.24767
1.24288
1.23817
1.23357
1.22906
1.22465
1.22034
1.21613
1.21203
1.20804
1.20416
1.2004
1.19677
1.19327
1.1899
1.18667
1.18358
1.18065
1.17788
1.17527
1.17283
1.17057
1.16849
1.16661
1.16491
1.16342
1.16213
1.16105
1.16019
1.15954
1.15911
1.15891
1.15894
1.15919
1.15967
1.16039
1.16133
1.16251
1.16391
1.16555
1.16741
1.16949
1.1718
1.17432
1.17706
1.18001
1.18316
1.18652
1.19007
1.1938
1.19772
1.20181
1.20608
1.2105
1.21508
1.21981
1.22468
1.22968
1.2348
1.24004
1.24539
1.25084
1.25638
1.262
1.26769
1.27344
1.27924
1.28509
1.29097
1.29687
1.30278
1.30869
1.3146
1.32048
1.32633
1.33213
1.33788
1.34357
1.34917
1.35469
1.3601
1.3654
1.37058
1.37562
1.38051
1.38525
1.38982
1.39421
1.39841
1.40241
1.4062
1.40977
1.41312
1.41623
1.41911
1.42173
1.4241
1.42622
1.42807
1.42966
1.43097
1.43202
1.43279
1.43329
1.43352
1.43348
1.43317
1.4326
1.43177
1.43068
1.42934
1.42775
1.42593
1.42388
1.42161
1.41913
1.41644
1.41357
1.41051
1.40729
1.40391
1.40038
1.39672
1.39294
1.38906
1.38508
1.38102
1.37689
1.37271
1.36849
1.36425
1.35999
1.35574
1.3515
1.34729
1.34311
1.33899
1.33493
1.33095
1.32706
1.32326
1.31957
1.31601
1.31257
1.30926
1.30611
1.30311
1.30027
1.2976
1.2951
1.29278
1.29065
1.28871
1.28697
1.28542
1.28408
1.28293
1.28199
1.28126
1.28073
1.28041
1.2803
1.28039
1.28068
1.28117
1.28186
1.28275
1.28383
1.2851
1.28655
1.28818
1.28999
1.29197
1.29412
1.29643
1.29889
1.3015
1.30426
1.30715
1.31018
1.31333
1.31659
1.31998
1.32347
1.32706
1.33074
1.33452
1.33838
1.34231
1.34632
1.3504
1.35454
1.35873
1.36298
1.36728
1.37162
1.376
1.38042
1.38487
1.38936
1.39387
1.3984
1.40296
1.40754
1.41214
1.41676
1.42139
1.42604
1.43071
1.43539
1.44009
1.4448
1.44953
1.45427
1.45903
1.4638
1.46858
1.47339
1.47821
1.48304
1.48789
1.49276
1.49764
1.50254
1.50746
1.5124
1.51735
1.52231
1.52729
1.53228
1.53728
1.54229
1.54731
1.55233
1.55736
1.56237
1.56739
1.57239
1.57738
1.58235
1.5873
1.59223
1.59712
1.60198
1.60679
1.61156
1.61628
1.62094
1.62553
1.63006
1.63452
1.6389
1.64319
1.6474
1.65152
1.65554
1.65946
1.66328
1.66699
1.67059
1.67408
1.67746
1.68072
1.68387
1.6869
1.68982
1.69262
1.69532
1.6979
1.70038
1.70275
1.70503
1.7072
1.70929
1.7113
1.71322
1.71507
1.71685
1.71858
1.72025
1.72188
1.72348
1.72504
1.72659
1.72812
1.72965
1.73119
1.73274
1.73431
1.73592
1.73757
1.73927
1.74102
1.74284
1.74473
1.74669
1.74875
1.75089
1.75314
1.75548
1.75794
1.76051
1.76319
1.766
1.76893
1.77199
1.77517
1.77849
1.78193
1.7855
1.78919
1.79302
1.79696
1.80103
1.80521
1.80951
1.81392
1.81842
1.82303
1.82773
1.83252
1.83738
1.84231
1.84731
1.85237
1.85748
1.86262
1.8678
1.87301
1.87823
1.88346
1.88868
1.8939
1.89911
1.90429
1.90944
1.91455
1.91962
1.92463
1.9296
1.9345
1.93934
1.9441
1.9488
1.95342
1.95797
1.96244
1.96683
1.97113
1.97536
1.97951
1.98358
1.98758
1.9915
1.99535
1.99913
2.00285
2.0065
2.0101
2.01365
2.01715
2.0206
2.02401
2.02739
2.03074
2.03406
2.03736
2.04065
2.04392
2.04718
2.05044
2.0537
2.05696
2.06022
2.06349
2.06678
2.07007
2.07337
2.07669
2.08003
2.08338
2.08674
2.09012
2.09352
2.09693
2.10036
2.10379
2.10723
2.11067
2.11412
2.11757
2.12101
2.12444
2.12786
2.13127
2.13464
2.138
2.14131
2.14459
2.14783
2.15102
2.15416
2.15723
2.16024
2.16318
2.16604
2.16882
2.17151
2.1741
2.1766
2.179
2.18129
2.18347
2.18554
2.18749
2.18931
2.19102
2.19259
2.19404
2.19537
2.19656
2.19762
2.19855
2.19936
2.20003
2.20059
2.20101
2.20132
2.20151
2.20158
2.20154
2.2014
2.20115
2.20081
2.20037
2.19984
2.19923
2.19854
2.19779
2.19697
2.19608
2.19515
2.19417
2.19314
2.19208
2.19098
2.18986
2.18872
2.18756
2.18639
2.18521
2.18403
2.18285
2.18167
2.1805
2.17933
2.17818
2.17704
2.17591
2.1748
2.1737
2.17262
2.17156
2.17051
2.16947
2.16845
2.16744
2.16644
2.16545
2.16446
2.16347
2.16249
2.1615
2.1605
2.15949
2.15847
2.15743
2.15636
2.15527
2.15414
2.15298
2.15178
2.15053
2.14924
2.14789
2.14648
2.14501
2.14347
2.14186
2.14018
2.13842
2.13657
2.13464
2.13262
2.13051
2.1283
2.12599
2.12358
2.12107
2.11845
2.11573
2.1129
2.10995
2.1069
2.10373
2.10046
2.09706
2.09356
2.08994
2.08621
2.08237
2.07841
2.07435
2.07017
2.06589
2.0615
2.05701
2.05242
2.04772
2.04294
2.03805
2.03308
2.02802
2.02288
2.01766
2.01237
2.007
2.00157
1.99607
1.99052
1.98491
1.97926
1.97356
1.96782
1.96206
1.95627
1.95045
1.94463
1.93879
1.93296
1.92713
1.92131
1.91551
1.90974
1.904
1.89829
1.89264
1.88704
1.88149
1.87602
1.87061
1.86529
1.86006
1.85492
1.84989
1.84496
1.84016
1.83547
1.83092
1.82649
1.82222
1.81809
1.81411
1.81029
1.80664
1.80315
1.79984
1.79671
1.79376
1.791
1.78842
1.78604
1.78386
1.78187
1.78008
1.77849
1.77711
1.77592
1.77494
1.77416
1.77357
1.77319
1.77301
1.77302
1.77322
1.77361
1.77419
1.77495
1.77589
1.777
1.77828
1.77972
1.78131
1.78306
1.78495
1.78698
1.78913
1.7914
1.79379
1.79628
1.79887
1.80154
1.80429
1.80712
1.81
1.81294
1.81591
1.81893
1.82197
1.82502
1.82809
1.83115
1.83421
1.83724
1.84025
1.84323
1.84618
1.84907
1.85192
1.8547
1.85742
1.86007
1.86266
1.86516
1.86758
1.86993
1.87218
1.87436
1.87644
1.87844
1.88036
1.88219
1.88393
1.8856
1.88719
1.8887
1.89015
1.89153
1.89285
1.89412
1.89534
1.89652
1.89766
1.89878
1.89988
1.90097
1.90206
1.90315
1.90425
1.90538
1.90653
1.90773
1.90897
1.91027
1.91163
1.91307
1.91459
1.91619
1.91789
1.9197
1.92162
1.92366
1.92582
1.92812
1.93056
1.93314
1.93587
1.93875
1.94179
1.94499
1.94836
1.9519
1.9556
1.95948
1.96353
1.96776
1.97216
1.97674
1.98148
1.9864
1.99149
1.99675
2.00217
2.00774
2.01348
2.01936
2.02539
2.03156
2.03787
2.0443
2.05085
2.05751
2.06427
2.07113
2.07808
2.0851
2.0922
2.09935
2.10655
2.1138
2.12107
2.12837
2.13568
2.14299
2.1503
2.1576
2.16487
2.1721
2.1793
2.18645
2.19354
2.20058
2.20754
2.21443
2.22125
2.22797
2.23461
2.24116
2.24761
2.25396
2.2602
2.26635
2.27238
2.27831
2.28412
2.28982
2.29541
2.30088
2.30623
2.31146
2.31657
2.32156
2.32641
2.33114
2.33573
2.34018
2.34449
2.34865
2.35266
2.3565
2.36018
2.36368
2.36701
2.37014
2.37307
2.37579
2.37829
2.38056
2.38258
2.38436
2.38588
2.38712
2.38807
2.38874
2.38909
2.38913
2.38884
2.38821
2.38724
2.38592
2.38424
2.38219
2.37977
2.37697
2.37379
2.37022
2.36628
2.36195
2.35723
2.35214
2.34667
2.34082
2.33462
2.32805
2.32114
2.31388
2.3063
2.2984
2.2902
2.28171
2.27295
2.26393
2.25468
2.2452
2.23553
2.22567
2.21565
2.20549
2.19521
2.18483
2.17437
2.16386
2.15332
2.14276
2.13222
2.12171
2.11125
2.10087
2.09058
2.08042
2.0704
2.06054
2.05086
2.04139
2.03213
2.02311
2.01435
2.00587
1.99768
1.9898
1.98224
1.97502
1.96815
1.96166
1.95554
1.94982
1.9445
1.9396
1.93512
1.93108
1.92748
1.92432
1.92162
1.91938
1.91761
1.9163
1.91547
1.9151
1.91521
1.91579
1.91683
1.91835
1.92032
1.92275
1.92563
1.92895
1.93271
1.93689
1.94148
1.94648
1.95185
1.9576
1.96371
1.97015
1.97692
1.98398
1.99133
1.99894
2.00679
2.01485
2.02311
2.03154
2.04011
2.0488
2.05758
2.06643
2.07533
2.08424
2.09315
2.10203
2.11085
2.11958
2.12821
2.13672
2.14507
2.15326
2.16125
2.16904
2.17661
2.18393
2.19099
2.19779
2.20431
2.21053
2.21645
2.22207
2.22737
2.23234
2.237
2.24133
2.24533
2.249
2.25234
2.25535
2.25804
2.26041
2.26245
2.26419
2.26561
2.26672
2.26754
2.26806
2.26829
2.26823
2.2679
2.26729
2.26642
2.26529
2.26389
2.26225
2.26036
2.25823
2.25587
2.25327
2.25044
2.24739
2.24413
2.24064
2.23694
2.23304
2.22892
2.22461
2.2201
2.21539
2.21049
2.2054
2.20012
2.19467
2.18903
2.18322
2.17724
2.1711
2.16479
2.15832
2.1517
2.14492
2.138
2.13094
2.12375
2.11642
2.10896
2.10138
2.09369
2.08589
2.07798
2.06998
2.06188
2.05369
2.04542
2.03708
2.02866
2.02018
2.01164
2.00304
1.99439
1.9857
1.97697
1.96821
1.95941
1.95059
1.94175
1.93289
1.92401
1.91512
1.90623
1.89733
1.88843
1.87954
1.87064
1.86176
1.85288
1.844
1.83514
1.8263
1.81746
1.80864
1.79983
1.79103
1.78225
1.77348
1.76472
1.75598
1.74725
1.73853
1.72982
1.72111
1.71242
1.70373
1.69505
1.68636
1.67768
1.669
1.66031
1.65162
1.64292
1.63421
1.62548
1.61675
1.60799
1.59922
1.59042
1.5816
1.57275
1.56387
1.55496
1.54601
1.53702
1.528
1.51893
1.50982
1.50066
1.49145
1.48219
1.47288
1.46351
1.45409
1.44461
1.43507
1.42546
1.4158
1.40607
1.39629
1.38643
1.37651
1.36653
1.35648
1.34637
1.3362
1.32596
1.31567
1.30531
1.29489
1.28442
1.2739
1.26332
1.2527
1.24203
1.23133
1.22058
1.2098
1.199
1.18817
1.17732
1.16646
1.1556
1.14473
1.13387
1.12302
1.11219
1.10138
1.09061
1.07987
1.06919
1.05856
1.04799
1.0375
1.02709
1.01677
1.00654
0.996427
0.986428
0.976555
0.966817
0.957224
0.947784
0.938507
0.929404
0.920483
0.911753
0.903225
0.894908
0.886813
0.878947
0.87132
0.86394
0.856817
0.84996
0.843378
0.83708
0.831074
0.825368
0.819971
0.814889
0.810131
0.805703
0.801613
0.797868
0.794474
0.791438
0.788765
0.786461
0.784531
0.78298
0.781813
0.781034
0.780647
0.780655
0.781061
0.781867
0.783077
0.784693
0.786715
0.789142
0.791977
0.795219
0.798867
0.80292
0.807378
0.81224
0.817503
0.823164
0.829221
0.835671
0.84251
0.849733
0.857336
0.865314
0.873661
0.882371
0.891439
0.900857
0.91062
0.920719
0.931148
0.941899
0.952963
0.964332
0.975998
0.987953
1.00019
1.01269
1.02545
1.03847
1.05172
1.0652
1.07891
1.09282
1.10694
1.12124
1.13572
1.15037
1.16518
1.18012
1.1952
1.2104
1.22571
1.24111
1.25659
1.27215
1.28776
1.30342
1.3191
1.3348
1.35051
1.3662
1.38186
1.39748
1.41305
1.42854
1.44394
1.45924
1.47442
1.48946
1.50435
1.51907
1.5336
1.54794
1.56206
1.57596
1.5896
1.60299
1.61611
1.62895
1.64149
1.65372
1.66563
1.67722
1.68847
1.69939
1.70996
1.72019
1.73006
1.73959
1.74877
1.75761
1.7661
1.77426
1.78209
1.7896
1.79681
1.80372
1.81035
1.81671
1.82282
1.8287
1.83436
1.83982
1.84511
1.85024
1.85524
1.86012
1.8649
1.86962
1.87428
1.87891
1.88354
1.88817
1.89283
1.89754
1.90232
1.90718
1.91214
1.91722
1.92242
1.92777
1.93327
1.93894
1.94478
1.95081
1.95702
1.96343
1.97005
1.97686
1.98388
1.9911
1.99853
2.00616
2.014
2.02202
2.03024
2.03864
2.04722
2.05596
2.06487
2.07392
2.0831
2.09241
2.10183
2.11135
2.12094
2.13061
2.14032
2.15006
2.15983
2.16959
2.17933
2.18903
2.19868
2.20825
2.21772
2.22709
2.23632
2.24539
2.2543
2.26302
2.27152
2.2798
2.28784
2.29561
2.3031
2.31029
2.31717
2.32372
2.32993
2.33579
2.34127
2.34637
2.35109
2.3554
2.35929
2.36277
2.36583
2.36845
2.37063
2.37238
2.37368
2.37455
2.37496
2.37494
2.37447
2.37356
2.37222
2.37045
2.36826
2.36565
2.36263
2.35921
2.3554
2.35121
2.34664
2.34172
2.33644
2.33083
2.32489
2.31864
2.3121
2.30527
2.29816
2.2908
2.2832
2.27536
2.26731
2.25905
2.25061
2.24199
2.23321
2.22427
2.2152
2.20601
2.19671
2.18731
2.17782
2.16826
2.15864
2.14896
2.13924
2.12949
2.11972
2.10994
2.10016
2.09038
2.08062
2.07089
2.06119
2.05153
2.04193
2.03237
2.02289
2.01347
2.00413
1.99488
1.98572
1.97665
1.96769
1.95883
1.95009
1.94146
1.93296
1.92458
1.91634
1.90823
1.90026
1.89243
1.88476
1.87723
1.86986
1.86264
1.85558
1.84868
1.84194
1.83536
1.82895
1.82271
1.81662
1.81071
1.80495
1.79936
1.79393
1.78866
1.78354
1.77858
1.77376
1.76909
1.76456
1.76016
1.7559
1.75175
1.74773
1.74381
1.73999
1.73627
1.73264
1.72907
1.72558
1.72214
1.71875
1.7154
1.71207
1.70876
1.70546
1.70215
1.69883
1.69548
1.69209
1.68865
1.68516
1.68159
1.67795
1.67421
1.67038
1.66644
1.66239
1.65821
1.6539
1.64946
1.64487
1.64014
1.63525
1.63021
1.62501
1.61964
1.61412
1.60843
1.60259
1.59658
1.59042
1.5841
1.57764
1.57103
1.56429
1.55741
1.55041
1.54329
1.53607
1.52875
1.52135
1.51387
1.50633
1.49874
1.49112
1.48346
1.4758
1.46814
1.46049
1.45288
1.44531
1.43781
1.43038
1.42304
1.41581
1.40869
1.40171
1.39488
1.38821
1.38172
1.37542
1.36933
1.36345
1.35781
1.35241
1.34726
1.34238
1.33778
1.33347
1.32945
1.32574
1.32234
1.31926
1.31651
1.3141
1.31203
1.31029
1.30891
1.30788
1.3072
1.30687
1.30689
1.30727
1.308
1.30907
1.31049
1.31225
1.31434
1.31676
1.3195
1.32256
1.32592
1.32958
1.33352
1.33774
1.34222
1.34695
1.35192
1.35711
1.36251
1.36811
1.37389
1.37984
1.38593
1.39217
1.39852
1.40497
1.41151
1.41813
1.4248
1.4315
1.43824
1.44498
1.45173
1.45845
1.46514
1.47179
1.47837
1.48489
1.49133
1.49768
1.50393
1.51006
1.51608
1.52197
1.52773
1.53335
1.53882
1.54415
1.54931
1.55433
1.55918
1.56387
1.56839
1.57275
1.57694
1.58097
1.58483
1.58853
1.59207
1.59544
1.59866
1.60172
1.60463
1.6074
1.61002
1.6125
1.61486
1.61708
1.61918
1.62117
1.62305
1.62483
1.62651
1.62811
1.62963
1.63108
1.63246
1.6338
1.63509
1.63634
1.63757
1.63878
1.63999
1.6412
1.64242
1.64366
1.64494
1.64626
1.64763
1.64906
1.65056
1.65214
1.65381
1.65557
1.65744
1.65943
1.66153
1.66376
1.66613
1.66864
1.67129
1.67409
1.67705
1.68017
1.68345
1.6869
1.69051
1.69429
1.69824
1.70236
1.70664
1.7111
1.71571
1.72049
1.72543
1.73052
1.73576
1.74114
1.74666
1.75231
1.75808
1.76396
1.76995
1.77604
1.78221
1.78846
1.79477
1.80114
1.80755
1.814
1.82046
1.82692
1.83339
1.83983
1.84624
1.85261
1.85891
1.86515
1.8713
1.87736
1.8833
1.88913
1.89481
1.90036
1.90574
1.91096
1.916
1.92084
1.9255
1.92994
1.93417
1.93818
1.94196
1.9455
1.94881
1.95187
1.95469
1.95726
1.95957
1.96164
1.96345
1.96501
1.96632
1.96739
1.96821
1.96879
1.96913
1.96924
1.96913
1.9688
1.96826
1.96751
1.96657
1.96544
1.96413
1.96265
1.96101
1.95921
1.95728
1.95521
1.95302
1.95071
1.94831
1.94581
1.94324
1.94059
1.93788
1.93511
1.93231
1.92947
1.92661
1.92373
1.92085
1.91797
1.91509
1.91224
1.90941
1.90661
1.90385
1.90113
1.89847
1.89586
1.89331
1.89083
1.88841
1.88608
1.88382
1.88164
1.87954
1.87753
1.8756
1.87376
1.87201
1.87034
1.86877
1.86727
1.86587
1.86455
1.86331
1.86214
1.86106
1.86004
1.8591
1.85822
1.85739
1.85662
1.8559
1.85522
1.85458
1.85397
1.85338
1.85281
1.85225
1.85169
1.85113
1.85056
1.84997
1.84935
1.84869
1.848
1.84725
1.84644
1.84557
1.84463
1.8436
1.84249
1.84128
1.83997
1.83855
1.83701
1.83536
1.83357
1.83166
1.82961
1.82741
1.82507
1.82258
1.81993
1.81713
1.81417
1.81106
1.80777
1.80433
1.80072
1.79695
1.79302
1.78893
1.78467
1.78026
1.77569
1.77097
1.76611
1.7611
1.75595
1.75066
1.74525
1.73972
1.73406
1.7283
1.72243
1.71647
1.71042
1.70429
1.69808
1.69182
1.68549
1.67912
1.67272
1.66628
1.65983
1.65336
1.64689
1.64043
1.63399
1.62757
1.62119
1.61485
1.60856
1.60234
1.59618
1.59009
1.58409
1.57818
1.57237
1.56666
1.56106
1.55558
1.55023
1.54499
1.53989
1.53493
1.5301
1.52542
1.52088
1.51649
1.51225
1.50816
1.50422
1.50043
1.49679
1.49331
1.48997
1.48678
1.48374
1.48084
1.47808
1.47547
1.47298
1.47062
1.4684
1.46629
1.4643
1.46242
1.46065
1.45898
1.45741
1.45594
1.45454
1.45323
1.452
1.45083
1.44974
1.4487
1.44772
1.4468
1.44592
1.44509
1.4443
1.44356
1.44285
1.44217
1.44154
1.44093
1.44036
1.43983
1.43933
1.43886
1.43844
1.43806
1.43772
1.43743
1.43719
1.43701
1.43689
1.43683
1.43685
1.43695
1.43714
1.43742
1.4378
1.43829
1.43889
1.43961
1.44046
1.44145
1.44259
1.44387
1.44532
1.44693
1.44872
1.45068
1.45283
1.45517
1.45771
1.46045
1.46339
1.46654
1.4699
1.47348
1.47726
1.48126
1.48547
1.48989
1.49452
1.49936
1.50441
1.50965
1.51509
1.52072
1.52652
1.53251
1.53866
1.54497
1.55142
1.55802
1.56475
1.57159
1.57854
1.58558
1.59271
1.59991
1.60716
1.61446
1.6218
1.62916
1.63653
1.64389
1.65125
1.65858
1.66587
1.67312
1.68032
1.68746
1.69453
1.70152
1.70842
1.71523
1.72195
1.72857
1.73508
1.74149
1.74778
1.75397
1.76004
1.766
1.77185
1.77759
1.78322
1.78873
1.79414
1.79945
1.80465
1.80975
1.81475
1.81966
1.82447
1.82919
1.83382
1.83836
1.84282
1.84719
1.85147
1.85568
1.8598
1.86384
1.86779
1.87167
1.87546
1.87916
1.88279
1.88632
1.88976
1.89312
1.89638
1.89954
1.9026
1.90557
1.90843
1.91118
1.91382
1.91635
1.91876
1.92106
1.92323
1.92528
1.9272
1.929
1.93066
1.9322
1.9336
1.93486
1.93599
1.93698
1.93783
1.93855
1.93913
1.93957
1.93988
1.94006
1.94009
1.94
1.93978
1.93942
1.93895
1.93834
1.93762
1.93677
1.93581
1.93473
1.93355
1.93226
1.93086
1.92936
1.92777
1.92608
1.9243
1.92243
1.92048
1.91844
1.91633
1.91415
1.91189
1.90956
1.90716
1.9047
1.90218
1.8996
1.89696
1.89426
1.89152
1.88871
1.88586
1.88296
1.88001
1.87701
1.87396
1.87086
1.86772
1.86453
1.86129
1.85801
1.85467
1.85128
1.84784
1.84434
1.84078
1.83717
1.8335
1.82976
1.82595
1.82207
1.81812
1.81409
1.80998
1.80578
1.80149
1.79712
1.79264
1.78807
1.78339
1.77861
1.77372
1.76872
1.76361
1.75838
1.75305
1.74759
1.74203
1.73635
1.73056
1.72466
1.71866
1.71257
1.70638
1.7001
1.69375
1.68733
1.68084
1.67431
1.66774
1.66114
1.65452
1.64791
1.64131
1.63474
1.62822
1.62176
1.61538
1.60909
1.60292
1.59688
1.59098
1.58525
1.5797
1.57435
1.56921
1.5643
1.55964
1.55524
1.55111
1.54726
1.54372
1.54048
1.53757
1.53498
1.53273
1.53081
1.52925
1.52803
1.52717
1.52667
1.52651
1.52672
1.52727
1.52817
1.52941
1.53098
1.53289
1.53511
1.53765
1.5405
1.54363
1.54704
1.55073
1.55467
1.55884
1.56325
1.56787
1.57269
1.57769
1.58286
1.58818
1.59364
1.59922
1.60491
1.61069
1.61654
1.62245
1.6284
1.63438
1.64038
1.64637
1.65235
1.6583
1.66421
1.67006
1.67585
1.68155
1.68715
1.69266
1.69804
1.7033
1.70842
1.71339
1.71821
1.72286
1.72735
1.73165
1.73576
1.73968
1.7434
1.74693
1.75024
1.75334
1.75623
1.7589
1.76136
1.7636
1.76562
1.76743
1.76902
1.7704
1.77157
1.77254
1.7733
1.77387
1.77425
1.77445
1.77447
1.77433
1.77403
1.77358
1.77299
1.77228
1.77144
1.7705
1.76947
1.76835
1.76716
1.76591
1.76461
1.76328
1.76193
1.76056
1.7592
1.75784
1.75651
1.75522
1.75397
1.75279
1.75167
1.75062
1.74967
1.74881
1.74806
1.74742
1.7469
1.74651
1.74625
1.74613
1.74616
1.74633
1.74667
1.74716
1.74781
1.74862
1.74961
1.75076
1.75208
1.75357
1.75523
1.75706
1.75907
1.76125
1.76359
1.76611
1.7688
1.77166
1.77468
1.77786
1.78121
1.78472
1.78839
1.79221
1.79619
1.80032
1.8046
1.80903
1.8136
1.81831
1.82317
1.82817
1.8333
1.83856
1.84396
1.84949
1.85514
1.86092
1.86682
1.87285
1.87899
1.88525
1.89162
1.8981
1.9047
1.9114
1.91821
1.92512
1.93213
1.93924
1.94644
1.95374
1.96112
1.9686
1.97616
1.9838
1.99152
1.99931
2.00718
2.01512
2.02312
2.03118
2.0393
2.04747
2.05569
2.06396
2.07226
2.0806
2.08896
2.09735
2.10576
2.11418
2.12261
2.13103
2.13945
2.14785
2.15624
2.16459
2.17292
2.1812
2.18943
2.19761
2.20572
2.21375
2.22171
2.22957
2.23734
2.245
2.25255
2.25997
2.26726
2.2744
2.2814
2.28823
2.2949
2.30139
2.30769
2.3138
2.31971
2.3254
2.33087
2.33611
2.34112
2.34588
2.35039
2.35464
2.35863
2.36233
2.36576
2.3689
2.37175
2.3743
2.37655
2.37849
2.38011
2.38142
2.3824
2.38306
2.3834
2.38341
2.38309
2.38243
2.38145
2.38013
2.37848
2.3765
2.37419
2.37156
2.3686
2.36532
2.36173
2.35782
2.3536
2.34908
2.34426
2.33915
2.33375
2.32808
2.32214
2.31594
2.30948
2.30278
2.29585
2.2887
2.28132
2.27375
2.26598
2.25803
2.24991
2.24162
2.2332
2.22463
2.21594
2.20714
2.19824
2.18925
2.18019
2.17106
2.16188
2.15267
2.14343
2.13418
2.12492
2.11567
2.10645
2.09726
2.08811
2.07902
2.07
2.06105
2.05219
2.04343
2.03477
2.02623
2.01782
2.00953
2.00139
1.9934
1.98557
1.97789
1.97039
1.96306
1.95592
1.94896
1.94219
1.93562
1.92925
1.92308
1.91712
1.91137
1.90583
1.90051
1.8954
1.8905
1.88583
1.88138
1.87714
1.87312
1.86932
1.86574
1.86238
1.85923
1.8563
1.85358
1.85107
1.84876
1.84667
1.84477
1.84308
1.84159
1.84029
1.83918
1.83826
1.83752
1.83696
1.83658
1.83638
1.83634
1.83646
1.83675
1.83719
1.83778
1.83853
1.83941
1.84044
1.8416
1.84289
1.8443
1.84584
1.8475
1.84927
1.85115
1.85314
1.85522
1.85741
1.8597
1.86207
1.86453
1.86708
1.86971
1.87242
1.87521
1.87807
1.881
1.884
1.88706
1.89019
1.89339
1.89665
1.89997
1.90335
1.90679
1.91029
1.91384
1.91746
1.92114
1.92487
1.92867
1.93252
1.93644
1.94042
1.94446
1.94857
1.95274
1.95698
1.96128
1.96566
1.9701
1.97462
1.97921
1.98388
1.98862
1.99344
1.99833
2.00329
2.00834
2.01346
2.01866
2.02393
2.02928
2.0347
2.04019
2.04575
2.05138
2.05707
2.06282
2.06862
2.07448
2.08039
2.08634
2.09233
2.09835
2.10439
2.11045
2.11652
2.1226
2.12867
2.13473
2.14077
2.14678
2.15275
2.15867
2.16453
2.17033
2.17604
2.18167
2.18721
2.19263
2.19794
2.20312
2.20816
2.21306
2.2178
2.22237
2.22677
2.23099
2.23501
2.23883
2.24245
2.24585
2.24903
2.25198
2.2547
2.25718
2.25942
2.26142
2.26316
2.26466
2.26591
2.2669
2.26764
2.26813
2.26837
2.26837
2.26811
2.26762
2.26689
2.26594
2.26475
2.26335
2.26173
2.25991
2.2579
2.25569
2.25331
2.25077
2.24806
2.24521
2.24222
2.2391
2.23587
2.23254
2.22912
2.22562
2.22205
2.21842
2.21475
2.21104
2.20732
2.20358
2.19984
2.19612
2.19241
2.18874
2.18512
2.18154
2.17803
2.17459
2.17123
2.16796
2.16478
2.16171
2.15875
2.1559
2.15318
2.15058
2.14812
2.1458
2.14362
2.14158
2.1397
2.13797
2.13639
2.13498
2.13372
2.13262
2.13169
2.13092
2.13031
2.12987
2.12959
2.12947
2.12951
2.1297
2.13006
2.13057
2.13123
2.13205
2.13301
2.13411
2.13535
2.13673
2.13824
2.13988
2.14163
2.14351
2.1455
2.14759
2.14978
2.15207
2.15445
2.15692
2.15946
2.16207
2.16475
2.16748
2.17027
2.17311
2.17599
2.17889
2.18183
2.18478
2.18775
2.19073
2.19371
2.19668
2.19965
2.2026
2.20553
2.20843
2.2113
2.21414
2.21694
2.21969
2.22239
2.22505
2.22764
2.23018
2.23266
2.23508
2.23743
2.23971
2.24193
2.24408
2.24616
2.24817
2.25011
2.25198
2.25379
2.25552
2.25719
2.2588
2.26035
2.26183
2.26326
2.26463
2.26595
2.26722
2.26845
2.26963
2.27077
2.27188
2.27295
2.274
2.27502
2.27602
2.27701
2.27798
2.27895
2.2799
2.28086
2.28182
2.28278
2.28376
2.28474
2.28574
2.28676
2.28781
2.28887
2.28995
2.29107
2.29221
2.29338
2.29457
2.2958
2.29706
2.29834
2.29966
2.301
2.30237
2.30375
2.30516
2.30659
2.30802
2.30947
2.31092
2.31236
2.3138
2.31523
2.31664
2.31802
2.31937
2.32068
2.32194
2.32313
2.32427
2.32532
2.32629
2.32717
2.32794
2.32859
2.32912
2.32951
2.32976
2.32985
2.32977
2.32952
2.32908
2.32844
2.3276
2.32654
2.32525
2.32373
2.32197
2.31996
2.31769
2.31516
2.31235
2.30927
2.3059
2.30224
2.2983
2.29405
2.28951
2.28467
2.27952
2.27407
2.26831
2.26225
2.25589
2.24922
2.24226
2.235
2.22744
2.2196
2.21148
2.20307
2.19439
2.18545
2.17624
2.16679
2.15709
2.14716
2.137
2.12662
2.11604
2.10526
2.09429
2.08314
2.07183
2.06037
2.04876
2.03702
2.02515
2.01318
2.00111
1.98895
1.97671
1.96441
1.95206
1.93967
1.92725
1.91481
1.90236
1.88991
1.87748
1.86507
1.8527
1.84038
1.82811
1.81591
1.80378
1.79174
1.77979
1.76794
1.7562
1.74459
1.73309
1.72174
1.71052
1.69945
1.68854
1.67779
1.6672
1.65679
1.64655
1.6365
1.62663
1.61695
1.60746
1.59818
1.58909
1.5802
1.57151
1.56303
1.55476
1.5467
1.53885
1.53121
1.52378
1.51655
1.50954
1.50273
1.49614
1.48975
1.48356
1.47757
1.47179
1.46621
1.46082
1.45562
1.45062
1.44581
1.44118
1.43673
1.43247
1.42838
1.42446
1.42071
1.41713
1.41372
1.41046
1.40736
1.40441
1.40162
1.39897
1.39646
1.3941
1.39187
1.38978
1.38783
1.386
1.38429
1.38271
1.38126
1.37992
1.37869
1.37758
1.37658
1.37569
1.37491
1.37423
1.37365
1.37317
1.37279
1.3725
1.37231
1.3722
1.37219
1.37225
1.37241
1.37264
1.37296
1.37335
1.37382
1.37435
1.37496
1.37563
1.37637
1.37716
1.37801
1.37892
1.37988
1.3809
1.38195
1.38305
1.38419
1.38537
1.38658
1.38783
1.3891
1.39039
1.39171
1.39305
1.39441
1.39577
1.39715
1.39854
1.39993
1.40132
1.40272
1.40411
1.40551
1.40689
1.40827
1.40964
1.411
1.41235
1.41369
1.41501
1.41632
1.41762
1.4189
1.42017
1.42141
1.42265
1.42386
1.42506
1.42624
1.42741
1.42856
1.4297
1.43082
1.43193
1.43302
1.43409
1.43515
1.4362
1.43723
1.43825
1.43925
1.44024
1.44121
1.44218
1.44313
1.44406
1.44498
1.44589
1.44678
1.44765
1.4485
1.44934
1.45016
1.45096
1.45174
1.4525
1.45324
1.45395
1.45463
1.45529
1.45592
1.45652
1.45709
1.45763
1.45814
1.4586
1.45903
1.45943
1.45978
1.46009
1.46035
1.46057
1.46074
1.46086
1.46093
1.46095
1.46091
1.46082
1.46066
1.46045
1.46017
1.45982
1.45941
1.45893
1.45837
1.45774
1.45704
1.45626
1.45539
1.45444
1.45341
1.45229
1.45108
1.44978
1.44839
1.4469
1.44531
1.44362
1.44183
1.43994
1.43793
1.43582
1.4336
1.43127
1.42882
1.42626
1.42358
1.42078
1.41786
1.41482
1.41165
1.40836
1.40494
1.40139
1.39771
1.39391
1.38996
1.38589
1.38168
1.37733
1.37284
1.36822
1.36345
1.35854
1.35349
1.3483
1.34295
1.33746
1.33182
1.32603
1.32009
1.31399
1.30774
1.30134
1.29478
1.28807
1.28119
1.27416
1.26697
1.25962
1.25211
1.24444
1.23661
1.22862
1.22047
1.21217
1.20371
1.19509
1.18632
1.17741
1.16834
1.15913
1.14978
1.14029
1.13067
1.12092
1.11104
1.10105
1.09094
1.08071
1.07039
1.05997
1.04945
1.03886
1.02818
1.01744
1.00663
0.995767
0.984858
0.973908
0.962925
0.951917
0.940891
0.929857
0.91882
0.907789
0.896772
0.885777
0.874812
0.863883
0.852999
0.842167
0.831395
0.820689
0.810058
0.799508
0.789046
0.778679
0.768415
0.758261
0.748225
0.738312
0.728532
0.718891
0.709396
0.700054
0.690875
0.681865
0.67303
0.664378
0.655919
0.647659
0.639607
0.63177
0.624156
0.616773
0.609629
0.602732
0.596088
0.589707
0.583596
0.577764
0.572217
0.566965
0.562014
0.557371
0.553044
0.549042
0.54537
0.542035
0.539045
0.536404
0.534119
0.532197
0.530644
0.529463
0.528661
0.528243
0.528214
0.528578
0.529339
0.530503
0.532072
0.53405
0.536439
0.539242
0.542463
0.546103
0.550165
0.55465
0.559559
0.564894
0.570655
0.576843
0.58346
0.590505
0.597979
0.605882
0.614213
0.622971
0.632154
0.641761
0.651793
0.662246
0.67312
0.684412
0.696122
0.708245
0.72078
0.733724
0.747072
0.760822
0.77497
0.789513
0.804447
0.819767
0.835469
0.85155
0.868003
0.884824
0.902006
0.919545
0.937434
0.955667
0.974238
0.993139
1.01236
1.03191
1.05176
1.0719
1.09234
1.11306
1.13405
1.1553
1.1768
1.19853
1.2205
1.24267
1.26504
1.2876
1.31032
1.33319
1.35619
1.3793
1.40251
1.42578
1.4491
1.47245
1.49579
1.5191
1.54235
1.56552
1.58857
1.61147
1.63419
1.65669
1.67895
1.70091
1.72256
1.74385
1.76475
1.78522
1.80523
1.82474
1.84372
1.86214
1.87998
1.8972
1.91378
1.9297
1.94494
1.95949
1.97333
1.98646
1.99887
2.01056
2.02154
2.03181
2.04139
2.05029
2.05852
2.06611
2.07308
2.07947
2.08529
2.09058
2.09537
2.0997
2.1036
2.10711
2.11025
2.11308
2.11561
2.11789
2.11995
2.12182
2.12353
2.12511
2.12659
2.12799
2.12933
2.13064
2.13193
2.13323
2.13454
2.13589
2.13728
2.13871
2.14021
2.14177
2.14341
2.14511
2.14689
2.14873
2.15065
2.15264
2.15469
2.1568
2.15896
2.16117
2.16342
2.1657
2.16801
2.17033
2.17265
2.17497
2.17727
2.17954
2.18178
2.18397
2.1861
2.18817
2.19015
2.19204
2.19383
2.19551
2.19707
2.1985
2.19978
2.20091
2.20189
2.20269
2.20331
2.20375
2.20399
2.20403
2.20386
2.20347
2.20285
2.20201
2.20094
2.19962
2.19806
2.19626
2.1942
2.19188
2.18931
2.18648
2.18339
2.18004
2.17642
2.17254
2.1684
2.164
2.15933
2.15441
2.14923
2.1438
2.13812
2.1322
2.12603
2.11962
2.11298
2.10611
2.09902
2.09171
2.08419
2.07647
2.06855
2.06044
2.05215
2.04368
2.03505
2.02625
2.01731
2.00822
1.999
1.98965
1.98019
1.97062
1.96095
1.95119
1.94135
1.93144
1.92147
1.91145
1.90138
1.89128
1.88116
1.87102
1.86088
1.85074
1.84062
1.83052
1.82045
1.81042
1.80044
1.79052
1.78067
1.77089
1.76119
1.75159
1.74208
1.73268
1.7234
1.71424
1.70521
1.69632
1.68757
1.67897
1.67052
1.66224
1.65413
1.64619
1.63842
1.63085
1.62347
1.61628
1.60929
1.60251
1.59593
1.58958
1.58343
1.57751
1.57182
1.56635
1.56112
1.55613
1.55137
1.54685
1.54258
1.53856
1.53479
1.53127
1.528
1.52499
1.52224
1.51975
1.51752
1.51555
1.51384
1.5124
1.51122
1.51031
1.50966
1.50928
1.50916
1.5093
1.50971
1.51038
1.51131
1.51249
1.51393
1.51562
1.51756
1.51975
1.52218
1.52485
1.52775
1.53087
1.53422
1.53777
1.54154
1.5455
1.54965
1.55397
1.55846
1.56311
1.5679
1.57282
1.57786
1.58299
1.58821
1.59349
1.59882
1.60419
1.60955
1.61491
1.62023
1.62549
1.63068
1.63576
1.64071
1.64552
1.65015
1.65458
1.6588
1.66277
1.66648
1.6699
1.67302
1.67582
1.67828
1.68039
1.68214
1.68352
1.68451
1.68512
1.68535
1.68518
1.68463
1.6837
1.68239
1.68071
1.67869
1.67632
1.67363
1.67064
1.66736
1.66381
1.66002
1.65602
1.65181
1.64744
1.64291
1.63827
1.63354
1.62873
1.62388
1.61901
1.61415
1.60933
1.60455
1.59986
1.59527
1.5908
1.58648
1.58232
1.57834
1.57457
1.57101
1.56769
1.56463
1.56183
1.5593
1.55707
1.55515
1.55354
1.55226
1.55131
1.55071
1.55046
1.55058
1.55105
1.5519
1.55312
1.55473
1.55672
1.55909
1.56185
1.565
1.56854
1.57246
1.57678
1.58147
1.58656
1.59202
1.59785
1.60406
1.61064
1.61758
1.62487
1.63251
1.64049
1.6488
1.65744
1.66638
1.67564
1.68518
1.69501
1.70512
1.71548
1.72609
1.73694
1.74802
1.7593
1.77079
1.78245
1.79429
1.80629
1.81843
1.8307
1.84308
1.85557
1.86814
1.88078
1.89349
1.90623
1.91901
1.9318
1.94459
1.95738
1.97015
1.98287
1.99555
2.00817
2.02072
2.03318
2.04554
2.0578
2.06994
2.08196
2.09384
2.10557
2.11715
2.12857
2.13981
2.15088
2.16176
2.17244
2.18293
2.19321
2.20328
2.21314
2.22277
2.23217
2.24135
2.25029
2.25899
2.26745
2.27567
2.28364
2.29135
2.29882
2.30602
2.31297
2.31966
2.3261
2.33227
2.33817
2.34382
2.3492
2.35431
2.35916
2.36374
2.36805
2.3721
2.37589
2.3794
2.38265
2.38564
2.38836
2.39082
2.39302
2.39496
2.39664
2.39805
2.39922
2.40012
2.40078
2.40118
2.40133
2.40123
2.40089
2.4003
2.39947
2.3984
2.3971
2.39556
2.39379
2.39179
2.38957
2.38712
2.38446
2.38157
2.37848
2.37517
2.37165
2.36793
2.36401
2.35989
2.35557
2.35107
2.34637
2.3415
2.33644
2.3312
2.32579
2.32021
2.31446
2.30854
2.30247
2.29624
2.28985
2.28332
2.27664
2.26981
2.26285
2.25575
2.24852
2.24116
2.23367
2.22607
2.21835
2.21052
2.20258
2.19453
2.18639
2.17815
2.16982
2.1614
2.1529
2.14433
2.13568
2.12697
2.1182
2.10937
2.1005
2.09158
2.08262
2.07362
2.0646
2.05557
2.04651
2.03745
2.02839
2.01934
2.01029
2.00127
1.99226
1.98329
1.97435
1.96546
1.95661
1.94782
1.9391
1.93044
1.92185
1.91334
1.90491
1.89658
1.88834
1.88019
1.87216
1.86423
1.85641
1.84871
1.84113
1.83367
1.82633
1.81913
1.81205
1.8051
1.79829
1.79162
1.78507
1.77867
1.7724
1.76627
1.76027
1.75441
1.74868
1.74309
1.73763
1.7323
1.7271
1.72202
1.71707
1.71224
1.70753
1.70294
1.69846
1.6941
1.68984
1.68569
1.68164
1.6777
1.67385
1.6701
1.66645
1.66289
1.65942
1.65605
1.65276
1.64956
1.64645
1.64342
1.64048
1.63762
1.63485
1.63216
1.62956
1.62705
1.62463
1.6223
1.62006
1.61791
1.61586
1.61391
1.61205
1.6103
1.60865
1.6071
1.60567
1.60434
1.60313
1.60203
1.60105
1.60019
1.59945
1.59884
1.59835
1.59798
1.59775
1.59764
1.59766
1.59781
1.59809
1.5985
1.59903
1.59969
1.60048
1.60139
1.60243
1.60358
1.60485
1.60623
1.60773
1.60933
1.61103
1.61283
1.61472
1.61671
1.61878
1.62092
1.62315
1.62544
1.6278
1.63022
1.63269
1.63521
1.63778
1.6404
1.64304
1.64573
1.64844
1.65118
1.65395
1.65674
1.65954
1.66237
1.66522
1.66808
1.67095
1.67385
1.67676
1.67969
1.68263
1.68559
1.68858
1.69158
1.69461
1.69766
1.70073
1.70383
1.70696
1.71012
1.7133
1.71652
1.71976
1.72303
1.72633
1.72966
1.73301
1.73639
1.73978
1.7432
1.74662
1.75006
1.75351
1.75695
1.76039
1.76382
1.76724
1.77064
1.77401
1.77736
1.78067
1.78393
1.78715
1.79032
1.79344
1.79649
1.79949
1.80241
1.80527
1.80807
1.81079
1.81344
1.81603
1.81854
1.82099
1.82338
1.82571
1.82797
1.83019
1.83236
1.83449
1.83659
1.83865
1.8407
1.84273
1.84474
1.84676
1.84878
1.85081
1.85287
1.85494
1.85705
1.8592
1.86139
1.86363
1.86592
1.86826
1.87067
1.87314
1.87569
1.8783
1.88098
1.88374
1.88658
1.88949
1.89247
1.89553
1.89867
1.90188
1.90515
1.9085
1.91191
1.91539
1.91892
1.92252
1.92616
1.92985
1.93358
1.93735
1.94115
1.94498
1.94883
1.95269
1.95656
1.96044
1.9643
1.96816
1.97199
1.9758
1.97958
1.98331
1.987
1.99063
1.99419
1.99768
2.00109
2.00441
2.00763
2.01075
2.01375
2.01663
2.01938
2.02199
2.02445
2.02676
2.0289
2.03086
2.03265
2.03425
2.03565
2.03686
2.03785
2.03863
2.03919
2.03952
2.03962
2.03949
2.03912
2.03851
2.03766
2.03656
2.03522
2.03363
2.0318
2.02973
2.02741
2.02486
2.02208
2.01907
2.01583
2.01238
2.00871
2.00485
2.00078
1.99654
1.99211
1.98751
1.98276
1.97787
1.97284
1.96768
1.96242
1.95705
1.9516
1.94607
1.94049
1.93485
1.92918
1.92348
1.91777
1.91206
1.90636
1.90068
1.89504
1.88944
1.8839
1.87842
1.87303
1.86772
1.86251
1.8574
1.85241
1.84754
1.84281
1.83821
1.83376
1.82946
1.82533
1.82135
1.81755
1.81392
1.81048
1.80722
1.80415
1.80127
1.79858
1.7961
1.79382
1.79174
1.78986
1.7882
1.78674
1.7855
1.78447
1.78365
1.78305
1.78265
1.78247
1.78251
1.78276
1.78322
1.78389
1.78478
1.78587
1.78717
1.78869
1.7904
1.79232
1.79445
1.79677
1.79929
1.80201
1.80492
1.80803
1.81132
1.81481
1.81848
1.82233
1.82635
1.83056
1.83494
1.83949
1.84421
1.84909
1.85414
1.85934
1.8647
1.8702
1.87586
1.88165
1.88759
1.89366
1.89986
1.90619
1.91263
1.9192
1.92588
1.93266
1.93955
1.94653
1.9536
1.96076
1.96799
1.9753
1.98267
1.9901
1.99759
2.00512
2.01269
2.02029
2.02791
2.03555
2.04319
2.05083
2.05846
2.06607
2.07365
2.0812
2.0887
2.09615
2.10353
2.11084
2.11807
2.12521
2.13225
2.13918
2.146
2.15269
2.15924
2.16566
2.17192
2.17803
2.18398
2.18976
2.19537
2.20079
2.20603
2.21108
2.21594
2.2206
2.22507
2.22933
2.23338
2.23724
2.24089
2.24434
2.24758
2.25063
2.25348
2.25613
2.2586
2.26088
2.26298
2.2649
2.26665
2.26825
2.26968
2.27097
2.27211
2.27312
2.27401
2.27478
2.27544
2.276
2.27647
2.27687
2.27718
2.27744
2.27764
2.2778
2.27792
2.278
2.27807
2.27813
2.27817
2.27822
2.27827
2.27834
2.27843
2.27854
2.27867
2.27885
2.27906
2.2793
2.27959
2.27993
2.28031
2.28074
2.28122
2.28174
2.28231
2.28293
2.2836
2.28431
2.28506
2.28585
2.28668
2.28755
2.28845
2.28938
2.29033
2.2913
2.2923
2.2933
2.29432
2.29534
2.29637
2.29739
2.29841
2.29941
2.30041
2.30138
2.30234
2.30327
2.30417
2.30504
2.30588
2.30668
2.30744
2.30816
2.30883
2.30946
2.31004
2.31057
2.31105
2.31148
2.31185
2.31217
2.31243
2.31264
2.3128
2.3129
2.31295
2.31294
2.31288
2.31277
2.3126
2.31238
2.31211
2.31179
2.31142
2.31101
2.31055
2.31004
2.30949
2.30889
2.30826
2.30758
2.30687
2.30612
2.30533
2.3045
2.30364
2.30275
2.30182
2.30085
2.29985
2.29882
2.29776
2.29666
2.29553
2.29437
2.29317
2.29194
2.29066
2.28936
2.28801
2.28662
2.28519
2.28372
2.28221
2.28065
2.27904
2.27738
2.27567
2.27391
2.27209
2.27021
2.26828
2.26628
2.26422
2.26209
2.25989
2.25763
2.25529
2.25288
2.25039
2.24783
2.24518
2.24246
2.23966
2.23678
2.23381
2.23077
2.22764
2.22442
2.22113
2.21775
2.21429
2.21074
2.20712
2.20342
2.19964
2.19579
2.19187
2.18787
2.18381
2.17968
2.17549
2.17125
2.16694
2.16259
2.15818
2.15373
2.14924
2.14472
2.14016
2.13558
2.13097
2.12635
2.12171
2.11706
2.11241
2.10775
2.1031
2.09846
2.09383
2.08921
2.08462
2.08004
2.07549
2.07098
2.06649
2.06204
2.05763
2.05326
2.04893
2.04465
2.04041
2.03621
2.03207
2.02797
2.02392
2.01991
2.01596
2.01205
2.00818
2.00436
2.00058
1.99684
1.99314
1.98947
1.98583
1.98222
1.97863
1.97506
1.97151
1.96797
1.96444
1.96091
1.95737
1.95384
1.95029
1.94673
1.94314
1.93953
1.9359
1.93222
1.92851
1.92476
1.92095
1.9171
1.9132
1.90923
1.90521
1.90112
1.89696
1.89273
1.88844
1.88407
1.87964
1.87513
1.87055
1.8659
1.86118
1.8564
1.85154
1.84662
1.84164
1.83661
1.83152
1.82638
1.82119
1.81596
1.8107
1.8054
1.80008
1.79474
1.78939
1.78402
1.77866
1.7733
1.76795
1.76262
1.75732
1.75204
1.7468
1.7416
1.73644
1.73135
1.72631
1.72134
1.71644
1.71162
1.70688
1.70222
1.69766
1.69318
1.68881
1.68455
1.68039
1.67634
1.6724
1.66858
1.66488
1.66131
1.65786
1.65454
1.65135
1.6483
1.64538
1.6426
1.63996
1.63746
1.63511
1.6329
1.63085
1.62894
1.62719
1.62559
1.62415
1.62287
1.62175
1.62079
1.62
1.61937
1.61892
1.61863
1.61852
1.61859
1.61883
1.61925
1.61985
1.62064
1.62161
1.62276
1.6241
1.62563
1.62735
1.62926
1.63135
1.63364
1.63611
1.63878
1.64163
1.64467
1.6479
1.6513
1.6549
1.65866
1.66261
1.66673
1.67102
1.67547
1.68008
1.68485
1.68977
1.69484
1.70004
1.70538
1.71085
1.71644
1.72214
1.72795
1.73386
1.73986
1.74595
1.75212
1.75837
1.76468
1.77104
1.77746
1.78393
1.79043
1.79697
1.80353
1.81012
1.81672
1.82332
1.82993
1.83654
1.84315
1.84974
1.85633
1.86289
1.86943
1.87594
1.88243
1.88888
1.8953
1.90168
1.90801
1.9143
1.92054
1.92674
1.93287
1.93895
1.94497
1.95092
1.95681
1.96262
1.96835
1.974
1.97957
1.98504
1.99042
1.99569
2.00086
2.0059
2.01083
2.01563
2.02029
2.02481
2.02918
2.0334
2.03745
2.04133
2.04504
2.04856
2.05188
2.05501
2.05793
2.06064
2.06313
2.06539
2.06742
2.06921
2.07076
2.07206
2.07311
2.0739
2.07444
2.07472
2.07473
2.07449
2.07397
2.0732
2.07216
2.07086
2.0693
2.06749
2.06542
2.0631
2.06054
2.05775
2.05472
2.05148
2.04801
2.04434
2.04048
2.03642
2.03219
2.02779
2.02323
2.01853
2.0137
2.00876
2.0037
1.99855
1.99333
1.98803
1.98269
1.9773
1.9719
1.96648
1.96107
1.95567
1.95031
1.94499
1.93973
1.93455
1.92945
1.92445
1.91956
1.9148
1.91017
1.90569
1.90137
1.89722
1.89325
1.88947
1.88589
1.88252
1.87937
1.87644
1.87375
1.87129
1.86909
1.86713
1.86543
1.86399
1.86282
1.86192
1.86129
1.86093
1.86086
1.86106
1.86153
1.86229
1.86332
1.86463
1.86621
1.86807
1.87019
1.87257
1.87522
1.87812
1.88126
1.88465
1.88828
1.89213
1.89621
1.90049
1.90498
1.90965
1.91451
1.91954
1.92473
1.93006
1.93554
1.94113
1.94683
1.95263
1.95852
1.96447
1.97048
1.97654
1.98263
1.98874
1.99486
2.00097
2.00707
2.01313
2.01916
2.02514
2.03106
2.03692
2.0427
2.0484
2.05401
2.05953
2.06496
2.07028
2.0755
2.08061
2.08562
2.09051
2.0953
2.09998
2.10455
2.10901
2.11338
2.11764
2.1218
2.12587
2.12984
2.13372
2.13752
2.14124
2.14487
2.14843
2.15192
2.15534
2.1587
2.16199
2.16522
2.16838
2.17149
2.17455
2.17754
2.18049
2.18338
2.18622
2.18901
2.19175
2.19443
2.19707
2.19966
2.2022
2.20468
2.20712
2.2095
2.21183
2.21411
2.21633
2.21851
2.22063
2.22269
2.22471
2.22666
2.22856
2.23041
2.23221
2.23394
2.23563
2.23726
2.23883
2.24035
2.24181
2.24322
2.24458
2.24589
2.24714
2.24835
2.2495
2.25061
2.25168
2.2527
2.25368
2.25463
2.25553
2.25641
2.25725
2.25807
2.25887
2.25965
2.26041
2.26116
2.26191
2.26265
2.2634
2.26415
2.26492
2.2657
2.2665
2.26732
2.26817
2.26906
2.26997
2.27093
2.27192
2.27295
2.27403
2.27515
2.27632
2.27753
2.27879
2.28009
2.28142
2.2828
2.2842
2.28564
2.28709
2.28856
2.29004
2.29152
2.29299
2.29444
2.29587
2.29725
2.29859
2.29986
2.30106
2.30217
2.30318
2.30407
2.30482
2.30544
2.30589
2.30616
2.30625
2.30612
2.30578
2.3052
2.30436
2.30327
2.30189
2.30023
2.29826
2.29599
2.29339
2.29045
2.28718
2.28356
2.27959
2.27526
2.27057
2.26551
2.2601
2.25432
2.24818
2.24169
2.23484
2.22766
2.22013
2.21228
2.20411
2.19564
2.18688
2.17785
2.16855
2.15902
2.14926
2.13929
2.12914
2.11883
2.10837
2.0978
2.08712
2.07637
2.06557
2.05474
2.0439
2.03309
2.02232
2.01162
2.00101
1.99052
1.98016
1.96997
1.95996
1.95016
1.94058
1.93125
1.9222
1.91342
1.90496
1.89682
1.88902
1.88158
1.87452
1.86784
1.86156
1.8557
1.85026
1.84525
1.84069
1.83659
1.83295
1.82978
1.82708
1.82487
1.82314
1.8219
1.82114
1.82088
1.82111
1.82183
1.82304
1.82473
1.82692
1.82958
1.83271
1.83631
1.84038
1.8449
1.84986
1.85526
1.86109
1.86733
1.87398
1.88102
1.88843
1.89621
1.90434
1.9128
1.92158
1.93065
1.94002
1.94965
1.95952
1.96963
1.97995
1.99045
2.00113
2.01195
2.0229
2.03396
2.0451
2.05631
2.06756
2.07883
2.09011
2.10136
2.11258
2.12373
2.1348
2.14577
2.15662
2.16733
2.17788
2.18825
2.19843
2.2084
2.21814
2.22763
2.23687
2.24583
2.25451
2.26289
2.27095
2.27869
2.2861
2.29316
2.29986
2.30621
2.31217
2.31776
2.32296
2.32777
2.33217
2.33617
2.33976
2.34294
2.34571
2.34806
2.34999
2.3515
2.3526
2.35327
2.35354
2.35339
2.35284
2.35189
2.35054
2.3488
2.34668
2.34419
2.34133
2.33812
2.33457
2.33069
2.3265
2.32199
2.3172
2.31213
2.3068
2.30122
2.29541
2.28939
2.28317
2.27678
2.27021
2.2635
2.25667
2.24972
2.24267
2.23554
2.22835
2.22112
2.21385
2.20657
2.19929
2.19203
2.18479
2.1776
2.17046
2.16339
2.1564
2.1495
2.14271
2.13603
2.12947
2.12304
2.11675
2.11061
2.10461
2.09877
2.0931
2.08759
2.08225
2.07709
2.0721
2.06729
2.06266
2.0582
2.05393
2.04983
2.04591
2.04216
2.03858
2.03516
2.03191
2.02882
2.02589
2.0231
2.02046
2.01796
2.01558
2.01333
2.0112
2.00918
2.00726
2.00544
2.0037
2.00204
2.00045
1.99893
1.99745
1.99603
1.99464
1.99328
1.99194
1.9906
1.98928
1.98795
1.9866
1.98524
1.98385
1.98242
1.98095
1.97944
1.97787
1.97624
1.97454
1.97278
1.97094
1.96902
1.96701
1.96492
1.96273
1.96045
1.95808
1.95561
1.95303
1.95036
1.94758
1.9447
1.94172
1.93863
1.93545
1.93216
1.92877
1.92529
1.92171
1.91804
1.91428
1.91043
1.90651
1.9025
1.89843
1.89428
1.89008
1.88582
1.88151
1.87715
1.87276
1.86834
1.8639
1.85945
1.85499
1.85054
1.84611
1.8417
1.83732
1.83299
1.82872
1.82451
1.82038
1.81635
1.81241
1.8086
1.80491
1.80136
1.79796
1.79472
1.79166
1.78879
1.78613
1.78367
1.78144
1.77945
1.77771
1.77622
1.77501
1.77407
1.77342
1.77307
1.77303
1.7733
1.77389
1.77481
1.77607
1.77766
1.77959
1.78186
1.78448
1.78745
1.79076
1.79442
1.79842
1.80276
1.80743
1.81243
1.81775
1.82338
1.82932
1.83555
1.84206
1.84884
1.85587
1.86315
1.87065
1.87836
1.88625
1.89432
1.90254
1.91089
1.91935
1.9279
1.93652
1.94518
1.95385
1.96253
1.97118
1.97977
1.98829
1.99671
2.00501
2.01317
2.02115
2.02894
2.03652
2.04386
2.05094
2.05775
2.06426
2.07046
2.07633
2.08186
2.08702
2.09181
2.09622
2.10023
2.10383
2.10703
2.1098
2.11216
2.11409
2.11559
2.11667
2.11733
2.11756
2.11738
2.11679
2.1158
2.11442
2.11266
2.11052
2.10803
2.10519
2.10202
2.09854
2.09476
2.09069
2.08636
2.08178
2.07698
2.07196
2.06675
2.06136
2.05582
2.05014
2.04434
2.03844
2.03247
2.02642
2.02034
2.01422
2.00809
2.00197
1.99587
1.9898
1.98379
1.97784
1.97197
1.96619
1.96051
1.95495
1.94952
1.94423
1.93908
1.9341
1.92928
1.92463
1.92017
1.9159
1.91183
1.90796
1.9043
1.90086
1.89764
1.89464
1.89186
1.88932
1.88701
1.88494
1.88311
1.88151
1.88016
1.87904
1.87817
1.87753
1.87714
1.87698
1.87705
1.87736
1.8779
1.87866
1.87964
1.88084
1.88224
1.88386
1.88567
1.88767
1.88987
1.89224
1.89478
1.89748
1.90034
1.90334
1.90647
1.90973
1.91311
1.91659
1.92016
1.92382
1.92754
1.93132
1.93516
1.93902
1.94292
1.94682
1.95072
1.95462
1.95849
1.96232
1.96611
1.96984
1.97351
1.97709
1.98058
1.98397
1.98724
1.9904
1.99342
1.99631
1.99905
2.00163
2.00404
2.00628
2.00835
2.01023
2.01193
2.01342
2.01472
2.01582
2.0167
2.01738
2.01783
2.01807
2.01809
2.01789
2.01747
2.01682
2.01595
2.01486
2.01355
2.01201
2.01025
2.00828
2.00608
2.00368
2.00106
1.99823
1.99519
1.99196
1.98852
1.98489
1.98107
1.97707
1.97289
1.96853
1.964
1.95931
1.95446
1.94946
1.94431
1.93903
1.93362
1.92808
1.92243
1.91667
1.91082
1.90487
1.89885
1.89276
1.8866
1.8804
1.87415
1.86788
1.86158
1.85528
1.84899
1.84271
1.83646
1.83026
1.82411
1.81803
1.81204
1.80614
1.80035
1.79468
1.78915
1.78378
1.77856
1.77353
1.76869
1.76406
1.75965
1.75548
1.75155
1.74788
1.74449
1.74138
1.73857
1.73607
1.73389
1.73203
1.73052
1.72936
1.72856
1.72812
1.72806
1.72838
1.72908
1.73017
1.73166
1.73354
1.73582
1.7385
1.74159
1.74507
1.74896
1.75324
1.75791
1.76298
1.76842
1.77425
1.78045
1.78702
1.79394
1.80121
1.80882
1.81675
1.825
1.83355
1.84239
1.85151
1.86089
1.87052
1.88038
1.89046
1.90074
1.91121
1.92185
1.93264
1.94356
1.95461
1.96576
1.97699
1.98829
1.99964
2.01103
2.02243
2.03383
2.04522
2.05657
2.06787
2.0791
2.09026
2.10132
2.11227
2.12309
2.13378
2.14432
2.15469
2.16489
2.1749
2.18472
2.19432
2.20371
2.21286
2.22179
2.23046
2.23889
2.24705
2.25495
2.26258
2.26994
2.27701
2.28379
2.29029
2.29649
2.3024
2.30802
2.31333
2.31835
2.32307
2.32749
2.33161
2.33543
2.33895
2.34218
2.34511
2.34775
2.35009
2.35215
2.35393
2.35542
2.35663
2.35757
2.35824
2.35864
2.35877
2.35865
2.35827
2.35764
2.35677
2.35565
2.3543
2.35272
2.35091
2.34888
2.34664
2.34419
2.34153
2.33868
2.33563
2.33239
2.32898
2.32539
2.32163
2.31771
2.31364
2.30941
2.30504
2.30054
2.2959
2.29115
2.28628
2.28131
2.27624
2.27107
2.26583
2.26051
2.25512
2.24967
2.24417
2.23864
2.23307
2.22748
2.22187
2.21625
2.21064
2.20504
2.19947
2.19392
2.18841
2.18295
2.17755
2.17221
2.16694
2.16177
2.15668
2.15169
2.14682
2.14206
2.13743
2.13293
2.12857
2.12437
2.12032
2.11643
2.11272
2.10918
2.10582
2.10266
2.09969
2.09691
2.09435
2.09199
2.08984
2.08791
2.0862
2.08471
2.08345
2.08241
2.0816
2.08101
2.08066
2.08053
2.08063
2.08096
2.08151
2.08228
2.08328
2.08448
2.08591
2.08754
2.08937
2.0914
2.09363
2.09604
2.09862
2.10139
2.10431
2.10739
2.11062
2.11399
2.11748
2.12109
2.12482
2.12864
2.13254
2.13653
2.14058
2.14468
2.14882
2.153
2.15719
2.16139
2.16558
2.16976
2.17391
2.17801
2.18206
2.18605
2.18997
2.19379
2.19752
2.20114
2.20464
2.20802
2.21125
2.21435
2.21728
2.22006
2.22267
2.2251
2.22735
2.22942
2.23129
2.23296
2.23443
2.2357
2.23676
2.23762
2.23826
2.2387
2.23892
2.23893
2.23873
2.23833
2.23772
2.23691
2.23589
2.23468
2.23328
2.23168
2.22991
2.22795
2.22581
2.22351
2.22105
2.21843
2.21565
2.21274
2.20968
2.20649
2.20318
2.19975
2.1962
2.19255
2.1888
2.18496
2.18102
2.177
2.1729
2.16873
2.1645
2.16019
2.15583
2.15141
2.14693
2.14241
2.13783
2.13321
2.12854
2.12383
2.11907
2.11427
2.10942
2.10453
2.09959
2.09461
2.08958
2.0845
2.07937
2.07418
2.06894
2.06363
2.05826
2.05283
2.04733
2.04175
2.0361
2.03037
2.02456
2.01866
2.01268
2.0066
2.00043
1.99416
1.98779
1.98133
1.97476
1.96809
1.96131
1.95442
1.94743
1.94034
1.93314
1.92583
1.91841
1.91089
1.90327
1.89555
1.88772
1.8798
1.87179
1.86368
1.85549
1.84721
1.83884
1.83041
1.82189
1.81332
1.80467
1.79597
1.78722
1.77842
1.76957
1.76069
1.75178
1.74285
1.73389
1.72493
1.71596
1.70699
1.69803
1.68909
1.68017
1.67127
1.66241
1.65359
1.64483
1.63611
1.62746
1.61888
1.61037
1.60195
1.59361
1.58537
1.57723
1.5692
1.56129
1.55349
1.54583
1.53829
1.53089
1.52364
1.51654
1.50959
1.50281
1.49619
1.48974
1.48347
1.47737
1.47147
1.46576
1.46024
1.45492
1.4498
1.44489
1.4402
1.43573
1.43147
1.42745
1.42365
1.42008
1.41675
1.41366
1.41082
1.40822
1.40587
1.40377
1.40192
1.40034
1.39901
1.39794
1.39714
1.3966
1.39633
1.39633
1.3966
1.39713
1.39794
1.39901
1.40036
1.40197
1.40385
1.406
1.40841
1.41108
1.41402
1.41721
1.42066
1.42436
1.42831
1.4325
1.43693
1.4416
1.4465
1.45163
1.45697
1.46252
1.46829
1.47425
1.4804
1.48674
1.49326
1.49994
1.50678
1.51378
1.52092
1.52819
1.53558
1.54308
1.55068
1.55838
1.56615
1.574
1.5819
1.58984
1.59782
1.60582
1.61383
1.62184
1.62982
1.63778
1.6457
1.65356
1.66135
1.66906
1.67667
1.68418
1.69156
1.69881
1.7059
1.71283
1.71959
1.72616
1.73252
1.73868
1.7446
1.75029
1.75572
1.7609
1.7658
1.77041
1.77473
1.77875
1.78246
1.78585
1.7889
1.79163
1.79401
1.79604
1.79772
1.79904
1.8
1.80059
1.80082
1.80069
1.80018
1.79931
1.79808
1.79648
1.79452
1.7922
1.78954
1.78653
1.78318
1.77951
1.77551
1.77121
1.7666
1.76169
1.75651
1.75106
1.74535
1.73939
1.73321
1.72681
1.72021
1.71343
1.70647
1.69935
1.6921
1.68471
1.67722
1.66963
1.66196
1.65423
1.64645
1.63864
1.63081
1.62297
1.61515
1.60735
1.5996
1.59189
1.58425
1.57669
1.56922
1.56184
1.55458
1.54744
1.54043
1.53356
1.52684
1.52028
1.51389
1.50766
1.50162
1.49575
1.49008
1.4846
1.47932
1.47424
1.46937
1.4647
1.46024
1.456
1.45197
1.44815
1.44455
1.44116
1.43799
1.43503
1.43229
1.42976
1.42743
1.42532
1.42341
1.42171
1.42021
1.4189
1.41778
1.41685
1.4161
1.41553
1.41513
1.4149
1.41482
1.4149
1.41512
1.41547
1.41596
1.41656
1.41727
1.41809
1.41901
1.42
1.42108
1.42222
1.42341
1.42466
1.42595
1.42726
1.4286
1.42996
1.43132
1.43268
1.43404
1.4354
1.43673
1.43806
1.43936
1.44065
1.44192
1.44316
1.44439
1.44561
1.44681
1.44801
1.4492
1.4504
1.45161
1.45283
1.45408
1.45536
1.45668
1.45806
1.45949
1.46099
1.46257
1.46423
1.46599
1.46785
1.46981
1.4719
1.4741
1.47644
1.4789
1.48151
1.48425
1.48714
1.49017
1.49335
1.49667
1.50014
1.50375
1.50751
1.5114
1.51543
1.51959
1.52387
1.52827
1.53279
1.53742
1.54215
1.54697
1.55187
1.55685
1.5619
1.56701
1.57217
1.57737
1.58261
1.58788
1.59316
1.59845
1.60375
1.60904
1.61431
1.61956
1.62479
1.62998
1.63513
1.64023
1.64528
1.65027
1.6552
1.66006
1.66486
1.66958
1.67423
1.6788
1.68329
1.68769
1.69201
1.69625
1.7004
1.70446
1.70844
1.71233
1.71613
1.71985
1.72349
1.72704
1.73052
1.73391
1.73723
1.74047
1.74364
1.74674
1.74977
1.75273
1.75562
1.75846
1.76122
1.76393
1.76658
1.76917
1.7717
1.77417
1.77659
1.77894
1.78124
1.78348
1.78566
1.78777
1.78981
1.79178
1.79368
1.7955
1.79723
1.79888
1.80042
1.80186
1.80319
1.8044
1.80548
1.80642
1.80721
1.80784
1.8083
1.80858
1.80867
1.80856
1.80824
1.8077
1.80693
1.80591
1.80464
1.80311
1.80131
1.79924
1.79689
1.79426
1.79133
1.78812
1.78461
1.78082
1.77673
1.77236
1.76771
1.76279
1.7576
1.75216
1.74647
1.74055
1.73442
1.72808
1.72156
1.71487
1.70804
1.70108
1.69401
1.68685
1.67963
1.67236
1.66507
1.65778
1.65052
1.64329
1.63612
1.62905
1.62207
1.61522
1.60851
1.60197
1.5956
1.58942
1.58345
1.57771
1.5722
1.56694
1.56194
1.5572
1.55274
1.54856
1.54467
1.54108
1.53778
1.53478
1.53209
1.52969
1.5276
1.5258
1.5243
1.52309
1.52217
1.52153
1.52116
1.52105
1.52121
1.52161
1.52225
1.52312
1.52421
1.52551
1.52701
1.52869
1.53054
1.53255
1.5347
1.53699
1.5394
1.54192
1.54454
1.54724
1.55001
1.55284
1.55572
1.55864
1.56159
1.56456
1.56753
1.57051
1.57348
1.57643
1.57937
1.58227
1.58515
1.58798
1.59078
1.59354
1.59625
1.59891
1.60153
1.60409
1.60661
1.60909
1.61152
1.6139
1.61625
1.61856
1.62084
1.62309
1.62531
1.62752
1.6297
1.63188
1.63404
1.63621
1.63838
1.64055
1.64274
1.64495
1.64718
1.64943
1.65172
1.65404
1.6564
1.6588
1.66124
1.66374
1.66628
1.66888
1.67154
1.67425
1.67702
1.67985
1.68273
1.68568
1.68869
1.69175
1.69487
1.69805
1.70128
1.70457
1.7079
1.71128
1.71471
1.71817
1.72168
1.72523
1.7288
1.7324
1.73603
1.73968
1.74335
1.74703
1.75072
1.75441
1.75811
1.7618
1.76549
1.76916
1.77282
1.77647
1.78009
1.78369
1.78726
1.7908
1.79432
1.79779
1.80123
1.80464
1.808
1.81133
1.81462
1.81786
1.82107
1.82424
1.82737
1.83046
1.83352
1.83654
1.83954
1.8425
1.84544
1.84836
1.85125
1.85413
1.857
1.85987
1.86273
1.8656
1.86848
1.87137
1.87428
1.87721
1.88018
1.88318
1.88622
1.88931
1.89245
1.89565
1.89892
1.90226
1.90567
1.90916
1.91274
1.91641
1.92018
1.92404
1.92801
1.93208
1.93626
1.94056
1.94497
1.94949
1.95414
1.9589
1.96378
1.96878
1.9739
1.97913
1.98448
1.98994
1.99551
2.00118
2.00694
2.01281
2.01875
2.02478
2.03087
2.03703
2.04324
2.04949
2.05577
2.06208
2.06839
2.0747
2.08099
2.08725
2.09347
2.09963
2.10571
2.1117
2.11759
2.12336
2.12899
2.13446
2.13977
2.1449
2.14983
2.15454
2.15903
2.16327
2.16726
2.17097
2.17441
2.17756
2.1804
2.18294
2.18516
2.18705
2.18862
2.18986
2.19076
2.19132
2.19155
2.19144
2.191
2.19023
2.18914
2.18773
2.18601
2.184
2.18169
2.1791
2.17625
2.17314
2.16979
2.16622
2.16244
2.15846
2.1543
2.14998
2.14551
2.14092
2.13621
2.13141
2.12652
2.12158
2.1166
2.11158
2.10656
2.10154
2.09654
2.09158
2.08667
2.08182
2.07705
2.07237
2.06779
2.06332
2.05898
2.05477
2.05071
2.0468
2.04305
2.03946
2.03604
2.03281
2.02975
2.02688
2.02419
2.0217
2.01939
2.01728
2.01535
2.01361
2.01206
2.01069
2.00951
2.00849
2.00765
2.00697
2.00645
2.00609
2.00587
2.00579
2.00584
2.00603
2.00633
2.00674
2.00726
2.00788
2.00859
2.00938
2.01026
2.01121
2.01224
2.01334
2.0145
2.01572
2.01701
2.01835
2.01976
2.02123
2.02276
2.02436
2.02603
2.02778
2.0296
2.03151
2.0335
2.0356
2.0378
2.04011
2.04254
2.0451
2.04779
2.05062
2.0536
2.05673
2.06002
2.06347
2.0671
2.07089
2.07486
2.079
2.08332
2.08782
2.09248
2.0973
2.10229
2.10742
2.11269
2.1181
2.12362
2.12924
2.13495
2.14072
2.14654
2.15239
2.15824
2.16407
2.16986
2.17558
2.18121
2.18672
2.19208
2.19728
2.20228
2.20705
2.21159
2.21586
2.21984
2.22351
2.22686
2.22988
2.23255
2.23486
2.2368
2.23837
2.23956
2.24037
2.24082
2.24089
2.24061
2.23998
2.23901
2.23771
2.23611
2.23421
2.23204
2.22961
2.22695
2.22407
2.22099
2.21774
2.21433
2.2108
2.20714
2.20339
2.19957
2.19568
2.19175
2.18779
2.18382
2.17986
2.1759
2.17198
2.16809
2.16424
2.16045
2.15672
2.15306
2.14947
2.14597
2.14255
2.13922
2.13598
2.13283
2.12978
2.12684
2.12399
2.12124
2.1186
2.11605
2.11361
2.11128
2.10904
2.10691
2.10488
2.10295
2.10112
2.09939
2.09776
2.09623
2.09479
2.09345
2.09221
2.09105
2.08999
2.08902
2.08814
2.08734
2.08663
2.08601
2.08547
2.08501
2.08462
2.08432
2.08409
2.08394
2.08386
2.08385
2.08391
2.08404
2.08423
2.08449
2.08481
2.08519
2.08564
2.08614
2.0867
2.08732
2.08799
2.08871
2.08949
2.09032
2.0912
2.09213
2.0931
2.09413
2.0952
2.09631
2.09747
2.09867
2.09991
2.1012
2.10252
2.10389
2.10529
2.10674
2.10822
2.10974
2.11129
2.11288
2.1145
2.11616
2.11785
2.11957
2.12132
2.1231
2.12492
2.12675
2.12862
2.13051
2.13243
2.13438
2.13635
2.13834
2.14035
2.14239
2.14444
2.14652
2.14861
2.15072
2.15285
2.155
2.15716
2.15934
2.16153
2.16373
2.16595
2.16817
2.17041
2.17266
2.17492
2.17719
2.17947
2.18176
2.18406
2.18637
2.18869
2.19101
2.19334
2.19569
2.19804
2.20039
2.20276
2.20514
2.20752
2.20991
2.2123
2.21471
2.21711
2.21953
2.22195
2.22438
2.22682
2.22926
2.2317
2.23415
2.23661
2.23906
2.24152
2.24398
2.24644
2.24889
2.25135
2.25379
2.25624
2.25867
2.26109
2.2635
2.2659
2.26827
2.27063
2.27297
2.27528
2.27757
2.27983
2.28205
2.28424
2.28638
2.28849
2.29055
2.29256
2.29453
2.29643
2.29828
2.30007
2.3018
2.30346
2.30505
2.30656
2.30801
2.30937
2.31065
2.31185
2.31296
2.31399
2.31492
2.31577
2.31652
2.31717
2.31773
2.31819
2.31855
2.31881
2.31897
2.31903
2.31899
2.31884
2.31859
2.31823
2.31778
2.31722
2.31656
2.31579
2.31492
2.31396
2.31289
2.31172
2.31045
2.30909
2.30763
2.30607
2.30442
2.30269
2.30086
2.29894
2.29693
2.29485
2.29267
2.29042
2.28809
2.28568
2.2832
2.28065
2.27803
2.27534
2.27258
2.26977
2.26689
2.26396
2.26098
2.25795
2.25487
2.25175
2.24859
2.2454
2.24217
2.23892
2.23565
2.23235
2.22904
2.22572
2.2224
2.21908
2.21576
2.21245
2.20917
2.2059
2.20267
2.19947
2.19631
2.1932
2.19014
2.18715
2.18422
2.18137
2.17859
2.17591
2.17332
2.17084
2.16847
2.16621
2.16408
2.16208
2.16022
2.1585
2.15694
2.15553
2.15429
2.15322
2.15233
2.15162
2.1511
2.15078
2.15065
2.15072
2.151
2.15148
2.15218
2.15309
2.15421
2.15555
2.15711
2.15888
2.16087
2.16306
2.16547
2.16809
2.1709
2.17392
2.17712
2.1805
2.18407
2.18779
2.19167
2.1957
2.19986
2.20413
2.20852
2.21299
2.21754
2.22215
2.22679
2.23146
2.23613
2.24079
2.24541
2.24997
2.25446
2.25884
2.26311
2.26724
2.2712
2.27499
2.27857
2.28193
2.28506
2.28793
2.29054
2.29286
2.29488
2.29659
2.29799
2.29906
2.29979
2.3002
2.30026
2.29998
2.29937
2.29843
2.29716
2.29556
2.29366
2.29145
2.28895
2.28618
2.28315
2.27987
2.27636
2.27263
2.26871
2.26462
2.26036
2.25596
2.25144
2.24681
2.24209
2.23731
2.23246
2.22758
2.22268
2.21776
2.21285
2.20796
2.2031
2.19828
2.19351
2.1888
2.18416
2.17959
2.17511
2.17072
2.16643
2.16224
2.15816
2.15418
2.15032
2.14657
2.14294
2.13943
2.13604
2.13278
2.12965
2.12664
2.12376
2.12101
2.11839
2.1159
2.11355
2.11134
2.10926
2.10732
2.10552
2.10386
2.10235
2.10098
2.09976
2.09868
2.09777
2.097
2.0964
2.09595
2.09567
2.09556
2.09561
2.09584
2.09624
2.09682
2.09758
2.09852
2.09965
2.10096
2.10247
2.10417
2.10606
2.10815
2.11044
2.11293
2.11561
2.1185
2.12158
2.12487
2.12836
2.13204
2.13593
2.14
2.14428
2.14875
2.1534
2.15824
2.16327
2.16847
2.17385
2.17939
2.18511
2.19098
2.197
2.20317
2.20948
2.21592
2.22249
2.22917
2.23597
2.24286
2.24985
2.25692
2.26406
2.27127
2.27852
2.28582
2.29315
2.3005
2.30786
2.31521
2.32255
2.32987
2.33714
2.34436
2.35151
2.35859
2.36557
2.37244
2.3792
2.38582
2.39229
2.39861
2.40474
2.41069
2.41642
2.42194
2.42723
2.43227
2.43704
2.44155
2.44576
2.44966
2.45326
2.45652
2.45944
2.462
2.4642
2.46602
2.46745
2.46848
2.4691
2.46931
2.46908
2.46843
2.46733
2.46578
2.46379
2.46133
2.45842
2.45504
2.45121
2.4469
2.44214
2.43691
2.43123
2.42508
2.41849
2.41144
2.40396
2.39605
2.38771
2.37895
2.36978
2.36022
2.35027
2.33995
2.32927
2.31825
2.30689
2.29521
2.28323
2.27096
2.25842
2.24563
2.2326
2.21935
2.20589
2.19225
2.17845
2.16449
2.1504
2.13621
2.12192
2.10755
2.09313
2.07867
2.0642
2.04972
2.03527
2.02085
2.00649
1.99221
1.97802
1.96395
1.95
1.9362
1.92257
1.90913
1.89588
1.88285
1.87005
1.85751
1.84522
1.83322
1.82151
1.8101
1.79902
1.78827
1.77786
1.76781
1.75812
1.74881
1.73989
1.73136
1.72323
1.71551
1.7082
1.70131
1.69483
1.68878
1.68315
1.67794
1.67315
1.66879
1.66483
1.66129
1.65816
1.65542
1.65307
1.65111
1.64951
1.64828
1.64739
1.64685
1.64662
1.6467
1.64708
1.64773
1.64864
1.6498
1.65118
1.65278
1.65457
1.65654
1.65867
1.66095
1.66335
1.66586
1.66848
1.67118
1.67395
1.67679
1.67968
1.68261
1.68557
1.68856
1.69156
1.69459
1.69763
1.70068
1.70374
1.70681
1.7099
1.713
1.71612
1.71926
1.72242
1.72562
1.72885
1.73213
1.73545
1.73882
1.74225
1.74574
1.74929
1.75292
1.75661
1.76038
1.76423
1.76815
1.77215
1.77623
1.78038
1.7846
1.78889
1.79324
1.79765
1.80212
1.80663
1.81118
1.81576
1.82037
1.825
1.82964
1.83428
1.83892
1.84355
1.84816
1.85274
1.8573
1.86182
1.8663
1.87073
1.87511
1.87944
1.88372
1.88794
1.8921
1.8962
1.90024
1.90422
1.90815
1.91201
1.91582
1.91958
1.92328
1.92693
1.93053
1.93408
1.93759
1.94105
1.94447
1.94784
1.95117
1.95445
1.95769
1.96088
1.96402
1.96712
1.97016
1.97314
1.97606
1.97892
1.9817
1.9844
1.98701
1.98953
1.99194
1.99424
1.99643
1.99848
2.00038
2.00214
2.00374
2.00516
2.0064
2.00744
2.00829
2.00891
2.00932
2.00949
2.00941
2.00908
2.00849
2.00763
2.0065
2.00508
2.00338
2.00139
1.9991
1.99651
1.99362
1.99043
1.98693
1.98314
1.97905
1.97466
1.96998
1.96501
1.95976
1.95424
1.94844
1.94239
1.93609
1.92955
1.92277
1.91578
1.90858
1.90119
1.89361
1.88587
1.87797
1.86992
1.86176
1.85348
1.84511
1.83665
1.82813
1.81957
1.81096
1.80234
1.79372
1.78511
1.77652
1.76798
1.7595
1.75108
1.74275
1.73452
1.72639
1.71839
1.71052
1.7028
1.69523
1.68783
1.6806
1.67355
1.6667
1.66004
1.65359
1.64735
1.64132
1.63552
1.62993
1.62458
1.61945
1.61455
1.60989
1.60546
1.60126
1.5973
1.59358
1.59008
1.58682
1.58378
1.58097
1.57839
1.57603
1.57389
1.57197
1.57025
1.56875
1.56745
1.56636
1.56547
1.56477
1.56426
1.56393
1.56379
1.56384
1.56405
1.56444
1.565
1.56572
1.56661
1.56765
1.56885
1.57019
1.57169
1.57333
1.57511
1.57704
1.5791
1.58129
1.58362
1.58607
1.58866
1.59137
1.5942
1.59716
1.60023
1.60343
1.60674
1.61017
1.61372
1.61738
1.62116
1.62505
1.62905
1.63317
1.6374
1.64174
1.64619
1.65075
1.65542
1.6602
1.66509
1.67009
1.6752
1.68042
1.68574
1.69117
1.6967
1.70234
1.70808
1.71391
1.71985
1.72587
1.732
1.73821
1.7445
1.75088
1.75734
1.76387
1.77047
1.77713
1.78385
1.79063
1.79746
1.80432
1.81122
1.81815
1.8251
1.83206
1.83902
1.84598
1.85293
1.85986
1.86676
1.87363
1.88044
1.88721
1.8939
1.90053
1.90708
1.91354
1.9199
1.92616
1.9323
1.93833
1.94423
1.95
1.95563
1.96111
1.96645
1.97164
1.97667
1.98154
1.98625
1.9908
1.99519
1.99941
2.00347
2.00737
2.0111
2.01468
2.0181
2.02138
2.0245
2.02748
2.03033
2.03305
2.03564
2.03811
2.04048
2.04273
2.0449
2.04697
2.04897
2.0509
2.05276
2.05456
2.05633
2.05805
2.05974
2.06141
2.06307
2.06472
2.06637
2.06802
2.06969
2.07138
2.07309
2.07483
2.0766
2.07841
2.08026
2.08216
2.08409
2.08608
2.08811
2.09019
2.09232
2.09449
2.09671
2.09897
2.10127
2.10361
2.10598
2.10837
2.11079
2.11322
2.11567
2.11812
2.12057
2.123
2.12543
2.12783
2.13019
2.13252
2.13481
2.13703
2.1392
2.1413
2.14332
2.14526
2.1471
2.14885
2.15049
2.15202
2.15344
2.15474
2.15591
2.15695
2.15785
2.15862
2.15925
2.15974
2.16008
2.16028
2.16033
2.16023
2.16
2.15961
2.15908
2.15841
2.1576
2.15666
2.15557
2.15436
2.15302
2.15154
2.14995
2.14824
2.14641
2.14446
2.14241
2.14024
2.13798
2.13561
2.13314
2.13058
2.12792
2.12516
2.12232
2.11938
2.11636
2.11325
2.11005
2.10676
2.1034
2.09994
2.09641
2.09279
2.08908
2.0853
2.08143
2.07749
2.07347
2.06938
2.06521
2.06098
2.05668
2.05232
2.04791
2.04344
2.03893
2.03438
2.0298
2.0252
2.02058
2.01596
2.01134
2.00673
2.00214
1.99759
1.99308
1.98863
1.98425
1.97995
1.97573
1.97162
1.96763
1.96376
1.96003
1.95645
1.95302
1.94977
1.9467
1.94382
1.94114
1.93867
1.93641
1.93438
1.93258
1.93102
1.9297
1.92863
1.92782
1.92726
1.92695
1.92692
1.92714
1.92763
1.92838
1.9294
1.93069
1.93223
1.93403
1.9361
1.93841
1.94098
1.94379
1.94685
1.95014
1.95366
1.9574
1.96137
1.96555
1.96993
1.97452
1.97929
1.98425
1.98938
1.99468
2.00013
2.00573
2.01148
2.01735
2.02335
2.02945
2.03566
2.04197
2.04836
2.05482
2.06134
2.06793
2.07455
2.08121
2.0879
2.0946
2.10131
2.10802
2.11472
2.12139
2.12804
2.13465
2.14121
2.14772
2.15416
2.16053
2.16683
2.17304
2.17916
2.18517
2.19108
2.19688
2.20256
2.20811
2.21353
2.21881
2.22395
2.22895
2.2338
2.23849
2.24301
2.24738
2.25157
2.25559
2.25944
2.2631
2.26658
2.26987
2.27297
2.27587
2.27858
2.28108
2.28338
2.28547
2.28735
2.28901
2.29046
2.29168
2.29268
2.29345
2.29399
2.29429
2.29436
2.29419
2.29378
2.29312
2.29223
2.29108
2.28969
2.28805
2.28616
2.28403
2.28164
2.27902
2.27614
2.27303
2.26968
2.26609
2.26227
2.25822
2.25395
2.24947
2.24478
2.23989
2.2348
2.22953
2.22409
2.21848
2.21271
2.2068
2.20075
2.19459
2.18831
2.18193
2.17547
2.16894
2.16235
2.15571
2.14903
2.14233
2.13563
2.12893
2.12224
2.11559
2.10898
2.10242
2.09593
2.08952
2.08319
2.07697
2.07085
2.06485
2.05898
2.05324
2.04764
2.04219
2.03691
2.03178
2.02682
2.02203
2.01742
2.01298
2.00873
2.00467
2.00079
1.99709
1.99359
1.99027
1.98713
1.98418
1.98142
1.97883
1.97643
1.97419
1.97213
1.97023
1.9685
1.96693
1.96551
1.96424
1.96311
1.96213
1.96128
1.96055
1.95995
1.95947
1.9591
1.95883
1.95867
1.9586
1.95862
1.95872
1.95891
1.95917
1.95951
1.95992
1.96039
1.96093
1.96152
1.96218
1.96289
1.96365
1.96447
1.96534
1.96626
1.96724
1.96826
1.96934
1.97046
1.97164
1.97288
1.97416
1.97551
1.97691
1.97838
1.9799
1.98149
1.98315
1.98487
1.98666
1.98853
1.99046
1.99248
1.99457
1.99674
1.99899
2.00132
2.00374
2.00624
2.00883
2.0115
2.01427
2.01712
2.02006
2.0231
2.02622
2.02944
2.03274
2.03614
2.03963
2.04321
2.04689
2.05065
2.05451
2.05845
2.06249
2.06661
2.07082
2.07512
2.07951
2.08399
2.08855
2.0932
2.09793
2.10275
2.10765
2.11263
2.1177
2.12284
2.12807
2.13337
2.13875
2.1442
2.14973
2.15533
2.161
2.16674
2.17255
2.17843
2.18437
2.19037
2.19643
2.20255
2.20873
2.21496
2.22124
2.22757
2.23394
2.24036
2.24683
2.25333
2.25986
2.26643
2.27303
2.27965
2.2863
2.29297
2.29966
2.30635
2.31306
2.31977
2.32647
2.33317
2.33986
2.34654
2.35318
2.3598
2.36639
2.37292
2.37941
2.38583
2.39219
2.39847
2.40466
2.41074
2.41672
2.42258
2.42829
2.43386
2.43927
2.44449
2.44953
2.45436
2.45896
2.46333
2.46745
2.4713
2.47486
2.47812
2.48107
2.48369
2.48597
2.48789
2.48944
2.49061
2.49138
2.49175
2.49171
2.49125
2.49037
2.48906
2.48732
2.48514
2.48253
2.47949
2.47602
2.47213
2.46782
2.46311
2.45799
2.45249
2.44661
2.44037
2.43378
2.42686
2.41963
2.4121
2.4043
2.39623
2.38793
2.3794
2.37068
2.36177
2.35271
2.34351
2.33419
2.32476
2.31526
2.30569
2.29608
2.28644
2.27679
2.26714
2.25751
2.24791
2.23836
2.22887
2.21945
2.21012
2.20087
2.19172
2.18269
2.17377
2.16497
2.1563
2.14777
2.13937
2.13111
2.123
2.11504
2.10722
2.09956
2.09204
2.08468
2.07747
2.07041
2.06349
2.05673
2.05011
2.04363
2.0373
2.0311
2.02504
2.0191
2.0133
2.00762
2.00205
1.99661
1.99127
1.98604
1.98091
1.97588
1.97093
1.96608
1.9613
1.95661
1.95198
1.94741
1.94291
1.93846
1.93406
1.92971
1.92539
1.92111
1.91685
1.91262
1.9084
1.9042
1.9
1.8958
1.89159
1.88737
1.88313
1.87886
1.87456
1.87023
1.86585
1.86141
1.85693
1.85237
1.84775
1.84305
1.83827
1.8334
1.82843
1.82336
1.81818
1.81289
1.80748
1.80195
1.79629
1.7905
1.78458
1.77852
1.77232
1.76598
1.7595
1.75288
1.74612
1.73923
1.7322
1.72504
1.71776
1.71036
1.70284
1.69522
1.68751
1.67971
1.67184
1.6639
1.65592
1.64789
1.63984
1.63178
1.62372
1.61568
1.60767
1.59972
1.59183
1.58402
1.57631
1.56872
1.56126
1.55394
1.54679
1.53981
1.53302
1.52645
1.52009
1.51397
1.50809
1.50247
1.49712
1.49205
1.48727
1.48278
1.4786
1.47474
1.47119
1.46797
1.46507
1.46251
1.46028
1.45838
1.45683
1.4556
1.45472
1.45417
1.45394
1.45405
1.45448
1.45523
1.45629
1.45767
1.45935
1.46133
1.4636
1.46615
1.46897
1.47207
1.47543
1.47905
1.48291
1.48701
1.49135
1.49591
1.50068
1.50567
1.51087
1.51626
1.52185
1.52761
1.53356
1.53968
1.54597
1.55243
1.55904
1.56581
1.57273
1.5798
1.58702
1.59437
1.60186
1.60949
1.61724
1.62513
1.63314
1.64127
1.64953
1.6579
1.66638
1.67498
1.68368
1.69248
1.70139
1.71039
1.71949
1.72866
1.73792
1.74726
1.75666
1.76613
1.77566
1.78523
1.79485
1.8045
1.81418
1.82387
1.83357
1.84327
1.85295
1.86261
1.87224
1.88182
1.89134
1.9008
1.91018
1.91946
1.92863
1.93769
1.94662
1.9554
1.96402
1.97247
1.98074
1.98881
1.99668
2.00432
2.01173
2.01889
2.02579
2.03242
2.03877
2.04484
2.05059
2.05604
2.06117
2.06597
2.07043
2.07454
2.07831
2.08172
2.08477
2.08745
2.08976
2.0917
2.09327
2.09446
2.09527
2.09571
2.09578
2.09548
2.0948
2.09376
2.09236
2.09061
2.08851
2.08606
2.08328
2.08017
2.07675
2.07302
2.06899
2.06467
2.06007
2.05521
2.0501
2.04474
2.03916
2.03337
2.02737
2.02119
2.01484
2.00833
2.00168
1.9949
1.988
1.98102
1.97395
1.96681
1.95963
1.95241
1.94516
1.93792
1.93068
1.92346
1.91628
1.90916
1.90209
1.89511
1.88821
1.88142
1.87473
1.86818
1.86175
1.85547
1.84933
1.84336
1.83755
1.8319
1.82644
1.82115
1.81604
1.81111
1.80636
1.80179
1.79741
1.7932
1.78916
