-3.36809
-3.36794
-3.36779
-3.36794
-3.36749
-3.36764
-3.36764
-3.36764
-3.36748
-3.36733
-3.36733
-3.36718
-3.36718
-3.36718
-3.36733
-3.36733
-3.36733
-3.36703
-3.36703
-3.36748
-3.36763
-3.36793
-3.36793
-3.36824
-3.36808
-3.36824
-3.36823
-3.36823
-3.36823
-3.36823
-3.36823
-3.36823
-3.36823
-3.36793
-3.36823
-3.36839
-3.36839
-3.36869
-3.36899
-3.36914
-3.36914
-3.36899
-3.36914
-3.36914
-3.36899
-3.36869
-3.36869
-3.36884
-3.36854
-3.36854
-3.36854
-3.36824
-3.36824
-3.36809
-3.36794
-3.36794
-3.36764
-3.36733
-3.36733
-3.36718
-3.36733
-3.36779
-3.36749
-3.36688
-3.36673
-3.36643
-3.36613
-3.36658
-3.36598
-3.36583
-3.36583
-3.36598
-3.36613
-3.36583
-3.36553
-3.36553
-3.36538
-3.36538
-3.36523
-3.36538
-3.36538
-3.36553
-3.36538
-3.36538
-3.36523
-3.36523
-3.36523
-3.36538
-3.36538
-3.36538
-3.36538
-3.36553
-3.36568
-3.36523
-3.36507
-3.36538
-3.36522
-3.36492
-3.36492
-3.36492
-3.36477
-3.36462
-3.36417
-3.36401
-3.36401
-3.36371
-3.36386
-3.36401
-3.36432
-3.36447
-3.36462
-3.36477
-3.36477
-3.36477
-3.36492
-3.36477
-3.36432
-3.36431
-3.36431
-3.36462
-3.36492
-3.36507
-3.36477
-3.36477
-3.36477
-3.36447
-3.36462
-3.36462
-3.36462
-3.36462
-3.36462
-3.36462
-3.36462
-3.36477
-3.36492
-3.36477
-3.36507
-3.36507
-3.36507
-3.36537
-3.36552
-3.36567
-3.36567
-3.36567
-3.36567
-3.36552
-3.36552
-3.36567
-3.36598
-3.36628
-3.36598
-3.36583
-3.36552
-3.36613
-3.36613
-3.36613
-3.36598
-3.36643
-3.36628
-3.36643
-3.36688
-3.36688
-3.36688
-3.36673
-3.36658
-3.36628
-3.36628
-3.36628
-3.36643
-3.36613
-3.36598
-3.36613
-3.36628
-3.36643
-3.36673
-3.36658
-3.36673
-3.36643
-3.36643
-3.36673
-3.36643
-3.36658
-3.36658
-3.36643
-3.36613
-3.36598
-3.36568
-3.36568
-3.36568
-3.36568
-3.36568
-3.36568
-3.36568
-3.36568
-3.36628
-3.36643
-3.36628
-3.36628
-3.36598
-3.36583
-3.36613
-3.36598
-3.36598
-3.36628
-3.36628
-3.36613
-3.36628
-3.36613
-3.36598
-3.36598
-3.36613
-3.36598
-3.36568
-3.36552
-3.36552
-3.36568
-3.36583
-3.36598
-3.36598
-3.36643
-3.36643
-3.36643
-3.36643
-3.36658
-3.36673
-3.36673
-3.36673
-3.36688
-3.36703
-3.36733
-3.36718
-3.36749
-3.36764
-3.36749
-3.36779
-3.36764
-3.36764
-3.36779
-3.36779
-3.36764
-3.36748
-3.36703
-3.36688
-3.36673
-3.36673
-3.36643
-3.36643
-3.36643
-3.36673
-3.36658
-3.36643
-3.36643
-3.36658
-3.36658
-3.36627
-3.36612
-3.36612
-3.36688
-3.36688
-3.36673
-3.36688
-3.36673
-3.36643
-3.36658
-3.36688
-3.36733
-3.36764
-3.36764
-3.36733
-3.36764
-3.36749
-3.36718
-3.36749
-3.36749
-3.36764
-3.36809
-3.36809
-3.36809
-3.36809
-3.36839
-3.36809
-3.36764
-3.36749
-3.36749
-3.36749
-3.36749
-3.36734
-3.36719
-3.36734
-3.36719
-3.36703
-3.36719
-3.36734
-3.36749
-3.36749
-3.36719
-3.36719
-3.36658
-3.36643
-3.36688
-3.36688
-3.36719
-3.36719
-3.36704
-3.36734
-3.36719
-3.36689
-3.36689
-3.36689
-3.36673
-3.36658
-3.36658
-3.36643
-3.36628
-3.36643
-3.36628
-3.36628
-3.36613
-3.36613
-3.36643
-3.36673
-3.36689
-3.36674
-3.36658
-3.36658
-3.36643
-3.36643
-3.36628
-3.36628
-3.36628
-3.36598
-3.36583
-3.36553
-3.36553
-3.36568
-3.36568
-3.36583
-3.36628
-3.36643
-3.36674
-3.36659
-3.36674
-3.36674
-3.36659
-3.36689
-3.36719
-3.36734
-3.36749
-3.36734
-3.36734
-3.36719
-3.36689
-3.36689
-3.36689
-3.36689
-3.36673
-3.36658
-3.36643
-3.36628
-3.36613
-3.36613
-3.36613
-3.36598
-3.36598
-3.36597
-3.36597
-3.36582
-3.36567
-3.36537
-3.36507
-3.36507
-3.36522
-3.36537
-3.36537
-3.36537
-3.36567
-3.36582
-3.36582
-3.36582
-3.36597
-3.36567
-3.36552
-3.36521
-3.36491
-3.36491
-3.36521
-3.36521
-3.36521
-3.36537
-3.36491
-3.36476
-3.36491
-3.36506
-3.36506
-3.36522
-3.36537
-3.36552
-3.36582
-3.36567
-3.36597
-3.36612
-3.36612
-3.36597
-3.36552
-3.36537
-3.36522
-3.36522
-3.36492
-3.36492
-3.36492
-3.36492
-3.36522
-3.36522
-3.36507
-3.36492
-3.36492
-3.36477
-3.36507
-3.36507
-3.36522
-3.36522
-3.36507
-3.36507
-3.36492
-3.36477
-3.36477
-3.36477
-3.36522
-3.36537
-3.36567
-3.36583
-3.36583
-3.36583
-3.36613
-3.36613
-3.36583
-3.36567
-3.36537
-3.36567
-3.36567
-3.36583
-3.36583
-3.36613
-3.36598
-3.36583
-3.36583
-3.36583
-3.36598
-3.36613
-3.36613
-3.36628
-3.36643
-3.36628
-3.36613
-3.36628
-3.36598
-3.36598
-3.36583
-3.36568
-3.36598
-3.36598
-3.36598
-3.36598
-3.36598
-3.36583
-3.36583
-3.36538
-3.36553
-3.36538
-3.36538
-3.36553
-3.36583
-3.36568
-3.36613
-3.36628
-3.36674
-3.36659
-3.36659
-3.36613
-3.36644
-3.36644
-3.36689
-3.36689
-3.36689
-3.36704
-3.36734
-3.36734
-3.36734
-3.36734
-3.36719
-3.36704
-3.36719
-3.36689
-3.36704
-3.36704
-3.36719
-3.36734
-3.36779
-3.36764
-3.3681
-3.36794
-3.36794
-3.36794
-3.36794
-3.36794
-3.36779
-3.36794
-3.36779
-3.36764
-3.36734
-3.36719
-3.36689
-3.36643
-3.36658
-3.36688
-3.36688
-3.36719
-3.36734
-3.36749
-3.36749
-3.36764
-3.36749
-3.36749
-3.36764
-3.36764
-3.36764
-3.36749
-3.36719
-3.36704
-3.36719
-3.36719
-3.36734
-3.36764
-3.36764
-3.36779
-3.36809
-3.36809
-3.36809
-3.36794
-3.3681
-3.3684
-3.36855
-3.3687
-3.3684
-3.36825
-3.3684
-3.36855
-3.36855
-3.36825
-3.36825
-3.3681
-3.36825
-3.3687
-3.3687
-3.3684
-3.36855
-3.3684
-3.3681
-3.36795
-3.36765
-3.36734
-3.36704
-3.36704
-3.36644
-3.36644
-3.36659
-3.36629
-3.36659
-3.36644
-3.36659
-3.36659
-3.36674
-3.36689
-3.36659
-3.36674
-3.36674
-3.36674
-3.36674
-3.36704
-3.36689
-3.36674
-3.36674
-3.36674
-3.36689
-3.36674
-3.36689
-3.36674
-3.36628
-3.36643
-3.36659
-3.36643
-3.36658
-3.36658
-3.36658
-3.36643
-3.36628
-3.36628
-3.36613
-3.36643
-3.36689
-3.36673
-3.36673
-3.36673
-3.36734
-3.36749
-3.36749
-3.36764
-3.36764
-3.36779
-3.36749
-3.36779
-3.36734
-3.36749
-3.36719
-3.36719
-3.36749
-3.36764
-3.36779
-3.36749
-3.36749
-3.36749
-3.36719
-3.36703
-3.36719
-3.36719
-3.36688
-3.36673
-3.36658
-3.36673
-3.36688
-3.36688
-3.36704
-3.36704
-3.36688
-3.36704
-3.36719
-3.36719
-3.36704
-3.36673
-3.36673
-3.36643
-3.36643
-3.36643
-3.36628
-3.36613
-3.36613
-3.36598
-3.36598
-3.36568
-3.36522
-3.36507
-3.36507
-3.36507
-3.36492
-3.36462
-3.36462
-3.36432
-3.36432
-3.36477
-3.36492
-3.36507
-3.36507
-3.36462
-3.36447
-3.36477
-3.36477
-3.36462
-3.36447
-3.36477
-3.36462
-3.36462
-3.36477
-3.36507
-3.36522
-3.36537
-3.36537
-3.36522
-3.36522
-3.36492
-3.36477
-3.36477
-3.36477
-3.36477
-3.36477
-3.36522
-3.36538
-3.36538
-3.36492
-3.36477
-3.36462
-3.36477
-3.36462
-3.36507
-3.36523
-3.36523
-3.36538
-3.36538
-3.36523
-3.36492
-3.36477
-3.36462
-3.36508
-3.36477
-3.36462
-3.36492
-3.36462
-3.36462
-3.36447
-3.36477
-3.36447
-3.36447
-3.36432
-3.36432
-3.36432
-3.36417
-3.36417
-3.36417
-3.36417
-3.36402
-3.36372
-3.36387
-3.36387
-3.36417
-3.36417
-3.36387
-3.36387
-3.36371
-3.36341
-3.36341
-3.36356
-3.36371
-3.36356
-3.36341
-3.36341
-3.36341
-3.36326
-3.36326
-3.36387
-3.36387
-3.36387
-3.36417
-3.36417
-3.36402
-3.36402
-3.36402
-3.36417
-3.36402
-3.36417
-3.36447
-3.36447
-3.36432
-3.36432
-3.36447
-3.36462
-3.36447
-3.36417
-3.36417
-3.36432
-3.36447
-3.36477
-3.36462
-3.36462
-3.36477
-3.36477
-3.36492
-3.36477
-3.36477
-3.36447
-3.36462
-3.36447
-3.36492
-3.36477
-3.36447
-3.36462
-3.36462
-3.36447
-3.36432
-3.36432
-3.36447
-3.36477
-3.36477
-3.36477
-3.36462
-3.36432
-3.36417
-3.36417
-3.36371
-3.36371
-3.36387
-3.36402
-3.36371
-3.36371
-3.36371
-3.36371
-3.36417
-3.36386
-3.36386
-3.36402
-3.36417
-3.36417
-3.36417
-3.36432
-3.36447
-3.36447
-3.36462
-3.36462
-3.36462
-3.36447
-3.36447
-3.36432
-3.36432
-3.36432
-3.36417
-3.36432
-3.36447
-3.36462
-3.36477
-3.36477
-3.36477
-3.36477
-3.36477
-3.36432
-3.36432
-3.36447
-3.36477
-3.36477
-3.36537
-3.36568
-3.36568
-3.36552
-3.36522
-3.36537
-3.36522
-3.36507
-3.36507
-3.36552
-3.36537
-3.36552
-3.36537
-3.36537
-3.36537
-3.36537
-3.36537
-3.36552
-3.36582
-3.36567
-3.36582
-3.36597
-3.36613
-3.36613
-3.36643
-3.36658
-3.36673
-3.36703
-3.36688
-3.36703
-3.36688
-3.36658
-3.36673
-3.36673
-3.36643
-3.36628
-3.36688
-3.36703
-3.36673
-3.36703
-3.36733
-3.36749
-3.36749
-3.36764
-3.36749
-3.36749
-3.36734
-3.36764
-3.36749
-3.36779
-3.36794
-3.36794
-3.36794
-3.36794
-3.36824
-3.36824
-3.36764
-3.36734
-3.36749
-3.36764
-3.36779
-3.36794
-3.36794
-3.36794
-3.36794
-3.36794
-3.36794
-3.36794
-3.36794
-3.36779
-3.36794
-3.36794
-3.36809
-3.36809
-3.36779
-3.36779
-3.36794
-3.36809
-3.36764
-3.36734
-3.36703
-3.36719
-3.36703
-3.36704
-3.36734
-3.36704
-3.36688
-3.36688
-3.36688
-3.36704
-3.36704
-3.36704
-3.36704
-3.36704
-3.36688
-3.36704
-3.36704
-3.36688
-3.36719
-3.36673
-3.36689
-3.36673
-3.36673
-3.36658
-3.36643
-3.36643
-3.36583
-3.36628
-3.36628
-3.36598
-3.36613
-3.36613
-3.36613
-3.36628
-3.36628
-3.36643
-3.36644
-3.36613
-3.36628
-3.36629
-3.36644
-3.36674
-3.36659
-3.36644
-3.36629
-3.36598
-3.36598
-3.36614
-3.36629
-3.36614
-3.36614
-3.36629
-3.36629
-3.36614
-3.36614
-3.36629
-3.36614
-3.36629
-3.36644
-3.36644
-3.36629
-3.36659
-3.36659
-3.36659
-3.36659
-3.36629
-3.36659
-3.36644
-3.36659
-3.36659
-3.36674
-3.36659
-3.36659
-3.36644
-3.36629
-3.36614
-3.36583
-3.36629
-3.36599
-3.36599
-3.36583
-3.36614
-3.36629
-3.36629
-3.36629
-3.36614
-3.36614
-3.36644
-3.36659
-3.36689
-3.36674
-3.36659
-3.36659
-3.36704
-3.36704
-3.36704
-3.36674
-3.36643
-3.36674
-3.36689
-3.36719
-3.36734
-3.36719
-3.36719
-3.36688
-3.36688
-3.36658
-3.36673
-3.36688
-3.36673
-3.36703
-3.36703
-3.36688
-3.36673
-3.36658
-3.36658
-3.36673
-3.36643
-3.36658
-3.36642
-3.36597
-3.36582
-3.36567
-3.36552
-3.36552
-3.36582
-3.36597
-3.36612
-3.36597
-3.36612
-3.36627
-3.36658
-3.36658
-3.36627
-3.36643
-3.36643
-3.36627
-3.36628
-3.36628
-3.36628
-3.36628
-3.36643
-3.36628
-3.36643
-3.36613
-3.36643
-3.36628
-3.36598
-3.36582
-3.36567
-3.36583
-3.36552
-3.36583
-3.36567
-3.36567
-3.36552
-3.36552
-3.36537
-3.36507
-3.36507
-3.36522
-3.36522
-3.36537
-3.36552
-3.36507
-3.36507
-3.36492
-3.36552
-3.36567
-3.36567
-3.36583
-3.36598
-3.36582
-3.36567
-3.36567
-3.36522
-3.36507
-3.36522
-3.36507
-3.36522
-3.36507
-3.36522
-3.36507
-3.36507
-3.36492
-3.36522
-3.36552
-3.36552
-3.36582
-3.36567
-3.36537
-3.36567
-3.36597
-3.36612
-3.36612
-3.36627
-3.36612
-3.36597
-3.36582
-3.36552
-3.36537
-3.36506
-3.36537
-3.36522
-3.36491
-3.36476
-3.36461
-3.36492
-3.36537
-3.36537
-3.36537
-3.36537
-3.36537
-3.36537
-3.36522
-3.36522
-3.36537
-3.36567
-3.36567
-3.36552
-3.36567
-3.36552
-3.36537
-3.36552
-3.36477
-3.36492
-3.36477
-3.36492
-3.36462
-3.36462
-3.36432
-3.36462
-3.36477
-3.36462
-3.36432
-3.36432
-3.36447
-3.36462
-3.36477
-3.36462
-3.36477
-3.36492
-3.36492
-3.36477
-3.36492
-3.36493
-3.36462
-3.36493
-3.36493
-3.36477
-3.36462
-3.36432
-3.36447
-3.36432
-3.36417
-3.36432
-3.36447
-3.36447
-3.36478
-3.36447
-3.36432
-3.36417
-3.36417
-3.36417
-3.36432
-3.36417
-3.36402
-3.36387
-3.36432
-3.36432
-3.36447
-3.36432
-3.36402
-3.36402
-3.36357
-3.36357
-3.36387
-3.36387
-3.36402
-3.36372
-3.36372
-3.36372
-3.36417
-3.36462
-3.36447
-3.36402
-3.36402
-3.36387
-3.36387
-3.36387
-3.36402
-3.36387
-3.36402
-3.36402
-3.36402
-3.36386
-3.36386
-3.36356
-3.36341
-3.36326
-3.36326
-3.36386
-3.36417
-3.36432
-3.36416
-3.36401
-3.36401
-3.36371
-3.36371
-3.36371
-3.36371
-3.36416
-3.36416
-3.36416
-3.36401
-3.36401
-3.36431
-3.36416
-3.36431
-3.36416
-3.36431
-3.36476
-3.36491
-3.36491
-3.36461
-3.36476
-3.36476
-3.36431
-3.36461
-3.36491
-3.36491
-3.36491
-3.36506
-3.36521
-3.36506
-3.36491
-3.36476
-3.36506
-3.36506
-3.36506
-3.36522
-3.36522
-3.36522
-3.36522
-3.36522
-3.36537
-3.36537
-3.36522
-3.36522
-3.36552
-3.36537
-3.36537
-3.36537
-3.36522
-3.36537
-3.36522
-3.36507
-3.36461
-3.36461
-3.36477
-3.36477
-3.36477
-3.36477
-3.36446
-3.36416
-3.36401
-3.36401
-3.36386
-3.36386
-3.36416
-3.36401
-3.36401
-3.36401
-3.36371
-3.36386
-3.36401
-3.36386
-3.36416
-3.36446
-3.36462
-3.36446
-3.36431
-3.36416
-3.36431
-3.36416
-3.36416
-3.36416
-3.36416
-3.36416
-3.36416
-3.36416
-3.36416
-3.36356
-3.36325
-3.36295
-3.36325
-3.36325
-3.36341
-3.36356
-3.36356
-3.36341
-3.36356
-3.36371
-3.36371
-3.36341
-3.36295
-3.36295
-3.3631
-3.3631
-3.3631
-3.36356
-3.36401
-3.36401
-3.36401
-3.36416
-3.36416
-3.36431
-3.36416
-3.36401
-3.36431
-3.36461
-3.36431
-3.36416
-3.36416
-3.36431
-3.36446
-3.36446
-3.36446
-3.36477
-3.36446
-3.36431
-3.36431
-3.36431
-3.36386
-3.36386
-3.36401
-3.36401
-3.36416
-3.36386
-3.36371
-3.36371
-3.36371
-3.36356
-3.36356
-3.36341
-3.36386
-3.36402
-3.36386
-3.36371
-3.36386
-3.36356
-3.36356
-3.36371
-3.36341
-3.36341
-3.36356
-3.36326
-3.36341
-3.36356
-3.36356
-3.36356
-3.36356
-3.36326
-3.36341
-3.36341
-3.36371
-3.36386
-3.36386
-3.36402
-3.36386
-3.36386
-3.36386
-3.36386
-3.36386
-3.36356
-3.36386
-3.36386
-3.36371
-3.36371
-3.36371
-3.36371
-3.36371
-3.36386
-3.36386
-3.36401
-3.36356
-3.36371
-3.36356
-3.36371
-3.36371
-3.36355
-3.3634
-3.36355
-3.3634
-3.36355
-3.3634
-3.36295
-3.3631
-3.36325
-3.3634
-3.3634
-3.3634
-3.36355
-3.3637
-3.36355
-3.3637
-3.3637
-3.3637
-3.36385
-3.364
-3.36415
-3.3643
-3.36461
-3.36446
-3.36461
-3.36461
-3.36461
-3.36461
-3.36461
-3.36476
-3.36491
-3.36461
-3.36446
-3.36446
-3.36476
-3.36476
-3.36491
-3.36506
-3.36506
-3.36522
-3.36506
-3.36507
-3.36491
-3.36492
-3.36492
-3.36492
-3.36507
-3.36492
-3.36477
-3.36446
-3.36431
-3.36446
-3.36446
-3.36431
-3.36446
-3.36462
-3.36431
-3.36416
-3.36431
-3.36446
-3.36462
-3.36462
-3.36447
-3.36507
-3.36522
-3.36507
-3.36507
-3.36507
-3.36492
-3.36507
-3.36477
-3.36537
-3.36567
-3.36597
-3.36643
-3.36658
-3.36643
-3.36658
-3.36643
-3.36613
-3.36643
-3.36673
-3.36658
-3.36688
-3.36733
-3.36748
-3.36733
-3.36718
-3.36688
-3.36658
-3.36628
-3.36597
-3.36627
-3.36627
-3.36627
-3.36627
-3.36597
-3.36612
-3.36567
-3.36552
-3.36567
-3.36567
-3.36567
-3.36582
-3.36567
-3.36552
-3.36552
-3.36552
-3.36552
-3.36491
-3.36491
-3.36491
-3.36476
-3.36506
-3.36522
-3.36506
-3.36506
-3.36446
-3.36416
-3.36401
-3.36386
-3.36386
-3.3637
-3.36401
-3.36461
-3.36476
-3.36491
-3.36491
-3.36461
-3.36506
-3.36491
-3.36491
-3.36491
-3.36476
-3.36446
-3.36461
-3.36431
-3.36416
-3.36401
-3.36416
-3.36431
-3.36431
-3.36461
-3.36476
-3.36461
-3.36476
-3.36416
-3.36416
-3.36416
-3.36431
-3.36446
-3.36431
-3.36431
-3.36446
-3.36461
-3.36476
-3.36522
-3.36522
-3.36522
-3.36507
-3.36507
-3.36491
-3.36491
-3.36507
-3.36507
-3.36567
-3.36552
-3.36537
-3.36522
-3.36552
-3.36537
-3.36552
-3.36567
-3.36552
-3.36507
-3.36476
-3.36476
-3.36477
-3.36477
-3.36507
-3.36522
-3.36537
-3.36522
-3.36507
-3.36492
-3.36431
-3.36386
-3.36416
-3.36431
-3.36446
-3.36462
-3.36431
-3.36477
-3.36431
-3.36416
-3.36386
-3.36386
-3.36401
-3.36416
-3.36386
-3.36371
-3.36326
-3.36311
-3.36311
-3.36326
-3.36326
-3.36326
-3.36386
-3.36386
-3.36386
-3.36371
-3.36371
-3.36356
-3.36386
-3.36371
-3.36371
-3.36371
-3.36371
-3.36371
-3.36401
-3.36431
-3.36446
-3.36461
-3.36477
-3.36476
-3.36492
-3.36476
-3.36491
-3.36507
-3.36507
-3.36507
-3.36522
-3.36506
-3.36522
-3.36522
-3.36506
-3.36506
-3.36521
-3.36552
-3.36536
-3.36536
-3.36552
-3.36536
-3.36536
-3.36551
-3.36536
-3.36536
-3.36521
-3.36506
-3.36521
-3.36521
-3.36521
-3.36476
-3.36476
-3.36476
-3.36461
-3.36476
-3.36476
-3.36491
-3.36491
-3.36506
-3.36536
-3.36536
-3.36536
-3.36536
-3.36521
-3.36491
-3.36491
-3.36506
-3.36491
-3.36476
-3.36491
-3.36506
-3.36506
-3.36521
-3.36506
-3.36476
-3.36521
-3.36566
-3.36566
-3.36551
-3.36551
-3.36536
-3.36491
-3.36491
-3.3646
-3.3646
-3.36445
-3.36445
-3.3646
-3.36491
-3.36506
-3.36506
-3.36506
-3.36506
-3.3646
-3.36475
-3.36491
-3.36491
-3.3646
-3.36476
-3.36491
-3.36506
-3.36536
-3.36566
-3.36536
-3.36551
-3.36506
-3.36476
-3.36461
-3.36476
-3.36476
-3.36476
-3.36461
-3.36446
-3.36431
-3.36461
-3.36476
-3.36461
-3.36476
-3.36507
-3.36507
-3.36476
-3.36476
-3.36461
-3.36461
-3.36477
-3.36522
-3.36552
-3.36537
-3.36582
-3.36613
-3.36613
-3.36628
-3.36658
-3.36673
-3.36673
-3.36673
-3.36673
-3.36688
-3.36718
-3.36719
-3.36719
-3.36718
-3.36764
-3.36749
-3.36749
-3.36749
-3.36749
-3.36809
-3.36839
-3.36839
-3.36854
-3.36854
-3.36854
-3.36824
-3.36824
-3.36854
-3.36839
-3.36824
-3.36869
-3.36854
-3.36839
-3.36869
-3.36854
-3.36839
-3.36839
-3.36869
-3.36884
-3.369
-3.36854
-3.36854
-3.36809
-3.36824
-3.36794
-3.36779
-3.36779
-3.36763
-3.36778
-3.36763
-3.36778
-3.36778
-3.36778
-3.36763
-3.36793
-3.36793
-3.36793
-3.36808
-3.36808
-3.36823
-3.36793
-3.36808
-3.36823
-3.36808
-3.36823
-3.36823
-3.36808
-3.36808
-3.36808
-3.36793
-3.36763
-3.36763
-3.36732
-3.36702
-3.36687
-3.36717
-3.36717
-3.36732
-3.36717
-3.36702
-3.36657
-3.36687
-3.36672
-3.36657
-3.36687
-3.36687
-3.36672
-3.36687
-3.36687
-3.36672
-3.36687
-3.36672
-3.36702
-3.36717
-3.36748
-3.36748
-3.36733
-3.36718
-3.36718
-3.36718
-3.36733
-3.36733
-3.36733
-3.36718
-3.36688
-3.36688
-3.36703
-3.36703
-3.36703
-3.36718
-3.36688
-3.36688
-3.36673
-3.36673
-3.36657
-3.36657
-3.36612
-3.36642
-3.36657
-3.36703
-3.36718
-3.36733
-3.36703
-3.36733
-3.36733
-3.36763
-3.36733
-3.36733
-3.36718
-3.36673
-3.36657
-3.36672
-3.36688
-3.36688
-3.36688
-3.36703
-3.36703
-3.36733
-3.36748
-3.36778
-3.36778
-3.36763
-3.36763
-3.36733
-3.36748
-3.36718
-3.36687
-3.36672
-3.36672
-3.36687
-3.36687
-3.36702
-3.36687
-3.36642
-3.36642
-3.36642
-3.36672
-3.36672
-3.36687
-3.36702
-3.36657
-3.36672
-3.36687
-3.36687
-3.36672
-3.36687
-3.36687
-3.36672
-3.36687
-3.36718
-3.36702
-3.36702
-3.36733
-3.36718
-3.36778
-3.36808
-3.36808
-3.36808
-3.36808
-3.36808
-3.36823
-3.36793
-3.36748
-3.36717
-3.36717
-3.36748
-3.36763
-3.36763
-3.36763
-3.36747
-3.36763
-3.36763
-3.36778
-3.36747
-3.36763
-3.36793
-3.36823
-3.36793
-3.36808
-3.36823
-3.36778
-3.36778
-3.36778
-3.36823
-3.36838
-3.36853
-3.36868
-3.36883
-3.36898
-3.36883
-3.36883
-3.36883
-3.36853
-3.36853
-3.36823
-3.36853
-3.36868
-3.36853
-3.36838
-3.36838
-3.36808
-3.36793
-3.36793
-3.36778
-3.36778
-3.36793
-3.36808
-3.36793
-3.36778
-3.36823
-3.36838
-3.36823
-3.36838
-3.36838
-3.36853
-3.36853
-3.36853
-3.36869
-3.36854
-3.36823
-3.36793
-3.36823
-3.36823
-3.36823
-3.36854
-3.36854
-3.36808
-3.36778
-3.36793
-3.36793
-3.36793
-3.36778
-3.36778
-3.36733
-3.36733
-3.36748
-3.36733
-3.36703
-3.36733
-3.36763
-3.36778
-3.36793
-3.36793
-3.36778
-3.36778
-3.36748
-3.36748
-3.36748
-3.36763
-3.36778
-3.36793
-3.36808
-3.36808
-3.36793
-3.36763
-3.36778
-3.36763
-3.36763
-3.36763
-3.36763
-3.36778
-3.36793
-3.36793
-3.36808
-3.36823
-3.36808
-3.36808
-3.36823
-3.36823
-3.36808
-3.36808
-3.36778
-3.36808
-3.36808
-3.36823
-3.36823
-3.36793
-3.36793
-3.36778
-3.36778
-3.36793
-3.36823
-3.36823
-3.36839
-3.36823
-3.36839
-3.36824
-3.36824
-3.36824
-3.36824
-3.36839
-3.36839
-3.36809
-3.36824
-3.36808
-3.36839
-3.36899
-3.36884
-3.36899
-3.36884
-3.36854
-3.36854
-3.36839
-3.36809
-3.36824
-3.36884
-3.36869
-3.36899
-3.36899
-3.36899
-3.36914
-3.36914
-3.36869
-3.36854
-3.36854
-3.36869
-3.36884
-3.36884
-3.36884
-3.36869
-3.36854
-3.36839
-3.36839
-3.36854
-3.36824
-3.36808
-3.36854
-3.36839
-3.36854
-3.36839
-3.36854
-3.36854
-3.36869
-3.36854
-3.36914
-3.36899
-3.36929
-3.36929
-3.36944
-3.36959
-3.36944
-3.36929
-3.36929
-3.36884
-3.36884
-3.36853
-3.36838
-3.36808
-3.36778
-3.36747
-3.36763
-3.36747
-3.36747
-3.36747
-3.36702
-3.36702
-3.36702
-3.36732
-3.36702
-3.36717
-3.36732
-3.36747
-3.36717
-3.36717
-3.36717
-3.36702
-3.36702
-3.36717
-3.36687
-3.36641
-3.36581
-3.36581
-3.36581
-3.36551
-3.36536
-3.36521
-3.36521
-3.36505
-3.36536
-3.36505
-3.36551
-3.36566
-3.36566
-3.36566
-3.36581
-3.36596
-3.36566
-3.36566
-3.36551
-3.36551
-3.36551
-3.36536
-3.36551
-3.36566
-3.36551
-3.36551
-3.36536
-3.36536
-3.36536
-3.36536
-3.36536
-3.36566
-3.36566
-3.36551
-3.36567
-3.36582
-3.36597
-3.36597
-3.36597
-3.36597
-3.36612
-3.36627
-3.36642
-3.36642
-3.36627
-3.36612
-3.36627
-3.36612
-3.36612
-3.36612
-3.36582
-3.36582
-3.36582
-3.36597
-3.36597
-3.36597
-3.36582
-3.36582
-3.36582
-3.36597
-3.36582
-3.36567
-3.36551
-3.36551
-3.36567
-3.36582
-3.36567
-3.36567
-3.36567
-3.36536
-3.36536
-3.36536
-3.36551
-3.36536
-3.36536
-3.36582
-3.36612
-3.36642
-3.36642
-3.36642
-3.36627
-3.36642
-3.36642
-3.36642
-3.36612
-3.36627
-3.36612
-3.36642
-3.36612
-3.36612
-3.36627
-3.36627
-3.36612
-3.36566
-3.36581
-3.36581
-3.36551
-3.36536
-3.36566
-3.36566
-3.36551
-3.36566
-3.36536
-3.36521
-3.36521
-3.36551
-3.36551
-3.36551
-3.36551
-3.36566
-3.36551
-3.36536
-3.36551
-3.36566
-3.36566
-3.36581
-3.36581
-3.36566
-3.36581
-3.36566
-3.36566
-3.36596
-3.36596
-3.36596
-3.36596
-3.36566
-3.36581
-3.36581
-3.36581
-3.36581
-3.36596
-3.36596
-3.36596
-3.36627
-3.36627
-3.36596
-3.36566
-3.36566
-3.36566
-3.36566
-3.36581
-3.36596
-3.36596
-3.36596
-3.36611
-3.36627
-3.36611
-3.36611
-3.36687
-3.36672
-3.36672
-3.36626
-3.36642
-3.36642
-3.36657
-3.36657
-3.36672
-3.36672
-3.36657
-3.36657
-3.36672
-3.36702
-3.36687
-3.36687
-3.36672
-3.36672
-3.36626
-3.36657
-3.36642
-3.36672
-3.36702
-3.36687
-3.36717
-3.36717
-3.36717
-3.36702
-3.36702
-3.36702
-3.36687
-3.36702
-3.36702
-3.36702
-3.36717
-3.36717
-3.36733
-3.36748
-3.36793
-3.36793
-3.36778
-3.36778
-3.36808
-3.36793
-3.36793
-3.36778
-3.36778
-3.36778
-3.36778
-3.36778
-3.36763
-3.36778
-3.36793
-3.36778
-3.36733
-3.36702
-3.36672
-3.36657
-3.36657
-3.36657
-3.36642
-3.36627
-3.36627
-3.36627
-3.36612
-3.36627
-3.36642
-3.36627
-3.36612
-3.36627
-3.36627
-3.36672
-3.36748
-3.36763
-3.36838
-3.36853
-3.36838
-3.36823
-3.36838
-3.36823
-3.36808
-3.36808
-3.36853
-3.36808
-3.36823
-3.36823
-3.36838
-3.36823
-3.36808
-3.36823
-3.36823
-3.36793
-3.36778
-3.36747
-3.36778
-3.36793
-3.36793
-3.36808
-3.36823
-3.36808
-3.36808
-3.36808
-3.36778
-3.36793
-3.36778
-3.36808
-3.36778
-3.36793
-3.36778
-3.36793
-3.36763
-3.36748
-3.36748
-3.36748
-3.36778
-3.36748
-3.36748
-3.36732
-3.36763
-3.36778
-3.36763
-3.36733
-3.36733
-3.36717
-3.36717
-3.36717
-3.36733
-3.36748
-3.36748
-3.36733
-3.36763
-3.36778
-3.36778
-3.36793
-3.36793
-3.36808
-3.36793
-3.36793
-3.36778
-3.36778
-3.36808
-3.36778
-3.36778
-3.36763
-3.36763
-3.36778
-3.36778
-3.36778
-3.36823
-3.36823
-3.36853
-3.36868
-3.36868
-3.36868
-3.36853
-3.36868
-3.36868
-3.36884
-3.36884
-3.36884
-3.36883
-3.36883
-3.36883
-3.36883
-3.36883
-3.36883
-3.36868
-3.36883
-3.36899
-3.36868
-3.36838
-3.36853
-3.36868
-3.36868
-3.36868
-3.36823
-3.36793
-3.36778
-3.36778
-3.36763
-3.36778
-3.36793
-3.36808
-3.36823
-3.36823
-3.36793
-3.36808
-3.36808
-3.36853
-3.36884
-3.36853
-3.36884
-3.36884
-3.36869
-3.36869
-3.36869
-3.36884
-3.36914
-3.36959
-3.36944
-3.36929
-3.36974
-3.3699
-3.36974
-3.36974
-3.36944
-3.36929
-3.36944
-3.36959
-3.36959
-3.36944
-3.36959
-3.36974
-3.36974
-3.3699
-3.37005
-3.37035
-3.3699
-3.3699
-3.36959
-3.36944
-3.36959
-3.36974
-3.36974
-3.3699
-3.36989
-3.36989
-3.36989
-3.36974
-3.36989
-3.36989
-3.36989
-3.36974
-3.37005
-3.37005
-3.37005
-3.36989
-3.3702
-3.3702
-3.37035
-3.3702
-3.37004
-3.37004
-3.36959
-3.36944
-3.36929
-3.36929
-3.36899
-3.36884
-3.36884
-3.36884
-3.36853
-3.36838
-3.36793
-3.36808
-3.36838
-3.36853
-3.36868
-3.36868
-3.36853
-3.36868
-3.36853
-3.36853
-3.36853
-3.36838
-3.36853
-3.36823
-3.36823
-3.36838
-3.36838
-3.36853
-3.36823
-3.36823
-3.36868
-3.36884
-3.36884
-3.36884
-3.36884
-3.36884
-3.36884
-3.36869
-3.36884
-3.36869
-3.36899
-3.36869
-3.36899
-3.36899
-3.36884
-3.36853
-3.36793
-3.36854
-3.36854
-3.36914
-3.36869
-3.36884
-3.36899
-3.36899
-3.36899
-3.36944
-3.36914
-3.36914
-3.36899
-3.36899
-3.36899
-3.36869
-3.36869
-3.36884
-3.36899
-3.36884
-3.36884
-3.36854
-3.36824
-3.36824
-3.36839
-3.36824
-3.36808
-3.36839
-3.36824
-3.36824
-3.36824
-3.36839
-3.36854
-3.36824
-3.36824
-3.36824
-3.36793
-3.36778
-3.36808
-3.36808
-3.36839
-3.36839
-3.36869
-3.36899
-3.36899
-3.36899
-3.36839
-3.36839
-3.36808
-3.36839
-3.36808
-3.36823
-3.36808
-3.36793
-3.36778
-3.36748
-3.36748
-3.36733
-3.36733
-3.36702
-3.36702
-3.36702
-3.36687
-3.36702
-3.36702
-3.36702
-3.36687
-3.36687
-3.36687
-3.36702
-3.36702
-3.36702
-3.36702
-3.36657
-3.36687
-3.36657
-3.36672
-3.36687
-3.36672
-3.36672
-3.36687
-3.36687
-3.36672
-3.36657
-3.36642
-3.36642
-3.36627
-3.36611
-3.36642
-3.36627
-3.36627
-3.36627
-3.36596
-3.36581
-3.36581
-3.36596
-3.36581
-3.36581
-3.36581
-3.36581
-3.36581
-3.36627
-3.36642
-3.36627
-3.36612
-3.36597
-3.36657
-3.36642
-3.36582
-3.36582
-3.36582
-3.36551
-3.36551
-3.36551
-3.36567
-3.36582
-3.36597
-3.36612
-3.36597
-3.36597
-3.36582
-3.36597
-3.36597
-3.36612
-3.36612
-3.36612
-3.36597
-3.36612
-3.36597
-3.36582
-3.36582
-3.36567
-3.36567
-3.36612
-3.36612
-3.36612
-3.36612
-3.36597
-3.36597
-3.36597
-3.36597
-3.36597
-3.36582
-3.36552
-3.36537
-3.36537
-3.36567
-3.36537
-3.36506
-3.36521
-3.36506
-3.36506
-3.36491
-3.36491
-3.36476
-3.36506
-3.36491
-3.36521
-3.36567
-3.36536
-3.36506
-3.36521
-3.36536
-3.36536
-3.36536
-3.36536
-3.36551
-3.36551
-3.36551
-3.36582
-3.36566
-3.36582
-3.36566
-3.36566
-3.36582
-3.36612
-3.36612
-3.36627
-3.36612
-3.36627
-3.36627
-3.36642
-3.36657
-3.36672
-3.36657
-3.36642
-3.36642
-3.36642
-3.36657
-3.36657
-3.36642
-3.36642
-3.36657
-3.36642
-3.36627
-3.36627
-3.36642
-3.36642
-3.36627
-3.36612
-3.36642
-3.36642
-3.36642
-3.36612
-3.36566
-3.36551
-3.36581
-3.36566
-3.36536
-3.36566
-3.36596
-3.36596
-3.36581
-3.36566
-3.36581
-3.36566
-3.36551
-3.36551
-3.36505
-3.36505
-3.36536
-3.36505
-3.36505
-3.36505
-3.36505
-3.3655
-3.36596
-3.36581
-3.36581
-3.36596
-3.36626
-3.36626
-3.36626
-3.36626
-3.36611
-3.36596
-3.36626
-3.36611
-3.36611
-3.36611
-3.36611
-3.36611
-3.36626
-3.36657
-3.36641
-3.36641
-3.36642
-3.36657
-3.36642
-3.36657
-3.36642
-3.36657
-3.36642
-3.36657
-3.36687
-3.36687
-3.36687
-3.36702
-3.36687
-3.36657
-3.36627
-3.36597
-3.36657
-3.36657
-3.36657
-3.36642
-3.36642
-3.36658
-3.36673
-3.36658
-3.36658
-3.36627
-3.36612
-3.36627
-3.36643
-3.36628
-3.36612
-3.36612
-3.36582
-3.36567
-3.36582
-3.36628
-3.36643
-3.36612
-3.36597
-3.36613
-3.36613
-3.36643
-3.36643
-3.36628
-3.36613
-3.36628
-3.36628
-3.36643
-3.36628
-3.36658
-3.36658
-3.36673
-3.36673
-3.36703
-3.36688
-3.36688
-3.36718
-3.36703
-3.36733
-3.36733
-3.36733
-3.36763
-3.36763
-3.36733
-3.36733
-3.36748
-3.36733
-3.36748
-3.36763
-3.36763
-3.36763
-3.36778
-3.36778
-3.36793
-3.36808
-3.36823
-3.36853
-3.36838
-3.36823
-3.36808
-3.36808
-3.36777
-3.36808
-3.36807
-3.36807
-3.36823
-3.36823
-3.36838
-3.36838
-3.36807
-3.36807
-3.36838
-3.36838
-3.36868
-3.36898
-3.36928
-3.36928
-3.36943
-3.36943
-3.36959
-3.36959
-3.36959
-3.36959
-3.36959
-3.36974
-3.36989
-3.36989
-3.36989
-3.36974
-3.36974
-3.36974
-3.36989
-3.36974
-3.37019
-3.37034
-3.37049
-3.37049
-3.37004
-3.37004
-3.37004
-3.37034
-3.37019
-3.37049
-3.37049
-3.37034
-3.37049
-3.37034
-3.37064
-3.3708
-3.37064
-3.37064
-3.37034
-3.37019
-3.37004
-3.37004
-3.36989
-3.36974
-3.36974
-3.36989
-3.37004
-3.36959
-3.36974
-3.36929
-3.36914
-3.36929
-3.36944
-3.36914
-3.36914
-3.36929
-3.36898
-3.36898
-3.36883
-3.36898
-3.36868
-3.36883
-3.36899
-3.36899
-3.36899
-3.36899
-3.36899
-3.36914
-3.36899
-3.36914
-3.36899
-3.36914
-3.36914
-3.36929
-3.36929
-3.36929
-3.36914
-3.36929
-3.36944
-3.36944
-3.36959
-3.36974
-3.37004
-3.36989
-3.36974
-3.36989
-3.36989
-3.37035
-3.37019
-3.36989
-3.37004
-3.37004
-3.37019
-3.37019
-3.36989
-3.36989
-3.36944
-3.36944
-3.36944
-3.36959
-3.36959
-3.36959
-3.36959
-3.36959
-3.36974
-3.36974
-3.36974
-3.36944
-3.37004
-3.37004
-3.37004
-3.37019
-3.37004
-3.36929
-3.36944
-3.36898
-3.36914
-3.36914
-3.36929
-3.36929
-3.36913
-3.36929
-3.36913
-3.36929
-3.36898
-3.36883
-3.36868
-3.36823
-3.36838
-3.36868
-3.36853
-3.36777
-3.36777
-3.36793
-3.36793
-3.36793
-3.36777
-3.36793
-3.36808
-3.36808
-3.36838
-3.36838
-3.36823
-3.36793
-3.36777
-3.36747
-3.36732
-3.36732
-3.36777
-3.36792
-3.36792
-3.36838
-3.36853
-3.36838
-3.36853
-3.36853
-3.36838
-3.36823
-3.36838
-3.36853
-3.36853
-3.36838
-3.36838
-3.36823
-3.36868
-3.36868
-3.36914
-3.36914
-3.36929
-3.36929
-3.36914
-3.36929
-3.36929
-3.36944
-3.36944
-3.36929
-3.36899
-3.36899
-3.36884
-3.36868
-3.36868
-3.36884
-3.36884
-3.36869
-3.36838
-3.36823
-3.36778
-3.36823
-3.36838
-3.36838
-3.36823
-3.36808
-3.36793
-3.36793
-3.36808
-3.36808
-3.36778
-3.36793
-3.36748
-3.36748
-3.36763
-3.36748
-3.36718
-3.36733
-3.36733
-3.36718
-3.36718
-3.36748
-3.36763
-3.36763
-3.36733
-3.36748
-3.36763
-3.36733
-3.36718
-3.36718
-3.36733
-3.36733
-3.36778
-3.36748
-3.36793
-3.36824
-3.36854
-3.36854
-3.36869
-3.36869
-3.36869
-3.36899
-3.36899
-3.36899
-3.36899
-3.36914
-3.36914
-3.36884
-3.36884
-3.36899
-3.36899
-3.36929
-3.3696
-3.36945
-3.36914
-3.36914
-3.36929
-3.36914
-3.36929
-3.36929
-3.36899
-3.36899
-3.36899
-3.36914
-3.36944
-3.36944
-3.36959
-3.36959
-3.36959
-3.36959
-3.3699
-3.3699
-3.37035
-3.3699
-3.36959
-3.36959
-3.36959
-3.36974
-3.36974
-3.36974
-3.36944
-3.36974
-3.37004
-3.37004
-3.37004
-3.37004
-3.37035
-3.37035
-3.37035
-3.37034
-3.37034
-3.37034
-3.3705
-3.37019
-3.37019
-3.37034
-3.37065
-3.37049
-3.37034
-3.37004
-3.37004
-3.37019
-3.37004
-3.37049
-3.3708
-3.37095
-3.37095
-3.37095
-3.3708
-3.3708
-3.37064
-3.37064
-3.37064
-3.37064
-3.37065
-3.3708
-3.37095
-3.37095
-3.3714
-3.37155
-3.37171
-3.37125
-3.37095
-3.3711
-3.3711
-3.3708
-3.3705
-3.37065
-3.3705
-3.37035
-3.37005
-3.37005
-3.3702
-3.36975
-3.36975
-3.36975
-3.3699
-3.3699
-3.36975
-3.36975
-3.37035
-3.37065
-3.37096
-3.37126
-3.37126
-3.37096
-3.37081
-3.3705
-3.37066
-3.37081
-3.37066
-3.37066
-3.37096
-3.37111
-3.37096
-3.37081
-3.3705
-3.3702
-3.37065
-3.37096
-3.3708
-3.3708
-3.3708
-3.37096
-3.37126
-3.3708
-3.37035
-3.3702
-3.37005
-3.37035
-3.3699
-3.37005
-3.3699
-3.36989
-3.36989
-3.36989
-3.37004
-3.36989
-3.36959
-3.36959
-3.36974
-3.36974
-3.36944
-3.36929
-3.36929
-3.36913
-3.36898
-3.36883
-3.36883
-3.36883
-3.36883
-3.36898
-3.36898
-3.36898
-3.36898
-3.36913
-3.36928
-3.36928
-3.36943
-3.36943
-3.36928
-3.36928
-3.36928
-3.36928
-3.36898
-3.36883
-3.36898
-3.36898
-3.36898
-3.36868
-3.36853
-3.36853
-3.36868
-3.36883
-3.36898
-3.36928
-3.36913
-3.36913
-3.36898
-3.36898
-3.36883
-3.36868
-3.36868
-3.36883
-3.36883
-3.36868
-3.36868
-3.36853
-3.36853
-3.36853
-3.36853
-3.36823
-3.36823
-3.36853
-3.36838
-3.36823
-3.36793
-3.36748
-3.36718
-3.36718
-3.36718
-3.36718
-3.36702
-3.36718
-3.36703
-3.36672
-3.36657
-3.36672
-3.36657
-3.36672
-3.36657
-3.36642
-3.36642
-3.36642
-3.36612
-3.36627
-3.36642
-3.36627
-3.36657
-3.36642
-3.36657
-3.36657
-3.36672
-3.36657
-3.36657
-3.36672
-3.36672
-3.36703
-3.36718
-3.36672
-3.36672
-3.36672
-3.36657
-3.36672
-3.36687
-3.36657
-3.36642
-3.36612
-3.36627
-3.36612
-3.36612
-3.36582
-3.36567
-3.36551
-3.36582
-3.36551
-3.36551
-3.36582
-3.36597
-3.36582
-3.36582
-3.36582
-3.36597
-3.36581
-3.36612
-3.36627
-3.36642
-3.36657
-3.36657
-3.36672
-3.36657
-3.36657
-3.36687
-3.36657
-3.36687
-3.36687
-3.36717
-3.36702
-3.36717
-3.36732
-3.36747
-3.36732
-3.36747
-3.36732
-3.36732
-3.36732
-3.36747
-3.36717
-3.36717
-3.36702
-3.36717
-3.36702
-3.36747
-3.36747
-3.36747
-3.36747
-3.36717
-3.36702
-3.36702
-3.36687
-3.36747
-3.36762
-3.36762
-3.36792
-3.36808
-3.36792
-3.36762
-3.36762
-3.36792
-3.36777
-3.36762
-3.36762
-3.36762
-3.36777
-3.36777
-3.36778
-3.36762
-3.36747
-3.36732
-3.36762
-3.36778
-3.36793
-3.36838
-3.36823
-3.36823
-3.36808
-3.36823
-3.36823
-3.36823
-3.36823
-3.36808
-3.36793
-3.36808
-3.36793
-3.36808
-3.36793
-3.36763
-3.36763
-3.36748
-3.36733
-3.36733
-3.36763
-3.36763
-3.36763
-3.36793
-3.36823
-3.36823
-3.36808
-3.36793
-3.36808
-3.36778
-3.36778
-3.36763
-3.36748
-3.36733
-3.36733
-3.36763
-3.36793
-3.36778
-3.36763
-3.36748
-3.36733
-3.36763
-3.36748
-3.36763
-3.36763
-3.36748
-3.36748
-3.36763
-3.36748
-3.36763
-3.36763
-3.36717
-3.36717
-3.36732
-3.36763
-3.36763
-3.36778
-3.36793
-3.36778
-3.36808
-3.36808
-3.36808
-3.36808
-3.36838
-3.36823
-3.36808
-3.36838
-3.36853
-3.36868
-3.36868
-3.36868
-3.36868
-3.36853
-3.36853
-3.36853
-3.36853
-3.36853
-3.36853
-3.36868
-3.36853
-3.36868
-3.36853
-3.36838
-3.36898
-3.36883
-3.36913
-3.36943
-3.36958
-3.36958
-3.36943
-3.36958
-3.36913
-3.36943
-3.36928
-3.36928
-3.36958
-3.36974
-3.36943
-3.36898
-3.36883
-3.36868
-3.36883
-3.36898
-3.36898
-3.36913
-3.36913
-3.36898
-3.36883
-3.36883
-3.36838
-3.36838
-3.36823
-3.36853
-3.36853
-3.36883
-3.36929
-3.36944
-3.36914
-3.36944
-3.36959
-3.36929
-3.36914
-3.36944
-3.36959
-3.36974
-3.36974
-3.37004
-3.36974
-3.36974
-3.36974
-3.36959
-3.36944
-3.36929
-3.36959
-3.36989
-3.36974
-3.36959
-3.36944
-3.36944
-3.36944
-3.36929
-3.36929
-3.36914
-3.36899
-3.36899
-3.36884
-3.36914
-3.36868
-3.36853
-3.36884
-3.36853
-3.36884
-3.36884
-3.36899
-3.36914
-3.36929
-3.36929
-3.36914
-3.36883
-3.36853
-3.36868
-3.36823
-3.36838
-3.36853
-3.36853
-3.36898
-3.36913
-3.36898
-3.36898
-3.36898
-3.36898
-3.36898
-3.36928
-3.36913
-3.36883
-3.36883
-3.36883
-3.36898
-3.36913
-3.36913
-3.36928
-3.36989
-3.36958
-3.36973
-3.36958
-3.36989
-3.36989
-3.37019
-3.36973
-3.36989
-3.36958
-3.36973
-3.36958
-3.36973
-3.36973
-3.36989
-3.36989
-3.37004
-3.37004
-3.37004
-3.36989
-3.36989
-3.37004
-3.37019
-3.36989
-3.37004
-3.36989
-3.37004
-3.36989
-3.37004
-3.37004
-3.37004
-3.37004
-3.37019
-3.37034
-3.37034
-3.37034
-3.3705
-3.3705
-3.3705
-3.37019
-3.37019
-3.37004
-3.37004
-3.37004
-3.36989
-3.37004
-3.37004
-3.37035
-3.3705
-3.3705
-3.37035
-3.37004
-3.36989
-3.36989
-3.36959
-3.36959
-3.36974
-3.36989
-3.37004
-3.37004
-3.3702
-3.37004
-3.3702
-3.37004
-3.36989
-3.36974
-3.37004
-3.37004
-3.37019
-3.3705
-3.3705
-3.37065
-3.37065
-3.37065
-3.3705
-3.37035
-3.37034
-3.37019
-3.37004
-3.37004
-3.37004
-3.37034
-3.3705
-3.37049
-3.37034
-3.37019
-3.37019
-3.37049
-3.37064
-3.37019
-3.37004
-3.37034
-3.37034
-3.37049
-3.37064
-3.37064
-3.37064
-3.37064
-3.37064
-3.3708
-3.3708
-3.37095
-3.3708
-3.37095
-3.37095
-3.3711
-3.37125
-3.37095
-3.3711
-3.37125
-3.3711
-3.37064
-3.37049
-3.37049
-3.37034
-3.37019
-3.37034
-3.37049
-3.37064
-3.37049
-3.37034
-3.37034
-3.37019
-3.37034
-3.37034
-3.36989
-3.36974
-3.36989
-3.36974
-3.37065
-3.37049
-3.37019
-3.37004
-3.37019
-3.37019
-3.37019
-3.37004
-3.37004
-3.37034
-3.3705
-3.3705
-3.37019
-3.37019
-3.37019
-3.37035
-3.37065
-3.37035
-3.3702
-3.37004
-3.36989
-3.37005
-3.37005
-3.37005
-3.37005
-3.37005
-3.37005
-3.3702
-3.37035
-3.3702
-3.37005
-3.37005
-3.37035
-3.37065
-3.37065
-3.3705
-3.37065
-3.3702
-3.3702
-3.37005
-3.36974
-3.36959
-3.36959
-3.36959
-3.36929
-3.36929
-3.36914
-3.36914
-3.36929
-3.36914
-3.36914
-3.36884
-3.36838
-3.36853
-3.36853
-3.36853
-3.36899
-3.36914
-3.36914
-3.36929
-3.36944
-3.36944
-3.36929
-3.36914
-3.36899
-3.36899
-3.36868
-3.36853
-3.36853
-3.36838
-3.36838
-3.36853
-3.36823
-3.36868
-3.36899
-3.36868
-3.36884
-3.36899
-3.36853
-3.36838
-3.36838
-3.36823
-3.36838
-3.36853
-3.36884
-3.36899
-3.36884
-3.36853
-3.36808
-3.36808
-3.36793
-3.36793
-3.36793
-3.36793
-3.36763
-3.36778
-3.36778
-3.36778
-3.36733
-3.36687
-3.36703
-3.36733
-3.36763
-3.36733
-3.36733
-3.36718
-3.36718
-3.36718
-3.36703
-3.36688
-3.36673
-3.36673
-3.36657
-3.36642
-3.36642
-3.36673
-3.36673
-3.36673
-3.36657
-3.36642
-3.36672
-3.36642
-3.36627
-3.36627
-3.36612
-3.36612
-3.36627
-3.36627
-3.36612
-3.36582
-3.36566
-3.36551
-3.36566
-3.36566
-3.36551
-3.36566
-3.36536
-3.36521
-3.36536
-3.36476
-3.3646
-3.3646
-3.36476
-3.36491
-3.36506
-3.36506
-3.36506
-3.36476
-3.36476
-3.36506
-3.36506
-3.36491
-3.36506
-3.36476
-3.36445
-3.3646
-3.3643
-3.3643
-3.364
-3.3637
-3.364
-3.36385
-3.364
-3.3637
-3.3634
-3.36325
-3.36309
-3.36325
-3.3634
-3.3634
-3.36355
-3.36355
-3.36355
-3.3637
-3.3637
-3.3637
-3.36385
-3.36385
-3.36415
-3.36415
-3.36415
-3.364
-3.36355
-3.3634
-3.36325
-3.36279
-3.36294
-3.3631
-3.3634
-3.36325
-3.36355
-3.36385
-3.3637
-3.36385
-3.36385
-3.3637
-3.3634
-3.3637
-3.36385
-3.3637
-3.36355
-3.36355
-3.36385
-3.36415
-3.36415
-3.3643
-3.3643
-3.364
-3.364
-3.3637
-3.364
-3.36385
-3.364
-3.364
-3.364
-3.3637
-3.36355
-3.3634
-3.3634
-3.36355
-3.36325
-3.36325
-3.36325
-3.36309
-3.36294
-3.36325
-3.3634
-3.36385
-3.364
-3.36385
-3.36415
-3.36446
-3.36446
-3.36476
-3.36461
-3.36461
-3.36461
-3.36476
-3.36446
-3.36446
-3.36461
-3.36476
-3.36431
-3.36461
-3.36476
-3.36476
-3.36476
-3.36476
-3.36461
-3.36491
-3.36476
-3.36461
-3.36446
-3.3643
-3.3643
-3.3643
-3.3643
-3.36415
-3.36355
-3.3634
-3.3634
-3.36355
-3.36355
-3.3637
-3.3637
-3.3637
-3.36355
-3.3637
-3.36355
-3.36325
-3.3634
-3.36355
-3.3634
-3.36309
-3.36325
-3.36355
-3.3637
-3.36355
-3.36325
-3.3634
-3.36294
-3.36325
-3.36355
-3.36385
-3.364
-3.364
-3.36385
-3.36355
-3.3634
-3.3634
-3.36325
-3.3631
-3.36325
-3.3637
-3.36355
-3.3637
-3.36385
-3.36355
-3.36385
-3.36355
-3.36355
-3.3637
-3.36355
-3.36386
-3.36386
-3.36401
-3.36356
-3.3631
-3.3631
-3.36325
-3.36325
-3.36371
-3.36401
-3.36401
-3.36386
-3.36386
-3.36431
-3.36356
-3.36326
-3.36341
-3.36326
-3.36326
-3.36326
-3.3631
-3.36295
-3.3628
-3.36295
-3.3628
-3.36295
-3.36295
-3.36325
-3.36325
-3.36325
-3.36355
-3.36371
-3.36371
-3.36355
-3.3634
-3.36325
-3.36325
-3.36325
-3.36325
-3.36325
-3.3634
-3.3634
-3.3634
-3.36325
-3.3631
-3.36295
-3.36325
-3.36295
-3.36295
-3.36249
-3.36234
-3.36234
-3.36249
-3.36204
-3.36264
-3.36249
-3.36249
-3.36279
-3.36264
-3.36264
-3.36264
-3.36249
-3.36264
-3.36264
-3.36279
-3.36279
-3.36294
-3.36339
-3.36339
-3.36339
-3.36324
-3.36324
-3.36324
-3.36324
-3.36324
-3.36339
-3.36355
-3.3637
-3.36385
-3.3637
-3.36385
-3.3637
-3.36354
-3.3637
-3.3637
-3.3637
-3.3637
-3.36355
-3.36385
-3.3637
-3.36355
-3.3637
-3.3637
-3.36355
-3.36324
-3.36324
-3.36355
-3.36355
-3.36385
-3.364
-3.36415
-3.36415
-3.36385
-3.36385
-3.364
-3.36415
-3.364
-3.3643
-3.36415
-3.364
-3.36385
-3.3637
-3.36355
-3.36355
-3.3634
-3.36325
-3.3634
-3.36325
-3.3628
-3.3628
-3.36264
-3.36249
-3.36249
-3.36264
-3.36264
-3.36264
-3.36325
-3.3631
-3.36355
-3.3637
-3.36355
-3.36325
-3.3631
-3.36325
-3.3634
-3.3631
-3.3631
-3.3631
-3.3634
-3.3637
-3.36355
-3.3634
-3.36355
-3.3637
-3.364
-3.36415
-3.36415
-3.36355
-3.36355
-3.36355
-3.36355
-3.36355
-3.3637
-3.3637
-3.36385
-3.36355
-3.36385
-3.364
-3.36385
-3.36385
-3.36355
-3.36385
-3.36385
-3.36385
-3.36385
-3.364
-3.364
-3.36415
-3.36385
-3.364
-3.36415
-3.364
-3.36415
-3.36446
-3.36385
-3.364
-3.36355
-3.3631
-3.3631
-3.36294
-3.36294
-3.36294
-3.36279
-3.36294
-3.36279
-3.36294
-3.36264
-3.36294
-3.36325
-3.36309
-3.36309
-3.36309
-3.36309
-3.36325
-3.36325
-3.36325
-3.36324
-3.36324
-3.36309
-3.3634
-3.36355
-3.36355
-3.36355
-3.36355
-3.364
-3.364
-3.364
-3.3637
-3.3637
-3.3637
-3.3637
-3.3637
-3.3637
-3.3637
-3.36385
-3.36354
-3.3637
-3.36354
-3.36354
-3.3637
-3.3637
-3.36385
-3.36415
-3.36445
-3.364
-3.36415
-3.36385
-3.36415
-3.364
-3.36385
-3.36369
-3.3643
-3.36415
-3.36415
-3.3643
-3.36445
-3.3643
-3.36445
-3.36415
-3.36415
-3.3643
-3.3643
-3.36445
-3.3646
-3.3646
-3.36445
-3.36445
-3.36445
-3.36445
-3.36445
-3.36445
-3.3643
-3.3643
-3.3643
-3.3646
-3.3646
-3.36445
-3.3643
-3.3643
-3.3646
-3.3646
-3.36445
-3.3646
-3.36415
-3.3637
-3.3637
-3.36355
-3.36324
-3.3637
-3.36355
-3.36324
-3.3637
-3.364
-3.36385
-3.3637
-3.36355
-3.36324
-3.36309
-3.3634
-3.36325
-3.36294
-3.3634
-3.36294
-3.36294
-3.36294
-3.36294
-3.36294
-3.36295
-3.36279
-3.36295
-3.3634
-3.3634
-3.36355
-3.36355
-3.36385
-3.3637
-3.36385
-3.364
-3.36415
-3.36416
-3.364
-3.3637
-3.364
-3.36385
-3.36416
-3.36431
-3.36431
-3.364
-3.364
-3.364
-3.36416
-3.36431
-3.364
-3.3637
-3.3637
-3.3637
-3.3637
-3.36385
-3.36385
-3.36416
-3.364
-3.3637
-3.36355
-3.364
-3.36431
-3.364
-3.36385
-3.364
-3.364
-3.364
-3.3637
-3.3634
-3.3631
-3.36295
-3.36295
-3.36295
-3.36325
-3.36355
-3.3637
-3.36385
-3.36416
-3.36415
-3.364
-3.36431
-3.36431
-3.364
-3.36415
-3.36431
-3.36431
-3.36476
-3.36491
-3.36491
-3.36476
-3.36476
-3.36446
-3.36461
-3.36431
-3.36431
-3.36431
-3.36461
-3.36446
-3.36431
-3.36415
-3.364
-3.36415
-3.36476
-3.36476
-3.36476
-3.36491
-3.36491
-3.36521
-3.36506
-3.36521
-3.36491
-3.36506
-3.36506
-3.36536
-3.36552
-3.36552
-3.36536
-3.36552
-3.36567
-3.36567
-3.36567
-3.36567
-3.36582
-3.36627
-3.36657
-3.36657
-3.36673
-3.36688
-3.36703
-3.36703
-3.36703
-3.36673
-3.36657
-3.36657
-3.36657
-3.36657
-3.36688
-3.36657
-3.36642
-3.36627
-3.36627
-3.36627
-3.36627
-3.36642
-3.36657
-3.36657
-3.36642
-3.36642
-3.36687
-3.36687
-3.36703
-3.36687
-3.36687
-3.36687
-3.36672
-3.36702
-3.36687
-3.36672
-3.36702
-3.36657
-3.36657
-3.36642
-3.36657
-3.36627
-3.36612
-3.36612
-3.36657
-3.36642
-3.36611
-3.36627
-3.36627
-3.36672
-3.36687
-3.36702
-3.36702
-3.36702
-3.36717
-3.36732
-3.36702
-3.36702
-3.36747
-3.36793
-3.36793
-3.36823
-3.36793
-3.36793
-3.36762
-3.36793
-3.36808
-3.36808
-3.36808
-3.36793
-3.36808
-3.36823
-3.36823
-3.36838
-3.36793
-3.36778
-3.36748
-3.36748
-3.36748
-3.36748
-3.36778
-3.36748
-3.36778
-3.36778
-3.36808
-3.36793
-3.36778
-3.36748
-3.36718
-3.36687
-3.36642
-3.36642
-3.36642
-3.36672
-3.36688
-3.36673
-3.36657
-3.36642
-3.36657
-3.36642
-3.36657
-3.36673
-3.36703
-3.36688
-3.36673
-3.36642
-3.36642
-3.36642
-3.36627
-3.36642
-3.36657
-3.36657
-3.36657
-3.36642
-3.36642
-3.36642
-3.36642
-3.36657
-3.36657
-3.36673
-3.36657
-3.36673
-3.36673
-3.36673
-3.36673
-3.36673
-3.36673
-3.36688
-3.36703
-3.36718
-3.36703
-3.36642
-3.36642
-3.36657
-3.36627
-3.36612
-3.36612
-3.36627
-3.36627
-3.36642
-3.36642
-3.36657
-3.36657
-3.36687
-3.36703
-3.36672
-3.36687
-3.36687
-3.36687
-3.36703
-3.36687
-3.36672
-3.36657
-3.36657
-3.36657
-3.36687
-3.36702
-3.36702
-3.36672
-3.36657
-3.36672
-3.36672
-3.36687
-3.36672
-3.36702
-3.36702
-3.36718
-3.36718
-3.36718
-3.36718
-3.36717
-3.36672
-3.36672
-3.36717
-3.36702
-3.36733
-3.36717
-3.36733
-3.36672
-3.36702
-3.36672
-3.36672
-3.36657
-3.36672
-3.36687
-3.36672
-3.36657
-3.36672
-3.36672
-3.36672
-3.36672
-3.36672
-3.36687
-3.36718
-3.36687
-3.36672
-3.36657
-3.36687
-3.36702
-3.36687
-3.36702
-3.36672
-3.36657
-3.36657
-3.36642
-3.36642
-3.36612
-3.36597
-3.36612
-3.36627
-3.36612
-3.36612
-3.36582
-3.36597
-3.36597
-3.36612
-3.36612
-3.36612
-3.36612
-3.36627
-3.36642
-3.36627
-3.36642
-3.36672
-3.36642
-3.36657
-3.36657
-3.36657
-3.36672
-3.36672
-3.36627
-3.36627
-3.36612
-3.36642
-3.36642
-3.36612
-3.36672
-3.36672
-3.36672
-3.36672
-3.36702
-3.36687
-3.36687
-3.36672
-3.36642
-3.36642
-3.36642
-3.36612
-3.36596
-3.36596
-3.36551
-3.36566
-3.36612
-3.36612
-3.36612
-3.36596
-3.36596
-3.36566
-3.36566
-3.36581
-3.36566
-3.36581
-3.36551
-3.36566
-3.36581
-3.36566
-3.36551
-3.36566
-3.36581
-3.36611
-3.36627
-3.36611
-3.36596
-3.36611
-3.36596
-3.36596
-3.36611
-3.36611
-3.36596
-3.36596
-3.36596
-3.36611
-3.36611
-3.36627
-3.36627
-3.36627
-3.36627
-3.36642
-3.36642
-3.36612
-3.36627
-3.36642
-3.36642
-3.36672
-3.36672
-3.36672
-3.36672
-3.36672
-3.36687
-3.36657
-3.36582
-3.36582
-3.36582
-3.36597
-3.36597
-3.36612
-3.36597
-3.36582
-3.36582
-3.36582
-3.36567
-3.36552
-3.36567
-3.36567
-3.36521
-3.36506
-3.36521
-3.36552
-3.36567
-3.36567
-3.36582
-3.36582
-3.36582
-3.36567
-3.36597
-3.36627
-3.36658
-3.36642
-3.36642
-3.36703
-3.36718
-3.36763
-3.36763
-3.36778
-3.36778
-3.36839
-3.36824
-3.36824
-3.36854
-3.36839
-3.36824
-3.36854
-3.36839
-3.36839
-3.36839
-3.36824
-3.36824
-3.36824
-3.36778
-3.36778
-3.36778
-3.36809
-3.36839
-3.36839
-3.36839
-3.36839
-3.36824
-3.36809
-3.36809
-3.36794
-3.36778
-3.36763
-3.36763
-3.36763
-3.36763
-3.36718
-3.36763
-3.36748
-3.36763
-3.36748
-3.36763
-3.36763
-3.36733
-3.36748
-3.36763
-3.36778
-3.36793
-3.36793
-3.36809
-3.36793
-3.36809
-3.36793
-3.36809
-3.36793
-3.36778
-3.36793
-3.36763
-3.36748
-3.36718
-3.36718
-3.36703
-3.36688
-3.36688
-3.36673
-3.36688
-3.36703
-3.36703
-3.36703
-3.36703
-3.36703
-3.36718
-3.36718
-3.36718
-3.36718
-3.36718
-3.36733
-3.36733
-3.36733
-3.36733
-3.36748
-3.36748
-3.36748
-3.36763
-3.36763
-3.36733
-3.36733
-3.36733
-3.36718
-3.36688
-3.36688
-3.36672
-3.36672
-3.36688
-3.36688
-3.36718
-3.36733
-3.36733
-3.36718
-3.36703
-3.36703
-3.36703
-3.36703
-3.36688
-3.36703
-3.36718
-3.36718
-3.36718
-3.36703
-3.36703
-3.36673
-3.36642
-3.36612
-3.36612
-3.36597
-3.36597
-3.36582
-3.36582
-3.36552
-3.36552
-3.36567
-3.36552
-3.36537
-3.36552
-3.36522
-3.36507
-3.36537
-3.36537
-3.36567
-3.36552
-3.36552
-3.36567
-3.36567
-3.36582
-3.36597
-3.36627
-3.36642
-3.36627
-3.36627
-3.36642
-3.36673
-3.36733
-3.36718
-3.36718
-3.36688
-3.36703
-3.36703
-3.36703
-3.36733
-3.36718
-3.36718
-3.36733
-3.36703
-3.36703
-3.36718
-3.36733
-3.36748
-3.36748
-3.36748
-3.36733
-3.36733
-3.36748
-3.36748
-3.36748
-3.36718
-3.36763
-3.36763
-3.36763
-3.36703
-3.36718
-3.36733
-3.36748
-3.36763
-3.36733
-3.36733
-3.36778
-3.36808
-3.36793
-3.36808
-3.36778
-3.36778
-3.36808
-3.36824
-3.36793
-3.36793
-3.36778
-3.36763
-3.36778
-3.36793
-3.36839
-3.36869
-3.36854
-3.36869
-3.36854
-3.36854
-3.36854
-3.36854
-3.36823
-3.36823
-3.36823
-3.36823
-3.36854
-3.36839
-3.36854
-3.36854
-3.36869
-3.36914
-3.36914
-3.36884
-3.36899
-3.36899
-3.36899
-3.36899
-3.36899
-3.36914
-3.36914
-3.36884
-3.36914
-3.36929
-3.36929
-3.36944
-3.36975
-3.36959
-3.36944
-3.36975
-3.36959
-3.36929
-3.36929
-3.36914
-3.36914
-3.36899
-3.36944
-3.36929
-3.36929
-3.36959
-3.36975
-3.36975
-3.36944
-3.36929
-3.36914
-3.36929
-3.36929
-3.36914
-3.36914
-3.36914
-3.36914
-3.36914
-3.36929
-3.36944
-3.3696
-3.3699
-3.36975
-3.3699
-3.3702
-3.37035
-3.37035
-3.3702
-3.3702
-3.37065
-3.37035
-3.3702
-3.37035
-3.3705
-3.37035
-3.3702
-3.37035
-3.37035
-3.3702
-3.37005
-3.3702
-3.37035
-3.37035
-3.37035
-3.3702
-3.37035
-3.37081
-3.37081
-3.37111
-3.37081
-3.37096
-3.37096
-3.37096
-3.3705
-3.37081
-3.37081
-3.37111
-3.37111
-3.37081
-3.37096
-3.37111
-3.37081
-3.37065
-3.37065
-3.37065
-3.37035
-3.3702
-3.3702
-3.37035
-3.37035
-3.3699
-3.3702
-3.37005
-3.36914
-3.36914
-3.36914
-3.36914
-3.36899
-3.36899
-3.36899
-3.36884
-3.36869
-3.36869
-3.36884
-3.36884
-3.36884
-3.36869
-3.36854
-3.36884
-3.36869
-3.36869
-3.36839
-3.36839
-3.36839
-3.36824
-3.36824
-3.36824
-3.36809
-3.36809
-3.36809
-3.36854
-3.36869
-3.36854
-3.36854
-3.36869
-3.36884
-3.36884
-3.36884
-3.36899
-3.36884
-3.36854
-3.36884
-3.36869
-3.36869
-3.36854
-3.36854
-3.36854
-3.36869
-3.36839
-3.36809
-3.36824
-3.36839
-3.36809
-3.36763
-3.36763
-3.36748
-3.36763
-3.36733
-3.36733
-3.36703
-3.36733
-3.36703
-3.36703
-3.36658
-3.36643
-3.36627
-3.36658
-3.36612
-3.36642
-3.36642
-3.36642
-3.36658
-3.36627
-3.36597
-3.36582
-3.36597
-3.36612
-3.36612
-3.36582
-3.36551
-3.36551
-3.36566
-3.36566
-3.36597
-3.36597
-3.36597
-3.36642
-3.36672
-3.36672
-3.36657
-3.36657
-3.36657
-3.36641
-3.36656
-3.36702
-3.36702
-3.36686
-3.36717
-3.36701
-3.36701
-3.36716
-3.36731
-3.36746
-3.36746
-3.36746
-3.36731
-3.36731
-3.36746
-3.36746
-3.36762
-3.36731
-3.36716
-3.36716
-3.36716
-3.36716
-3.36732
-3.36747
-3.36717
-3.36702
-3.36687
-3.36687
-3.36672
-3.36657
-3.36657
-3.36657
-3.36672
-3.36687
-3.36657
-3.36657
-3.36672
-3.36672
-3.36718
-3.36703
-3.36703
-3.36718
-3.36703
-3.36703
-3.36688
-3.36688
-3.36688
-3.36703
-3.36703
-3.36673
-3.36703
-3.36703
-3.36703
-3.36703
-3.36733
-3.36733
-3.36733
-3.36703
-3.36688
-3.36657
-3.36657
-3.36672
-3.36657
-3.36672
-3.36672
-3.36688
-3.36718
-3.36703
-3.36718
-3.36733
-3.36733
-3.36733
-3.36748
-3.36763
-3.36763
-3.36778
-3.36778
-3.36778
-3.36763
-3.36687
-3.36702
-3.36702
-3.36717
-3.36672
-3.36672
-3.36657
-3.36657
-3.36657
-3.36642
-3.36657
-3.36687
-3.36687
-3.36702
-3.36702
-3.36702
-3.36702
-3.36672
-3.36672
-3.36687
-3.36672
-3.36687
-3.36687
-3.36642
-3.36642
-3.36657
-3.36687
-3.36702
-3.36717
-3.36702
-3.36702
-3.36702
-3.36732
-3.36732
-3.36778
-3.36763
-3.36717
-3.36717
-3.36717
-3.36732
-3.36748
-3.36748
-3.36717
-3.36717
-3.36702
-3.36717
-3.36733
-3.36748
-3.36733
-3.36748
-3.36763
-3.36763
-3.36748
-3.36748
-3.36733
-3.36718
-3.36702
-3.36702
-3.36718
-3.36718
-3.36718
-3.36687
-3.36687
-3.36657
-3.36642
-3.36627
-3.36642
-3.36642
-3.36627
-3.36627
-3.36672
-3.36673
-3.36688
-3.36673
-3.36688
-3.36642
-3.36642
-3.36612
-3.36597
-3.36597
-3.36582
-3.36597
-3.36567
-3.36552
-3.36552
-3.36552
-3.36537
-3.36522
-3.36537
-3.36537
-3.36537
-3.36522
-3.36507
-3.36522
-3.36522
-3.36522
-3.36522
-3.36537
-3.36537
-3.36537
-3.36522
-3.36522
-3.36522
-3.36491
-3.36507
-3.36552
-3.36567
-3.36552
-3.36582
-3.36567
-3.36567
-3.36597
-3.36582
-3.36582
-3.36567
-3.36552
-3.36537
-3.36552
-3.36567
-3.36582
-3.36567
-3.36582
-3.36582
-3.36582
-3.36567
-3.36582
-3.36567
-3.36598
-3.36567
-3.36582
-3.36597
-3.36597
-3.36597
-3.36567
-3.36613
-3.36612
-3.36612
-3.36612
-3.36628
-3.36628
-3.36628
-3.36597
-3.36582
-3.36582
-3.36582
-3.36552
-3.36507
-3.36506
-3.36522
-3.36506
-3.36537
-3.36521
-3.36521
-3.36536
-3.36521
-3.36506
-3.36521
-3.36521
-3.36521
-3.36551
-3.36566
-3.36566
-3.36566
-3.36566
-3.36596
-3.36596
-3.36612
-3.36612
-3.36581
-3.36566
-3.36551
-3.36551
-3.36536
-3.36536
-3.36536
-3.36536
-3.36536
-3.36521
-3.36521
-3.36491
-3.36461
-3.36491
-3.36461
-3.36476
-3.36446
-3.36431
-3.36431
-3.36416
-3.36431
-3.36461
-3.36476
-3.36491
-3.36476
-3.36461
-3.36476
-3.36492
-3.36476
-3.36477
-3.36446
-3.36446
-3.36431
-3.36401
-3.36386
-3.36401
-3.36431
-3.36431
-3.36462
-3.36432
-3.36416
-3.36447
-3.36432
-3.36416
-3.36416
-3.36432
-3.36462
-3.36447
-3.36477
-3.36477
-3.36447
-3.36447
-3.36416
-3.36416
-3.36401
-3.36416
-3.36371
-3.36386
-3.36386
-3.36371
-3.36386
-3.36386
-3.36431
-3.36447
-3.36431
-3.36431
-3.36447
-3.36462
-3.36431
-3.36446
-3.36431
-3.36431
-3.36446
-3.36431
-3.36401
-3.36416
-3.36431
-3.36416
-3.36386
-3.36386
-3.36386
-3.36401
-3.36416
-3.36401
-3.36431
-3.36416
-3.36446
-3.36416
-3.36416
-3.36416
-3.36446
-3.36431
-3.3637
-3.3637
-3.36355
-3.36355
-3.36355
-3.36355
-3.3637
-3.36355
-3.36355
-3.36355
-3.3637
-3.364
-3.364
-3.36385
-3.36385
-3.364
-3.36415
-3.3643
-3.36415
-3.364
-3.364
-3.3637
-3.36355
-3.3634
-3.3634
-3.36355
-3.3637
-3.36355
-3.36355
-3.36355
-3.364
-3.36445
-3.36445
-3.36445
-3.36445
-3.36445
-3.36476
-3.36476
-3.36491
-3.36461
-3.36461
-3.36445
-3.36461
-3.36461
-3.36491
-3.36506
-3.36521
-3.36521
-3.36521
-3.36521
-3.36521
-3.36536
-3.36521
-3.36491
-3.36491
-3.36506
-3.36506
-3.36521
-3.36521
-3.36521
-3.36506
-3.36521
-3.36506
-3.36536
-3.36536
-3.36521
-3.36551
-3.36551
-3.36551
-3.36551
-3.36551
-3.36551
-3.36536
-3.36491
-3.36506
-3.36506
-3.36491
-3.36506
-3.36521
-3.36521
-3.36506
-3.36506
-3.36476
-3.36476
-3.36491
-3.36521
-3.36476
-3.36491
-3.36491
-3.36461
-3.36385
-3.364
-3.36385
-3.364
-3.364
-3.364
-3.364
-3.364
-3.364
-3.364
-3.36416
-3.364
-3.364
-3.3637
-3.3634
-3.3634
-3.3634
-3.3634
-3.3634
-3.3631
-3.36325
-3.36325
-3.3631
-3.3628
-3.36295
-3.36295
-3.36325
-3.36325
-3.3631
-3.3628
-3.3631
-3.3631
-3.3631
-3.3628
-3.36265
-3.36234
-3.3628
-3.3628
-3.36295
-3.36295
-3.36295
-3.36295
-3.3631
-3.3631
-3.3631
-3.3631
-3.36325
-3.3634
-3.3634
-3.3637
-3.36355
-3.36325
-3.3631
-3.3631
-3.36325
-3.3631
-3.36295
-3.3631
-3.3634
-3.3634
-3.3634
-3.3631
-3.3631
-3.36295
-3.3628
-3.3625
-3.3628
-3.36265
-3.3625
-3.36235
-3.36219
-3.36219
-3.36235
-3.36219
-3.36235
-3.36235
-3.3625
-3.3625
-3.3625
-3.3625
-3.3625
-3.36235
-3.36219
-3.36235
-3.36219
-3.36235
-3.3625
-3.3625
-3.36235
-3.36204
-3.36204
-3.36219
-3.36219
-3.36204
-3.36234
-3.3625
-3.3625
-3.3625
-3.3625
-3.36219
-3.36234
-3.36234
-3.36219
-3.36219
-3.3625
-3.36265
-3.3628
-3.3628
-3.36295
-3.3631
-3.3631
-3.36325
-3.36325
-3.3634
-3.36325
-3.36325
-3.3631
-3.3628
-3.36265
-3.36234
-3.36234
-3.36204
-3.36204
-3.36219
-3.36204
-3.36204
-3.36189
-3.36189
-3.36159
-3.36174
-3.36159
-3.36174
-3.36204
-3.36189
-3.36189
-3.36174
-3.36174
-3.36174
-3.36204
-3.36219
-3.36219
-3.36204
-3.36204
-3.36219
-3.3625
-3.3625
-3.3625
-3.36234
-3.36234
-3.36219
-3.36234
-3.3625
-3.3625
-3.36234
-3.36234
-3.36249
-3.36249
-3.36249
-3.36265
-3.3628
-3.36295
-3.3631
-3.3631
-3.3631
-3.3634
-3.36355
-3.36325
-3.36325
-3.36295
-3.3631
-3.3628
-3.36265
-3.36234
-3.36204
-3.36204
-3.36234
-3.36219
-3.36204
-3.36219
-3.36234
-3.36234
-3.36249
-3.36234
-3.36249
-3.36295
-3.3628
-3.36265
-3.36265
-3.3628
-3.36295
-3.3631
-3.36325
-3.36325
-3.3634
-3.36325
-3.3634
-3.36355
-3.3634
-3.36325
-3.3631
-3.3628
-3.36295
-3.3631
-3.3634
-3.36325
-3.36325
-3.36325
-3.3634
-3.36325
-3.36325
-3.36295
-3.36295
-3.3631
-3.3631
-3.3631
-3.36325
-3.36355
-3.3637
-3.3637
-3.36355
-3.36325
-3.36325
-3.3631
-3.36265
-3.36295
-3.3628
-3.3628
-3.3628
-3.3628
-3.3628
-3.36295
-3.36295
-3.3631
-3.3631
-3.36295
-3.36295
-3.3628
-3.3628
-3.36295
-3.36295
-3.3628
-3.36295
-3.3631
-3.36295
-3.36295
-3.3631
-3.3631
-3.3631
-3.36295
-3.3631
-3.36325
-3.36325
-3.3634
-3.36355
-3.36386
-3.36355
-3.3637
-3.36385
-3.3637
-3.3637
-3.36385
-3.3637
-3.3634
-3.3634
-3.3631
-3.36325
-3.3628
-3.36264
-3.36264
-3.3628
-3.36234
-3.36219
-3.36234
-3.36219
-3.36219
-3.36219
-3.36219
-3.36234
-3.36219
-3.36204
-3.36174
-3.36189
-3.36174
-3.36204
-3.36204
-3.36234
-3.36219
-3.36249
-3.36234
-3.36264
-3.36279
-3.36294
-3.36294
-3.36279
-3.36264
-3.36264
-3.36249
-3.36249
-3.36264
-3.36279
-3.36264
-3.36249
-3.36249
-3.36264
-3.36279
-3.36249
-3.36234
-3.36204
-3.36158
-3.36143
-3.36159
-3.36143
-3.36159
-3.36143
-3.36113
-3.36098
-3.36098
-3.36083
-3.36068
-3.36083
-3.36083
-3.36083
-3.36098
-3.36083
-3.36053
-3.36053
-3.36068
-3.36038
-3.36053
-3.36053
-3.36053
-3.36083
-3.36099
-3.36083
-3.36084
-3.36129
-3.36144
-3.36144
-3.36114
-3.36129
-3.36114
-3.36084
-3.36099
-3.36114
-3.36129
-3.36099
-3.36099
-3.36114
-3.36129
-3.36144
-3.36159
-3.36144
-3.36159
-3.36144
-3.36174
-3.3619
-3.3619
-3.36174
-3.3619
-3.36205
-3.36205
-3.36174
-3.36205
-3.3619
-3.36174
-3.36159
-3.36144
-3.36129
-3.36114
-3.36114
-3.36129
-3.36099
-3.36054
-3.36054
-3.36038
-3.36038
-3.36038
-3.36038
-3.36054
-3.36054
-3.36069
-3.36054
-3.36038
-3.36038
-3.35978
-3.35963
-3.35978
-3.35963
-3.35993
-3.36008
-3.35993
-3.36023
-3.36008
-3.36008
-3.36054
-3.36069
-3.36069
-3.36069
-3.36099
-3.36114
-3.36114
-3.36114
-3.36099
-3.36144
-3.36144
-3.36174
-3.36174
-3.36159
-3.36144
-3.36114
-3.36099
-3.36099
-3.36099
-3.36114
-3.36084
-3.36068
-3.36099
-3.36129
-3.36129
-3.36099
-3.36114
-3.36114
-3.36099
-3.36099
-3.36114
-3.36083
-3.36053
-3.36068
-3.36053
-3.36053
-3.36053
-3.36023
-3.36053
-3.36053
-3.36038
-3.36038
-3.36053
-3.36053
-3.36053
-3.36083
-3.36068
-3.36068
-3.36053
-3.36083
-3.36098
-3.36083
-3.36068
-3.36068
-3.36083
-3.36068
-3.36068
-3.36068
-3.36053
-3.36038
-3.36053
-3.36053
-3.36053
-3.36053
-3.36068
-3.36098
-3.36083
-3.36038
-3.36053
-3.36068
-3.36053
-3.36053
-3.36053
-3.36038
-3.36023
-3.35993
-3.36008
-3.36023
-3.36023
-3.36008
-3.36023
-3.36008
-3.36008
-3.36008
-3.35978
-3.35963
-3.35978
-3.35963
-3.35978
-3.35963
-3.35978
-3.35978
-3.35993
-3.35978
-3.35993
-3.35978
-3.35993
-3.35978
-3.35963
-3.35978
-3.35978
-3.36008
-3.36008
-3.35993
-3.36038
-3.36053
-3.36053
-3.36068
-3.36083
-3.36023
-3.35993
-3.35978
-3.35963
-3.35932
-3.35978
-3.35978
-3.35978
-3.36008
-3.36023
-3.36038
-3.36038
-3.36038
-3.36053
-3.36068
-3.36068
-3.36098
-3.36174
-3.36159
-3.36159
-3.36189
-3.36189
-3.36159
-3.36159
-3.36174
-3.36189
-3.36219
-3.36219
-3.36204
-3.36219
-3.36234
-3.36219
-3.36234
-3.36234
-3.36189
-3.36189
-3.36204
-3.36204
-3.36249
-3.3628
-3.3628
-3.36265
-3.36234
-3.36265
-3.36234
-3.36249
-3.36265
-3.3628
-3.36265
-3.36234
-3.36265
-3.3628
-3.36295
-3.36295
-3.3631
-3.36295
-3.3631
-3.36295
-3.36295
-3.36295
-3.3628
-3.3628
-3.3628
-3.36265
-3.3625
-3.36265
-3.36265
-3.36234
-3.36234
-3.36234
-3.36234
-3.36219
-3.36265
-3.3625
-3.36249
-3.36249
-3.36219
-3.36204
-3.36204
-3.36189
-3.36189
-3.36174
-3.36159
-3.36159
-3.36174
-3.36174
-3.36174
-3.36204
-3.36234
-3.36265
-3.36249
-3.36249
-3.36219
-3.36264
-3.36295
-3.3631
-3.3628
-3.36264
-3.36204
-3.36219
-3.36174
-3.36144
-3.36144
-3.36159
-3.36144
-3.36098
-3.36083
-3.36098
-3.36053
-3.36053
-3.36053
-3.36053
-3.36038
-3.36023
-3.36008
-3.36038
-3.36068
-3.36068
-3.36083
-3.36068
-3.36083
-3.36144
-3.36174
-3.36189
-3.36204
-3.36189
-3.36204
-3.36219
-3.36204
-3.36189
-3.36204
-3.36219
-3.36219
-3.36159
-3.36159
-3.36174
-3.36174
-3.36174
-3.36204
-3.36219
-3.36235
-3.36235
-3.36235
-3.36204
-3.36189
-3.36189
-3.36204
-3.36219
-3.36219
-3.3625
-3.36235
-3.3625
-3.3625
-3.36295
-3.36295
-3.36295
-3.36295
-3.3628
-3.3628
-3.36295
-3.3628
-3.3625
-3.3625
-3.36234
-3.36204
-3.36234
-3.36204
-3.36219
-3.36234
-3.36265
-3.36265
-3.36265
-3.36264
-3.3628
-3.3628
-3.3631
-3.36325
-3.36295
-3.36295
-3.3631
-3.3631
-3.3631
-3.3631
-3.36295
-3.3631
-3.36219
-3.36249
-3.36249
-3.36204
-3.36204
-3.36204
-3.36204
-3.36174
-3.36189
-3.36204
-3.36219
-3.36204
-3.36204
-3.36189
-3.36174
-3.36174
-3.36144
-3.36128
-3.36144
-3.36128
-3.36113
-3.36113
-3.36113
-3.36144
-3.36174
-3.36174
-3.36174
-3.36159
-3.36174
-3.36174
-3.36189
-3.36174
-3.36174
-3.36189
-3.36174
-3.36159
-3.36174
-3.36189
-3.36204
-3.36189
-3.36204
-3.36219
-3.36234
-3.36219
-3.36219
-3.36219
-3.36204
-3.36219
-3.36219
-3.3625
-3.36189
-3.36144
-3.36174
-3.36174
-3.36144
-3.36189
-3.36159
-3.36159
-3.36204
-3.36204
-3.36204
-3.36189
-3.36189
-3.36189
-3.36204
-3.36235
-3.36204
-3.36204
-3.36219
-3.36219
-3.36204
-3.36204
-3.36219
-3.36204
-3.36219
-3.36204
-3.36189
-3.36189
-3.36174
-3.36159
-3.36144
-3.36144
-3.36144
-3.36129
-3.36144
-3.36159
-3.36159
-3.36189
-3.36189
-3.36174
-3.36129
-3.36114
-3.36114
-3.36114
-3.36129
-3.36159
-3.36159
-3.36129
-3.36084
-3.36068
-3.36068
-3.36084
-3.36099
-3.36114
-3.36114
-3.36068
-3.36099
-3.36099
-3.36114
-3.36114
-3.36114
-3.36129
-3.36083
-3.36083
-3.36098
-3.36114
-3.36129
-3.36129
-3.36144
-3.36129
-3.36113
-3.36113
-3.36129
-3.36174
-3.36204
-3.36204
-3.36219
-3.36204
-3.36189
-3.36174
-3.36189
-3.36189
-3.36174
-3.36204
-3.36219
-3.36219
-3.36249
-3.36249
-3.36249
-3.36234
-3.36249
-3.36234
-3.36234
-3.36219
-3.36189
-3.36189
-3.36219
-3.36234
-3.36219
-3.36219
-3.36189
-3.36174
-3.36159
-3.36174
-3.36159
-3.36189
-3.36234
-3.36249
-3.36249
-3.36249
-3.36249
-3.36234
-3.36264
-3.36294
-3.36279
-3.36294
-3.36294
-3.36279
-3.36294
-3.36325
-3.36309
-3.36325
-3.3634
-3.3634
-3.3634
-3.364
-3.36415
-3.3643
-3.3643
-3.364
-3.36385
-3.36355
-3.36385
-3.36415
-3.364
-3.36415
-3.36415
-3.36415
-3.364
-3.3637
-3.3637
-3.36385
-3.3637
-3.364
-3.36415
-3.36431
-3.36446
-3.36431
-3.36446
-3.36446
-3.36416
-3.36416
-3.36416
-3.36431
-3.36416
-3.36446
-3.36446
-3.36446
-3.36431
-3.36446
-3.36461
-3.36461
-3.36461
-3.36446
-3.36446
-3.36461
-3.36476
-3.36492
-3.36507
-3.36522
-3.36507
-3.36507
-3.36446
-3.36446
-3.36477
-3.36492
-3.36507
-3.36507
-3.36507
-3.36507
-3.36492
-3.36462
-3.36401
-3.36401
-3.36386
-3.36416
-3.36431
-3.36431
-3.36431
-3.36462
-3.36447
-3.36431
-3.36462
-3.36447
-3.36462
-3.36447
-3.36431
-3.36416
-3.36416
-3.36386
-3.36401
-3.36401
-3.36416
-3.36431
-3.36446
-3.36446
-3.36416
-3.36401
-3.36401
-3.36431
-3.36401
-3.36386
-3.36386
-3.36371
-3.36386
-3.36356
-3.36371
-3.36355
-3.3634
-3.36325
-3.36325
-3.3631
-3.3631
-3.36295
-3.3628
-3.36295
-3.3628
-3.36295
-3.36295
-3.36295
-3.36295
-3.36295
-3.36325
-3.36355
-3.3637
-3.36385
-3.3637
-3.36401
-3.36416
-3.36416
-3.36431
-3.36476
-3.36416
-3.36431
-3.36416
-3.36446
-3.36431
-3.36431
-3.36416
-3.36416
-3.36416
-3.36401
-3.36416
-3.36386
-3.36386
-3.36416
-3.36431
-3.36431
-3.36431
-3.36416
-3.36431
-3.36446
-3.36446
-3.36461
-3.36476
-3.36461
-3.36431
-3.36401
-3.36416
-3.36401
-3.36401
-3.36401
-3.3637
-3.36355
-3.3637
-3.36355
-3.36386
-3.36386
-3.36355
-3.36355
-3.36371
-3.36386
-3.36401
-3.36386
-3.36431
-3.36461
-3.36461
-3.36446
-3.36446
-3.36461
-3.36446
-3.36491
-3.36491
-3.36461
-3.36461
-3.36431
-3.36446
-3.36461
-3.36476
-3.36491
-3.36491
-3.36476
-3.36491
-3.36491
-3.36522
-3.36507
-3.36491
-3.36491
-3.36491
-3.36507
-3.36491
-3.36476
-3.36446
-3.36431
-3.36461
-3.36461
-3.36476
-3.36492
-3.36492
-3.36477
-3.36507
-3.36477
-3.36477
-3.36477
-3.36446
-3.36416
-3.36371
-3.36386
-3.36386
-3.36371
-3.36371
-3.36371
-3.36356
-3.3634
-3.3634
-3.3631
-3.36295
-3.36295
-3.36295
-3.3631
-3.36295
-3.36295
-3.3631
-3.3631
-3.36295
-3.3628
-3.3628
-3.36295
-3.36325
-3.3631
-3.3637
-3.36385
-3.364
-3.3643
-3.364
-3.3637
-3.3637
-3.364
-3.364
-3.364
-3.36445
-3.36476
-3.36445
-3.3643
-3.36415
-3.3643
-3.3646
-3.36476
-3.36491
-3.36476
-3.36476
-3.36445
-3.3646
-3.3646
-3.3643
-3.3643
-3.36415
-3.36415
-3.36415
-3.36415
-3.3643
-3.364
-3.364
-3.364
-3.364
-3.36416
-3.36431
-3.36401
-3.36431
-3.36386
-3.36355
-3.36416
-3.36401
-3.36401
-3.36371
-3.36371
-3.36371
-3.36356
-3.36341
-3.36341
-3.36356
-3.36356
-3.36356
-3.36356
-3.36386
-3.36401
-3.36401
-3.36417
-3.36432
-3.36417
-3.36447
-3.36462
-3.36477
-3.36432
-3.36432
-3.36432
-3.36387
-3.36387
-3.36371
-3.36387
-3.36387
-3.36356
-3.36356
-3.36356
-3.36341
-3.36326
-3.36326
-3.36372
-3.36387
-3.36402
-3.36447
-3.36462
-3.36432
-3.36417
-3.36387
-3.36372
-3.36356
-3.36341
-3.36326
-3.36341
-3.36341
-3.36326
-3.36326
-3.36356
-3.36371
-3.36371
-3.36387
-3.36402
-3.36417
-3.36432
-3.36417
-3.36402
-3.36371
-3.36356
-3.36341
-3.36356
-3.36371
-3.36356
-3.36341
-3.36295
-3.3631
-3.36295
-3.36265
-3.36265
-3.3625
-3.36235
-3.36265
-3.36265
-3.36235
-3.36219
-3.3625
-3.36235
-3.36204
-3.36189
-3.36189
-3.36159
-3.36159
-3.36159
-3.36159
-3.36174
-3.36113
-3.36113
-3.36113
-3.36098
-3.36083
-3.36068
-3.36068
-3.36098
-3.36143
-3.36143
-3.36098
-3.36098
-3.36098
-3.36083
-3.36083
-3.36068
-3.36023
-3.36023
-3.36007
-3.36038
-3.36038
-3.36038
-3.36053
-3.36068
-3.36083
-3.36098
-3.36083
-3.36098
-3.36128
-3.36113
-3.36159
-3.36174
-3.36159
-3.36159
-3.36144
-3.36159
-3.36159
-3.36159
-3.36174
-3.36174
-3.36099
-3.36083
-3.36099
-3.36099
-3.36053
-3.36038
-3.36023
-3.36038
-3.36053
-3.36069
-3.36099
-3.36129
-3.36129
-3.36114
-3.36144
-3.36159
-3.36159
-3.36144
-3.3619
-3.3622
-3.36205
-3.3619
-3.36235
-3.36265
-3.36281
-3.36296
-3.36265
-3.36296
-3.36311
-3.36296
-3.36265
-3.3625
-3.36266
-3.36296
-3.36311
-3.36296
-3.36341
-3.36386
-3.36386
-3.36386
-3.36386
-3.36371
-3.36356
-3.36341
-3.36326
-3.36326
-3.36326
-3.36326
-3.36311
-3.36326
-3.36341
-3.36356
-3.36371
-3.36401
-3.36386
-3.36416
-3.36416
-3.36386
-3.36386
-3.36401
-3.36416
-3.36401
-3.36401
-3.36386
-3.36401
-3.36431
-3.36431
-3.36401
-3.36401
-3.36401
-3.36446
-3.36431
-3.36446
-3.36446
-3.36416
-3.36355
-3.3634
-3.36355
-3.36371
-3.36355
-3.36355
-3.36325
-3.3631
-3.3637
-3.3634
-3.36325
-3.3631
-3.3631
-3.3634
-3.3634
-3.3631
-3.3631
-3.3634
-3.3637
-3.36386
-3.3637
-3.36386
-3.36401
-3.36401
-3.36416
-3.36416
-3.36416
-3.36401
-3.36386
-3.36371
-3.36355
-3.36355
-3.36386
-3.36371
-3.36386
-3.36401
-3.36386
-3.36386
-3.36401
-3.36431
-3.36401
-3.36386
-3.36386
-3.36386
-3.36431
-3.36431
-3.36401
-3.36371
-3.36371
-3.36401
-3.36416
-3.36401
-3.36416
-3.36447
-3.36431
-3.36386
-3.36416
-3.36416
-3.36432
-3.36416
-3.36386
-3.36356
-3.36371
-3.36386
-3.36447
-3.36432
-3.36462
-3.36462
-3.36462
-3.36522
-3.36537
-3.36522
-3.36537
-3.36568
-3.36583
-3.36583
-3.36568
-3.36568
-3.36537
-3.36568
-3.36553
-3.36568
-3.36553
-3.36553
-3.36537
-3.36522
-3.36522
-3.36522
-3.36552
-3.36583
-3.36598
-3.36567
-3.36537
-3.36507
-3.36492
-3.36492
-3.36492
-3.36492
-3.36492
-3.36492
-3.36476
-3.36537
-3.36522
-3.36491
-3.36461
-3.36461
-3.36461
-3.36446
-3.364
-3.36415
-3.364
-3.36385
-3.36385
-3.36415
-3.36415
-3.36385
-3.36385
-3.36385
-3.36385
-3.3637
-3.36385
-3.36385
-3.36385
-3.36385
-3.36355
-3.3634
-3.36325
-3.36325
-3.36309
-3.36309
-3.36309
-3.3634
-3.36325
-3.36309
-3.3631
-3.36249
-3.36249
-3.36234
-3.36219
-3.36189
-3.36159
-3.36174
-3.36174
-3.36159
-3.36159
-3.36159
-3.36159
-3.36159
-3.36129
-3.36144
-3.36114
-3.36099
-3.36068
-3.36068
-3.36053
-3.36023
-3.36023
-3.36038
-3.36008
-3.36008
-3.35993
-3.35993
-3.35993
-3.36008
-3.36038
-3.36069
-3.36039
-3.36039
-3.36054
-3.36039
-3.36008
-3.36024
-3.36039
-3.36054
-3.36069
-3.36084
-3.36129
-3.36099
-3.36099
-3.36099
-3.36114
-3.36114
-3.36114
-3.36114
-3.36114
-3.36099
-3.36114
-3.36114
-3.36129
-3.36145
-3.36129
-3.36129
-3.36145
-3.36205
-3.3622
-3.3622
-3.36205
-3.3619
-3.3619
-3.36205
-3.36265
-3.3625
-3.3628
-3.36295
-3.36265
-3.3628
-3.36295
-3.3628
-3.36295
-3.36295
-3.3628
-3.36265
-3.3628
-3.36295
-3.3631
-3.36325
-3.36325
-3.36341
-3.36325
-3.3631
-3.3631
-3.36371
-3.36386
-3.36401
-3.36386
-3.36386
-3.36386
-3.36386
-3.36371
-3.36371
-3.36371
-3.3637
-3.3637
-3.3637
-3.36385
-3.36401
-3.36401
-3.36401
-3.36385
-3.36355
-3.36385
-3.36385
-3.3634
-3.3634
-3.3634
-3.36355
-3.36385
-3.36416
-3.36416
-3.36431
-3.36446
-3.36461
-3.36431
-3.36461
-3.36446
-3.36446
-3.36431
-3.36446
-3.36506
-3.36506
-3.36491
-3.36491
-3.36506
-3.36476
-3.36491
-3.36476
-3.36476
-3.36491
-3.36476
-3.36491
-3.36521
-3.36521
-3.36537
-3.36552
-3.36567
-3.36552
-3.36552
-3.36552
-3.36567
-3.36582
-3.36552
-3.36582
-3.36567
-3.36537
-3.36522
-3.36522
-3.36507
-3.36522
-3.36492
-3.36567
-3.36582
-3.36567
-3.36597
-3.36597
-3.36628
-3.36613
-3.36628
-3.36658
-3.36658
-3.36643
-3.36643
-3.36628
-3.36658
-3.36658
-3.36658
-3.36673
-3.36688
-3.36658
-3.36688
-3.36704
-3.36688
-3.36673
-3.36658
-3.36598
-3.36598
-3.36613
-3.36598
-3.36598
-3.36598
-3.36598
-3.36583
-3.36583
-3.36658
-3.36643
-3.36613
-3.36613
-3.36628
-3.36598
-3.36643
-3.36628
-3.36643
-3.36658
-3.36643
-3.36643
-3.36628
-3.36628
-3.36628
-3.36658
-3.36628
-3.36643
-3.36583
-3.36583
-3.36583
-3.36613
-3.36613
-3.36628
-3.36643
-3.36628
-3.36628
-3.36628
-3.36688
-3.36597
-3.36613
-3.36658
-3.36658
-3.36643
-3.36658
-3.36658
-3.36673
-3.36688
-3.36688
-3.36703
-3.36688
-3.36688
-3.36718
-3.36703
-3.36688
-3.36672
-3.36672
-3.36672
-3.36703
-3.36672
-3.36672
-3.36627
-3.36642
-3.36627
-3.36672
-3.36672
-3.36672
-3.36672
-3.36627
-3.36597
-3.36597
-3.36657
-3.36642
-3.36642
-3.36642
-3.36657
-3.36657
-3.36687
-3.36702
-3.36702
-3.36687
-3.36702
-3.36733
-3.36717
-3.36702
-3.36702
-3.36687
-3.36687
-3.36687
-3.36718
-3.36733
-3.36718
-3.36718
-3.36718
-3.36733
-3.36718
-3.36718
-3.36733
-3.36733
-3.36763
-3.36778
-3.36763
-3.36793
-3.36808
-3.36793
-3.36808
-3.36823
-3.36808
-3.36839
-3.36869
-3.36884
-3.36899
-3.36884
-3.36869
-3.36839
-3.36808
-3.36823
-3.36808
-3.36778
-3.36793
-3.36778
-3.36778
-3.36793
-3.36808
-3.36778
-3.36778
-3.36778
-3.36793
-3.36778
-3.36763
-3.36763
-3.36778
-3.36778
-3.36778
-3.36793
-3.36763
-3.36748
-3.36748
-3.36748
-3.36748
-3.36748
-3.36748
-3.36748
-3.36778
-3.36794
-3.36778
-3.36748
-3.36733
-3.36718
-3.36733
-3.36748
-3.36733
-3.36748
-3.36779
-3.36763
-3.36763
-3.36779
-3.36794
-3.36824
-3.36794
-3.36809
-3.36809
-3.36809
-3.36809
-3.36779
-3.36794
-3.36764
-3.36733
-3.36779
-3.36824
-3.36824
-3.36794
-3.36749
-3.36748
-3.36764
-3.36779
-3.36794
-3.36809
-3.36824
-3.36809
-3.36869
-3.36869
-3.36854
-3.36839
-3.36839
-3.36839
-3.36809
-3.36809
-3.36809
-3.36809
-3.36794
-3.36809
-3.36839
-3.36839
-3.36809
-3.36824
-3.36869
-3.36869
-3.36869
-3.36869
-3.36884
-3.36899
-3.36914
-3.36929
-3.36944
-3.36944
-3.36929
-3.36914
-3.36869
-3.36869
-3.36869
-3.36884
-3.36899
-3.36899
-3.36899
-3.36929
-3.36929
-3.36884
-3.36884
-3.36884
-3.36929
-3.36914
-3.36929
-3.36914
-3.36914
-3.36914
-3.36929
-3.36914
-3.36944
-3.36944
-3.36944
-3.36914
-3.36914
-3.36929
-3.36929
-3.36929
-3.36899
-3.36883
-3.36899
-3.36884
-3.36884
-3.36884
-3.36914
-3.36929
-3.36959
-3.36959
-3.36989
-3.36989
-3.36959
-3.36959
-3.36944
-3.36914
-3.36914
-3.36929
-3.36899
-3.36899
-3.36914
-3.36914
-3.36884
-3.36899
-3.36914
-3.36944
-3.36914
-3.36944
-3.36974
-3.36959
-3.36944
-3.36944
-3.36914
-3.36884
-3.36869
-3.36899
-3.36884
-3.36884
-3.36899
-3.36884
-3.36884
-3.36839
-3.36808
-3.36808
-3.36808
-3.36823
-3.36869
-3.36869
-3.36869
-3.36899
-3.36884
-3.36869
-3.36884
-3.36884
-3.36869
-3.36884
-3.36884
-3.36899
-3.36869
-3.36884
-3.36899
-3.36899
-3.36899
-3.36884
-3.36884
-3.36884
-3.36899
-3.36884
-3.36883
-3.36883
-3.36868
-3.36868
-3.36884
-3.36914
-3.36899
-3.36914
-3.36914
-3.36899
-3.36899
-3.36914
-3.36929
-3.36944
-3.36944
-3.36929
-3.36944
-3.36959
-3.36974
-3.36959
-3.36944
-3.36929
-3.36944
-3.36944
-3.36944
-3.36959
-3.36929
-3.36914
-3.36929
-3.36929
-3.36899
-3.36914
-3.36929
-3.36899
-3.36868
-3.36868
-3.36823
-3.36808
-3.36808
-3.36823
-3.36823
-3.36823
-3.36823
-3.36808
-3.36793
-3.36763
-3.36748
-3.36763
-3.36748
-3.36763
-3.36763
-3.36823
-3.36808
-3.36808
-3.36808
-3.36838
-3.36823
-3.36808
-3.36808
-3.36823
-3.36823
-3.36778
-3.36763
-3.36778
-3.36808
-3.36793
-3.36808
-3.36808
-3.36808
-3.36808
-3.36808
-3.36823
-3.36854
-3.36854
-3.36854
-3.36869
-3.36869
-3.36869
-3.36854
-3.36838
-3.36838
-3.36838
-3.36854
-3.36823
-3.36854
-3.36854
-3.36854
-3.36838
-3.36854
-3.36854
-3.36823
-3.36793
-3.36793
-3.36793
-3.36808
-3.36793
-3.36793
-3.36793
-3.36808
-3.36823
-3.36823
-3.36823
-3.36808
-3.36823
-3.36808
-3.36808
-3.36823
-3.36808
-3.36808
-3.36778
-3.36793
-3.36808
-3.36838
-3.36838
-3.36808
-3.36793
-3.36778
-3.36778
-3.36748
-3.36748
-3.36747
-3.36747
-3.36687
-3.36672
-3.36672
-3.36672
-3.36672
-3.36672
-3.36732
-3.36717
-3.36732
-3.36762
-3.36793
-3.36793
-3.36793
-3.36792
-3.36792
-3.36792
-3.36777
-3.36792
-3.36838
-3.36868
-3.36868
-3.36868
-3.36868
-3.36838
-3.36838
-3.36823
-3.36792
-3.36792
-3.36792
-3.36762
-3.36762
-3.36762
-3.36762
-3.36762
-3.36853
-3.36868
-3.36837
-3.36822
-3.36837
-3.36837
-3.36837
-3.36868
-3.36837
-3.36822
-3.36792
-3.36777
-3.36762
-3.36762
-3.36732
-3.36686
-3.36671
-3.36671
-3.36717
-3.36702
-3.36686
-3.36686
-3.36686
-3.36656
-3.36671
-3.36687
-3.36702
-3.36687
-3.36641
-3.36641
-3.36641
-3.36641
-3.36641
-3.36657
-3.36657
-3.36672
-3.36687
-3.36672
-3.36672
-3.36687
-3.36717
-3.36732
-3.36732
-3.36702
-3.36748
-3.36763
-3.36763
-3.36793
-3.36763
-3.36763
-3.36778
-3.36793
-3.36808
-3.36793
-3.36808
-3.36823
-3.36838
-3.36823
-3.36838
-3.36854
-3.36854
-3.36838
-3.36838
-3.36838
-3.36854
-3.36854
-3.36823
-3.36808
-3.36823
-3.36838
-3.36808
-3.36793
-3.36793
-3.36763
-3.36763
-3.36793
-3.36748
-3.36778
-3.36763
-3.36733
-3.36718
-3.36718
-3.36733
-3.36778
-3.36778
-3.36778
-3.36778
-3.36748
-3.36717
-3.36702
-3.36717
-3.36717
-3.36732
-3.36778
-3.36763
-3.36763
-3.36763
-3.36778
-3.36793
-3.36823
-3.36838
-3.36823
-3.36853
-3.36853
-3.36853
-3.36868
-3.36868
-3.36868
-3.36883
-3.36898
-3.36853
-3.36823
-3.36853
-3.36853
-3.36853
-3.36853
-3.36868
-3.36868
-3.36883
-3.36898
-3.36898
-3.36914
-3.36883
-3.36899
-3.36883
-3.36883
-3.36868
-3.36868
-3.36838
-3.36823
-3.36808
-3.36793
-3.36778
-3.36763
-3.36778
-3.36763
-3.36763
-3.36717
-3.36717
-3.36717
-3.36702
-3.36717
-3.36733
-3.36733
-3.36717
-3.36733
-3.36748
-3.36732
-3.36717
-3.36733
-3.36748
-3.36778
-3.36763
-3.36778
-3.36763
-3.36748
-3.36748
-3.36763
-3.36763
-3.36732
-3.36717
-3.36717
-3.36702
-3.36702
-3.36717
-3.36717
-3.36702
-3.36717
-3.36702
-3.36717
-3.36747
-3.36778
-3.36778
-3.36762
-3.36747
-3.36777
-3.36777
-3.36793
-3.36777
-3.36747
-3.36687
-3.36672
-3.36702
-3.36717
-3.36717
-3.36732
-3.36732
-3.36762
-3.36793
-3.36762
-3.36762
-3.36762
-3.36762
-3.36762
-3.36777
-3.36732
-3.36747
-3.36747
-3.36793
-3.36838
-3.36823
-3.36823
-3.36808
-3.36793
-3.36762
-3.36762
-3.36793
-3.36823
-3.36808
-3.36793
-3.36778
-3.36793
-3.36778
-3.36793
-3.36793
-3.36793
-3.36777
-3.36793
-3.36777
-3.36762
-3.36732
-3.36747
-3.36717
-3.36732
-3.36777
-3.36762
-3.36777
-3.36792
-3.36777
-3.36777
-3.36762
-3.36747
-3.36747
-3.36762
-3.36747
-3.36702
-3.36686
-3.36717
-3.36717
-3.36702
-3.36747
-3.36762
-3.36762
-3.36717
-3.36762
-3.36792
-3.36792
-3.36777
-3.36762
-3.36777
-3.36807
-3.36822
-3.36792
-3.36822
-3.36837
-3.36837
-3.36822
-3.36853
-3.36853
-3.36853
-3.36883
-3.36883
-3.36868
-3.36883
-3.36853
-3.36853
-3.36853
-3.36823
-3.36808
-3.36793
-3.36793
-3.36793
-3.36823
-3.36823
-3.36838
-3.36884
-3.36914
-3.36899
-3.36914
-3.36959
-3.36959
-3.36974
-3.36974
-3.3699
-3.37005
-3.3699
-3.37005
-3.36975
-3.36975
-3.36975
-3.36975
-3.36975
-3.3699
-3.36975
-3.3699
-3.37065
-3.3705
-3.3705
-3.3705
-3.3705
-3.37065
-3.37095
-3.37125
-3.37125
-3.37141
-3.37156
-3.37186
-3.37216
-3.37186
-3.37171
-3.3714
-3.37156
-3.37156
-3.37171
-3.37201
-3.37201
-3.37186
-3.37186
-3.37201
-3.37201
-3.37201
-3.37201
-3.37246
-3.37246
-3.37246
-3.37231
-3.37231
-3.37231
-3.37216
-3.37216
-3.37216
-3.37231
-3.372
-3.372
-3.37216
-3.37216
-3.37231
-3.37216
-3.37246
-3.37261
-3.37246
-3.37216
-3.372
-3.37216
-3.372
-3.3717
-3.3717
-3.37185
-3.37246
-3.37261
-3.37261
-3.37276
-3.37291
-3.37276
-3.37246
-3.37231
-3.37246
-3.37246
-3.37231
-3.37201
-3.37201
-3.3717
-3.3714
-3.3714
-3.3714
-3.37125
-3.3714
-3.37155
-3.37155
-3.37155
-3.37185
-3.37155
-3.3714
-3.37125
-3.3711
-3.3711
-3.3711
-3.37095
-3.37095
-3.3708
-3.3708
-3.37064
-3.37049
-3.37019
-3.37034
-3.37004
-3.37004
-3.37019
-3.37004
-3.37019
-3.37034
-3.37019
-3.37034
-3.37049
-3.37049
-3.37034
-3.37064
-3.3711
-3.37125
-3.37079
-3.37064
-3.37049
-3.37049
-3.37034
-3.37019
-3.37004
-3.36989
-3.36974
-3.36958
-3.36958
-3.36959
-3.36959
-3.36959
-3.36928
-3.36974
-3.36989
-3.36974
-3.36959
-3.36943
-3.36959
-3.36989
-3.36974
-3.37019
-3.36974
-3.36959
-3.36974
-3.36974
-3.37019
-3.37034
-3.37034
-3.37019
-3.37004
-3.37004
-3.37034
-3.37064
-3.37064
-3.37095
-3.37095
-3.37064
-3.37049
-3.37034
-3.3708
-3.37064
-3.37095
-3.3708
-3.3708
-3.37065
-3.37065
-3.3708
-3.3708
-3.37065
-3.3708
-3.3708
-3.3708
-3.37065
-3.3708
-3.3708
-3.37064
-3.37065
-3.37049
-3.37065
-3.3708
-3.37049
-3.37049
-3.37049
-3.37049
-3.37034
-3.37034
-3.37034
-3.37049
-3.37034
-3.37049
-3.37049
-3.37019
-3.37004
-3.36989
-3.36973
-3.36943
-3.36928
-3.36928
-3.36883
-3.36852
-3.36837
-3.36822
-3.36822
-3.36837
-3.36837
-3.36837
-3.36822
-3.36837
-3.36837
-3.36867
-3.36852
-3.36837
-3.36837
-3.36867
-3.36867
-3.36852
-3.36837
-3.36852
-3.36852
-3.36867
-3.36882
-3.36867
-3.36897
-3.36898
-3.36867
-3.36898
-3.36882
-3.36898
-3.36913
-3.36928
-3.36883
-3.36867
-3.36867
-3.36807
-3.36822
-3.36852
-3.36837
-3.36852
-3.36868
-3.36852
-3.36822
-3.36822
-3.36822
-3.36807
-3.36792
-3.36807
-3.36792
-3.36807
-3.36823
-3.36807
-3.36808
-3.36792
-3.36762
-3.36762
-3.36762
-3.36747
-3.36792
-3.36777
-3.36777
-3.36808
-3.36793
-3.36777
-3.36762
-3.36762
-3.36793
-3.36808
-3.36838
-3.36868
-3.36853
-3.36853
-3.36898
-3.36913
-3.36913
-3.36928
-3.36928
-3.36913
-3.36928
-3.36928
-3.36913
-3.36913
-3.36913
-3.36913
-3.36913
-3.36928
-3.36928
-3.36943
-3.36928
-3.36989
-3.37004
-3.36989
-3.37004
-3.36989
-3.37049
-3.37034
-3.37019
-3.36989
-3.36989
-3.37004
-3.37019
-3.37004
-3.37049
-3.37034
-3.37034
-3.37019
-3.37019
-3.37019
-3.36989
-3.36989
-3.37004
-3.37019
-3.37034
-3.37019
-3.37004
-3.37034
-3.37049
-3.3708
-3.37049
-3.37034
-3.37034
-3.37049
-3.37004
-3.36989
-3.37004
-3.37004
-3.37004
-3.36989
-3.36974
-3.36959
-3.37004
-3.37019
-3.37064
-3.37034
-3.37004
-3.37019
-3.37019
-3.37049
-3.37079
-3.37079
-3.37064
-3.37064
-3.37079
-3.37094
-3.37094
-3.37094
-3.37109
-3.37079
-3.37094
-3.37109
-3.37139
-3.37139
-3.37124
-3.37139
-3.37124
-3.37124
-3.37139
-3.37139
-3.37139
-3.37124
-3.37124
-3.37139
-3.37139
-3.37154
-3.37169
-3.372
-3.37185
-3.37185
-3.37154
-3.37124
-3.37139
-3.37109
-3.37064
-3.37049
-3.37034
-3.37019
-3.37004
-3.37004
-3.37004
-3.37064
-3.37064
-3.37094
-3.3711
-3.37125
-3.37079
-3.37064
-3.3711
-3.3714
-3.3711
-3.37125
-3.37094
-3.37094
-3.37064
-3.37064
-3.37064
-3.37049
-3.37019
-3.37004
-3.36989
-3.36974
-3.36989
-3.36943
-3.36943
-3.36974
-3.36974
-3.37004
-3.37004
-3.37034
-3.37079
-3.37094
-3.37094
-3.37094
-3.37109
-3.37109
-3.37125
-3.3714
-3.3717
-3.37155
-3.37185
-3.3717
-3.3717
-3.3717
-3.372
-3.372
-3.37215
-3.37215
-3.37185
-3.37185
-3.372
-3.37215
-3.37215
-3.3723
-3.3723
-3.37245
-3.3726
-3.37276
-3.37276
-3.37275
-3.37291
-3.37275
-3.3726
-3.37275
-3.3726
-3.37306
-3.37291
-3.37275
-3.37291
-3.37291
-3.37306
-3.37275
-3.37275
-3.37275
-3.37275
-3.37291
-3.37275
-3.3726
-3.37245
-3.37245
-3.37215
-3.37245
-3.3723
-3.37245
-3.37245
-3.37245
-3.3723
-3.372
-3.372
-3.372
-3.3723
-3.372
-3.37185
-3.37155
-3.37124
-3.37094
-3.37064
-3.37019
-3.37003
-3.37019
-3.37019
-3.37003
-3.37003
-3.37034
-3.37019
-3.36988
-3.36973
-3.36988
-3.36973
-3.36988
-3.36988
-3.36973
-3.36943
-3.36928
-3.36958
-3.36943
-3.36973
-3.36943
-3.36943
-3.36913
-3.36928
-3.36883
-3.36852
-3.36807
-3.36792
-3.36762
-3.36731
-3.36747
-3.36747
-3.36777
-3.36792
-3.36807
-3.36807
-3.36807
-3.36731
-3.36731
-3.36747
-3.36747
-3.36762
-3.36747
-3.36762
-3.36807
-3.36777
-3.36777
-3.36762
-3.36762
-3.36777
-3.36807
-3.36792
-3.36807
-3.36807
-3.36792
-3.36807
-3.36792
-3.36822
-3.36807
-3.36837
-3.36837
-3.36792
-3.36807
-3.36822
-3.36822
-3.36807
-3.36837
-3.36837
-3.36822
-3.36852
-3.36837
-3.36898
-3.36898
-3.36913
-3.36898
-3.36898
-3.36898
-3.36928
-3.36943
-3.36943
-3.36943
-3.36973
-3.36943
-3.36913
-3.36898
-3.36898
-3.36913
-3.36913
-3.36928
-3.36897
-3.36882
-3.36898
-3.36882
-3.36852
-3.36897
-3.36898
-3.36882
-3.36867
-3.36867
-3.36867
-3.36837
-3.36822
-3.36837
-3.36852
-3.36852
-3.36837
-3.36867
-3.36837
-3.36837
-3.36807
-3.36807
-3.36792
-3.36777
-3.36762
-3.36777
-3.36777
-3.36762
-3.36777
-3.36777
-3.36746
-3.36731
-3.36731
-3.36731
-3.36731
-3.36716
-3.36731
-3.36731
-3.36716
-3.36716
-3.36731
-3.36747
-3.36747
-3.36747
-3.36747
-3.36762
-3.36762
-3.36777
-3.36777
-3.36837
-3.36837
-3.36822
-3.36837
-3.36822
-3.36822
-3.36852
-3.36868
-3.36883
-3.36883
-3.36883
-3.36883
-3.36898
-3.36883
-3.36883
-3.36898
-3.36913
-3.36913
-3.36913
-3.36928
-3.36913
-3.36883
-3.36853
-3.36853
-3.36868
-3.36838
-3.36838
-3.36838
-3.36898
-3.36913
-3.36913
-3.36913
-3.36913
-3.36943
-3.36928
-3.36928
-3.36943
-3.36959
-3.36943
-3.36928
-3.36943
-3.36943
-3.36913
-3.36868
-3.36868
-3.36853
-3.36883
-3.36913
-3.36928
-3.36913
-3.36928
-3.36928
-3.36943
-3.36913
-3.36989
-3.36943
-3.36943
-3.36928
-3.36973
-3.36958
-3.36958
-3.36973
-3.36973
-3.36958
-3.36928
-3.36913
-3.36913
-3.36897
-3.36882
-3.36882
-3.36867
-3.36852
-3.36852
-3.36882
-3.36867
-3.36837
-3.36806
-3.36791
-3.36776
-3.36806
-3.36791
-3.36776
-3.36761
-3.36731
-3.36746
-3.36716
-3.36716
-3.36716
-3.36731
-3.36746
-3.36746
-3.36746
-3.36716
-3.36701
-3.36746
-3.36716
-3.36746
-3.36746
-3.36746
-3.36762
-3.36792
-3.36747
-3.36747
-3.36732
-3.36747
-3.36747
-3.36762
-3.36777
-3.36792
-3.36807
-3.36792
-3.36807
-3.36823
-3.36807
-3.36777
-3.36777
-3.36747
-3.36732
-3.36717
-3.36777
-3.36792
-3.36792
-3.36777
-3.36807
-3.36792
-3.36792
-3.36823
-3.36807
-3.36823
-3.36807
-3.36838
-3.36838
-3.36823
-3.36807
-3.36807
-3.36807
-3.36823
-3.36792
-3.36792
-3.36838
-3.36838
-3.36823
-3.36823
-3.36807
-3.36792
-3.36792
-3.36777
-3.36762
-3.36777
-3.36777
-3.36747
-3.36777
-3.36777
-3.36762
-3.36762
-3.36762
-3.36747
-3.36747
-3.36762
-3.36762
-3.36777
-3.36762
-3.36777
-3.36793
-3.36793
-3.36793
-3.36777
-3.36808
-3.36793
-3.36793
-3.36823
-3.36838
-3.36808
-3.36823
-3.36823
-3.36838
-3.36838
-3.36823
-3.36808
-3.36793
-3.36762
-3.36732
-3.36702
-3.36717
-3.36717
-3.36672
-3.36672
-3.36657
-3.36687
-3.36657
-3.36641
-3.36596
-3.36596
-3.36626
-3.36641
-3.36626
-3.36626
-3.36626
-3.36611
-3.36641
-3.36626
-3.36641
-3.36656
-3.36641
-3.36641
-3.36656
-3.36641
-3.36611
-3.36596
-3.36596
-3.36611
-3.36611
-3.36581
-3.36565
-3.3652
-3.3652
-3.3652
-3.36565
-3.36595
-3.3658
-3.36595
-3.3658
-3.3661
-3.36656
-3.36656
-3.36641
-3.36626
-3.36625
-3.3661
-3.3661
-3.3661
-3.36595
-3.36656
-3.36641
-3.3661
-3.36595
-3.3658
-3.3655
-3.36565
-3.36565
-3.3655
-3.36565
-3.36565
-3.36565
-3.3658
-3.36595
-3.3658
-3.3658
-3.3661
-3.3658
-3.36565
-3.3658
-3.36565
-3.3655
-3.36565
-3.36535
-3.3655
-3.3661
-3.3661
-3.36595
-3.36595
-3.3661
-3.36626
-3.36626
-3.36611
-3.36595
-3.36565
-3.3658
-3.36611
-3.36626
-3.36611
-3.36611
-3.36611
-3.36641
-3.36641
-3.36641
-3.36641
-3.36611
-3.36626
-3.36626
-3.36626
-3.36626
-3.36611
-3.36626
-3.36641
-3.36641
-3.36657
-3.36702
-3.36642
-3.36642
-3.36642
-3.36611
-3.36611
-3.36596
-3.36596
-3.36566
-3.36536
-3.36521
-3.36491
-3.36476
-3.36476
-3.36476
-3.36476
-3.36506
-3.36536
-3.36536
-3.36506
-3.36446
-3.36476
-3.36491
-3.36506
-3.36491
-3.36461
-3.36461
-3.36461
-3.36491
-3.36506
-3.36506
-3.36506
-3.36506
-3.36521
-3.36521
-3.36536
-3.36476
-3.36476
-3.36446
-3.36446
-3.36445
-3.36476
-3.36476
-3.36491
-3.3646
-3.3643
-3.36445
-3.3643
-3.3643
-3.36445
-3.364
-3.36385
-3.36385
-3.364
-3.36415
-3.3643
-3.36445
-3.3646
-3.3643
-3.36415
-3.364
-3.36384
-3.36384
-3.36384
-3.36384
-3.36354
-3.36339
-3.36354
-3.36339
-3.36339
-3.36339
-3.36309
-3.36369
-3.36354
-3.36339
-3.36324
-3.36324
-3.36309
-3.36309
-3.36309
-3.36339
-3.36355
-3.36355
-3.36355
-3.3637
-3.36415
-3.36415
-3.3646
-3.36475
-3.3646
-3.3643
-3.36415
-3.36415
-3.36445
-3.3643
-3.36445
-3.36445
-3.36445
-3.3646
-3.3649
-3.3649
-3.36521
-3.36521
-3.36475
-3.3649
-3.3649
-3.3649
-3.3649
-3.3649
-3.36521
-3.36521
-3.36536
-3.36566
-3.36566
-3.36566
-3.36596
-3.36581
-3.36596
-3.36596
-3.36611
-3.36672
-3.36657
-3.36657
-3.36657
-3.36672
-3.36672
-3.36672
-3.36672
-3.36672
-3.36672
-3.36687
-3.36702
-3.36702
-3.36702
-3.36687
-3.36687
-3.36687
-3.36657
-3.36657
-3.36702
-3.36672
-3.36657
-3.36656
-3.36641
-3.36656
-3.36656
-3.36641
-3.36611
-3.36596
-3.36581
-3.36581
-3.3655
-3.3655
-3.36566
-3.36566
-3.36596
-3.36596
-3.36611
-3.36565
-3.36565
-3.36581
-3.36611
-3.36611
-3.36596
-3.3658
-3.36596
-3.36611
-3.36626
-3.36611
-3.3658
-3.3658
-3.36565
-3.36596
-3.36611
-3.36626
-3.36596
-3.36611
-3.36611
-3.36611
-3.36626
-3.36656
-3.36626
-3.36626
-3.36641
-3.36641
-3.36626
-3.36656
-3.36717
-3.36732
-3.36702
-3.36671
-3.36656
-3.36687
-3.36687
-3.36687
-3.36702
-3.36656
-3.36656
-3.36672
-3.36626
-3.36657
-3.36657
-3.36641
-3.36626
-3.36626
-3.36626
-3.36596
-3.36596
-3.36581
-3.36581
-3.36566
-3.36566
-3.36566
-3.36566
-3.36581
-3.36551
-3.36551
-3.36521
-3.36521
-3.36581
-3.36626
-3.36642
-3.36657
-3.36687
-3.36672
-3.36702
-3.36702
-3.36747
-3.36747
-3.36747
-3.36717
-3.36717
-3.36732
-3.36747
-3.36747
-3.36732
-3.36717
-3.36732
-3.36732
-3.36717
-3.36762
-3.36747
-3.36762
-3.36747
-3.36762
-3.36747
-3.36747
-3.36717
-3.36702
-3.36702
-3.36687
-3.36641
-3.36641
-3.36656
-3.36687
-3.36671
-3.36671
-3.36671
-3.36687
-3.36641
-3.36626
-3.36626
-3.36626
-3.36641
-3.36656
-3.36641
-3.36656
-3.36672
-3.36672
-3.36702
-3.36747
-3.36762
-3.36762
-3.36732
-3.36702
-3.36672
-3.36672
-3.36626
-3.36596
-3.36566
-3.36581
-3.36551
-3.36566
-3.36611
-3.36641
-3.36657
-3.36657
-3.36702
-3.36717
-3.36717
-3.36702
-3.36732
-3.36747
-3.36747
-3.36747
-3.36762
-3.36762
-3.36777
-3.36808
-3.36808
-3.36808
-3.36792
-3.36792
-3.36823
-3.36823
-3.36853
-3.36853
-3.36853
-3.36898
-3.36883
-3.36883
-3.36883
-3.36898
-3.36883
-3.36898
-3.36898
-3.36898
-3.36883
-3.36868
-3.36853
-3.36853
-3.36868
-3.36868
-3.36898
-3.36898
-3.36883
-3.36883
-3.36898
-3.36898
-3.36913
-3.36913
-3.36898
-3.36883
-3.36883
-3.36868
-3.36852
-3.36868
-3.36852
-3.36852
-3.36852
-3.36852
-3.36883
-3.36913
-3.36913
-3.36837
-3.36837
-3.36838
-3.36853
-3.36853
-3.36838
-3.36868
-3.36868
-3.36868
-3.36853
-3.36838
-3.36838
-3.36823
-3.36807
-3.36823
-3.36808
-3.36777
-3.36777
-3.36762
-3.36762
-3.36732
-3.36732
-3.36702
-3.36717
-3.36687
-3.36717
-3.36732
-3.36732
-3.36702
-3.36717
-3.36702
-3.36702
-3.36717
-3.36687
-3.36702
-3.36702
-3.36732
-3.36762
-3.36762
-3.36762
-3.36762
-3.36747
-3.36762
-3.36747
-3.36762
-3.36777
-3.36762
-3.36732
-3.36747
-3.36762
-3.36777
-3.36777
-3.36732
-3.36747
-3.36747
-3.36747
-3.36747
-3.36732
-3.36732
-3.36686
-3.36641
-3.36656
-3.36626
-3.36626
-3.36656
-3.36671
-3.36656
-3.36641
-3.36641
-3.36656
-3.36686
-3.36671
-3.36686
-3.36686
-3.36686
-3.36671
-3.36686
-3.36702
-3.36671
-3.36686
-3.36702
-3.36702
-3.36702
-3.36747
-3.36762
-3.36762
-3.36762
-3.36732
-3.36747
-3.36732
-3.36717
-3.36717
-3.36717
-3.36702
-3.36717
-3.36717
-3.36702
-3.36702
-3.36747
-3.36732
-3.36717
-3.36702
-3.36702
-3.36687
-3.36687
-3.36687
-3.36672
-3.36656
-3.36641
-3.36656
-3.36656
-3.36672
-3.36656
-3.36656
-3.36687
-3.36717
-3.36702
-3.36702
-3.36687
-3.36687
-3.36687
-3.36717
-3.36717
-3.36732
-3.36732
-3.36717
-3.36732
-3.36717
-3.36702
-3.36702
-3.36717
-3.36717
-3.36687
-3.36702
-3.36687
-3.36657
-3.36672
-3.36702
-3.36717
-3.36748
-3.36732
-3.36732
-3.36763
-3.36732
-3.36733
-3.36763
-3.36763
-3.36793
-3.36823
-3.36808
-3.36793
-3.36808
-3.36763
-3.36717
-3.36733
-3.36702
-3.36718
-3.36687
-3.36672
-3.36627
-3.36627
-3.36627
-3.36657
-3.36672
-3.36672
-3.36672
-3.36657
-3.36657
-3.36627
-3.36642
-3.36642
-3.36627
-3.36642
-3.36642
-3.36657
-3.36642
-3.36626
-3.36657
-3.36687
-3.36657
-3.36672
-3.36657
-3.36657
-3.36657
-3.36672
-3.36687
-3.36672
-3.36702
-3.36687
-3.36687
-3.36672
-3.36672
-3.36702
-3.36702
-3.36702
-3.36702
-3.36671
-3.36641
-3.36656
-3.36671
-3.36626
-3.36596
-3.36581
-3.36581
-3.36581
-3.36596
-3.36671
-3.36671
-3.36686
-3.36671
-3.36686
-3.36686
-3.36656
-3.36671
-3.36656
-3.36656
-3.36671
-3.36686
-3.36716
-3.36716
-3.36762
-3.36747
-3.36716
-3.36732
-3.36701
-3.36701
-3.36701
-3.36701
-3.36701
-3.36701
-3.36732
-3.36732
-3.36747
-3.36762
-3.36762
-3.36747
-3.36762
-3.36762
-3.36777
-3.36777
-3.36792
-3.36792
-3.36777
-3.36777
-3.36792
-3.36792
-3.36762
-3.36747
-3.36716
-3.36686
-3.36656
-3.36641
-3.36641
-3.36641
-3.36656
-3.36656
-3.36656
-3.36671
-3.36686
-3.36671
-3.36641
-3.36626
-3.36611
-3.36611
-3.36596
-3.36596
-3.36596
-3.36611
-3.36611
-3.36611
-3.36611
-3.36611
-3.36581
-3.36596
-3.36596
-3.36596
-3.36596
-3.36581
-3.36611
-3.36611
-3.36596
-3.36581
-3.36596
-3.36566
-3.36566
-3.36566
-3.36566
-3.36536
-3.36536
-3.36536
-3.36551
-3.36536
-3.36506
-3.36521
-3.36536
-3.36566
-3.36551
-3.36566
-3.36566
-3.36551
-3.36551
-3.36536
-3.36536
-3.36551
-3.36566
-3.36551
-3.36581
-3.36581
-3.36581
-3.36581
-3.36581
-3.36596
-3.36596
-3.36566
-3.36581
-3.36627
-3.36657
-3.36611
-3.36627
-3.36596
-3.36611
-3.36611
-3.36611
-3.36627
-3.36657
-3.36642
-3.36627
-3.36626
-3.36626
-3.36611
-3.36626
-3.36611
-3.36642
-3.36657
-3.36642
-3.36657
-3.36672
-3.36717
-3.36732
-3.36717
-3.36717
-3.36687
-3.36672
-3.36672
-3.36657
-3.36642
-3.36687
-3.36732
-3.36747
-3.36778
-3.36793
-3.36793
-3.36823
-3.36868
-3.36868
-3.36868
-3.36853
-3.36853
-3.36823
-3.36853
-3.36883
-3.36898
-3.36929
-3.36959
-3.36944
-3.36944
-3.36944
-3.36929
-3.36914
-3.36914
-3.36944
-3.36989
-3.37019
-3.37034
-3.37019
-3.37019
-3.37019
-3.3705
-3.37065
-3.37095
-3.37095
-3.3708
-3.3708
-3.37065
-3.37065
-3.3705
-3.37019
-3.36989
-3.36974
-3.36959
-3.36959
-3.36959
-3.36959
-3.36959
-3.36944
-3.36959
-3.36944
-3.36898
-3.36853
-3.36853
-3.36853
-3.36838
-3.36838
-3.36838
-3.36823
-3.36838
-3.36808
-3.36763
-3.36763
-3.36748
-3.36778
-3.36793
-3.36763
-3.36763
-3.36778
-3.36748
-3.36748
-3.36763
-3.36793
-3.36763
-3.36763
-3.36748
-3.36748
-3.36748
-3.36763
-3.36793
-3.36793
-3.36823
-3.36838
-3.36808
-3.36808
-3.36808
-3.36778
-3.36763
-3.36748
-3.36732
-3.36717
-3.36763
-3.36747
-3.36717
-3.36687
-3.36687
-3.36687
-3.36687
-3.36702
-3.36702
-3.36717
-3.36717
-3.36687
-3.36657
-3.36672
-3.36656
-3.36641
-3.36672
-3.36687
-3.36717
-3.36717
-3.36702
-3.36702
-3.36702
-3.36671
-3.36671
-3.36656
-3.36656
-3.36686
-3.36671
-3.36641
-3.36626
-3.36641
-3.36641
-3.36626
-3.36641
-3.36641
-3.36671
-3.36671
-3.36671
-3.36671
-3.36656
-3.36656
-3.36656
-3.36641
-3.36641
-3.36641
-3.36641
-3.36626
-3.36672
-3.36672
-3.36672
-3.36672
-3.36672
-3.36657
-3.36627
-3.36627
-3.36597
-3.36597
-3.36597
-3.36581
-3.36612
-3.36612
-3.36642
-3.36612
-3.36582
-3.36551
-3.36582
-3.36597
-3.36612
-3.36597
-3.36612
-3.36627
-3.36612
-3.36612
-3.36582
-3.36567
-3.36567
-3.36552
-3.36567
-3.36567
-3.36552
-3.36582
-3.36567
-3.36597
-3.36627
-3.36582
-3.36536
-3.36551
-3.36551
-3.36551
-3.36521
-3.36536
-3.36536
-3.36536
-3.36536
-3.36582
-3.36582
-3.36582
-3.36582
-3.36581
-3.36551
-3.36536
-3.36581
-3.36581
-3.36597
-3.36597
-3.36597
-3.36612
-3.36581
-3.36551
-3.36596
-3.36581
-3.36596
-3.36596
-3.36581
-3.36581
-3.36566
-3.36536
-3.36536
-3.36521
-3.36566
-3.36581
-3.36611
-3.36626
-3.36596
-3.36596
-3.36596
-3.36581
-3.36566
-3.36536
-3.36536
-3.36505
-3.36505
-3.36505
-3.36521
-3.36551
-3.36551
-3.3649
-3.3646
-3.36445
-3.36445
-3.3643
-3.36415
-3.3643
-3.3646
-3.3646
-3.3646
-3.3643
-3.364
-3.364
-3.36415
-3.364
-3.364
-3.3643
-3.3643
-3.3643
-3.3646
-3.36445
-3.3643
-3.3643
-3.36445
-3.3646
-3.36445
-3.3646
-3.36476
-3.36476
-3.36476
-3.36476
-3.36491
-3.36521
-3.36536
-3.36506
-3.36506
-3.36506
-3.36506
-3.36506
-3.36536
-3.36536
-3.36536
-3.36521
-3.36521
-3.36552
-3.36536
-3.36536
-3.36552
-3.36521
-3.36506
-3.36476
-3.36476
-3.36491
-3.36491
-3.36491
-3.36461
-3.36431
-3.36431
-3.36416
-3.36416
-3.36446
-3.36461
-3.36461
-3.36461
-3.36476
-3.36476
-3.36476
-3.36476
-3.36476
-3.36476
-3.36491
-3.36461
-3.36476
-3.36491
-3.36491
-3.36476
-3.36491
-3.36491
-3.36491
-3.36491
-3.36461
-3.36415
-3.3643
-3.36446
-3.3643
-3.36446
-3.36461
-3.36461
-3.36461
-3.36476
-3.36461
-3.36446
-3.36415
-3.36415
-3.36446
-3.3643
-3.36445
-3.36445
-3.3643
-3.364
-3.36415
-3.36415
-3.364
-3.36415
-3.364
-3.36385
-3.364
-3.364
-3.3643
-3.364
-3.364
-3.36385
-3.3637
-3.36385
-3.3634
-3.36325
-3.36325
-3.36355
-3.364
-3.36415
-3.3643
-3.36445
-3.3643
-3.36415
-3.36415
-3.36385
-3.36385
-3.3637
-3.36385
-3.364
-3.3643
-3.36445
-3.36445
-3.36475
-3.36475
-3.36505
-3.36521
-3.36551
-3.3652
-3.36551
-3.36536
-3.36551
-3.36551
-3.36566
-3.36596
-3.36611
-3.36626
-3.36641
-3.36687
-3.36671
-3.36686
-3.36656
-3.36656
-3.36671
-3.36641
-3.36626
-3.36611
-3.36626
-3.36611
-3.36596
-3.36596
-3.36596
-3.36596
-3.36596
-3.36611
-3.36626
-3.36611
-3.36626
-3.36657
-3.36657
-3.36657
-3.36672
-3.36672
-3.36702
-3.36717
-3.36717
-3.36747
-3.36747
-3.36762
-3.36762
-3.36793
-3.36793
-3.36778
-3.36778
-3.36793
-3.36793
-3.36778
-3.36808
-3.36823
-3.36838
-3.36823
-3.36838
-3.36869
-3.36838
-3.36823
-3.36823
-3.36793
-3.36793
-3.36778
-3.36778
-3.36778
-3.36763
-3.36778
-3.36748
-3.36718
-3.36718
-3.36733
-3.36733
-3.36718
-3.36718
-3.36718
-3.36718
-3.36703
-3.36703
-3.36718
-3.36778
-3.36763
-3.36748
-3.36778
-3.36778
