1.09956
1.09872
1.09788
1.09706
1.09625
1.09546
1.09468
1.09393
1.09321
1.09252
1.09186
1.09124
1.09065
1.09012
1.08963
1.08918
1.0888
1.08846
1.08819
1.08798
1.08783
1.08774
1.08772
1.08777
1.0879
1.08809
1.08835
1.08869
1.08911
1.0896
1.09016
1.0908
1.09151
1.0923
1.09316
1.0941
1.0951
1.09618
1.09733
1.09854
1.09982
1.10117
1.10257
1.10403
1.10555
1.10713
1.10875
1.11042
1.11214
1.1139
1.11569
1.11752
1.11938
1.12127
1.12318
1.12512
1.12707
1.12904
1.13101
1.13299
1.13497
1.13695
1.13893
1.1409
1.14286
1.1448
1.14672
1.14862
1.1505
1.15235
1.15417
1.15595
1.1577
1.15941
1.16107
1.16269
1.16427
1.16579
1.16727
1.16869
1.17006
1.17137
1.17263
1.17383
1.17497
1.17605
1.17707
1.17803
1.17893
1.17977
1.18055
1.18127
1.18193
1.18253
1.18307
1.18356
1.18399
1.18437
1.1847
1.18497
1.1852
1.18537
1.1855
1.18559
1.18564
1.18565
1.18562
1.18556
1.18547
1.18535
1.1852
1.18503
1.18483
1.18462
1.18439
1.18414
1.18388
1.18361
1.18334
1.18305
1.18276
1.18247
1.18217
1.18188
1.18158
1.18128
1.18099
1.1807
1.18041
1.18013
1.17985
1.17958
1.17931
1.17905
1.17879
1.17854
1.17829
1.17804
1.1778
1.17756
1.17733
1.1771
1.17687
1.17665
1.17642
1.1762
1.17598
1.17576
1.17554
1.17531
1.17509
1.17487
1.17464
1.17441
1.17417
1.17393
1.17368
1.17343
1.17317
1.17291
1.17264
1.17235
1.17206
1.17176
1.17145
1.17112
1.17078
1.17043
1.17006
1.16968
1.16928
1.16886
1.16842
1.16796
1.16748
1.16698
1.16646
1.16591
1.16534
1.16474
1.16412
1.16347
1.16279
1.16208
1.16135
1.16058
1.15978
1.15896
1.1581
1.15721
1.15629
1.15534
1.15436
1.15334
1.1523
1.15122
1.15011
1.14898
1.14781
1.14662
1.1454
1.14416
1.14288
1.14159
1.14027
1.13893
1.13756
1.13619
1.13479
1.13338
1.13195
1.13051
1.12906
1.1276
1.12613
1.12466
1.12319
1.12171
1.12024
1.11877
1.11731
1.11585
1.1144
1.11296
1.11154
1.11013
1.10874
1.10737
1.10603
1.1047
1.1034
1.10213
1.10089
1.09968
1.0985
1.09735
1.09624
1.09517
1.09414
1.09314
1.09219
1.09127
1.0904
1.08957
1.08879
1.08805
1.08736
1.08671
1.08611
1.08555
1.08504
1.08457
1.08415
1.08378
1.08345
1.08316
1.08292
1.08272
1.08257
1.08245
1.08238
1.08235
1.08236
1.0824
1.08248
1.0826
1.08276
1.08294
1.08316
1.0834
1.08368
1.08398
1.08431
1.08466
1.08503
1.08542
1.08583
1.08626
1.0867
1.08716
1.08762
1.0881
1.08859
1.08908
1.08958
1.09008
1.09058
1.09108
1.09158
1.09208
1.09257
1.09306
1.09354
1.09401
1.09447
1.09492
1.09536
1.09579
1.0962
1.09659
1.09697
1.09733
1.09768
1.098
1.0983
1.09858
1.09884
1.09908
1.09929
1.09947
1.09963
1.09976
1.09986
1.09994
1.09998
1.09999
1.09998
1.09992
1.09984
1.09972
1.09957
1.09938
1.09915
1.09889
1.09859
1.09825
1.09787
1.09746
1.097
1.0965
1.09596
1.09538
1.09475
1.09409
1.09338
1.09263
1.09184
1.09101
1.09014
1.08922
1.08826
1.08727
1.08623
1.08516
1.08405
1.08291
1.08173
1.08052
1.07929
1.07802
1.07673
1.07541
1.07407
1.07272
1.07135
1.06996
1.06857
1.06717
1.06577
1.06437
1.06297
1.06158
1.0602
1.05884
1.05749
1.05617
1.05487
1.0536
1.05236
1.05116
1.05
1.04888
1.04781
1.04679
1.04582
1.0449
1.04404
1.04325
1.04251
1.04184
1.04123
1.04069
1.04022
1.03982
1.03949
1.03924
1.03906
1.03895
1.03891
1.03895
1.03906
1.03925
1.03951
1.03984
1.04024
1.04071
1.04125
1.04185
1.04252
1.04326
1.04405
1.04491
1.04583
1.0468
1.04783
1.04891
1.05004
1.05122
1.05245
1.05373
1.05504
1.0564
1.0578
1.05923
1.0607
1.0622
1.06373
1.0653
1.06689
1.06851
1.07015
1.07182
1.07351
1.07522
1.07695
1.0787
1.08046
1.08225
1.08404
1.08585
1.08768
1.08951
1.09136
1.09321
1.09507
1.09694
1.09881
1.10069
1.10257
1.10445
1.10632
1.1082
1.11007
1.11194
1.1138
1.11566
1.1175
1.11933
1.12115
1.12295
1.12474
1.1265
1.12825
1.12998
1.13168
1.13335
1.135
1.13662
1.13821
1.13977
1.1413
1.14279
1.14425
1.14567
1.14706
1.1484
1.1497
1.15097
1.15219
1.15337
1.15451
1.15561
1.15666
1.15766
1.15863
1.15955
1.16042
1.16125
1.16204
1.16278
1.16348
1.16414
1.16475
1.16532
1.16586
1.16634
1.16679
1.16721
1.16758
1.16791
1.16821
1.16848
1.16871
1.16891
1.16907
1.16921
1.16932
1.16941
1.16947
1.1695
1.16952
1.16951
1.16949
1.16945
1.1694
1.16933
1.16925
1.16917
1.16907
1.16897
1.16886
1.16875
1.16864
1.16853
1.16842
1.16831
1.1682
1.1681
1.16801
1.16792
1.16783
1.16776
1.16769
1.16762
1.16757
1.16752
1.16747
1.16744
1.1674
1.16738
1.16735
1.16733
1.16731
1.16728
1.16726
1.16723
1.16719
1.16715
1.1671
1.16703
1.16696
1.16686
1.16675
1.16661
1.16646
1.16627
1.16607
1.16583
1.16556
1.16526
1.16492
1.16455
1.16414
1.1637
1.16321
1.16268
1.16211
1.16149
1.16084
1.16014
1.15939
1.15861
1.15778
1.1569
1.15599
1.15503
1.15403
1.15299
1.15191
1.15079
1.14964
1.14845
1.14722
1.14597
1.14468
1.14336
1.14202
1.14065
1.13926
1.13785
1.13641
1.13496
1.1335
1.13202
1.13053
1.12904
1.12753
1.12602
1.12451
1.123
1.12149
1.11998
1.11848
1.11698
1.11549
1.11401
1.11254
1.11109
1.10965
1.10823
1.10683
1.10545
1.10408
1.10274
1.10143
1.10014
1.09888
1.09765
1.09644
1.09527
1.09413
1.09302
1.09194
1.0909
1.0899
1.08893
1.088
1.0871
1.08624
1.08542
1.08463
1.08388
1.08317
1.0825
1.08186
1.08126
1.0807
1.08016
1.07967
1.07921
1.07878
1.07838
1.07801
1.07768
1.07737
1.07709
1.07684
1.07662
1.07642
1.07625
1.0761
1.07598
1.07588
1.0758
1.07575
1.07571
1.0757
1.0757
1.07573
1.07577
1.07584
1.07592
1.07602
1.07613
1.07627
1.07642
1.0766
1.07679
1.07699
1.07722
1.07746
1.07772
1.07799
1.07828
1.07859
1.07892
1.07926
1.07962
1.07999
1.08038
1.08078
1.0812
1.08163
1.08208
1.08254
1.08301
1.08349
1.08398
1.08448
1.085
1.08552
1.08604
1.08658
1.08711
1.08765
1.0882
1.08874
1.08928
1.08982
1.09035
1.09088
1.0914
1.09191
1.09242
1.09291
1.09338
1.09385
1.09429
1.09472
1.09513
1.09552
1.09589
1.09624
1.09656
1.09687
1.09715
1.09741
1.09764
1.09785
1.09804
1.09821
1.09835
1.09848
1.09858
1.09867
1.09874
1.09879
1.09883
1.09885
1.09887
1.09887
1.09886
1.09885
1.09883
1.0988
1.09877
1.09875
1.09872
1.09869
1.09866
1.09863
1.09861
1.09859
1.09858
1.09856
1.09855
1.09854
1.09853
1.09852
1.09852
1.0985
1.09849
1.09847
1.09845
1.09842
1.09837
1.09832
1.09826
1.09818
1.09808
1.09797
1.09783
1.09768
1.0975
1.0973
1.09707
1.09682
1.09654
1.09623
1.09589
1.09552
1.09513
1.0947
1.09424
1.09375
1.09322
1.09267
1.09209
1.09147
1.09083
1.09016
1.08946
1.08873
1.08797
1.08719
1.08638
1.08555
1.0847
1.08382
1.08292
1.082
1.08107
1.08011
1.07914
1.07815
1.07715
1.07613
1.07511
1.07407
1.07302
1.07196
1.07089
1.06982
1.06874
1.06766
1.06657
1.06548
1.06438
1.06328
1.06219
1.06109
1.05999
1.0589
1.0578
1.05671
1.05563
1.05455
1.05347
1.0524
1.05133
1.05028
1.04923
1.04819
1.04716
1.04614
1.04513
1.04413
1.04315
1.04218
1.04123
1.04029
1.03937
1.03847
1.03758
1.03672
1.03587
1.03505
1.03425
1.03348
1.03273
1.03202
1.03133
1.03067
1.03004
1.02945
1.02889
1.02837
1.02788
1.02744
1.02703
1.02667
1.02635
1.02608
1.02585
1.02567
1.02554
1.02546
1.02543
1.02546
1.02554
1.02568
1.02587
1.02611
1.02642
1.02678
1.0272
1.02768
1.02822
1.02882
1.02948
1.03019
1.03096
1.03179
1.03267
1.03361
1.0346
1.03565
1.03675
1.0379
1.03909
1.04033
1.04162
1.04295
1.04433
1.04574
1.04719
1.04868
1.0502
1.05176
1.05334
1.05496
1.0566
1.05827
1.05996
1.06167
1.06341
1.06516
1.06694
1.06873
1.07054
1.07236
1.07419
1.07604
1.0779
1.07977
1.08165
1.08355
1.08545
1.08736
1.08928
1.09121
1.09315
1.09509
1.09705
1.09901
1.10098
1.10296
1.10495
1.10694
1.10894
1.11095
1.11296
1.11498
1.11701
1.11904
1.12107
1.12311
1.12515
1.1272
1.12924
1.13129
1.13333
1.13537
1.13741
1.13944
1.14147
1.14349
1.1455
1.1475
1.14948
1.15145
1.1534
1.15534
1.15725
1.15914
1.161
1.16284
1.16465
1.16642
1.16816
1.16986
1.17152
1.17314
1.17471
1.17624
1.17772
1.17915
1.18053
1.18184
1.18311
1.18431
1.18545
1.18652
1.18752
1.18846
1.18933
1.19012
1.19084
1.19148
1.19204
1.19253
1.19293
1.19325
1.19349
1.19364
1.1937
1.19368
1.19357
1.19337
1.19308
1.1927
1.19223
1.19167
1.19102
1.19028
1.18944
1.18852
1.1875
1.1864
1.18521
1.18392
1.18255
1.1811
1.17956
1.17793
1.17623
1.17445
1.17259
1.17065
1.16864
1.16656
1.16442
1.16221
1.15994
1.15761
1.15523
1.15279
1.15032
1.1478
1.14524
1.14265
1.14003
1.13739
1.13473
1.13205
1.12937
1.12668
1.12399
1.1213
1.11863
1.11596
1.11332
1.11071
1.10812
1.10557
1.10305
1.10058
1.09816
1.09578
1.09346
1.0912
1.089
1.08686
1.08479
1.08279
1.08085
1.079
1.07721
1.0755
1.07387
1.07232
1.07084
1.06943
1.06811
1.06686
1.06569
1.06459
1.06356
1.06261
1.06172
1.0609
1.06015
1.05946
1.05883
1.05826
1.05774
1.05728
1.05686
1.0565
1.05618
1.0559
1.05565
1.05545
1.05528
1.05514
1.05503
1.05495
1.0549
1.05486
1.05485
1.05486
1.05489
1.05493
1.055
1.05507
1.05517
1.05528
1.0554
1.05554
1.0557
1.05587
1.05606
1.05627
1.0565
1.05675
1.05702
1.05732
1.05764
1.05799
1.05837
1.05878
1.05923
1.05971
1.06024
1.0608
1.06141
1.06207
1.06277
1.06353
1.06434
1.0652
1.06612
1.0671
1.06814
1.06925
1.07042
1.07165
1.07295
1.07431
1.07575
1.07725
1.07881
1.08045
1.08215
1.08392
1.08575
1.08765
1.08961
1.09163
1.09371
1.09585
1.09804
1.10028
1.10257
1.10491
1.10728
1.1097
1.11216
1.11465
1.11716
1.1197
1.12227
1.12485
1.12744
1.13005
1.13266
1.13528
1.1379
1.14051
1.14311
1.1457
1.14827
1.15082
1.15335
1.15586
1.15833
1.16077
1.16317
1.16553
1.16784
1.17011
1.17233
1.17449
1.1766
1.17865
1.18064
1.18256
1.18442
1.18621
1.18792
1.18956
1.19113
1.19262
1.19402
1.19535
1.1966
1.19775
1.19883
1.19981
1.20071
1.20152
1.20223
1.20286
1.20339
1.20382
1.20417
1.20442
1.20457
1.20463
1.2046
1.20447
1.20424
1.20392
1.2035
1.20299
1.20239
1.20169
1.2009
1.20001
1.19904
1.19797
1.19682
1.19558
1.19425
1.19283
1.19134
1.18975
1.18809
1.18635
1.18454
1.18265
1.18069
1.17866
1.17656
1.1744
1.17217
1.16989
1.16754
1.16515
1.1627
1.16021
1.15767
1.15509
1.15247
1.14982
1.14714
1.14443
1.1417
1.13895
1.13618
1.1334
1.13061
1.12782
1.12503
1.12224
1.11946
1.11668
1.11393
1.11119
1.10847
1.10578
1.10312
1.10049
1.09789
1.09534
1.09283
1.09036
1.08794
1.08557
1.08325
1.08099
1.07879
1.07664
1.07455
1.07253
1.07056
1.06866
1.06683
1.06506
1.06335
1.06171
1.06014
1.05862
1.05718
1.0558
1.05448
1.05322
1.05203
1.05089
1.04981
1.04879
1.04783
1.04692
1.04606
1.04525
1.04449
1.04378
1.04311
1.04248
1.0419
1.04135
1.04084
1.04036
1.03991
1.0395
1.03911
1.03875
1.03841
1.03809
1.0378
1.03753
1.03727
1.03703
1.03681
1.0366
1.03641
1.03623
1.03606
1.03591
1.03576
1.03563
1.03551
1.0354
1.0353
1.03521
1.03513
1.03507
1.03501
1.03497
1.03494
1.03493
1.03493
1.03494
1.03497
1.03502
1.03508
1.03517
1.03527
1.03539
1.03554
1.03571
1.0359
1.03612
1.03636
1.03663
1.03692
1.03724
1.03759
1.03797
1.03837
1.03881
1.03927
1.03976
1.04028
1.04083
1.04141
1.04201
1.04264
1.0433
1.04398
1.04469
1.04542
1.04617
1.04695
1.04774
1.04855
1.04938
1.05022
1.05107
1.05193
1.0528
1.05367
1.05455
1.05543
1.0563
1.05717
1.05804
1.05889
1.05973
1.06056
1.06136
1.06215
1.06291
1.06365
1.06436
1.06504
1.06568
1.06629
1.06685
1.06738
1.06786
1.06829
1.06868
1.06901
1.06929
1.06952
1.0697
1.06981
1.06987
1.06986
1.0698
1.06968
1.0695
1.06925
1.06894
1.06857
1.06814
1.06765
1.0671
1.06649
1.06582
1.0651
1.06432
1.06348
1.0626
1.06167
1.06069
1.05967
1.05861
1.05751
1.05638
1.05522
1.05403
1.05282
1.05159
1.05035
1.0491
1.04784
1.04658
1.04533
1.04408
1.04284
1.04162
1.04043
1.03926
1.03812
1.03701
1.03595
1.03493
1.03396
1.03304
1.03218
1.03138
1.03065
1.02998
1.02938
1.02886
1.02842
1.02805
1.02777
1.02756
1.02744
1.02741
1.02746
1.0276
1.02783
1.02814
1.02854
1.02902
1.02958
1.03023
1.03096
1.03176
1.03264
1.03359
1.03461
1.0357
1.03685
1.03806
1.03932
1.04064
1.04201
1.04342
1.04488
1.04637
1.04789
1.04945
1.05102
1.05262
1.05424
1.05587
1.05752
1.05917
1.06082
1.06248
1.06413
1.06578
1.06742
1.06906
1.07068
1.07228
1.07387
1.07544
1.077
1.07853
1.08004
1.08152
1.08298
1.08442
1.08582
1.08721
1.08856
1.08989
1.09118
1.09245
1.0937
1.09491
1.09609
1.09725
1.09838
1.09948
1.10056
1.10161
1.10263
1.10363
1.1046
1.10555
1.10647
1.10737
1.10824
1.1091
1.10993
1.11074
1.11154
1.11231
1.11306
1.1138
1.11452
1.11522
1.11591
1.11658
1.11724
1.11788
1.11851
1.11913
1.11973
1.12033
1.12091
1.12148
1.12204
1.12259
1.12313
1.12366
1.12419
1.1247
1.12521
1.12571
1.1262
1.12669
1.12716
1.12763
1.1281
1.12856
1.12901
1.12946
1.1299
1.13033
1.13076
1.13118
1.1316
1.13201
1.13242
1.13282
1.13322
1.13361
1.134
1.13438
1.13475
1.13512
1.13549
1.13584
1.1362
1.13655
1.13689
1.13723
1.13756
1.13788
1.1382
1.13851
1.13882
1.13911
1.1394
1.13968
1.13996
1.14022
1.14048
1.14072
1.14096
1.14118
1.14139
1.14159
1.14178
1.14195
1.14211
1.14225
1.14238
1.14249
1.14258
1.14266
1.14271
1.14274
1.14275
1.14274
1.14271
1.14265
1.14256
1.14245
1.14231
1.14214
1.14194
1.1417
1.14144
1.14115
1.14081
1.14045
1.14005
1.13961
1.13913
1.13861
1.13806
1.13746
1.13682
1.13614
1.13541
1.13464
1.13383
1.13297
1.13207
1.13112
1.13012
1.12908
1.12799
1.12685
1.12566
1.12443
1.12314
1.12181
1.12043
1.11901
1.11754
1.11602
1.11445
1.11284
1.11118
1.10948
1.10774
1.10596
1.10413
1.10227
1.10036
1.09842
1.09645
1.09444
1.0924
1.09033
1.08824
1.08612
1.08397
1.08181
1.07963
1.07743
1.07522
1.073
1.07078
1.06855
1.06632
1.06409
1.06186
1.05965
1.05744
1.05525
1.05307
1.05091
1.04877
1.04666
1.04458
1.04253
1.04051
1.03853
1.03658
1.03467
1.03281
1.03099
1.02921
1.02748
1.0258
1.02417
1.02259
1.02106
1.01959
1.01817
1.01681
1.0155
1.01425
1.01306
1.01193
1.01085
1.00984
1.00889
1.008
1.00716
1.0064
1.00569
1.00505
1.00447
1.00396
1.00351
1.00314
1.00283
1.0026
1.00244
1.00235
1.00234
1.00241
1.00257
1.0028
1.00312
1.00352
1.00401
1.00459
1.00525
1.00601
1.00687
1.00781
1.00885
1.00998
1.01121
1.01253
1.01394
1.01545
1.01704
1.01872
1.02049
1.02233
1.02426
1.02627
1.02834
1.03049
1.0327
1.03497
1.0373
1.03967
1.04209
1.04456
1.04705
1.04958
1.05214
1.05471
1.0573
1.0599
1.0625
1.06511
1.06771
1.0703
1.07287
1.07543
1.07797
1.08048
1.08297
1.08542
1.08783
1.0902
1.09254
1.09483
1.09707
1.09927
1.10141
1.1035
1.10553
1.10751
1.10942
1.11128
1.11307
1.11481
1.11647
1.11807
1.11961
1.12108
1.12248
1.12381
1.12507
1.12627
1.12739
1.12845
1.12943
1.13035
1.13119
1.13197
1.13267
1.13331
1.13388
1.13437
1.1348
1.13516
1.13546
1.13568
1.13584
1.13594
1.13597
1.13594
1.13585
1.13569
1.13548
1.13521
1.13489
1.13451
1.13407
1.13359
1.13306
1.13248
1.13185
1.13119
1.13048
1.12974
1.12896
1.12815
1.12731
1.12645
1.12556
1.12465
1.12372
1.12278
1.12183
1.12087
1.1199
1.11893
1.11796
1.117
1.11604
1.11509
1.11415
1.11323
1.11233
1.11144
1.11058
1.10974
1.10893
1.10815
1.1074
1.10668
1.106
1.10535
1.10473
1.10415
1.10361
1.1031
1.10264
1.1022
1.10181
1.10145
1.10112
1.10082
1.10056
1.10033
1.10013
1.09995
1.0998
1.09967
1.09956
1.09947
1.0994
1.09935
1.0993
1.09926
1.09923
1.09921
1.09919
1.09916
1.09914
1.09911
1.09907
1.09902
1.09896
1.09889
1.0988
1.0987
1.09858
1.09844
1.09828
1.0981
1.0979
1.09767
1.09741
1.09714
1.09683
1.0965
1.09615
1.09576
1.09535
1.09492
1.09446
1.09397
1.09346
1.09292
1.09235
1.09177
1.09116
1.09052
1.08987
1.0892
1.0885
1.08779
1.08707
1.08632
1.08556
1.08479
1.08401
1.08322
1.08242
1.08161
1.08079
1.07997
1.07914
1.07831
1.07748
1.07665
1.07582
1.075
1.07417
1.07335
1.07253
1.07172
1.07092
1.07012
1.06933
1.06855
1.06777
1.06701
1.06626
1.06552
1.06479
1.06407
1.06337
1.06268
1.062
1.06134
1.06069
1.06005
1.05944
1.05884
1.05826
1.0577
1.05716
1.05664
1.05615
1.05567
1.05522
1.0548
1.05441
1.05404
1.05371
1.0534
1.05313
1.0529
1.0527
1.05253
1.05241
1.05233
1.05229
1.0523
1.05235
1.05245
1.0526
1.0528
1.05305
1.05335
1.05371
1.05411
1.05458
1.05509
1.05566
1.05628
1.05696
1.05769
1.05848
1.05932
1.06021
1.06115
1.06215
1.06319
1.06428
1.06542
1.06661
1.06784
1.06911
1.07042
1.07178
1.07317
1.07459
1.07604
1.07753
1.07904
1.08058
1.08215
1.08373
1.08534
1.08696
1.0886
1.09024
1.0919
1.09357
1.09524
1.09692
1.0986
1.10028
1.10195
1.10362
1.10529
1.10695
1.10859
1.11023
1.11186
1.11346
1.11506
1.11663
1.11819
1.11972
1.12124
1.12273
1.1242
1.12565
1.12707
1.12846
1.12983
1.13118
1.13249
1.13378
1.13505
1.13628
1.13749
1.13867
1.13983
1.14096
1.14206
1.14314
1.1442
1.14523
1.14624
1.14722
1.14819
1.14913
1.15005
1.15096
1.15185
1.15272
1.15357
1.15441
1.15523
1.15604
1.15684
1.15762
1.15839
1.15915
1.15989
1.16063
1.16135
1.16206
1.16276
1.16345
1.16412
1.16478
1.16542
1.16606
1.16667
1.16727
1.16785
1.16841
1.16896
1.16948
1.16997
1.17045
1.1709
1.17132
1.17171
1.17208
1.17241
1.17271
1.17298
1.17321
1.17341
1.17356
1.17368
1.17377
1.17381
1.17381
1.17377
1.17369
1.17357
1.1734
1.17319
1.17294
1.17265
1.17232
1.17194
1.17152
1.17106
1.17056
1.17002
1.16944
1.16883
1.16817
1.16748
1.16676
1.166
1.1652
1.16438
1.16353
1.16264
1.16173
1.1608
1.15984
1.15885
1.15785
1.15682
1.15578
1.15472
1.15364
1.15256
1.15146
1.15035
1.14923
1.14811
1.14699
1.14586
1.14474
1.14362
1.1425
1.14139
1.14029
1.1392
1.13813
1.13707
1.13603
1.13502
1.13402
1.13305
1.13211
1.1312
1.13033
1.12949
1.12869
1.12792
1.1272
1.12652
1.12589
1.1253
1.12476
1.12427
1.12384
1.12346
1.12313
1.12286
1.12264
1.12248
1.12237
1.12233
1.12234
1.12241
1.12253
1.12272
1.12296
1.12325
1.1236
1.124
1.12445
1.12495
1.1255
1.1261
1.12674
1.12743
1.12816
1.12892
1.12972
1.13056
1.13142
1.13231
1.13323
1.13417
1.13513
1.13611
1.1371
1.1381
1.13911
1.14013
1.14115
1.14217
1.14319
1.14421
1.14522
1.14621
1.1472
1.14817
1.14912
1.15005
1.15096
1.15185
1.15271
1.15354
1.15434
1.15511
1.15585
1.15656
1.15723
1.15786
1.15846
1.15901
1.15953
1.16001
1.16045
1.16084
1.1612
1.16151
1.16178
1.16201
1.1622
1.16235
1.16246
1.16252
1.16255
1.16254
1.16249
1.16241
1.16228
1.16212
1.16193
1.1617
1.16145
1.16116
1.16084
1.16049
1.16011
1.15971
1.15928
1.15883
1.15835
1.15786
1.15734
1.15681
1.15626
1.15569
1.1551
1.1545
1.15389
1.15327
1.15264
1.152
1.15134
1.15068
1.15001
1.14934
1.14866
1.14797
1.14728
1.14659
1.14589
1.14519
1.14449
1.14378
1.14307
1.14236
1.14164
1.14093
1.14021
1.13949
1.13876
1.13804
1.13731
1.13658
1.13584
1.1351
1.13436
1.13362
1.13287
1.13212
1.13136
1.1306
1.12984
1.12907
1.1283
1.12753
1.12675
1.12597
1.12518
1.12439
1.1236
1.12281
1.12202
1.12122
1.12043
1.11964
1.11884
1.11805
1.11727
1.11648
1.1157
1.11493
1.11416
1.11341
1.11266
1.11192
1.1112
1.11048
1.10979
1.1091
1.10844
1.10779
1.10716
1.10655
1.10596
1.10539
1.10485
1.10432
1.10383
1.10335
1.1029
1.10248
1.10208
1.10171
1.10136
1.10104
1.10074
1.10046
1.10021
1.09999
1.09978
1.0996
1.09943
1.09929
1.09916
1.09905
1.09896
1.09888
1.09881
1.09875
1.09869
1.09865
1.09861
1.09857
1.09854
1.0985
1.09846
1.09842
1.09837
1.09831
1.09824
1.09817
1.09807
1.09796
1.09784
1.0977
1.09753
1.09735
1.09714
1.09691
1.09666
1.09638
1.09608
1.09575
1.09539
1.09501
1.0946
1.09416
1.0937
1.09321
1.09269
1.09214
1.09157
1.09098
1.09036
1.08972
1.08905
1.08837
1.08766
1.08694
1.0862
1.08544
1.08468
1.0839
1.08311
1.08231
1.08151
1.0807
1.07989
1.07908
1.07827
1.07747
1.07666
1.07587
1.07508
1.0743
1.07353
1.07277
1.07202
1.07129
1.07057
1.06986
1.06918
1.06851
1.06785
1.06722
1.0666
1.06599
1.06541
1.06484
1.06429
1.06375
1.06323
1.06272
1.06223
1.06175
1.06128
1.06083
1.06038
1.05994
1.05951
1.05909
1.05867
1.05826
1.05785
1.05745
1.05704
1.05663
1.05622
1.05582
1.0554
1.05499
1.05457
1.05414
1.05371
1.05327
1.05283
1.05238
1.05192
1.05145
1.05098
1.05049
1.05
1.04951
1.049
1.04849
1.04797
1.04745
1.04692
1.04638
1.04584
1.0453
1.04475
1.04421
1.04366
1.04312
1.04257
1.04203
1.0415
1.04097
1.04044
1.03993
1.03942
1.03893
1.03844
1.03797
1.03752
1.03707
1.03665
1.03624
1.03585
1.03548
1.03513
1.0348
1.03449
1.03421
1.03394
1.0337
1.03348
1.03329
1.03312
1.03297
1.03285
1.03274
1.03266
1.03261
1.03257
1.03256
1.03256
1.03259
1.03263
1.03269
1.03277
1.03286
1.03297
1.03309
1.03323
1.03337
1.03352
1.03368
1.03385
1.03402
1.0342
1.03438
1.03456
1.03475
1.03493
1.03511
1.03529
1.03547
1.03564
1.03581
1.03597
1.03613
1.03628
1.03642
1.03655
1.03668
1.0368
1.03691
1.03702
1.03711
1.0372
1.03728
1.03735
1.03742
1.03748
1.03753
1.03758
1.03762
1.03766
1.0377
1.03773
1.03776
1.03779
1.03782
1.03785
1.03788
1.03792
1.03796
1.038
1.03805
1.03811
1.03818
1.03825
1.03834
1.03843
1.03854
1.03866
1.0388
1.03895
1.03912
1.0393
1.0395
1.03972
1.03996
1.04021
1.04049
1.04079
1.0411
1.04144
1.04181
1.04219
1.0426
1.04303
1.04348
1.04396
1.04446
1.04498
1.04553
1.0461
1.04669
1.04731
1.04795
1.04861
1.04929
1.05
1.05073
1.05147
1.05224
1.05302
1.05383
1.05466
1.0555
1.05636
1.05724
1.05813
1.05903
1.05996
1.06089
1.06184
1.0628
1.06376
1.06474
1.06573
1.06672
1.06772
1.06872
1.06973
1.07074
1.07175
1.07276
1.07376
1.07477
1.07577
1.07676
1.07775
1.07873
1.0797
1.08065
1.08159
1.08252
1.08343
1.08433
1.0852
1.08606
1.08689
1.0877
1.08849
1.08925
1.08998
1.09068
1.09136
1.092
1.09262
1.0932
1.09375
1.09426
1.09474
1.09519
1.0956
1.09597
1.0963
1.0966
1.09686
1.09708
1.09726
1.09741
1.09752
1.09759
1.09762
1.09762
1.09757
1.0975
1.09738
1.09724
1.09706
1.09684
1.0966
1.09632
1.09602
1.09568
1.09532
1.09494
1.09453
1.0941
1.09365
1.09318
1.09269
1.09219
1.09167
1.09114
1.09061
1.09006
1.08951
1.08895
1.08839
1.08783
1.08727
1.08672
1.08617
1.08563
1.0851
1.08458
1.08407
1.08357
1.08309
1.08263
1.08218
1.08175
1.08135
1.08096
1.0806
1.08026
1.07994
1.07964
1.07937
1.07912
1.07889
1.07869
1.07851
1.07835
1.07821
1.0781
1.07801
1.07793
1.07788
1.07784
1.07782
1.07781
1.07781
1.07783
1.07785
1.07789
1.07793
1.07797
1.07802
1.07807
1.07811
1.07815
1.07819
1.07822
1.07824
1.07825
1.07825
1.07823
1.07819
1.07813
1.07806
1.07796
1.07783
1.07769
1.07751
1.07731
1.07708
1.07682
1.07652
1.07619
1.07583
1.07543
1.075
1.07454
1.07403
1.07349
1.07291
1.0723
1.07164
1.07095
1.07023
1.06946
1.06866
1.06783
1.06696
1.06605
1.06511
1.06414
1.06314
1.06211
1.06105
1.05996
1.05885
1.05771
1.05655
1.05537
1.05418
1.05296
1.05173
1.05049
1.04924
1.04797
1.0467
1.04543
1.04415
1.04287
1.04159
1.04031
1.03903
1.03776
1.0365
1.03524
1.034
1.03276
1.03154
1.03033
1.02913
1.02795
1.02678
1.02563
1.02449
1.02337
1.02227
1.02119
1.02012
1.01907
1.01804
1.01703
1.01603
1.01506
1.0141
1.01316
1.01224
1.01134
1.01046
1.0096
1.00876
1.00794
1.00715
1.00638
1.00564
1.00492
1.00424
1.00358
1.00296
1.00237
1.00182
1.00131
1.00084
1.00041
1.00003
0.999701
0.99942
0.999192
0.999019
0.998905
0.998852
0.998862
0.998938
0.99908
0.999293
0.999576
0.999933
1.00036
1.00087
1.00145
1.00211
1.00285
1.00367
1.00456
1.00553
1.00658
1.00771
1.00891
1.01018
1.01153
1.01294
1.01442
1.01597
1.01758
1.01925
1.02097
1.02275
1.02457
1.02644
1.02836
1.03031
1.03229
1.0343
1.03634
1.0384
1.04047
1.04256
1.04465
1.04675
1.04884
1.05093
1.053
1.05506
1.0571
1.05912
1.0611
1.06305
1.06497
1.06684
1.06867
1.07045
1.07218
1.07385
1.07546
1.07701
1.07849
1.07989
1.08123
1.08249
1.08368
1.08478
1.0858
1.08673
1.08758
1.08834
1.08901
1.08959
1.09007
1.09046
1.09076
1.09096
1.09106
1.09106
1.09097
1.09079
1.0905
1.09012
1.08965
1.08908
1.08843
1.08768
1.08684
1.08591
1.08491
1.08381
1.08265
1.0814
1.08008
1.0787
1.07724
1.07573
1.07416
1.07254
1.07087
1.06916
1.06741
1.06563
1.06381
1.06198
1.06013
1.05827
1.0564
1.05453
1.05267
1.05081
1.04898
1.04716
1.04536
1.0436
1.04187
1.04018
1.03853
1.03693
1.03538
1.03388
1.03244
1.03106
1.02974
1.02848
1.02728
1.02615
1.02509
1.0241
1.02317
1.02232
1.02153
1.02081
1.02016
1.01958
1.01906
1.01862
1.01823
1.01791
1.01765
1.01745
1.01732
1.01723
1.01721
1.01724
1.01733
1.01747
1.01766
1.01789
1.01818
1.01851
1.01889
1.01932
1.01979
1.0203
1.02085
1.02144
1.02208
1.02275
1.02346
1.0242
1.02499
1.02581
1.02666
1.02755
1.02847
1.02943
1.03041
1.03143
1.03248
1.03356
1.03467
1.03581
1.03698
1.03817
1.03939
1.04063
1.0419
1.04319
1.04451
1.04584
1.0472
1.04858
1.04997
1.05138
1.05281
1.05426
1.05571
1.05718
1.05866
1.06015
1.06166
1.06317
1.06469
1.06621
1.06774
1.06928
1.07081
1.07235
1.07389
1.07544
1.07698
1.07852
1.08006
1.08159
1.08313
1.08466
1.08618
1.08771
1.08923
1.09074
1.09225
1.09375
1.09525
1.09674
1.09823
1.09971
1.10118
1.10265
1.10412
1.10558
1.10703
1.10848
1.10992
1.11136
1.11279
1.11423
1.11565
1.11708
1.1185
1.11993
1.12135
1.12277
1.12418
1.1256
1.12702
1.12845
1.12987
1.1313
1.13274
1.13417
1.13561
1.13706
1.13852
1.13998
1.14145
1.14292
1.14441
1.1459
1.14741
1.14893
1.15045
1.15199
1.15355
1.15511
1.15669
1.15829
1.1599
1.16152
1.16316
1.16482
1.1665
1.16819
1.1699
1.17162
1.17337
1.17513
1.1769
1.1787
1.18051
1.18234
1.18419
1.18606
1.18794
1.18984
1.19175
1.19368
1.19562
1.19758
1.19955
1.20153
1.20353
1.20554
1.20756
1.20958
1.21162
1.21366
1.21571
1.21776
1.21982
1.22187
1.22393
1.22598
1.22804
1.23008
1.23212
1.23416
1.23618
1.2382
1.2402
1.24219
1.24416
1.24611
1.24804
1.24995
1.25184
1.2537
1.25553
1.25733
1.2591
1.26083
1.26253
1.26419
1.26582
1.2674
1.26894
1.27043
1.27188
1.27327
1.27462
1.27591
1.27715
1.27834
1.27946
1.28053
1.28154
1.28248
1.28336
1.28418
1.28493
1.28561
1.28622
1.28676
1.28723
1.28763
1.28796
1.28821
1.28838
1.28849
1.28851
1.28846
1.28833
1.28813
1.28785
1.28749
1.28705
1.28653
1.28594
1.28527
1.28452
1.28369
1.28279
1.28181
1.28076
1.27963
1.27842
1.27715
1.2758
1.27438
1.27289
1.27133
1.2697
1.268
1.26624
1.26442
1.26253
1.26058
1.25857
1.2565
1.25438
1.2522
1.24997
1.24769
1.24536
1.24298
1.24055
1.23808
1.23557
1.23302
1.23044
1.22781
1.22516
1.22247
1.21976
1.21701
1.21424
1.21145
1.20864
1.20582
1.20298
1.20012
1.19726
1.19439
1.19152
1.18864
1.18577
1.1829
1.18003
1.17718
1.17434
1.17152
1.16872
1.16594
1.16319
1.16047
1.15778
1.15513
1.15252
1.14995
1.14742
1.14495
1.14253
1.14016
1.13785
1.1356
1.13342
1.13129
1.12924
1.12725
1.12534
1.12349
1.12172
1.12002
1.11839
1.11683
1.11535
1.11393
1.11258
1.1113
1.11009
1.10894
1.10785
1.10681
1.10583
1.1049
1.10401
1.10317
1.10236
1.10159
1.10084
1.10012
1.09943
1.09874
1.09807
1.0974
1.09674
1.09607
1.09539
1.0947
1.094
1.09327
1.09252
1.09175
1.09094
1.09009
1.08921
1.08829
1.08733
1.08632
1.08527
1.08417
1.08302
1.08182
1.08057
1.07927
1.07791
1.07651
1.07505
1.07355
1.07199
1.07039
1.06874
1.06704
1.0653
1.06352
1.06171
1.05985
1.05796
1.05604
1.0541
1.05212
1.05013
1.04812
1.04609
1.04406
1.04201
1.03997
1.03792
1.03588
1.03385
1.03183
1.02982
1.02784
1.02589
1.02396
1.02206
1.02021
1.01839
1.01662
1.0149
1.01323
1.01162
1.01007
1.00858
1.00715
1.0058
1.00452
1.00331
1.00218
1.00113
1.00015
0.999263
0.998457
0.997737
0.997102
0.996555
0.996095
0.995723
0.99544
0.995245
0.995137
0.995117
0.995183
0.995333
0.995567
0.995884
0.996281
0.996758
0.997312
0.997941
0.998644
0.999417
1.00026
1.00117
1.00214
1.00317
1.00426
1.0054
1.0066
1.00785
1.00914
1.01047
1.01185
1.01327
1.01472
1.0162
1.01771
1.01926
1.02082
1.02241
1.02402
1.02564
1.02728
1.02894
1.0306
1.03228
1.03396
1.03564
1.03733
1.03901
1.0407
1.04238
1.04406
1.04573
1.04739
1.04905
1.05069
1.05232
1.05394
1.05554
1.05713
1.0587
1.06025
1.06178
1.06329
1.06478
1.06625
1.06769
1.06911
1.0705
1.07187
1.07321
1.07452
1.0758
1.07706
1.07828
1.07948
1.08064
1.08177
1.08287
1.08394
1.08498
1.08599
1.08696
1.0879
1.08881
1.08968
1.09053
1.09134
1.09212
1.09287
1.09359
1.09428
1.09495
1.09558
1.09619
1.09677
1.09733
1.09786
1.09838
1.09887
1.09935
1.09981
1.10026
1.10069
1.10111
1.10153
1.10194
1.10235
1.10275
1.10316
1.10357
1.10398
1.1044
1.10483
1.10528
1.10574
1.10621
1.10671
1.10722
1.10776
1.10833
1.10892
1.10954
1.11019
1.11087
1.11158
1.11233
1.11311
1.11393
1.11478
1.11567
1.1166
1.11756
1.11856
1.1196
1.12067
1.12178
1.12292
1.1241
1.12531
1.12655
1.12782
1.12912
1.13044
1.13178
1.13315
1.13453
1.13593
1.13735
1.13877
1.14021
1.14164
1.14308
1.14452
1.14596
1.14739
1.1488
1.15021
1.1516
1.15297
1.15432
1.15564
1.15693
1.15819
1.15942
1.16061
1.16176
1.16286
1.16392
1.16494
1.1659
1.16681
1.16766
1.16846
1.1692
1.16987
1.17049
1.17104
1.17152
1.17194
1.17229
1.17257
1.17278
1.17293
1.173
1.173
1.17293
1.17279
1.17258
1.1723
1.17196
1.17154
1.17106
1.17052
1.16991
1.16924
1.16852
1.16773
1.16689
1.166
1.16505
1.16406
1.16303
1.16195
1.16083
1.15968
1.1585
1.15729
1.15605
1.1548
1.15352
1.15223
1.15093
1.14961
1.1483
1.14698
1.14567
1.14435
1.14305
1.14176
1.14048
1.13922
1.13798
1.13676
1.13557
1.1344
1.13326
1.13215
1.13107
1.13003
1.12902
1.12804
1.12711
1.12622
1.12536
1.12454
1.12377
1.12304
1.12234
1.12169
1.12108
1.12052
1.11999
1.1195
1.11906
1.11865
1.11828
1.11795
1.11766
1.1174
1.11718
1.117
1.11684
1.11672
1.11663
1.11656
1.11653
1.11652
1.11653
1.11657
1.11662
1.1167
1.11679
1.1169
1.11702
1.11714
1.11728
1.11743
1.11757
1.11772
1.11787
1.11802
1.11816
1.1183
1.11843
1.11854
1.11865
1.11874
1.11881
1.11886
1.11889
1.11889
1.11887
1.11883
1.11875
1.11865
1.11851
1.11834
1.11814
1.11791
1.11763
1.11733
1.11698
1.1166
1.11618
1.11572
1.11523
1.1147
1.11413
1.11352
1.11288
1.11221
1.11149
1.11075
1.10998
1.10917
1.10833
1.10747
1.10658
1.10567
1.10473
1.10378
1.1028
1.10182
1.10081
1.0998
1.09878
1.09775
1.09672
1.09569
1.09466
1.09364
1.09262
1.09162
1.09063
1.08965
1.08869
1.08776
1.08684
1.08596
1.0851
1.08427
1.08347
1.08271
1.08199
1.0813
1.08066
1.08006
1.0795
1.07898
1.07852
1.0781
1.07772
1.0774
1.07712
1.07689
1.07671
1.07658
1.0765
1.07646
1.07647
1.07653
1.07663
1.07677
1.07696
1.07718
1.07745
1.07776
1.0781
1.07847
1.07888
1.07932
1.07979
1.08029
1.08081
1.08136
1.08193
1.08251
1.08311
1.08373
1.08436
1.08499
1.08564
1.08629
1.08695
1.08761
1.08827
1.08893
1.08958
1.09023
1.09088
1.09151
1.09214
1.09275
1.09335
1.09394
1.09451
1.09507
1.09561
1.09613
1.09663
1.09712
1.09758
1.09802
1.09844
1.09884
1.09922
1.09958
1.09991
1.10022
1.10051
1.10077
1.10102
1.10124
1.10144
1.10163
1.10179
1.10194
1.10206
1.10218
1.10227
1.10235
1.10242
1.10247
1.10252
1.10255
1.10258
1.1026
1.10262
1.10263
1.10264
1.10265
1.10266
1.10268
1.1027
1.10273
1.10277
1.10282
1.10288
1.10296
1.10305
1.10315
1.10328
1.10342
1.10359
1.10378
1.10399
1.10423
1.1045
1.1048
1.10512
1.10547
1.10586
1.10627
1.10672
1.1072
1.10771
1.10826
1.10884
1.10946
1.11011
1.11079
1.11151
1.11226
1.11304
1.11386
1.11471
1.11558
1.11649
1.11743
1.1184
1.11939
1.12041
1.12145
1.12252
1.1236
1.12471
1.12583
1.12698
1.12813
1.1293
1.13049
1.13168
1.13288
1.13408
1.13529
1.1365
1.13771
1.13891
1.14012
1.14131
1.1425
1.14368
1.14485
1.14601
1.14715
1.14827
1.14938
1.15047
1.15153
1.15257
1.15359
1.15459
1.15556
1.1565
1.15741
1.1583
1.15915
1.15998
1.16077
1.16153
1.16226
1.16296
1.16363
1.16427
1.16487
1.16544
1.16598
1.16649
1.16697
1.16742
1.16784
1.16823
1.16859
1.16893
1.16924
1.16953
1.1698
1.17004
1.17026
1.17046
1.17064
1.17081
1.17095
1.17109
1.17121
1.17132
1.17141
1.1715
1.17157
1.17164
1.1717
1.17175
1.1718
1.17184
1.17188
1.17191
1.17194
1.17197
1.17199
1.17201
1.17203
1.17204
1.17205
1.17206
1.17205
1.17205
1.17203
1.17201
1.17198
1.17193
1.17188
1.17181
1.17173
1.17164
1.17152
1.17139
1.17123
1.17106
1.17086
1.17063
1.17038
1.17009
1.16978
1.16943
1.16905
1.16864
1.16819
1.1677
1.16718
1.16661
1.166
1.16536
1.16467
1.16394
1.16316
1.16234
1.16148
1.16058
1.15963
1.15864
1.15761
1.15654
1.15543
1.15428
1.1531
1.15188
1.15063
1.14934
1.14803
1.14669
1.14532
1.14393
1.14252
1.14108
1.13964
1.13818
1.13671
1.13523
1.13374
1.13226
1.13077
1.12928
1.1278
1.12633
1.12486
1.12341
1.12197
1.12054
1.11913
1.11774
1.11637
1.11501
1.11368
1.11237
1.11109
1.10983
1.10859
1.10737
1.10618
1.10501
1.10387
1.10275
1.10165
1.10058
1.09953
1.0985
1.09749
1.0965
1.09553
1.09457
1.09364
1.09272
1.09182
1.09094
1.09007
1.08922
1.08838
1.08755
1.08674
1.08594
1.08516
1.08439
1.08363
1.08289
1.08216
1.08145
1.08075
1.08007
1.0794
1.07875
1.07812
1.0775
1.0769
1.07632
1.07576
1.07522
1.0747
1.07421
1.07373
1.07328
1.07284
1.07243
1.07205
1.07169
1.07135
1.07104
1.07075
1.07049
1.07025
1.07003
1.06985
1.06968
1.06955
1.06943
1.06934
1.06928
1.06924
1.06922
1.06922
1.06924
1.06929
1.06936
1.06945
1.06956
1.06968
1.06983
1.06999
1.07017
1.07037
1.07058
1.0708
1.07104
1.0713
1.07157
1.07185
1.07214
1.07244
1.07276
1.07308
1.07341
1.07376
1.07411
1.07447
1.07484
1.07522
1.0756
1.07599
1.07639
1.07679
1.07721
1.07763
1.07806
1.07849
1.07893
1.07938
1.07983
1.0803
1.08077
1.08125
1.08174
1.08224
1.08275
1.08327
1.08381
1.08436
1.08492
1.08549
1.08608
1.08669
1.08732
1.08796
1.08862
1.08931
1.09001
1.09074
1.09149
1.09227
1.09307
1.09389
1.09474
1.09562
1.09652
1.09745
1.09841
1.09939
1.1004
1.10143
1.10249
1.10357
1.10467
1.10579
1.10694
1.1081
1.10927
1.11045
1.11165
1.11285
1.11406
1.11527
1.11648
1.11768
1.11887
1.12005
1.12122
1.12237
1.12349
1.12458
1.12565
1.12668
1.12767
1.12862
1.12953
1.13039
1.1312
1.13195
1.13264
1.13328
1.13386
1.13437
1.13481
1.13519
1.13549
1.13573
1.1359
1.13599
1.13602
1.13597
1.13585
1.13565
1.13539
1.13506
1.13466
1.13419
1.13366
1.13307
1.13242
1.1317
1.13094
1.13012
1.12925
1.12833
1.12737
1.12636
1.12532
1.12424
1.12313
1.122
1.12083
1.11965
1.11845
1.11723
1.116
1.11477
1.11352
1.11228
1.11104
1.1098
1.10857
1.10735
1.10615
1.10496
1.10379
1.10264
1.10151
1.10041
1.09934
1.09831
1.0973
1.09633
1.0954
1.09451
1.09365
1.09284
1.09208
1.09136
1.09068
1.09005
1.08947
1.08894
1.08846
1.08803
1.08765
1.08732
1.08704
1.08681
1.08663
1.0865
1.08642
1.08639
1.08641
1.08647
1.08658
1.08672
1.08691
1.08714
1.08741
1.08772
1.08805
1.08842
1.08882
1.08925
1.0897
1.09017
1.09067
1.09118
1.0917
1.09224
1.09278
1.09333
1.09389
1.09444
1.095
1.09555
1.09609
1.09663
1.09715
1.09766
1.09816
1.09864
1.0991
1.09955
1.09996
1.10036
1.10073
1.10107
1.10139
1.10168
1.10194
1.10217
1.10237
1.10254
1.10267
1.10278
1.10285
1.10289
1.10289
1.10287
1.10281
1.10272
1.10259
1.10244
1.10225
1.10203
1.10177
1.10149
1.10118
1.10083
1.10046
1.10005
1.09962
1.09916
1.09867
1.09815
1.0976
1.09703
1.09643
1.0958
1.09515
1.09447
1.09377
1.09304
1.09229
1.09151
1.09071
1.08989
1.08904
1.08818
1.08729
1.08637
1.08544
1.08449
1.08351
1.08251
1.0815
1.08046
1.0794
1.07833
1.07724
1.07612
1.07499
1.07385
1.07268
1.07151
1.07031
1.0691
1.06788
1.06665
1.0654
1.06413
1.06286
1.06158
1.06029
1.05898
1.05768
1.05636
1.05504
1.05371
1.05238
1.05105
1.04971
1.04838
1.04705
1.04572
1.04439
1.04307
1.04176
1.04046
1.03916
1.03788
1.03661
1.03536
1.03412
1.03291
1.03171
1.03053
1.02938
1.02825
1.02715
1.02608
1.02505
1.02404
1.02307
1.02213
1.02124
1.02038
1.01956
1.01879
1.01807
1.01739
1.01676
1.01618
1.01565
1.01518
1.01476
1.0144
1.01409
1.01384
1.01366
1.01353
1.01347
1.01346
1.01352
1.01365
1.01384
1.01409
1.01441
1.0148
1.01525
1.01577
1.01635
1.017
1.01772
1.0185
1.01935
1.02026
1.02123
1.02227
1.02337
1.02453
1.02575
1.02702
1.02836
1.02975
1.03119
1.03269
1.03424
1.03584
1.03748
1.03917
1.04091
1.04268
1.0445
1.04635
1.04824
1.05016
1.05211
1.05409
1.05609
1.05812
1.06017
1.06223
1.06432
1.06641
1.06852
1.07063
1.07275
1.07488
1.077
1.07912
1.08124
1.08335
1.08546
1.08755
1.08963
1.0917
1.09375
1.09577
1.09778
1.09977
1.10173
1.10366
1.10557
1.10744
1.10929
1.1111
1.11288
1.11463
1.11634
1.11801
1.11965
1.12124
1.1228
1.12432
1.12579
1.12723
1.12862
1.12998
1.13129
1.13255
1.13378
1.13497
1.13611
1.13721
1.13826
1.13928
1.14025
1.14118
1.14207
1.14292
1.14373
1.1445
1.14523
1.14592
1.14657
1.14719
1.14777
1.14831
1.14881
1.14928
1.14972
1.15012
1.15049
1.15083
1.15114
1.15142
1.15167
1.15189
1.15208
1.15224
1.15238
1.15249
1.15258
1.15264
1.15268
1.1527
1.15269
1.15267
1.15262
1.15255
1.15247
1.15237
1.15225
1.15211
1.15196
1.15179
1.1516
1.1514
1.15119
1.15096
1.15072
1.15046
1.15019
1.14991
1.14961
1.1493
1.14898
1.14865
1.1483
1.14794
1.14756
1.14718
1.14677
1.14636
1.14593
1.14549
1.14503
1.14456
1.14407
1.14356
1.14304
1.1425
1.14195
1.14137
1.14078
1.14017
1.13954
1.13889
1.13823
1.13754
1.13683
1.1361
1.13535
1.13458
1.13379
1.13298
1.13215
1.1313
1.13043
1.12954
1.12864
1.12771
1.12677
1.12581
1.12484
1.12385
1.12284
1.12183
1.1208
1.11977
1.11872
1.11767
1.11661
1.11555
1.11449
1.11343
1.11237
1.11132
1.11027
1.10923
1.10821
1.10719
1.1062
1.10522
1.10425
1.10331
1.1024
1.10151
1.10065
1.09982
1.09902
1.09825
1.09752
1.09683
1.09618
1.09557
1.095
1.09448
1.094
1.09357
1.09318
1.09285
1.09256
1.09232
1.09213
1.09199
1.0919
1.09186
1.09187
1.09193
1.09203
1.09219
1.09239
1.09264
1.09293
1.09327
1.09365
1.09407
1.09452
1.09502
1.09554
1.09611
1.0967
1.09732
1.09797
1.09864
1.09933
1.10004
1.10077
1.10151
1.10227
1.10303
1.1038
1.10457
1.10535
1.10612
1.10689
1.10766
1.10842
1.10917
1.10991
1.11063
1.11134
1.11204
1.11271
1.11336
1.11399
1.11459
1.11517
1.11572
1.11625
1.11674
1.11721
1.11764
1.11804
1.11841
1.11875
1.11905
1.11931
1.11955
1.11974
1.1199
1.12003
1.12012
1.12017
1.12019
1.12017
1.12011
1.12002
1.1199
1.11974
1.11955
1.11933
1.11907
1.11878
1.11846
1.11811
1.11773
1.11733
1.11689
1.11643
1.11595
1.11544
1.1149
1.11435
1.11377
1.11317
1.11256
1.11193
1.11128
1.11062
1.10995
1.10926
1.10857
1.10786
1.10715
1.10643
1.10571
1.10498
1.10426
1.10353
1.1028
1.10207
1.10135
1.10063
1.09991
1.0992
1.0985
1.0978
1.09712
1.09644
1.09577
1.09512
1.09447
1.09384
1.09322
1.09261
1.09202
1.09144
1.09087
1.09032
1.08978
1.08926
1.08875
1.08825
1.08776
1.08729
1.08683
1.08638
1.08595
1.08552
1.08511
1.0847
1.08431
1.08392
1.08354
1.08316
1.0828
1.08243
1.08207
1.08172
1.08136
1.08101
1.08066
1.0803
1.07995
1.07959
1.07923
1.07886
1.07849
1.07812
1.07774
1.07735
1.07696
1.07655
1.07614
1.07572
1.07529
1.07485
1.0744
1.07394
1.07347
1.07299
1.0725
1.072
1.07149
1.07097
1.07044
1.06991
1.06937
1.06882
1.06827
1.06772
1.06716
1.0666
1.06604
1.06548
1.06492
1.06437
1.06382
1.06328
1.06275
1.06223
1.06173
1.06124
1.06076
1.06031
1.05988
1.05947
1.05909
1.05874
1.05841
1.05813
1.05787
1.05765
1.05747
1.05733
1.05724
1.05719
1.05718
1.05723
1.05732
1.05747
1.05767
1.05792
1.05823
1.05859
1.05901
1.05949
1.06003
1.06062
1.06128
1.06199
1.06277
1.0636
1.06449
1.06545
1.06646
1.06753
1.06866
1.06984
1.07108
1.07238
1.07372
1.07512
1.07657
1.07807
1.07961
1.0812
1.08283
1.08451
1.08622
1.08797
1.08976
1.09158
1.09343
1.09531
1.09721
1.09914
1.1011
1.10307
1.10506
1.10707
1.10908
1.11111
1.11315
1.11519
1.11724
1.11929
1.12133
1.12337
1.12541
1.12744
1.12946
1.13147
1.13347
1.13545
1.13741
1.13936
1.14128
1.14318
1.14506
1.14691
1.14874
1.15054
1.1523
1.15404
1.15575
1.15742
1.15906
1.16066
1.16223
1.16376
1.16525
1.1667
1.16812
1.1695
1.17083
1.17213
1.17339
1.1746
1.17578
1.17691
1.17801
1.17906
1.18008
1.18105
1.18198
1.18288
1.18373
1.18455
1.18533
1.18607
1.18678
1.18744
1.18808
1.18867
1.18924
1.18977
1.19026
1.19073
1.19116
1.19157
1.19194
1.19228
1.1926
1.19289
1.19315
1.19338
1.19359
1.19378
1.19394
1.19408
1.1942
1.19429
1.19437
1.19442
1.19446
1.19447
1.19447
1.19445
1.19441
1.19435
1.19428
1.19419
1.19408
1.19396
1.19382
1.19367
1.19351
1.19333
1.19314
1.19293
1.19271
1.19248
1.19224
1.19199
1.19172
1.19145
1.19117
1.19087
1.19057
1.19026
1.18993
1.18961
1.18927
1.18893
1.18858
1.18822
1.18786
1.1875
1.18713
1.18676
1.18638
1.186
1.18562
1.18524
1.18486
1.18448
1.1841
1.18371
1.18333
1.18295
1.18258
1.1822
1.18183
1.18146
1.1811
1.18073
1.18037
1.18002
1.17967
1.17932
1.17898
1.17864
1.17831
1.17798
1.17765
1.17734
1.17702
1.17671
1.17641
1.17611
1.17581
1.17552
1.17523
1.17495
1.17467
1.17439
1.17412
1.17385
1.17358
1.17331
1.17305
1.17278
1.17252
1.17226
1.172
1.17174
1.17149
1.17123
1.17098
1.17073
1.17048
1.17023
1.16998
1.16973
1.16948
1.16923
1.16899
1.16874
1.1685
1.16826
1.16802
1.16778
1.16754
1.16731
1.16707
1.16684
1.16662
1.16639
1.16617
1.16596
1.16574
1.16553
1.16533
1.16513
1.16493
1.16474
1.16455
1.16437
1.1642
1.16403
1.16387
1.16372
1.16357
1.16343
1.1633
1.16318
1.16307
1.16296
1.16287
1.16279
1.16271
1.16265
1.1626
1.16257
1.16254
1.16253
1.16253
1.16255
1.16258
1.16262
1.16268
1.16276
1.16285
1.16295
1.16308
1.16322
1.16338
1.16356
1.16375
1.16396
1.1642
1.16445
1.16472
1.16502
1.16533
1.16566
1.16602
1.16639
1.16679
1.16721
1.16766
1.16813
1.16862
1.16913
1.16967
1.17023
1.17082
1.17143
1.17207
1.17273
1.17343
1.17415
1.17489
1.17567
1.17647
1.1773
1.17816
1.17905
1.17997
1.18093
1.18191
1.18292
1.18397
1.18504
1.18615
1.18729
1.18846
1.18966
1.1909
1.19216
1.19346
1.19479
1.19615
1.19755
1.19897
1.20042
1.20191
1.20342
1.20496
1.20653
1.20813
1.20975
1.2114
1.21307
1.21476
1.21647
1.2182
1.21995
1.22172
1.22351
1.22531
1.22712
1.22895
1.23079
1.23263
1.23448
1.23634
1.23821
1.24007
1.24194
1.24381
1.24568
1.24754
1.24941
1.25126
1.25311
1.25496
1.25679
1.25861
1.26043
1.26222
1.26401
1.26578
1.26753
1.26926
1.27097
1.27266
1.27433
1.27597
1.27759
1.27919
1.28075
1.28229
1.28379
1.28526
1.2867
1.2881
1.28947
1.2908
1.29209
1.29333
1.29454
1.2957
1.29681
1.29788
1.29889
1.29986
1.30077
1.30163
1.30243
1.30318
1.30387
1.3045
1.30507
1.30557
1.30602
1.30639
1.30671
1.30695
1.30713
1.30724
1.30727
1.30724
1.30713
1.30695
1.3067
1.30637
1.30597
1.30549
1.30494
1.30431
1.3036
1.30281
1.30195
1.301
1.29998
1.29888
1.2977
1.29644
1.2951
1.29368
1.29218
1.2906
1.28894
1.2872
1.28538
1.28349
1.28151
1.27945
1.27732
1.27511
1.27282
1.27045
1.26801
1.26549
1.2629
1.26022
1.25748
1.25466
1.25177
1.2488
1.24576
1.24265
1.23947
1.23622
1.23291
1.22952
1.22607
1.22255
1.21897
1.21533
1.21162
1.20786
1.20403
1.20015
1.19622
1.19223
1.18819
1.1841
1.17997
1.17579
1.17157
1.16731
1.16302
1.1587
1.15435
1.14997
1.14558
1.14117
1.13675
1.13232
1.12789
1.12347
1.11906
1.11467
1.1103
1.10596
1.10167
1.09741
1.09321
1.08907
1.085
1.081
1.07709
1.07327
1.06955
1.06593
1.06243
1.05905
1.0558
1.05268
1.0497
1.04686
1.04417
1.04163
1.03925
1.03702
1.03495
1.03303
1.03127
1.02966
1.0282
1.02689
1.02572
1.0247
1.0238
1.02303
1.02238
1.02185
1.02142
1.02108
1.02084
1.02068
1.02059
1.02057
1.02061
1.02069
1.02082
1.02098
1.02118
1.02139
1.02162
1.02186
1.02211
1.02236
1.0226
1.02284
1.02306
1.02327
1.02346
1.02364
1.02379
1.02392
1.02403
1.02412
1.02419
1.02423
1.02424
1.02424
1.02422
1.02417
1.0241
1.02402
1.02392
1.02381
1.02369
1.02355
1.02341
1.02326
1.02311
1.02295
1.0228
1.02265
1.0225
1.02236
1.02223
1.02212
1.02201
1.02193
1.02186
1.02182
1.02179
1.0218
1.02183
1.02189
1.02198
1.02211
1.02227
1.02246
1.02269
1.02296
1.02327
1.02362
1.02402
1.02446
1.02494
1.02547
1.02605
1.02667
1.02734
1.02805
1.02882
1.02963
1.03049
1.0314
1.03236
1.03336
1.03441
1.03551
1.03666
1.03785
1.03909
1.04038
1.04171
1.04308
1.04449
1.04595
1.04744
1.04898
1.05055
1.05216
1.0538
1.05548
1.05719
1.05893
1.0607
1.0625
1.06433
1.06617
1.06805
1.06994
1.07185
1.07378
1.07573
1.07769
1.07966
1.08164
1.08363
1.08563
1.08763
1.08964
1.09164
1.09365
1.09565
1.09765
1.09964
1.10163
1.10361
1.10557
1.10752
1.10946
1.11138
1.11328
1.11517
1.11703
1.11887
1.12069
1.12248
1.12425
1.12598
1.12769
1.12937
1.13102
1.13263
1.13421
1.13576
1.13727
1.13874
1.14018
1.14158
1.14293
1.14425
1.14553
1.14676
1.14795
1.1491
1.1502
1.15126
1.15227
1.15324
1.15416
1.15503
1.15585
1.15663
1.15735
1.15803
1.15866
1.15924
1.15976
1.16024
1.16067
1.16104
1.16137
1.16164
1.16186
1.16202
1.16214
1.1622
1.16222
1.16218
1.16209
1.16194
1.16175
1.1615
1.16121
1.16086
1.16047
1.16002
1.15953
1.15899
1.1584
1.15777
1.15709
1.15636
1.1556
1.1548
1.15395
1.15307
1.15215
1.15121
1.15023
1.14922
1.14819
1.14713
1.14606
1.14498
1.14388
1.14277
1.14167
1.14056
1.13946
1.13837
1.13729
1.13624
1.13521
1.13421
1.13325
1.13233
1.13146
1.13064
1.12988
1.12918
1.12854
1.12798
1.12748
1.12707
1.12674
1.1265
1.12634
1.12626
1.12628
1.12639
1.12658
1.12687
1.12725
1.12771
1.12826
1.12888
1.12959
1.13038
1.13123
1.13216
1.13314
1.13419
1.13529
1.13643
1.13762
1.13885
1.1401
1.14138
1.14268
1.144
1.14532
1.14664
1.14797
1.14928
1.15058
1.15187
1.15313
1.15437
1.15557
1.15674
1.15787
1.15896
1.16
1.16099
1.16193
1.16281
1.16364
1.1644
1.1651
1.16574
1.16631
1.16681
1.16723
1.16759
1.16787
1.16808
1.16821
1.16826
1.16823
1.16813
1.16795
1.16769
1.16735
1.16693
1.16643
1.16585
1.1652
1.16447
1.16366
1.16277
1.16182
1.16078
1.15968
1.1585
1.15725
1.15594
1.15456
1.15311
1.15161
1.15004
1.14841
1.14673
1.14499
1.1432
1.14136
1.13947
1.13754
1.13557
1.13356
1.13152
1.12944
1.12733
1.12519
1.12303
1.12084
1.11864
1.11642
1.11418
1.11194
1.10968
1.10742
1.10516
1.1029
1.10064
1.09838
1.09613
1.09389
1.09167
1.08945
1.08726
1.08508
1.08292
1.08078
1.07867
1.07658
1.07453
1.0725
1.0705
1.06853
1.06659
1.06469
1.06282
1.061
1.05921
1.05745
1.05574
1.05407
1.05244
1.05085
1.0493
1.04779
1.04633
1.04492
1.04354
1.04221
1.04093
1.03969
1.0385
1.03735
1.03625
1.0352
1.03419
1.03322
1.03231
1.03144
1.03061
1.02983
1.0291
1.02841
1.02777
1.02717
1.02662
1.02612
1.02566
1.02524
1.02487
1.02455
1.02427
1.02403
1.02384
1.02369
1.02358
1.02352
1.0235
1.02352
1.02358
1.02368
1.02383
1.02401
1.02424
1.0245
1.0248
1.02514
1.02552
1.02594
1.02639
1.02688
1.02741
1.02797
1.02856
1.02919
1.02985
1.03054
1.03127
1.03203
1.03282
1.03364
1.03449
1.03537
1.03628
1.03721
1.03818
1.03918
1.0402
1.04125
1.04232
1.04342
1.04454
1.04569
1.04686
1.04806
1.04927
1.05051
1.05177
1.05305
1.05435
1.05567
1.05701
1.05837
1.05975
1.06114
1.06254
1.06397
1.0654
1.06685
1.06831
1.06978
1.07126
1.07275
1.07425
1.07575
1.07727
1.07878
1.0803
1.08182
1.08335
1.08487
1.0864
1.08792
1.08944
1.09095
1.09246
1.09396
1.09545
1.09693
1.0984
1.09986
1.10131
1.10274
1.10415
1.10555
1.10693
1.1083
1.10964
1.11097
1.11227
1.11355
1.11481
1.11604
1.11725
1.11844
1.1196
1.12074
1.12185
1.12293
1.12399
1.12502
1.12602
1.127
1.12795
1.12887
1.12977
1.13064
1.13149
1.13231
1.13311
1.13389
1.13464
1.13536
1.13607
1.13675
1.13741
1.13805
1.13867
1.13927
1.13985
1.14041
1.14096
1.14149
1.142
1.1425
1.14298
1.14344
1.14389
1.14433
1.14475
1.14515
1.14555
1.14592
1.14629
1.14664
1.14698
1.1473
1.14761
1.1479
1.14818
1.14845
1.1487
1.14893
1.14915
1.14935
1.14954
1.1497
1.14985
1.14998
1.15009
1.15018
1.15025
1.15029
1.15032
1.15032
1.1503
1.15026
1.15019
1.1501
1.14998
1.14984
1.14968
1.14949
1.14927
1.14903
1.14877
1.14848
1.14817
1.14784
1.14748
1.1471
1.1467
1.14628
1.14584
1.14538
1.1449
1.1444
1.14389
1.14336
1.14282
1.14226
1.14169
1.1411
1.14051
1.13991
1.13929
1.13867
1.13804
1.13741
1.13677
1.13613
1.13548
1.13482
1.13417
1.13351
1.13285
1.13218
1.13152
1.13085
1.13018
1.12951
1.12883
1.12815
1.12747
1.12678
1.1261
1.1254
1.1247
1.124
1.12329
1.12258
1.12186
1.12113
1.1204
1.11966
1.11892
1.11816
1.11741
1.11665
1.11588
1.11511
1.11433
1.11356
1.11278
1.112
1.11122
1.11044
1.10966
1.10889
1.10812
1.10736
1.10661
1.10586
1.10513
1.10441
1.1037
1.10301
1.10233
1.10166
1.10101
1.10037
1.09976
1.09916
1.09857
1.09801
1.09746
1.09693
1.09641
1.09591
1.09542
1.09494
1.09448
1.09402
1.09358
1.09314
1.09271
1.09228
1.09186
1.09144
1.09102
1.0906
1.09018
1.08975
1.08932
1.08888
1.08843
1.08797
1.0875
1.08701
1.08652
1.08601
1.08549
1.08495
1.0844
1.08383
1.08325
1.08264
1.08203
1.0814
1.08075
1.08008
1.07941
1.07871
1.07801
1.07729
1.07655
1.07581
1.07506
1.07429
1.07352
1.07273
1.07194
1.07115
1.07035
1.06954
1.06874
1.06793
1.06712
1.06632
1.06551
1.06472
1.06393
1.06314
1.06237
1.06161
1.06086
1.06013
1.05941
1.05871
1.05804
1.05738
1.05675
1.05614
1.05556
1.05501
1.0545
1.05401
1.05356
1.05314
1.05277
1.05243
1.05213
1.05188
1.05167
1.05151
1.0514
1.05133
1.05131
1.05135
1.05143
1.05157
1.05176
1.052
1.05229
1.05264
1.05304
1.0535
1.054
1.05456
1.05517
1.05583
1.05654
1.0573
1.05811
1.05896
1.05985
1.06078
1.06176
1.06277
1.06381
1.06489
1.06599
1.06713
1.06829
1.06948
1.07068
1.0719
1.07314
1.07439
1.07565
1.07691
1.07818
1.07946
1.08073
1.082
1.08326
1.08451
1.08576
1.08699
1.08821
1.08941
1.0906
1.09176
1.0929
1.09402
1.09511
1.09617
1.09721
1.09821
1.09919
1.10013
1.10104
1.10191
1.10275
1.10355
1.10432
1.10505
1.10574
1.10638
1.10699
1.10756
1.10809
1.10858
1.10903
1.10943
1.10979
1.11011
1.11039
1.11063
1.11083
1.11098
1.11109
1.11116
1.11119
1.11118
1.11112
1.11103
1.11089
1.11072
1.1105
1.11024
1.10995
1.10961
1.10924
1.10882
1.10837
1.10788
1.10736
1.1068
1.1062
1.10557
1.1049
1.1042
1.10346
1.10269
1.10189
1.10105
1.10018
1.09928
1.09836
1.0974
1.09641
1.09539
1.09435
1.09328
1.09218
1.09106
1.08991
1.08874
1.08755
1.08634
1.08511
1.08385
1.08258
1.0813
1.07999
1.07867
1.07734
1.076
1.07465
1.07329
1.07192
1.07055
1.06917
1.06779
1.06641
1.06503
1.06366
1.06229
1.06092
1.05957
1.05822
1.05689
1.05557
1.05427
1.05299
1.05172
1.05048
1.04926
1.04807
1.0469
1.04576
1.04465
1.04357
1.04253
1.04152
1.04055
1.03962
1.03872
1.03787
1.03705
1.03628
1.03554
1.03485
1.0342
1.03359
1.03302
1.0325
1.03201
1.03157
1.03117
1.03081
1.03048
1.0302
1.02995
1.02974
1.02956
1.02942
1.02931
1.02923
1.02917
1.02914
1.02914
1.02916
1.0292
1.02926
1.02934
1.02943
1.02954
1.02965
1.02978
1.02991
1.03005
1.03019
1.03034
1.03048
1.03063
1.03077
1.0309
1.03103
1.03116
1.03127
1.03138
1.03148
1.03156
1.03164
1.0317
1.03175
1.03179
1.03182
1.03183
1.03183
1.03182
1.03179
1.03175
1.0317
1.03164
1.03156
1.03148
1.03138
1.03128
1.03117
1.03105
1.03093
1.0308
1.03066
1.03052
1.03038
1.03023
1.03008
1.02993
1.02979
1.02964
1.02949
1.02935
1.02921
1.02908
1.02895
1.02883
1.02871
1.0286
1.0285
1.0284
1.02832
1.02824
1.02817
1.02811
1.02806
1.02801
1.02798
1.02796
1.02795
1.02794
1.02795
1.02796
1.02799
1.02802
1.02807
1.02812
1.02818
1.02825
1.02832
1.02841
1.0285
1.02859
1.0287
1.02881
1.02892
1.02905
1.02917
1.0293
1.02944
1.02958
1.02973
1.02988
1.03003
1.03019
1.03035
1.03051
1.03068
1.03085
1.03103
1.0312
1.03139
1.03157
1.03176
1.03195
1.03215
1.03235
1.03256
1.03277
1.03298
1.03321
1.03344
1.03367
1.03391
1.03416
1.03442
1.03468
1.03496
1.03524
1.03553
1.03584
1.03615
1.03648
1.03682
1.03718
1.03754
1.03792
1.03831
1.03872
1.03914
1.03957
1.04003
1.04049
1.04097
1.04147
1.04199
1.04251
1.04306
1.04362
1.0442
1.04479
1.04539
1.04602
1.04665
1.0473
1.04797
1.04864
1.04933
1.05003
1.05075
1.05147
1.0522
1.05294
1.05369
1.05445
1.05521
1.05599
1.05676
1.05754
1.05832
1.05911
1.05989
1.06068
1.06147
1.06225
1.06303
1.06381
1.06458
1.06535
1.06611
1.06687
1.06762
1.06836
1.0691
1.06982
1.07054
1.07125
1.07194
1.07263
1.07331
1.07397
1.07463
1.07527
1.07591
1.07653
1.07715
1.07775
1.07834
1.07893
1.07951
1.08008
1.08064
1.08119
1.08174
1.08229
1.08283
1.08337
1.0839
1.08444
1.08497
1.08551
1.08605
1.08659
1.08713
1.08768
1.08824
1.08881
1.08938
1.08996
1.09056
1.09116
1.09178
1.09242
1.09306
1.09373
1.0944
1.0951
1.09581
1.09654
1.09728
1.09805
1.09883
1.09963
1.10044
1.10128
1.10213
1.103
1.10388
1.10478
1.1057
1.10663
1.10758
1.10853
1.1095
1.11048
1.11147
1.11246
1.11347
1.11448
1.11549
1.11651
1.11753
1.11855
1.11957
1.12059
1.12161
1.12262
1.12363
1.12462
1.12561
1.12659
1.12756
1.12852
1.12947
1.1304
1.13132
1.13222
1.1331
1.13397
1.13482
1.13565
1.13646
1.13725
1.13802
1.13877
1.1395
1.1402
1.14088
1.14154
1.14217
1.14278
1.14336
1.14392
1.14446
1.14497
1.14545
1.14591
1.14633
1.14674
1.14711
1.14746
1.14777
1.14806
1.14832
1.14854
1.14874
1.1489
1.14903
1.14913
1.1492
1.14923
1.14924
1.1492
1.14913
1.14903
1.14889
1.14872
1.14851
1.14827
1.14798
1.14766
1.14731
1.14691
1.14648
1.14601
1.14551
1.14497
1.14439
1.14378
1.14314
1.14246
1.14174
1.14099
1.14021
1.1394
1.13856
1.13768
1.13678
1.13585
1.1349
1.13392
1.13291
1.13189
1.13084
1.12977
1.12868
1.12758
1.12646
1.12533
1.12418
1.12302
1.12185
1.12068
1.11949
1.1183
1.1171
1.1159
1.1147
1.11349
1.11228
1.11108
1.10987
1.10867
1.10747
1.10627
1.10507
1.10388
1.10269
1.10151
1.10033
1.09916
1.098
1.09684
1.0957
1.09456
1.09343
1.09231
1.0912
1.0901
1.08901
1.08793
1.08687
1.08581
1.08478
1.08376
1.08276
1.08177
1.0808
1.07986
1.07893
1.07803
1.07715
1.07629
1.07547
1.07467
1.0739
1.07316
1.07246
1.07179
1.07116
1.07056
1.07001
1.0695
1.06902
1.0686
1.06822
1.06788
1.0676
1.06736
1.06717
1.06703
1.06695
1.06692
1.06693
1.06701
1.06713
1.06731
1.06754
1.06783
1.06817
1.06856
1.069
1.06949
1.07003
1.07062
1.07126
1.07194
1.07267
1.07344
1.07426
1.07511
1.07599
1.07691
1.07787
1.07885
1.07986
1.0809
1.08196
1.08304
1.08413
1.08524
1.08636
1.08749
1.08862
1.08975
1.09089
1.09202
1.09314
1.09426
1.09537
1.09645
1.09753
1.09858
1.09961
1.10061
1.10159
1.10254
1.10345
1.10433
1.10518
1.10598
1.10675
1.10748
1.10816
1.10879
1.10938
1.10992
1.11041
1.11085
1.11124
1.11158
1.11186
1.11209
1.11226
1.11238
1.11244
1.11245
1.1124
1.11229
1.11213
1.11191
1.11163
1.1113
1.11092
1.11048
1.10999
1.10945
1.10885
1.10821
1.10752
1.10678
1.106
1.10517
1.1043
1.1034
1.10246
1.10148
1.10047
1.09944
1.09837
1.09728
1.09617
1.09504
1.09389
1.09273
1.09156
1.09038
1.08919
1.088
1.08681
1.08562
1.08444
1.08326
1.0821
1.08094
1.0798
1.07867
1.07755
1.07646
1.07538
1.07432
1.07328
1.07227
1.07127
1.0703
1.06935
1.06843
1.06752
1.06664
1.06578
1.06494
1.06412
1.06332
1.06254
1.06178
1.06104
1.06031
1.0596
1.0589
1.05822
1.05755
1.0569
1.05625
1.05562
1.055
1.05439
1.05379
1.05319
1.05261
1.05203
1.05147
1.05091
1.05036
1.04981
1.04927
1.04874
1.04822
1.04771
1.0472
1.04671
1.04622
1.04574
1.04526
1.0448
1.04434
1.0439
1.04346
1.04304
1.04262
1.04221
1.04181
1.04142
1.04104
1.04067
1.04031
1.03996
1.03962
1.03929
1.03897
1.03867
1.03837
1.03807
1.03779
1.03752
1.03726
1.037
1.03676
1.03652
1.03629
1.03606
1.03584
1.03563
1.03542
1.03521
1.03501
1.03481
1.03461
1.03442
1.03422
1.03402
1.03382
1.03362
1.03341
1.0332
1.03298
1.03276
1.03253
1.03229
1.03204
1.03178
1.03151
1.03123
1.03094
1.03063
1.03032
1.02999
1.02965
1.0293
1.02894
1.02857
1.02819
1.02781
1.02741
1.02701
1.02661
1.0262
1.0258
1.02539
1.02499
1.0246
1.02421
1.02384
1.02348
1.02314
1.02282
1.02252
1.02225
1.02201
1.02181
1.02164
1.02152
1.02143
1.0214
1.02142
1.02149
1.02161
1.0218
1.02205
1.02237
1.02275
1.02321
1.02374
1.02435
1.02503
1.02579
1.02663
1.02754
1.02854
1.02962
1.03078
1.03202
1.03334
1.03473
1.03621
1.03776
1.03938
1.04107
1.04283
1.04466
1.04655
1.0485
1.0505
1.05256
1.05466
1.05681
1.059
1.06122
1.06347
1.06574
1.06804
1.07035
1.07267
1.075
1.07733
1.07965
1.08196
1.08425
1.08652
1.08877
1.09098
1.09316
1.0953
1.0974
1.09944
1.10143
1.10337
1.10524
1.10705
1.10879
1.11046
1.11205
1.11356
1.11499
1.11634
1.1176
1.11877
1.11985
1.12084
1.12173
1.12253
1.12323
1.12383
1.12433
1.12473
1.12503
1.12523
1.12533
1.12532
1.12522
1.12502
1.12472
1.12432
1.12382
1.12323
1.12254
1.12176
1.12089
1.11993
1.11887
1.11774
1.11652
1.11522
1.11384
1.11239
1.11087
1.10928
1.10762
1.1059
1.10412
1.10228
1.1004
1.09846
1.09649
1.09447
1.09242
1.09034
1.08823
1.0861
1.08395
1.08179
1.07962
1.07745
1.07527
1.0731
1.07094
1.06879
1.06666
1.06454
1.06246
1.0604
1.05838
1.05639
1.05445
1.05254
1.05069
1.04888
1.04713
1.04543
1.04379
1.04221
1.04069
1.03925
1.03787
1.03656
1.03532
1.03416
1.03307
1.03206
1.03113
1.03028
1.02951
1.02882
1.02821
1.02769
1.02725
1.0269
1.02663
1.02645
1.02635
1.02634
1.0264
1.02656
1.02679
1.0271
1.02749
1.02796
1.02851
1.02913
1.02983
1.03059
1.03142
1.03232
1.03328
1.03429
1.03537
1.0365
1.03767
1.0389
1.04016
1.04147
1.04281
1.04419
1.04559
1.04702
1.04848
1.04995
1.05143
1.05292
1.05443
1.05593
1.05744
1.05894
1.06044
1.06193
1.0634
1.06486
1.06631
1.06773
1.06913
1.07051
1.07185
1.07317
1.07446
1.07571
1.07693
1.07812
1.07926
1.08037
1.08144
1.08246
1.08345
1.0844
1.0853
1.08616
1.08698
1.08776
1.0885
1.08919
1.08984
1.09045
1.09102
1.09155
1.09205
1.0925
1.09292
1.09331
1.09366
1.09398
1.09426
1.09452
1.09475
1.09496
1.09514
1.09529
1.09543
1.09555
1.09565
1.09574
1.09581
1.09587
1.09592
1.09597
1.09601
1.09604
1.09608
1.09611
1.09615
1.09619
1.09623
1.09628
1.09634
1.09641
1.09649
1.09659
1.0967
1.09682
1.09696
1.09712
1.09729
1.09749
1.09771
1.09794
1.0982
1.09849
1.09879
1.09912
1.09947
1.09985
1.10025
1.10067
1.10112
1.10159
1.10209
1.1026
1.10315
1.10371
1.1043
1.1049
1.10553
1.10618
1.10685
1.10753
1.10824
1.10896
1.10969
1.11044
1.1112
1.11197
1.11275
1.11354
1.11433
1.11513
1.11593
1.11673
1.11753
1.11833
1.11912
1.1199
1.12067
1.12143
1.12218
1.1229
1.12361
1.1243
1.12495
1.12558
1.12618
1.12675
1.12728
1.12778
1.12823
1.12864
1.12901
1.12932
1.12959
1.1298
1.12996
1.13007
1.13011
1.1301
1.13002
1.12988
1.12967
1.12941
1.12907
1.12867
1.1282
1.12767
1.12707
1.1264
1.12566
1.12486
1.124
1.12307
1.12208
1.12102
1.11991
1.11875
1.11752
1.11625
1.11493
1.11356
1.11215
1.1107
1.10922
1.1077
1.10616
1.10459
1.10301
1.10142
1.09981
1.0982
1.09659
1.09499
1.09339
1.09182
1.09026
1.08873
1.08723
1.08577
1.08435
1.08297
1.08164
1.08037
1.07916
1.07801
1.07693
1.07592
1.07499
1.07413
1.07336
1.07267
1.07206
1.07155
1.07112
1.07078
1.07054
1.07039
1.07034
1.07037
1.07051
1.07073
1.07105
1.07146
1.07196
1.07255
1.07322
1.07398
1.07482
1.07573
1.07672
1.07779
1.07892
1.08012
1.08137
1.08269
1.08406
1.08547
1.08693
1.08843
1.08997
1.09154
1.09314
1.09477
1.09641
1.09807
1.09975
1.10143
1.10312
1.10481
1.10649
1.10818
1.10985
1.11151
1.11315
1.11478
1.11639
1.11797
1.11952
1.12105
1.12255
1.12401
1.12544
1.12683
1.12819
1.1295
1.13077
1.132
1.13318
1.13432
1.13541
1.13645
1.13744
1.13838
1.13927
1.14011
1.1409
1.14164
1.14232
1.14295
1.14353
1.14405
1.14452
1.14494
1.14531
1.14562
1.14588
1.14608
1.14624
1.14635
1.14641
1.14641
1.14638
1.14629
1.14616
1.14599
1.14578
1.14552
1.14523
1.1449
1.14453
1.14413
1.1437
1.14324
1.14275
1.14224
1.14171
1.14115
1.14057
1.13998
1.13938
1.13876
1.13814
1.1375
1.13687
1.13623
1.1356
1.13497
1.13434
1.13372
1.13311
1.13252
1.13193
1.13137
1.13082
1.13029
1.12978
1.1293
1.12884
1.1284
1.128
1.12763
1.12728
1.12697
1.12669
1.12645
1.12624
1.12607
1.12594
1.12584
1.12578
1.12576
1.12578
1.12584
1.12594
1.12607
1.12625
1.12646
1.12672
1.12701
1.12735
1.12772
1.12813
1.12858
1.12906
1.12959
1.13015
1.13074
1.13137
1.13204
1.13274
1.13347
1.13423
1.13502
1.13585
1.1367
1.13758
1.13848
1.13941
1.14036
1.14134
1.14233
1.14335
1.14438
1.14544
1.1465
1.14758
1.14867
1.14977
1.15087
1.15198
1.1531
1.15421
1.15532
1.15643
1.15753
1.15863
1.15971
1.16077
1.16182
1.16285
1.16386
1.16485
1.1658
1.16673
1.16762
1.16847
1.16929
1.17006
1.17079
1.17147
1.17211
1.17269
1.17321
1.17368
1.17408
1.17443
1.17471
1.17492
1.17506
1.17513
1.17513
1.17506
1.17491
1.17469
1.17438
1.174
1.17353
1.17299
1.17237
1.17166
1.17087
1.17001
1.16906
1.16803
1.16692
1.16573
1.16447
1.16312
1.1617
1.16021
1.15865
1.15701
1.15531
1.15354
1.1517
1.14981
1.14785
1.14584
1.14378
1.14167
1.13951
1.13731
1.13507
1.13279
1.13047
1.12813
1.12576
1.12337
1.12096
1.11853
1.11609
1.11364
1.11118
1.10873
1.10627
1.10382
1.10137
1.09894
1.09652
1.09412
1.09174
1.08939
1.08706
1.08476
1.08249
1.08025
1.07806
1.0759
1.07378
1.07171
1.06969
1.0677
1.06577
1.06389
1.06206
1.06028
1.05856
1.0569
1.05529
1.05373
1.05224
1.0508
1.04942
1.04811
1.04685
1.04565
1.04451
1.04343
1.04242
1.04146
1.04056
1.03973
1.03895
1.03823
1.03757
1.03696
1.03642
1.03593
1.03549
1.03512
1.03479
1.03452
1.0343
1.03414
1.03402
1.03396
1.03394
1.03397
1.03406
1.03418
1.03436
1.03457
1.03484
1.03514
1.03549
1.03587
1.0363
1.03677
1.03727
1.03781
1.03838
1.03898
1.03962
1.04029
1.04099
1.04172
1.04248
1.04326
1.04406
1.04489
1.04574
1.04661
1.0475
1.04841
1.04933
1.05027
1.05121
1.05217
1.05314
1.05411
1.05509
1.05607
1.05706
1.05804
1.05903
1.06001
1.06098
1.06195
1.06291
1.06386
1.06479
1.06571
1.06662
1.0675
1.06837
1.06921
1.07004
1.07083
1.0716
1.07234
1.07305
1.07373
1.07438
1.075
1.07557
1.07612
1.07662
1.07709
1.07751
1.07789
1.07824
1.07853
1.07879
1.079
1.07917
1.07929
1.07936
1.07939
1.07937
1.07931
1.0792
1.07904
1.07884
1.07859
1.07829
1.07795
1.07757
1.07714
1.07667
1.07615
1.0756
1.07501
1.07437
1.0737
1.073
1.07226
1.07149
1.07068
1.06985
1.06899
1.06811
1.0672
1.06628
1.06533
1.06437
1.0634
1.06241
1.06142
1.06042
1.05941
1.05841
1.0574
1.0564
1.0554
1.05441
1.05343
1.05246
1.05151
1.05058
1.04967
1.04877
1.0479
1.04706
1.04625
1.04546
1.0447
1.04398
1.04329
1.04264
1.04203
1.04145
1.04091
1.04041
1.03995
1.03953
1.03915
1.03881
1.03851
1.03826
1.03804
1.03787
1.03774
1.03764
1.03759
1.03758
1.03761
1.03767
1.03777
1.0379
1.03807
1.03827
1.03851
1.03877
1.03907
1.03939
1.03973
1.0401
1.04049
1.04091
1.04134
1.0418
1.04227
1.04275
1.04325
1.04377
1.04429
1.04482
1.04537
1.04592
1.04648
1.04704
1.04761
1.04818
1.04876
1.04934
1.04992
1.0505
1.05108
1.05167
1.05226
1.05284
1.05343
1.05402
1.05461
1.0552
1.05579
1.05639
1.05699
1.05759
1.0582
1.05881
1.05943
1.06006
1.06069
1.06133
1.06198
1.06264
1.06331
1.064
1.06469
1.0654
1.06613
1.06687
1.06762
1.06839
1.06918
1.06998
1.0708
1.07164
1.0725
1.07338
1.07427
1.07519
1.07612
1.07708
1.07805
1.07905
1.08006
1.08109
1.08214
1.08321
1.08429
1.08539
1.08651
1.08765
1.0888
1.08996
1.09114
1.09233
1.09353
1.09474
1.09597
1.0972
1.09844
1.09969
1.10094
1.1022
1.10347
1.10473
1.106
1.10727
1.10854
1.10981
1.11108
1.11234
1.11359
1.11484
1.11608
1.11732
1.11854
1.11975
1.12095
1.12213
1.1233
1.12446
1.1256
1.12671
1.12781
1.12889
1.12995
1.13099
1.132
1.13299
1.13396
1.13489
1.1358
1.13668
1.13754
1.13836
1.13915
1.13991
1.14063
1.14132
1.14198
1.1426
1.14319
1.14374
1.14425
1.14472
1.14516
1.14555
1.1459
1.14621
1.14648
1.14671
1.14689
1.14703
1.14712
1.14717
1.14718
1.14713
1.14704
1.14691
1.14673
1.1465
1.14622
1.14589
1.14552
1.1451
1.14462
1.14411
1.14354
1.14293
1.14226
1.14155
1.1408
1.13999
1.13914
1.13825
1.1373
1.13632
1.13529
1.13422
1.1331
1.13195
1.13076
1.12952
1.12825
1.12695
1.12561
1.12423
1.12283
1.12139
1.11993
1.11843
1.11692
1.11538
1.11382
1.11224
1.11064
1.10902
1.1074
1.10576
1.10411
1.10246
1.1008
1.09914
1.09748
1.09582
1.09418
1.09254
1.09091
1.08929
1.08769
1.08611
1.08455
1.08301
1.0815
1.08002
1.07857
1.07716
1.07578
1.07444
1.07315
1.0719
1.07069
1.06954
1.06844
1.06739
1.0664
1.06547
1.0646
1.06379
1.06304
1.06237
1.06176
1.06121
1.06074
1.06035
1.06002
1.05976
1.05958
1.05948
1.05944
1.05949
1.0596
1.05979
1.06006
1.06039
1.0608
1.06128
1.06183
1.06245
1.06313
1.06388
1.06469
1.06557
1.0665
1.06749
1.06853
1.06962
1.07077
1.07195
1.07319
1.07446
1.07577
1.07711
1.07849
1.07989
1.08132
1.08277
1.08424
1.08572
1.08722
1.08872
1.09024
1.09175
1.09327
1.09478
1.09629
1.09779
1.09928
1.10075
1.10221
1.10365
1.10507
1.10647
1.10784
1.10919
1.11051
1.1118
1.11306
1.11428
1.11547
1.11663
1.11775
1.11883
1.11988
1.12089
1.12185
1.12278
1.12367
1.12452
1.12533
1.1261
1.12683
1.12751
1.12816
1.12877
1.12934
1.12986
1.13035
1.1308
1.13121
1.13159
1.13193
1.13223
1.1325
1.13273
1.13294
1.13311
1.13324
1.13336
1.13344
1.1335
1.13353
1.13354
1.13353
1.1335
1.13345
1.13339
1.13331
1.13322
1.13312
1.13302
1.13291
1.1328
1.13268
1.13257
1.13246
1.13235
1.13225
1.13216
1.13207
1.13199
1.13193
1.13187
1.13183
1.1318
1.13179
1.13178
1.13179
1.13181
1.13185
1.13189
1.13194
1.132
1.13206
1.13213
1.13221
1.13228
1.13236
1.13243
1.13249
1.13255
1.1326
1.13263
1.13265
1.13266
1.13264
1.13261
1.13256
1.13248
1.13238
1.13225
1.13209
1.13191
1.1317
1.13145
1.13118
1.13087
1.13054
1.13017
1.12977
1.12935
1.12889
1.12841
1.1279
1.12736
1.1268
1.12622
1.12561
1.12498
1.12433
1.12367
1.12298
1.12229
1.12158
1.12086
1.12013
1.11939
1.11865
1.1179
1.11715
1.11639
1.11564
1.11489
1.11415
1.1134
1.11267
1.11194
1.11121
1.1105
1.1098
1.1091
1.10842
1.10776
1.1071
1.10646
1.10583
1.10521
1.10461
1.10402
1.10344
1.10288
1.10233
1.1018
1.10128
1.10077
1.10027
1.09978
1.09931
1.09884
1.09839
1.09795
1.09751
1.09709
1.09667
1.09627
1.09587
1.09547
1.09509
1.09471
1.09433
1.09396
1.0936
1.09324
1.09288
1.09254
1.09219
1.09185
1.09152
1.0912
1.09088
1.09056
1.09026
1.08997
1.08969
1.08942
1.08916
1.08892
1.0887
1.0885
1.08832
1.08816
1.08803
1.08793
1.08785
1.08781
1.08781
1.08785
1.08792
1.08804
1.08821
1.08842
1.08868
1.089
1.08937
1.08979
1.09028
1.09082
1.09142
1.09209
1.09281
1.0936
1.09444
1.09535
1.09632
1.09734
1.09842
1.09955
1.10074
1.10197
1.10325
1.10457
1.10593
1.10733
1.10875
1.11021
1.11169
1.11318
1.11469
1.11621
1.11773
1.11926
1.12078
1.12228
1.12378
1.12526
1.12671
1.12814
1.12954
1.1309
1.13223
1.13351
1.13475
1.13594
1.13708
1.13817
1.1392
1.14018
1.14109
1.14195
1.14275
1.14348
1.14415
1.14476
1.14531
1.14579
1.14621
1.14657
1.14686
1.1471
1.14727
1.14739
1.14745
1.14746
1.14741
1.14732
1.14717
1.14698
1.14675
1.14648
1.14616
1.14582
1.14544
1.14503
1.14459
1.14413
1.14365
1.14315
1.14263
1.1421
1.14156
1.14101
1.14046
1.1399
1.13935
1.13879
1.13824
1.13769
1.13716
1.13663
1.13611
1.1356
1.13511
1.13463
1.13416
1.13371
1.13327
1.13285
1.13245
1.13206
1.13169
1.13133
1.13099
1.13067
1.13036
1.13006
1.12977
1.12949
1.12923
1.12897
1.12872
1.12849
1.12825
1.12803
1.1278
1.12758
1.12736
1.12714
1.12692
1.1267
1.12648
1.12625
1.12602
1.12579
1.12555
1.1253
1.12504
1.12478
1.12451
1.12423
1.12394
1.12364
1.12334
1.12302
1.12269
1.12235
1.12201
1.12165
1.12129
1.12091
1.12053
1.12014
1.11974
1.11933
1.11892
1.1185
1.11808
1.11766
1.11723
1.1168
1.11637
1.11593
1.1155
1.11507
1.11464
1.11421
1.11379
1.11337
1.11295
1.11254
1.11214
1.11174
1.11135
1.11097
1.11059
1.11023
1.10987
1.10952
1.10919
1.10886
1.10854
1.10823
1.10793
1.10765
1.10737
1.1071
1.10684
1.10658
1.10634
1.1061
1.10587
1.10564
1.10541
1.1052
1.10498
1.10477
1.10455
1.10434
1.10413
1.10391
1.10369
1.10347
1.10323
1.10299
1.10275
1.10249
1.10222
1.10193
1.10163
1.10132
1.10099
1.10064
1.10027
1.09988
1.09947
1.09904
1.09859
1.09811
1.0976
1.09707
1.09651
1.09593
1.09532
1.09468
1.09401
1.09331
1.09259
1.09183
1.09106
1.09025
1.08941
1.08856
1.08767
1.08676
1.08583
1.08488
1.08391
1.08292
1.08191
1.08089
1.07986
1.07881
1.07776
1.0767
1.07564
1.07458
1.07353
1.07248
1.07144
1.07042
1.06941
1.06842
1.06745
1.06651
1.06559
1.06472
1.06387
1.06307
1.06231
1.06159
1.06092
1.06031
1.05974
1.05924
1.05878
1.05839
1.05807
1.0578
1.0576
1.05746
1.05739
1.05739
1.05745
1.05757
1.05777
1.05802
1.05834
1.05872
1.05917
1.05967
1.06022
1.06084
1.0615
1.06222
1.06298
1.06378
1.06463
1.06551
1.06642
1.06737
1.06834
1.06934
1.07035
1.07139
1.07243
1.07349
1.07455
1.07561
1.07667
1.07773
1.07878
1.07982
1.08085
1.08187
1.08286
1.08384
1.08479
1.08571
1.08661
1.08748
1.08832
1.08912
1.0899
1.09063
1.09133
1.092
1.09262
1.09321
1.09376
1.09426
1.09473
1.09517
1.09556
1.09592
1.09624
1.09652
1.09677
1.09698
1.09716
1.09731
1.09743
1.09752
1.09758
1.09762
1.09764
1.09763
1.0976
1.09755
1.09749
1.09741
1.09732
1.09721
1.09709
1.09696
1.09682
1.09668
1.09652
1.09636
1.09619
1.09602
1.09583
1.09564
1.09544
1.09523
1.09502
1.09479
1.09455
1.0943
1.09403
1.09374
1.09344
1.09312
1.09278
1.09241
1.09201
1.09159
1.09114
1.09066
1.09014
1.08959
1.08901
1.08839
1.08774
1.08704
1.08631
1.08554
1.08474
1.0839
1.08302
1.08211
1.08117
1.0802
1.0792
1.07818
1.07714
1.07609
1.07502
1.07395
1.07288
1.0718
1.07074
1.06969
1.06866
1.06766
1.06669
1.06575
1.06486
1.06401
1.06321
1.06247
1.0618
1.06119
1.06064
1.06018
1.05978
1.05947
1.05924
1.05908
1.05901
1.05902
1.05911
1.05927
1.05952
1.05984
1.06023
1.06069
1.06122
1.0618
1.06245
1.06315
1.0639
1.06469
1.06552
1.06639
1.06729
1.06821
1.06916
1.07013
1.0711
1.07209
1.07308
1.07408
1.07507
1.07606
1.07705
1.07802
1.07898
1.07993
1.08087
1.08179
1.08269
1.08357
1.08443
1.08527
1.08608
1.08688
1.08765
1.0884
1.08913
1.08983
1.09051
1.09117
1.09181
1.09242
1.09301
1.09357
1.09411
1.09463
1.09513
1.09561
1.09606
1.0965
1.09691
1.0973
1.09768
1.09803
1.09836
1.09868
1.09898
1.09925
1.09952
1.09976
1.09999
1.1002
1.10039
1.10057
1.10073
1.10088
1.10101
1.10113
1.10124
1.10133
1.10141
1.10148
1.10154
1.10158
1.10161
1.10163
1.10165
1.10165
1.10164
1.10162
1.10159
1.10155
1.1015
1.10144
1.10138
1.1013
1.10122
1.10113
1.10103
1.10093
1.10081
1.10069
1.10056
1.10043
1.10028
1.10013
1.09998
1.09982
1.09965
1.09947
1.09929
1.0991
1.09891
1.09871
1.09851
1.09829
1.09808
1.09786
1.09763
1.09739
1.09715
1.09691
1.09666
1.09641
1.09615
1.09589
1.09562
1.09535
1.09507
1.09479
1.0945
1.09421
1.09392
1.09362
1.09332
1.09302
1.09271
1.0924
1.09208
1.09176
1.09144
1.09112
1.09079
1.09046
1.09012
1.08978
1.08944
1.0891
1.08875
1.0884
1.08805
1.0877
1.08734
1.08698
1.08661
1.08624
1.08587
1.08549
1.08511
1.08473
1.08434
1.08394
1.08355
1.08315
1.08274
1.08234
1.08193
1.08151
1.0811
1.08068
1.08025
1.07983
1.0794
1.07897
1.07853
1.0781
1.07766
1.07723
1.07679
1.07635
1.07591
1.07547
1.07503
1.0746
1.07416
1.07373
1.07331
1.07288
1.07246
1.07205
1.07164
1.07124
1.07085
1.07046
1.07009
1.06972
1.06937
1.06902
1.06869
1.06837
1.06806
1.06776
1.06748
1.06722
1.06696
1.06673
1.06651
1.0663
1.06611
1.06594
1.06579
1.06565
1.06553
1.06543
1.06535
1.06529
1.06525
1.06522
1.06522
1.06523
1.06526
1.06532
1.06539
1.06548
1.06559
1.06572
1.06587
1.06603
1.06622
1.06642
1.06664
1.06688
1.06713
1.06741
1.06769
1.068
1.06832
1.06866
1.06901
1.06938
1.06976
1.07016
1.07057
1.07099
1.07143
1.07188
1.07234
1.07281
1.07329
1.07378
1.07428
1.0748
1.07531
1.07584
1.07637
1.07691
1.07746
1.07801
1.07856
1.07912
1.07967
1.08023
1.08079
1.08135
1.08191
1.08246
1.08301
1.08355
1.08409
1.08462
1.08514
1.08565
1.08614
1.08663
1.08709
1.08755
1.08798
1.08839
1.08879
1.08916
1.08951
1.08983
1.09013
1.09039
1.09063
1.09083
1.09101
1.09115
1.09125
1.09132
1.09135
1.09134
1.09129
1.0912
1.09107
1.09089
1.09067
1.0904
1.09009
1.08973
1.08932
1.08887
1.08837
1.08783
1.08723
1.08659
1.08591
1.08518
1.0844
1.08359
1.08273
1.08183
1.08089
1.07992
1.07891
1.07787
1.0768
1.0757
1.07458
1.07344
1.07228
1.07111
1.06993
1.06874
1.06756
1.06637
1.0652
1.06403
1.06288
1.06176
1.06066
1.05959
1.05855
1.05755
1.0566
1.0557
1.05485
1.05405
1.05331
1.05264
1.05203
1.05149
1.05102
1.05062
1.05029
1.05004
1.04986
1.04976
1.04974
1.04978
1.0499
1.05009
1.05036
1.05068
1.05108
1.05153
1.05204
1.05261
1.05323
1.05389
1.0546
1.05535
1.05614
1.05695
1.0578
1.05867
1.05956
1.06047
1.06139
1.06233
1.06326
1.0642
1.06515
1.06609
1.06702
1.06795
1.06887
1.06978
1.07067
1.07155
1.07241
1.07326
1.07409
1.0749
1.07569
1.07646
1.07721
1.07794
1.07864
1.07933
1.07998
1.08062
1.08123
1.08182
1.08239
1.08293
1.08345
1.08394
1.08441
1.08486
1.08527
1.08567
1.08604
1.08638
1.0867
1.08699
1.08726
1.08749
1.0877
1.08788
1.08804
1.08816
1.08825
1.08831
1.08834
1.08833
1.08829
1.08822
1.08812
1.08798
1.0878
1.08758
1.08733
1.08704
1.08671
1.08635
1.08594
1.08549
1.08501
1.08448
1.08391
1.08331
1.08266
1.08197
1.08124
1.08047
1.07966
1.07882
1.07793
1.077
1.07603
1.07503
1.07399
1.07291
1.0718
1.07065
1.06948
1.06826
1.06702
1.06575
1.06445
1.06313
1.06178
1.0604
1.05901
1.05759
1.05615
1.0547
1.05324
1.05176
1.05027
1.04878
1.04728
1.04577
1.04426
1.04276
1.04126
1.03976
1.03828
1.0368
1.03534
1.0339
1.03248
1.03108
1.02971
1.02836
1.02705
1.02577
1.02453
1.02333
1.02217
1.02106
1.02
1.019
1.01804
1.01715
1.01632
1.01555
1.01485
1.01421
1.01365
1.01316
1.01275
1.01241
1.01216
1.01198
1.0119
1.01189
1.01198
1.01215
1.01242
1.01277
1.01322
1.01375
1.01439
1.01511
1.01592
1.01683
1.01783
1.01892
1.0201
1.02138
1.02274
1.02418
1.02571
1.02733
1.02902
1.0308
1.03265
1.03458
1.03658
1.03865
1.04078
1.04298
1.04524
1.04755
1.04992
1.05234
1.0548
1.05731
1.05986
1.06244
1.06506
1.0677
1.07037
1.07306
1.07577
1.07849
1.08122
1.08396
1.0867
1.08943
1.09216
1.09488
1.09759
1.10028
1.10295
1.1056
1.10822
1.1108
1.11335
1.11587
1.11834
1.12077
1.12314
1.12547
1.12774
1.12995
1.1321
1.13418
1.1362
1.13815
1.14003
1.14184
1.14357
1.14522
1.14679
1.14828
1.14969
1.15101
1.15225
1.1534
1.15447
1.15545
1.15634
1.15715
1.15787
1.1585
1.15905
1.15952
1.1599
1.1602
1.16043
1.16057
1.16064
1.16064
1.16057
1.16043
1.16023
1.15997
1.15965
1.15927
1.15885
1.15838
1.15786
1.15731
1.15672
1.1561
1.15545
1.15478
1.15409
1.15338
1.15265
1.15192
1.15117
1.15042
1.14966
1.14891
1.14815
1.1474
1.14664
1.14589
1.14515
1.14441
1.14367
1.14294
1.14221
1.14148
1.14075
1.14003
1.13931
1.13858
1.13785
1.13712
1.13639
1.13565
1.1349
1.13414
1.13337
1.13259
1.1318
1.13099
1.13018
1.12935
1.1285
1.12765
1.12678
1.1259
1.12501
1.12411
1.12319
1.12227
1.12135
1.12042
1.11948
1.11854
1.1176
1.11666
1.11573
1.1148
1.11387
1.11295
1.11204
1.11114
1.11024
1.10937
1.1085
1.10764
1.1068
1.10598
1.10516
1.10436
1.10358
1.10281
1.10206
1.10131
1.10058
1.09987
1.09917
1.09847
1.09779
1.09712
1.09646
1.09581
1.09517
1.09453
1.09391
1.09329
1.09267
1.09207
1.09147
1.09088
1.0903
1.08973
1.08916
1.08861
1.08806
1.08753
1.08701
1.08651
1.08603
1.08556
1.08511
1.08469
1.08428
1.08391
1.08356
1.08324
1.08296
1.08271
1.0825
1.08233
1.0822
1.08211
1.08207
1.08208
1.08214
1.08225
1.08242
1.08264
1.08291
1.08325
1.08365
1.0841
1.08462
1.08519
1.08583
1.08653
1.08729
1.08811
1.089
1.08994
1.09094
1.09199
1.0931
1.09427
1.09549
1.09676
1.09808
1.09945
1.10086
1.10232
1.10381
1.10534
1.10691
1.1085
1.11012
1.11177
1.11344
1.11513
1.11684
1.11855
1.12028
1.12202
1.12375
1.12549
1.12722
1.12895
1.13066
1.13237
1.13405
1.13572
1.13737
1.139
1.1406
1.14217
1.14371
1.14522
1.14669
1.14813
1.14953
1.15089
1.15221
1.15348
1.15472
1.15591
1.15705
1.15815
1.15921
1.16022
1.16118
1.1621
1.16297
1.16379
1.16457
1.16531
1.16599
1.16664
1.16724
1.16779
1.16831
1.16878
1.1692
1.16959
1.16994
1.17025
1.17052
1.17075
1.17095
1.17111
1.17123
1.17133
1.17138
1.17141
1.17141
1.17137
1.17131
1.17121
1.17109
1.17094
1.17077
1.17057
1.17034
1.17009
1.16982
1.16952
1.1692
1.16886
1.16849
1.16811
1.1677
1.16727
1.16682
1.16635
1.16585
1.16534
1.16481
1.16426
1.16368
1.16309
1.16248
1.16184
1.16119
1.16052
1.15983
1.15911
1.15838
1.15763
1.15686
1.15606
1.15525
1.15442
1.15356
1.15269
1.15179
1.15087
1.14993
1.14897
1.14799
1.14699
1.14597
1.14493
1.14387
1.14279
1.14169
1.14057
1.13943
1.13828
1.13711
1.13593
1.13473
1.13352
1.1323
1.13106
1.12982
1.12857
1.12731
1.12605
1.12478
1.12351
1.12224
1.12097
1.11971
1.11845
1.1172
1.11595
1.11472
1.1135
1.11229
1.11109
1.10992
1.10876
1.10762
1.1065
1.10541
1.10434
1.1033
1.10228
1.10129
1.10033
1.0994
1.09849
1.09762
1.09678
1.09597
1.09519
1.09444
1.09372
1.09303
1.09237
1.09174
1.09114
1.09057
1.09002
1.0895
1.089
1.08853
1.08808
1.08764
1.08723
1.08683
1.08645
1.08608
1.08572
1.08537
1.08503
1.08469
1.08436
1.08403
1.0837
1.08338
1.08305
1.08271
1.08237
1.08202
1.08167
1.08131
1.08094
1.08055
1.08016
1.07975
1.07933
1.0789
1.07846
1.078
1.07753
1.07704
1.07655
1.07604
1.07552
1.07499
1.07445
1.0739
1.07334
1.07277
1.0722
1.07163
1.07105
1.07047
1.0699
1.06932
1.06876
1.06819
1.06764
1.0671
1.06656
1.06604
1.06554
1.06506
1.06459
1.06415
1.06372
1.06332
1.06295
1.0626
1.06228
1.06199
1.06173
1.0615
1.06131
1.06115
1.06102
1.06092
1.06086
1.06083
1.06083
1.06087
1.06095
1.06106
1.0612
1.06137
1.06158
1.06182
1.0621
1.0624
1.06273
1.0631
1.06349
1.06391
1.06436
1.06483
1.06534
1.06586
1.06642
1.067
1.0676
1.06823
1.06888
1.06956
1.07026
1.07098
1.07173
1.0725
1.07329
1.0741
1.07494
1.0758
1.07668
1.07759
1.07852
1.07947
1.08044
1.08144
1.08246
1.08349
1.08455
1.08563
1.08673
1.08785
1.08898
1.09013
1.0913
1.09248
1.09367
1.09487
1.09607
1.09729
1.0985
1.09972
1.10094
1.10215
1.10336
1.10456
1.10574
1.10692
1.10808
1.10921
1.11033
1.11142
1.11249
1.11353
1.11453
1.1155
1.11644
1.11734
1.11819
1.11901
1.11978
1.12051
1.12119
1.12182
1.12241
1.12294
1.12342
1.12385
1.12423
1.12455
1.12482
1.12504
1.12521
1.12532
1.12538
1.12538
1.12534
1.12524
1.12509
1.12489
1.12464
1.12434
1.12399
1.1236
1.12316
1.12268
1.12215
1.12159
1.12098
1.12034
1.11966
1.11895
1.1182
1.11742
1.11661
1.11577
1.11491
1.11402
1.11311
1.11218
1.11123
1.11026
1.10928
1.10828
1.10727
1.10625
1.10523
1.10419
1.10315
1.10211
1.10107
1.10003
1.09899
1.09796
1.09693
1.0959
1.09489
1.09389
1.0929
1.09192
1.09096
1.09001
1.08908
1.08816
1.08727
1.0864
1.08555
1.08472
1.08391
1.08313
1.08237
1.08164
1.08094
1.08026
1.07962
1.079
1.07841
1.07785
1.07733
1.07683
1.07637
1.07594
1.07555
1.07519
1.07486
1.07458
1.07432
1.07411
1.07393
1.07379
1.07369
1.07364
1.07362
1.07364
1.0737
1.07381
1.07396
1.07415
1.07439
1.07467
1.075
1.07537
1.07579
1.07625
1.07676
1.07732
1.07792
1.07856
1.07925
1.07998
1.08076
1.08157
1.08243
1.08333
1.08426
1.08524
1.08624
1.08728
1.08836
1.08946
1.09059
1.09175
1.09293
1.09412
1.09534
1.09658
1.09782
1.09908
1.10035
1.10162
1.10289
1.10416
1.10544
1.1067
1.10796
1.10921
1.11044
1.11166
1.11286
1.11404
1.1152
1.11634
1.11745
1.11853
1.11958
1.12059
1.12158
1.12253
1.12344
1.12432
1.12515
1.12595
1.12671
1.12743
1.12811
1.12875
1.12935
1.1299
1.13041
1.13089
1.13132
1.13171
1.13206
1.13237
1.13264
1.13288
1.13308
1.13324
1.13336
1.13346
1.13352
1.13355
1.13354
1.13352
1.13346
1.13338
1.13327
1.13314
1.13299
1.13281
1.13262
1.1324
1.13217
1.13193
1.13166
1.13139
1.1311
1.1308
1.13048
1.13015
1.12982
1.12947
1.12911
1.12875
1.12837
1.12799
1.1276
1.1272
1.12679
1.12638
1.12595
1.12552
1.12508
1.12462
1.12416
1.12369
1.12321
1.12272
1.12222
1.1217
1.12118
1.12064
1.12009
1.11952
1.11894
1.11835
1.11774
1.11712
1.11648
1.11583
1.11516
1.11448
1.11378
1.11306
1.11232
1.11157
1.11081
1.11002
1.10922
1.1084
1.10757
1.10672
1.10585
1.10497
1.10407
1.10315
1.10221
1.10126
1.1003
1.09931
1.09832
1.0973
1.09628
1.09523
1.09417
1.0931
1.09201
1.0909
1.08978
1.08865
1.0875
1.08634
1.08517
1.08398
1.08278
1.08156
1.08033
1.07909
1.07784
1.07658
1.0753
1.07402
1.07272
1.07141
1.07009
1.06877
1.06743
1.06609
1.06473
1.06337
1.062
1.06063
1.05925
1.05786
1.05646
1.05506
1.05366
1.05225
1.05083
1.04941
1.04799
1.04657
1.04515
1.04373
1.0423
1.04088
1.03946
1.03805
1.03664
1.03523
1.03383
1.03244
1.03106
1.0297
1.02834
1.02701
1.02569
1.02439
1.02312
1.02187
1.02064
1.01945
1.0183
1.01718
1.0161
1.01506
1.01407
1.01313
1.01224
1.0114
1.01063
1.00992
1.00927
1.0087
1.00819
1.00776
1.0074
1.00713
1.00693
1.00682
1.00679
1.00685
1.007
1.00724
1.00756
1.00797
1.00847
1.00905
1.00973
1.01048
1.01132
1.01223
1.01323
1.0143
1.01544
1.01665
1.01792
1.01925
1.02065
1.02209
1.02359
1.02513
1.02671
1.02833
1.02998
1.03166
1.03336
1.03508
1.03681
1.03856
1.04031
1.04207
1.04383
1.04558
1.04733
1.04907
1.05079
1.0525
1.0542
1.05587
1.05752
1.05914
1.06074
1.06232
1.06386
1.06537
1.06685
1.0683
1.06972
1.0711
1.07244
1.07376
1.07503
1.07628
1.07748
1.07866
1.0798
1.0809
1.08197
1.08301
1.08402
1.08499
1.08593
1.08685
1.08773
1.08858
1.08941
1.09021
1.09098
1.09173
1.09246
1.09316
1.09384
1.0945
1.09514
1.09576
1.09637
1.09696
1.09754
1.0981
1.09865
1.09919
1.09972
1.10024
1.10075
1.10126
1.10176
1.10226
1.10275
1.10325
1.10375
1.10425
1.10475
1.10525
1.10576
1.10628
1.10681
1.10735
1.1079
1.10846
1.10904
1.10963
1.11024
1.11087
1.11152
1.11219
1.11289
1.11361
1.11436
1.11513
1.11594
1.11677
1.11764
1.11854
1.11947
1.12044
1.12144
1.12248
1.12355
1.12465
1.12579
1.12697
1.12818
1.12943
1.1307
1.13201
1.13335
1.13472
1.13611
1.13753
1.13898
1.14044
1.14192
1.14342
1.14493
1.14645
1.14797
1.1495
1.15102
1.15255
1.15406
1.15557
1.15706
1.15853
1.15998
1.1614
1.1628
1.16417
1.1655
1.16679
1.16804
1.16925
1.17041
1.17153
1.17259
1.1736
1.17455
1.17544
1.17628
1.17705
1.17776
1.17841
1.179
1.17952
1.17998
1.18037
1.18069
1.18095
1.18115
1.18128
1.18135
1.18135
1.18129
1.18117
1.18099
1.18075
1.18045
1.18009
1.17967
1.1792
1.17868
1.1781
1.17748
1.17681
1.17608
1.17532
1.17451
1.17366
1.17276
1.17183
1.17085
1.16984
1.1688
1.16771
1.1666
1.16545
1.16426
1.16305
1.1618
1.16053
1.15922
1.15789
1.15652
1.15513
1.15371
1.15227
1.15079
1.14929
1.14776
1.14621
1.14463
1.14302
1.14139
1.13973
1.13805
1.13635
1.13462
1.13287
1.13109
1.1293
1.12748
1.12565
1.12379
1.12192
1.12004
1.11813
1.11622
1.11429
1.11235
1.11041
1.10845
1.10649
1.10453
1.10257
1.10061
1.09865
1.0967
1.09475
1.09282
1.0909
1.08899
1.08711
1.08524
1.0834
1.08159
1.0798
1.07805
1.07633
1.07465
1.07301
1.07142
1.06987
1.06836
1.06691
1.06552
1.06417
1.06289
1.06166
1.0605
1.0594
1.05837
1.05741
1.05651
1.05568
1.05493
1.05424
1.05363
1.05309
1.05263
1.05224
1.05193
1.05169
1.05152
1.05143
1.05142
1.05147
1.0516
1.0518
1.05206
1.0524
1.0528
1.05327
1.0538
1.05439
1.05504
1.05575
1.05651
1.05733
1.05819
1.0591
1.06006
1.06105
1.06209
1.06316
1.06427
1.0654
1.06656
1.06775
1.06896
1.07018
1.07142
1.07267
1.07393
1.07519
1.07645
1.07771
1.07897
1.08022
1.08146
1.08268
1.08389
1.08508
1.08625
1.0874
1.08851
1.0896
1.09066
1.09169
1.09268
1.09364
1.09456
1.09544
1.09628
1.09708
1.09785
1.09857
1.09925
1.0999
1.1005
1.10107
1.1016
