1.64933
1.64807
1.64682
1.64559
1.64437
1.64318
1.64202
1.6409
1.63981
1.63878
1.63779
1.63685
1.63598
1.63518
1.63444
1.63378
1.63319
1.6327
1.63228
1.63196
1.63174
1.63161
1.63159
1.63166
1.63184
1.63213
1.63253
1.63304
1.63366
1.63439
1.63524
1.6362
1.63727
1.63845
1.63974
1.64114
1.64265
1.64427
1.64599
1.64781
1.64973
1.65175
1.65386
1.65605
1.65833
1.66069
1.66313
1.66563
1.66821
1.67084
1.67354
1.67628
1.67907
1.68191
1.68478
1.68768
1.69061
1.69355
1.69652
1.69949
1.70246
1.70543
1.7084
1.71135
1.71429
1.7172
1.72008
1.72294
1.72575
1.72853
1.73125
1.73393
1.73655
1.73911
1.74161
1.74404
1.7464
1.74869
1.7509
1.75304
1.75509
1.75706
1.75894
1.76074
1.76245
1.76407
1.7656
1.76704
1.76839
1.76965
1.77082
1.7719
1.77289
1.7738
1.77461
1.77534
1.77599
1.77656
1.77704
1.77746
1.77779
1.77806
1.77826
1.77839
1.77846
1.77848
1.77844
1.77834
1.7782
1.77802
1.7778
1.77754
1.77725
1.77693
1.77658
1.77621
1.77582
1.77542
1.775
1.77458
1.77414
1.7737
1.77326
1.77282
1.77237
1.77193
1.77149
1.77105
1.77062
1.7702
1.76978
1.76937
1.76897
1.76857
1.76818
1.7678
1.76743
1.76706
1.7667
1.76635
1.766
1.76565
1.76531
1.76497
1.76463
1.7643
1.76397
1.76364
1.7633
1.76297
1.76264
1.7623
1.76196
1.76161
1.76125
1.76089
1.76052
1.76015
1.75976
1.75936
1.75895
1.75853
1.7581
1.75764
1.75717
1.75668
1.75618
1.75565
1.75509
1.75452
1.75392
1.75329
1.75263
1.75194
1.75122
1.75047
1.74969
1.74886
1.74801
1.74711
1.74618
1.7452
1.74418
1.74312
1.74202
1.74087
1.73968
1.73844
1.73715
1.73582
1.73444
1.73301
1.73153
1.73001
1.72844
1.72683
1.72517
1.72347
1.72172
1.71993
1.7181
1.71623
1.71432
1.71238
1.7104
1.70839
1.70635
1.70428
1.70218
1.70006
1.69792
1.69576
1.69359
1.6914
1.6892
1.68699
1.68478
1.68257
1.68036
1.67816
1.67596
1.67377
1.6716
1.66945
1.66731
1.6652
1.66312
1.66106
1.65904
1.65705
1.6551
1.6532
1.65134
1.64952
1.64775
1.64603
1.64437
1.64276
1.6412
1.63971
1.63828
1.63691
1.6356
1.63436
1.63318
1.63208
1.63104
1.63006
1.62916
1.62833
1.62756
1.62686
1.62623
1.62567
1.62517
1.62474
1.62438
1.62408
1.62385
1.62368
1.62357
1.62353
1.62354
1.6236
1.62373
1.6239
1.62413
1.62441
1.62474
1.62511
1.62552
1.62597
1.62646
1.62699
1.62754
1.62813
1.62875
1.62939
1.63005
1.63073
1.63143
1.63215
1.63288
1.63362
1.63436
1.63511
1.63587
1.63662
1.63737
1.63812
1.63886
1.63959
1.64031
1.64101
1.64171
1.64238
1.64304
1.64368
1.6443
1.64489
1.64546
1.646
1.64652
1.647
1.64746
1.64788
1.64826
1.64862
1.64893
1.64921
1.64944
1.64964
1.64979
1.64991
1.64997
1.64999
1.64996
1.64989
1.64976
1.64958
1.64935
1.64907
1.64873
1.64834
1.64789
1.64738
1.64681
1.64618
1.6455
1.64475
1.64394
1.64307
1.64213
1.64114
1.64008
1.63895
1.63777
1.63652
1.6352
1.63383
1.6324
1.6309
1.62935
1.62774
1.62608
1.62436
1.6226
1.62079
1.61893
1.61703
1.61509
1.61312
1.61111
1.60908
1.60702
1.60495
1.60286
1.60076
1.59866
1.59655
1.59446
1.59237
1.5903
1.58826
1.58624
1.58425
1.5823
1.5804
1.57854
1.57674
1.575
1.57332
1.57172
1.57018
1.56873
1.56735
1.56607
1.56487
1.56376
1.56275
1.56184
1.56104
1.56033
1.55973
1.55924
1.55886
1.55859
1.55842
1.55837
1.55843
1.5586
1.55888
1.55926
1.55976
1.56036
1.56106
1.56187
1.56278
1.56378
1.56489
1.56608
1.56737
1.56874
1.5702
1.57175
1.57337
1.57507
1.57684
1.57868
1.58059
1.58257
1.5846
1.58669
1.58884
1.59105
1.5933
1.5956
1.59795
1.60033
1.60276
1.60523
1.60773
1.61026
1.61283
1.61542
1.61805
1.6207
1.62337
1.62606
1.62878
1.63152
1.63427
1.63703
1.63981
1.64261
1.64541
1.64822
1.65103
1.65385
1.65667
1.65949
1.6623
1.66511
1.66791
1.6707
1.67348
1.67625
1.679
1.68172
1.68443
1.6871
1.68975
1.69238
1.69496
1.69751
1.70003
1.7025
1.70493
1.70732
1.70966
1.71195
1.71419
1.71638
1.71851
1.72058
1.7226
1.72456
1.72645
1.72829
1.73006
1.73177
1.73341
1.73499
1.7365
1.73794
1.73932
1.74063
1.74188
1.74306
1.74417
1.74522
1.74621
1.74713
1.74799
1.74878
1.74952
1.75019
1.75081
1.75137
1.75187
1.75232
1.75271
1.75306
1.75336
1.75361
1.75382
1.75398
1.75411
1.7542
1.75425
1.75428
1.75427
1.75423
1.75418
1.7541
1.754
1.75388
1.75375
1.7536
1.75345
1.75329
1.75313
1.75296
1.75279
1.75263
1.75246
1.75231
1.75215
1.75201
1.75188
1.75175
1.75164
1.75153
1.75144
1.75135
1.75128
1.75121
1.75116
1.75111
1.75106
1.75103
1.75099
1.75096
1.75093
1.75089
1.75084
1.75079
1.75073
1.75065
1.75055
1.75043
1.75029
1.75012
1.74992
1.74968
1.74941
1.7491
1.74874
1.74834
1.74789
1.74739
1.74683
1.74621
1.74554
1.74481
1.74402
1.74316
1.74224
1.74126
1.74021
1.73909
1.73791
1.73667
1.73536
1.73398
1.73255
1.73105
1.72949
1.72787
1.72619
1.72445
1.72267
1.72083
1.71895
1.71702
1.71504
1.71303
1.71098
1.70889
1.70677
1.70462
1.70245
1.70025
1.69803
1.6958
1.69355
1.6913
1.68903
1.68677
1.6845
1.68223
1.67997
1.67771
1.67547
1.67324
1.67102
1.66882
1.66664
1.66448
1.66235
1.66024
1.65817
1.65613
1.65412
1.65215
1.65021
1.64832
1.64647
1.64466
1.6429
1.64119
1.63953
1.63791
1.63635
1.63485
1.63339
1.63199
1.63065
1.62936
1.62813
1.62695
1.62583
1.62476
1.62375
1.62279
1.62189
1.62104
1.62025
1.6195
1.61881
1.61816
1.61757
1.61702
1.61651
1.61605
1.61564
1.61526
1.61493
1.61463
1.61438
1.61416
1.61397
1.61382
1.6137
1.61362
1.61357
1.61355
1.61355
1.61359
1.61366
1.61375
1.61387
1.61402
1.6142
1.61441
1.61464
1.61489
1.61518
1.61549
1.61582
1.61619
1.61657
1.61699
1.61743
1.61789
1.61838
1.61889
1.61943
1.61998
1.62057
1.62117
1.6218
1.62245
1.62312
1.6238
1.62451
1.62523
1.62597
1.62673
1.6275
1.62828
1.62907
1.62987
1.63067
1.63148
1.63229
1.63311
1.63392
1.63473
1.63553
1.63632
1.6371
1.63787
1.63862
1.63936
1.64008
1.64077
1.64144
1.64208
1.64269
1.64328
1.64383
1.64435
1.64484
1.6453
1.64572
1.64611
1.64646
1.64678
1.64706
1.64731
1.64753
1.64772
1.64788
1.64801
1.64811
1.64819
1.64824
1.64828
1.6483
1.6483
1.64829
1.64827
1.64824
1.6482
1.64816
1.64812
1.64807
1.64803
1.64799
1.64795
1.64792
1.64789
1.64786
1.64784
1.64783
1.64781
1.6478
1.64779
1.64777
1.64776
1.64774
1.64771
1.64767
1.64762
1.64756
1.64748
1.64738
1.64726
1.64712
1.64695
1.64675
1.64651
1.64625
1.64595
1.64561
1.64523
1.64481
1.64434
1.64384
1.64329
1.64269
1.64205
1.64136
1.64062
1.63984
1.63901
1.63813
1.63721
1.63625
1.63524
1.63419
1.63309
1.63196
1.63079
1.62958
1.62833
1.62705
1.62573
1.62438
1.62301
1.6216
1.62017
1.61871
1.61723
1.61573
1.6142
1.61266
1.6111
1.60953
1.60794
1.60634
1.60473
1.60311
1.60149
1.59985
1.59821
1.59657
1.59493
1.59328
1.59163
1.58999
1.58835
1.58671
1.58507
1.58344
1.58182
1.5802
1.5786
1.577
1.57541
1.57384
1.57228
1.57074
1.56921
1.56769
1.5662
1.56473
1.56327
1.56184
1.56044
1.55905
1.5577
1.55637
1.55507
1.55381
1.55258
1.55138
1.55022
1.5491
1.54802
1.54699
1.546
1.54506
1.54417
1.54333
1.54255
1.54183
1.54116
1.54055
1.54001
1.53953
1.53912
1.53877
1.53851
1.53831
1.53819
1.53815
1.53819
1.53831
1.53851
1.5388
1.53917
1.53963
1.54017
1.54081
1.54153
1.54233
1.54323
1.54421
1.54528
1.54644
1.54768
1.54901
1.55041
1.55191
1.55347
1.55512
1.55684
1.55864
1.5605
1.56243
1.56443
1.56649
1.56861
1.57079
1.57302
1.5753
1.57763
1.58001
1.58243
1.5849
1.5874
1.58994
1.59251
1.59511
1.59775
1.60041
1.60309
1.60581
1.60854
1.61129
1.61406
1.61685
1.61966
1.62248
1.62532
1.62817
1.63104
1.63392
1.63681
1.63972
1.64264
1.64557
1.64852
1.65147
1.65444
1.65742
1.66041
1.66341
1.66642
1.66944
1.67247
1.67551
1.67856
1.68161
1.68467
1.68773
1.6908
1.69386
1.69693
1.7
1.70306
1.70612
1.70916
1.7122
1.71523
1.71825
1.72125
1.72422
1.72718
1.73011
1.73301
1.73588
1.73871
1.7415
1.74426
1.74697
1.74963
1.75224
1.75479
1.75728
1.75971
1.76207
1.76436
1.76658
1.76873
1.77079
1.77277
1.77466
1.77646
1.77817
1.77978
1.78129
1.78269
1.78399
1.78518
1.78626
1.78722
1.78807
1.78879
1.7894
1.78988
1.79023
1.79045
1.79055
1.79052
1.79035
1.79005
1.78962
1.78905
1.78835
1.78751
1.78653
1.78542
1.78417
1.78278
1.78126
1.7796
1.77781
1.77588
1.77383
1.77165
1.76934
1.7669
1.76435
1.76167
1.75888
1.75598
1.75296
1.74985
1.74663
1.74331
1.73991
1.73641
1.73284
1.72919
1.72547
1.7217
1.71786
1.71397
1.71005
1.70608
1.70209
1.69808
1.69405
1.69001
1.68598
1.68195
1.67794
1.67395
1.66999
1.66606
1.66218
1.65835
1.65458
1.65087
1.64724
1.64368
1.6402
1.6368
1.6335
1.63029
1.62718
1.62418
1.62128
1.61849
1.61582
1.61326
1.61081
1.60847
1.60625
1.60415
1.60217
1.60029
1.59853
1.59688
1.59534
1.59391
1.59258
1.59135
1.59022
1.58919
1.58824
1.58739
1.58661
1.58592
1.5853
1.58475
1.58426
1.58384
1.58348
1.58318
1.58292
1.58272
1.58255
1.58243
1.58235
1.5823
1.58228
1.58229
1.58233
1.5824
1.58249
1.58261
1.58275
1.58291
1.5831
1.58331
1.58355
1.58381
1.58409
1.5844
1.58475
1.58512
1.58553
1.58598
1.58646
1.58699
1.58756
1.58817
1.58885
1.58957
1.59036
1.5912
1.59212
1.5931
1.59416
1.59529
1.5965
1.5978
1.59918
1.60065
1.60222
1.60387
1.60562
1.60747
1.60942
1.61147
1.61362
1.61587
1.61822
1.62067
1.62323
1.62588
1.62863
1.63148
1.63441
1.63745
1.64056
1.64377
1.64705
1.65042
1.65385
1.65736
1.66093
1.66455
1.66824
1.67197
1.67574
1.67955
1.6834
1.68727
1.69117
1.69508
1.699
1.70292
1.70684
1.71076
1.71466
1.71855
1.72241
1.72624
1.73003
1.73379
1.73749
1.74115
1.74475
1.74829
1.75176
1.75516
1.75849
1.76174
1.7649
1.76797
1.77096
1.77384
1.77663
1.77931
1.78188
1.78434
1.78669
1.78892
1.79104
1.79303
1.79489
1.79663
1.79824
1.79972
1.80106
1.80227
1.80335
1.80428
1.80508
1.80574
1.80625
1.80663
1.80686
1.80695
1.80689
1.8067
1.80636
1.80588
1.80525
1.80449
1.80358
1.80253
1.80135
1.80002
1.79856
1.79696
1.79523
1.79337
1.79137
1.78925
1.787
1.78463
1.78214
1.77953
1.77681
1.77398
1.77103
1.76799
1.76484
1.7616
1.75826
1.75483
1.75132
1.74772
1.74405
1.74031
1.73651
1.73264
1.72871
1.72474
1.72071
1.71665
1.71255
1.70842
1.70427
1.7001
1.69592
1.69173
1.68754
1.68336
1.67918
1.67503
1.67089
1.66678
1.66271
1.65867
1.65468
1.65073
1.64684
1.64301
1.63924
1.63554
1.63191
1.62836
1.62488
1.62149
1.61818
1.61496
1.61183
1.60879
1.60584
1.60299
1.60024
1.59758
1.59503
1.59257
1.5902
1.58794
1.58577
1.5837
1.58172
1.57983
1.57804
1.57634
1.57472
1.57319
1.57174
1.57038
1.56909
1.56788
1.56674
1.56567
1.56466
1.56372
1.56284
1.56202
1.56125
1.56054
1.55987
1.55924
1.55866
1.55812
1.55761
1.55714
1.5567
1.55629
1.55591
1.55555
1.55522
1.55491
1.55462
1.55435
1.55409
1.55386
1.55365
1.55345
1.55327
1.5531
1.55295
1.55282
1.5527
1.5526
1.55252
1.55246
1.55241
1.55239
1.55239
1.55241
1.55246
1.55253
1.55262
1.55275
1.5529
1.55309
1.55331
1.55356
1.55385
1.55417
1.55454
1.55494
1.55538
1.55586
1.55639
1.55695
1.55756
1.55821
1.5589
1.55964
1.56042
1.56124
1.56211
1.56302
1.56396
1.56495
1.56597
1.56704
1.56813
1.56926
1.57042
1.57161
1.57283
1.57407
1.57533
1.5766
1.5779
1.5792
1.58051
1.58183
1.58314
1.58445
1.58576
1.58705
1.58833
1.5896
1.59083
1.59205
1.59323
1.59437
1.59548
1.59654
1.59756
1.59852
1.59943
1.60028
1.60106
1.60178
1.60244
1.60301
1.60352
1.60394
1.60428
1.60454
1.60472
1.6048
1.6048
1.6047
1.60452
1.60424
1.60388
1.60342
1.60286
1.60221
1.60148
1.60065
1.59973
1.59873
1.59764
1.59647
1.59522
1.5939
1.5925
1.59103
1.5895
1.58791
1.58626
1.58457
1.58282
1.58104
1.57923
1.57739
1.57552
1.57365
1.57176
1.56987
1.56799
1.56612
1.56426
1.56244
1.56064
1.55889
1.55718
1.55552
1.55392
1.5524
1.55094
1.54956
1.54827
1.54707
1.54597
1.54497
1.54408
1.54329
1.54263
1.54208
1.54165
1.54134
1.54117
1.54112
1.5412
1.5414
1.54174
1.54221
1.5428
1.54353
1.54437
1.54534
1.54643
1.54764
1.54896
1.55038
1.55191
1.55355
1.55527
1.55709
1.55899
1.56096
1.56302
1.56513
1.56732
1.56955
1.57184
1.57417
1.57654
1.57894
1.58136
1.58381
1.58627
1.58875
1.59123
1.59371
1.5962
1.59867
1.60114
1.60358
1.60602
1.60842
1.61081
1.61317
1.61549
1.61779
1.62005
1.62228
1.62447
1.62662
1.62874
1.63081
1.63284
1.63483
1.63678
1.63868
1.64054
1.64236
1.64414
1.64588
1.64757
1.64922
1.65084
1.65241
1.65395
1.65544
1.6569
1.65832
1.6597
1.66105
1.66237
1.66365
1.6649
1.66611
1.6673
1.66846
1.66959
1.6707
1.67178
1.67283
1.67387
1.67487
1.67586
1.67683
1.67777
1.6787
1.6796
1.68049
1.68136
1.68222
1.68306
1.68389
1.6847
1.6855
1.68628
1.68705
1.68781
1.68856
1.6893
1.69003
1.69075
1.69145
1.69215
1.69284
1.69351
1.69419
1.69485
1.6955
1.69614
1.69678
1.6974
1.69802
1.69863
1.69924
1.69983
1.70042
1.70099
1.70156
1.70213
1.70268
1.70323
1.70377
1.7043
1.70482
1.70533
1.70584
1.70633
1.70682
1.7073
1.70777
1.70822
1.70867
1.7091
1.70953
1.70994
1.71033
1.71072
1.71108
1.71144
1.71177
1.71209
1.71239
1.71267
1.71293
1.71317
1.71338
1.71357
1.71374
1.71387
1.71398
1.71406
1.71411
1.71413
1.71411
1.71406
1.71397
1.71384
1.71367
1.71346
1.7132
1.7129
1.71256
1.71216
1.71172
1.71122
1.71067
1.71007
1.70941
1.70869
1.70792
1.70708
1.70619
1.70523
1.7042
1.70312
1.70196
1.70075
1.69946
1.6981
1.69668
1.69518
1.69362
1.69198
1.69027
1.68849
1.68664
1.68471
1.68272
1.68065
1.67851
1.67631
1.67403
1.67168
1.66926
1.66678
1.66423
1.66161
1.65894
1.6562
1.6534
1.65054
1.64763
1.64467
1.64166
1.6386
1.6355
1.63235
1.62917
1.62596
1.62271
1.61944
1.61615
1.61283
1.60951
1.60617
1.60282
1.59948
1.59613
1.5928
1.58947
1.58616
1.58287
1.5796
1.57637
1.57316
1.57
1.56687
1.56379
1.56076
1.55779
1.55487
1.55201
1.54921
1.54648
1.54381
1.54122
1.5387
1.53625
1.53388
1.53159
1.52938
1.52726
1.52521
1.52325
1.52138
1.51959
1.51789
1.51628
1.51476
1.51333
1.51199
1.51075
1.50959
1.50853
1.50757
1.5067
1.50594
1.50527
1.50471
1.50425
1.5039
1.50366
1.50353
1.50352
1.50362
1.50385
1.5042
1.50467
1.50528
1.50601
1.50688
1.50788
1.50902
1.5103
1.51172
1.51328
1.51498
1.51682
1.5188
1.52092
1.52317
1.52556
1.52808
1.53073
1.5335
1.53639
1.5394
1.54252
1.54573
1.54905
1.55245
1.55594
1.55951
1.56314
1.56683
1.57058
1.57438
1.57821
1.58207
1.58595
1.58985
1.59376
1.59766
1.60156
1.60545
1.60931
1.61315
1.61696
1.62072
1.62445
1.62812
1.63174
1.63531
1.63881
1.64224
1.64561
1.6489
1.65211
1.65525
1.6583
1.66126
1.66414
1.66692
1.66961
1.67221
1.67471
1.67711
1.67941
1.68161
1.68371
1.68571
1.68761
1.6894
1.69109
1.69267
1.69415
1.69552
1.69679
1.69795
1.69901
1.69997
1.70082
1.70156
1.7022
1.70274
1.70318
1.70352
1.70377
1.70391
1.70396
1.70391
1.70377
1.70354
1.70322
1.70282
1.70233
1.70176
1.70111
1.70038
1.69958
1.69872
1.69778
1.69678
1.69573
1.69461
1.69345
1.69223
1.69097
1.68967
1.68834
1.68697
1.68558
1.68417
1.68274
1.6813
1.67985
1.67839
1.67694
1.67549
1.67406
1.67263
1.67123
1.66984
1.66849
1.66716
1.66587
1.66461
1.6634
1.66223
1.6611
1.66002
1.65899
1.65802
1.6571
1.65623
1.65541
1.65466
1.65395
1.6533
1.65271
1.65217
1.65168
1.65124
1.65084
1.65049
1.65019
1.64993
1.6497
1.64951
1.64934
1.64921
1.6491
1.64902
1.64895
1.6489
1.64885
1.64881
1.64878
1.64874
1.6487
1.64866
1.6486
1.64853
1.64844
1.64834
1.64821
1.64805
1.64787
1.64766
1.64742
1.64715
1.64684
1.6465
1.64612
1.6457
1.64525
1.64475
1.64422
1.64364
1.64303
1.64238
1.64168
1.64095
1.64018
1.63938
1.63853
1.63765
1.63673
1.63579
1.63481
1.6338
1.63276
1.63169
1.6306
1.62948
1.62835
1.62719
1.62602
1.62483
1.62362
1.62241
1.62118
1.61995
1.61871
1.61747
1.61623
1.61498
1.61374
1.61249
1.61126
1.61002
1.6088
1.60758
1.60638
1.60518
1.60399
1.60282
1.60166
1.60052
1.59939
1.59828
1.59718
1.59611
1.59505
1.59401
1.593
1.592
1.59103
1.59008
1.58916
1.58826
1.58739
1.58655
1.58574
1.58496
1.58422
1.58351
1.58284
1.5822
1.58161
1.58106
1.58056
1.5801
1.5797
1.57934
1.57904
1.5788
1.57862
1.5785
1.57844
1.57845
1.57853
1.57868
1.5789
1.5792
1.57958
1.58003
1.58056
1.58117
1.58186
1.58263
1.58349
1.58442
1.58544
1.58654
1.58772
1.58898
1.59031
1.59173
1.59322
1.59479
1.59643
1.59813
1.59991
1.60176
1.60367
1.60564
1.60767
1.60975
1.61188
1.61407
1.6163
1.61857
1.62088
1.62322
1.6256
1.62801
1.63044
1.63289
1.63537
1.63786
1.64036
1.64287
1.64538
1.6479
1.65042
1.65293
1.65544
1.65793
1.66042
1.66289
1.66535
1.66778
1.6702
1.67259
1.67495
1.67728
1.67959
1.68186
1.6841
1.6863
1.68847
1.6906
1.6927
1.69475
1.69677
1.69874
1.70068
1.70257
1.70442
1.70624
1.70801
1.70975
1.71144
1.7131
1.71471
1.7163
1.71784
1.71935
1.72083
1.72228
1.72369
1.72508
1.72644
1.72777
1.72907
1.73035
1.73161
1.73285
1.73406
1.73526
1.73643
1.73758
1.73872
1.73984
1.74094
1.74202
1.74309
1.74414
1.74517
1.74618
1.74717
1.74814
1.74908
1.75001
1.75091
1.75178
1.75262
1.75343
1.75422
1.75496
1.75567
1.75635
1.75698
1.75757
1.75812
1.75862
1.75907
1.75947
1.75982
1.76011
1.76035
1.76053
1.76065
1.76071
1.76071
1.76065
1.76053
1.76035
1.7601
1.75979
1.75941
1.75898
1.75847
1.75791
1.75728
1.75659
1.75584
1.75503
1.75416
1.75324
1.75226
1.75122
1.75013
1.74899
1.74781
1.74657
1.74529
1.74397
1.7426
1.7412
1.73975
1.73828
1.73677
1.73523
1.73367
1.73208
1.73046
1.72883
1.72719
1.72552
1.72385
1.72217
1.72048
1.7188
1.71711
1.71543
1.71375
1.71209
1.71044
1.70881
1.7072
1.70561
1.70405
1.70252
1.70103
1.69958
1.69817
1.69681
1.69549
1.69423
1.69303
1.69188
1.6908
1.68978
1.68883
1.68795
1.68714
1.68641
1.68576
1.68519
1.68469
1.68428
1.68396
1.68371
1.68356
1.68349
1.68351
1.68361
1.6838
1.68407
1.68443
1.68488
1.6854
1.686
1.68668
1.68743
1.68826
1.68915
1.69012
1.69114
1.69223
1.69338
1.69458
1.69583
1.69713
1.69847
1.69985
1.70126
1.7027
1.70416
1.70565
1.70715
1.70867
1.7102
1.71173
1.71326
1.71479
1.71631
1.71782
1.71932
1.7208
1.72225
1.72368
1.72508
1.72644
1.72777
1.72906
1.73031
1.73151
1.73267
1.73378
1.73484
1.73584
1.73679
1.73768
1.73852
1.7393
1.74001
1.74067
1.74126
1.7418
1.74227
1.74267
1.74302
1.7433
1.74352
1.74368
1.74379
1.74383
1.74381
1.74374
1.74361
1.74342
1.74318
1.74289
1.74256
1.74217
1.74173
1.74125
1.74073
1.74017
1.73956
1.73892
1.73824
1.73753
1.73679
1.73601
1.73521
1.73438
1.73353
1.73265
1.73176
1.73084
1.72991
1.72896
1.72799
1.72702
1.72602
1.72502
1.72401
1.72299
1.72196
1.72092
1.71988
1.71884
1.71779
1.71673
1.71567
1.7146
1.71354
1.71247
1.71139
1.71031
1.70923
1.70814
1.70705
1.70596
1.70486
1.70376
1.70266
1.70155
1.70043
1.69931
1.69818
1.69705
1.69591
1.69476
1.69361
1.69245
1.69129
1.69012
1.68895
1.68777
1.68659
1.68541
1.68422
1.68303
1.68184
1.68064
1.67945
1.67827
1.67708
1.6759
1.67472
1.67355
1.67239
1.67125
1.67011
1.66899
1.66788
1.6668
1.66573
1.66468
1.66365
1.66265
1.66168
1.66074
1.65982
1.65894
1.65809
1.65727
1.65649
1.65574
1.65503
1.65436
1.65372
1.65312
1.65256
1.65204
1.65155
1.65111
1.6507
1.65032
1.64998
1.64967
1.6494
1.64915
1.64893
1.64874
1.64858
1.64844
1.64831
1.64821
1.64812
1.64804
1.64798
1.64792
1.64786
1.64781
1.64775
1.64769
1.64763
1.64756
1.64747
1.64737
1.64725
1.64711
1.64695
1.64676
1.64654
1.6463
1.64602
1.64571
1.64537
1.64499
1.64457
1.64412
1.64362
1.64309
1.64252
1.6419
1.64124
1.64055
1.63981
1.63903
1.63821
1.63736
1.63647
1.63554
1.63457
1.63358
1.63255
1.63149
1.63041
1.6293
1.62817
1.62702
1.62585
1.62467
1.62347
1.62227
1.62106
1.61984
1.61863
1.61741
1.6162
1.615
1.6138
1.61262
1.61145
1.61029
1.60915
1.60803
1.60693
1.60585
1.6048
1.60376
1.60276
1.60178
1.60082
1.59989
1.59899
1.59811
1.59726
1.59643
1.59563
1.59484
1.59409
1.59335
1.59263
1.59192
1.59124
1.59057
1.58992
1.58927
1.58864
1.58801
1.58739
1.58678
1.58617
1.58556
1.58495
1.58434
1.58372
1.58311
1.58248
1.58185
1.58121
1.58057
1.57991
1.57924
1.57857
1.57788
1.57718
1.57647
1.57574
1.57501
1.57426
1.5735
1.57273
1.57196
1.57117
1.57037
1.56957
1.56876
1.56795
1.56713
1.56631
1.56549
1.56468
1.56386
1.56305
1.56225
1.56145
1.56066
1.55989
1.55913
1.55839
1.55767
1.55696
1.55627
1.55561
1.55497
1.55436
1.55378
1.55322
1.5527
1.5522
1.55174
1.55131
1.55092
1.55055
1.55023
1.54993
1.54968
1.54946
1.54927
1.54912
1.549
1.54891
1.54886
1.54884
1.54885
1.54888
1.54895
1.54904
1.54916
1.5493
1.54946
1.54964
1.54984
1.55005
1.55028
1.55052
1.55077
1.55103
1.5513
1.55157
1.55184
1.55212
1.55239
1.55267
1.55294
1.5532
1.55346
1.55371
1.55396
1.55419
1.55442
1.55463
1.55483
1.55502
1.5552
1.55537
1.55553
1.55567
1.5558
1.55592
1.55603
1.55613
1.55622
1.5563
1.55637
1.55643
1.55649
1.55654
1.55659
1.55664
1.55668
1.55673
1.55677
1.55682
1.55688
1.55694
1.557
1.55708
1.55717
1.55726
1.55738
1.5575
1.55765
1.55781
1.55799
1.5582
1.55842
1.55867
1.55895
1.55925
1.55958
1.55993
1.56032
1.56073
1.56118
1.56166
1.56217
1.56271
1.56329
1.5639
1.56454
1.56522
1.56594
1.56669
1.56748
1.5683
1.56915
1.57004
1.57097
1.57192
1.57292
1.57394
1.575
1.57609
1.57721
1.57836
1.57954
1.58075
1.58198
1.58325
1.58454
1.58585
1.58719
1.58855
1.58993
1.59134
1.59276
1.59419
1.59564
1.59711
1.59859
1.60008
1.60157
1.60308
1.60459
1.6061
1.60762
1.60913
1.61065
1.61215
1.61365
1.61515
1.61663
1.61809
1.61954
1.62098
1.62239
1.62378
1.62515
1.62649
1.6278
1.62908
1.63033
1.63155
1.63273
1.63387
1.63497
1.63602
1.63704
1.63801
1.63893
1.6398
1.64062
1.6414
1.64212
1.64278
1.64339
1.64395
1.64445
1.6449
1.64529
1.64562
1.6459
1.64611
1.64628
1.64638
1.64643
1.64642
1.64636
1.64625
1.64608
1.64586
1.64558
1.64526
1.64489
1.64448
1.64402
1.64353
1.64299
1.64241
1.6418
1.64115
1.64048
1.63977
1.63904
1.63828
1.63751
1.63672
1.63591
1.63509
1.63426
1.63342
1.63259
1.63175
1.63091
1.63008
1.62926
1.62845
1.62765
1.62686
1.6261
1.62536
1.62464
1.62394
1.62327
1.62263
1.62202
1.62144
1.6209
1.62038
1.6199
1.61946
1.61905
1.61868
1.61834
1.61803
1.61776
1.61753
1.61732
1.61715
1.61701
1.6169
1.61682
1.61676
1.61672
1.61671
1.61672
1.61674
1.61678
1.61683
1.61689
1.61696
1.61703
1.6171
1.61717
1.61723
1.61729
1.61733
1.61736
1.61738
1.61737
1.61734
1.61728
1.6172
1.61708
1.61694
1.61675
1.61653
1.61627
1.61596
1.61562
1.61522
1.61478
1.61429
1.61375
1.61315
1.6125
1.6118
1.61105
1.61024
1.60937
1.60844
1.60747
1.60643
1.60534
1.6042
1.60299
1.60174
1.60043
1.59908
1.59767
1.59621
1.59471
1.59316
1.59157
1.58994
1.58827
1.58657
1.58483
1.58306
1.58126
1.57944
1.5776
1.57573
1.57385
1.57196
1.57005
1.56814
1.56622
1.5643
1.56238
1.56046
1.55855
1.55665
1.55475
1.55287
1.551
1.54914
1.54731
1.54549
1.54369
1.54192
1.54017
1.53844
1.53674
1.53506
1.53341
1.53178
1.53018
1.52861
1.52706
1.52554
1.52405
1.52259
1.52115
1.51974
1.51836
1.51701
1.51569
1.51439
1.51314
1.51191
1.51072
1.50957
1.50846
1.50739
1.50636
1.50538
1.50444
1.50356
1.50274
1.50197
1.50126
1.50062
1.50005
1.49955
1.49913
1.49879
1.49853
1.49836
1.49828
1.49829
1.49841
1.49862
1.49894
1.49936
1.4999
1.50055
1.5013
1.50218
1.50317
1.50427
1.5055
1.50684
1.5083
1.50987
1.51156
1.51336
1.51527
1.51729
1.51941
1.52163
1.52395
1.52637
1.52887
1.53146
1.53412
1.53686
1.53967
1.54254
1.54546
1.54844
1.55145
1.55451
1.5576
1.56071
1.56384
1.56698
1.57012
1.57326
1.57639
1.5795
1.58259
1.58565
1.58867
1.59165
1.59458
1.59745
1.60027
1.60301
1.60568
1.60827
1.61078
1.61319
1.61551
1.61773
1.61984
1.62185
1.62374
1.62552
1.62717
1.6287
1.6301
1.63137
1.63251
1.63352
1.63438
1.63511
1.63569
1.63613
1.63643
1.63659
1.6366
1.63646
1.63618
1.63575
1.63519
1.63448
1.63363
1.63264
1.63152
1.63026
1.62887
1.62736
1.62572
1.62397
1.6221
1.62012
1.61804
1.61587
1.6136
1.61124
1.60881
1.6063
1.60374
1.60111
1.59844
1.59572
1.59297
1.5902
1.5874
1.5846
1.5818
1.579
1.57622
1.57346
1.57074
1.56805
1.5654
1.56281
1.56027
1.5578
1.5554
1.55307
1.55083
1.54866
1.54659
1.5446
1.54271
1.54092
1.53923
1.53764
1.53615
1.53476
1.53348
1.53229
1.53122
1.53024
1.52937
1.5286
1.52792
1.52735
1.52687
1.52648
1.52618
1.52597
1.52585
1.52582
1.52586
1.52599
1.5262
1.52648
1.52684
1.52727
1.52777
1.52834
1.52898
1.52968
1.53045
1.53127
1.53216
1.53311
1.53412
1.53519
1.53631
1.53748
1.53871
1.53999
1.54132
1.54271
1.54414
1.54562
1.54715
1.54872
1.55034
1.55201
1.55371
1.55546
1.55725
1.55908
1.56095
1.56285
1.56479
1.56676
1.56877
1.5708
1.57287
1.57496
1.57708
1.57922
1.58138
1.58357
1.58577
1.58799
1.59023
1.59248
1.59475
1.59703
1.59932
1.60161
1.60392
1.60622
1.60853
1.61084
1.61316
1.61547
1.61778
1.62009
1.62239
1.62469
1.62699
1.62928
1.63156
1.63384
1.63611
1.63837
1.64063
1.64287
1.64511
1.64734
1.64956
1.65177
1.65398
1.65617
1.65836
1.66054
1.66271
1.66488
1.66704
1.66919
1.67134
1.67348
1.67562
1.67776
1.67989
1.68202
1.68415
1.68628
1.68841
1.69054
1.69267
1.69481
1.69695
1.6991
1.70126
1.70342
1.70559
1.70777
1.70997
1.71217
1.71438
1.71661
1.71886
1.72111
1.72339
1.72568
1.72799
1.73032
1.73267
1.73504
1.73743
1.73985
1.74229
1.74475
1.74723
1.74975
1.75228
1.75485
1.75743
1.76005
1.76269
1.76536
1.76805
1.77077
1.77352
1.77629
1.77908
1.78191
1.78475
1.78762
1.79052
1.79343
1.79637
1.79933
1.8023
1.8053
1.80831
1.81133
1.81437
1.81743
1.82049
1.82356
1.82664
1.82972
1.83281
1.83589
1.83898
1.84205
1.84512
1.84819
1.85124
1.85428
1.8573
1.8603
1.86328
1.86624
1.86916
1.87206
1.87493
1.87775
1.88054
1.88329
1.88599
1.88865
1.89125
1.8938
1.89629
1.89873
1.9011
1.90341
1.90564
1.90781
1.90991
1.91193
1.91387
1.91573
1.91751
1.9192
1.9208
1.92231
1.92372
1.92504
1.92626
1.92739
1.92841
1.92933
1.93014
1.93085
1.93144
1.93193
1.93231
1.93258
1.93273
1.93277
1.93269
1.9325
1.93219
1.93177
1.93123
1.93057
1.9298
1.92891
1.9279
1.92678
1.92554
1.92418
1.92271
1.92113
1.91944
1.91764
1.91572
1.9137
1.91157
1.90933
1.90699
1.90455
1.902
1.89936
1.89662
1.89379
1.89087
1.88786
1.88475
1.88157
1.8783
1.87496
1.87153
1.86803
1.86446
1.86083
1.85712
1.85336
1.84954
1.84566
1.84172
1.83774
1.83371
1.82963
1.82552
1.82137
1.81718
1.81297
1.80873
1.80447
1.80019
1.79589
1.79159
1.78728
1.78296
1.77865
1.77435
1.77005
1.76577
1.76152
1.75729
1.75308
1.74892
1.74479
1.74071
1.73667
1.73269
1.72878
1.72492
1.72113
1.71742
1.71379
1.71024
1.70678
1.7034
1.70012
1.69694
1.69386
1.69088
1.688
1.68524
1.68258
1.68002
1.67758
1.67525
1.67302
1.6709
1.66888
1.66696
1.66513
1.66341
1.66177
1.66022
1.65874
1.65734
1.65601
1.65475
1.65354
1.65238
1.65126
1.65019
1.64914
1.64811
1.6471
1.64611
1.64511
1.6441
1.64309
1.64206
1.641
1.63991
1.63879
1.63762
1.63641
1.63514
1.63382
1.63244
1.63099
1.62948
1.6279
1.62625
1.62453
1.62273
1.62085
1.6189
1.61687
1.61476
1.61258
1.61032
1.60799
1.60558
1.60311
1.60056
1.59796
1.59529
1.59256
1.58978
1.58695
1.58407
1.58114
1.57819
1.5752
1.57218
1.56914
1.56608
1.56302
1.55995
1.55688
1.55382
1.55077
1.54774
1.54474
1.54176
1.53883
1.53594
1.5331
1.53031
1.52759
1.52493
1.52235
1.51985
1.51743
1.5151
1.51287
1.51073
1.5087
1.50678
1.50496
1.50327
1.50169
1.50023
1.49889
1.49769
1.49661
1.49565
1.49483
1.49414
1.49358
1.49316
1.49287
1.49271
1.49268
1.49277
1.493
1.49335
1.49383
1.49442
1.49514
1.49597
1.49691
1.49797
1.49913
1.50039
1.50175
1.50321
1.50475
1.50639
1.5081
1.5099
1.51177
1.51371
1.51571
1.51778
1.5199
1.52208
1.5243
1.52657
1.52888
1.53123
1.53361
1.53603
1.53847
1.54093
1.54341
1.54591
1.54842
1.55094
1.55346
1.55599
1.55852
1.56105
1.56357
1.56609
1.56859
1.57109
1.57357
1.57603
1.57848
1.5809
1.58331
1.58569
1.58804
1.59037
1.59267
1.59494
1.59717
1.59937
1.60154
1.60366
1.60575
1.6078
1.60981
1.61178
1.61371
1.61559
1.61742
1.61922
1.62096
1.62266
1.62431
1.62591
1.62747
1.62898
1.63044
1.63185
1.63321
1.63453
1.63579
1.63701
1.63818
1.63931
1.64039
1.64143
1.64242
1.64337
1.64428
1.64516
1.64599
1.6468
1.64757
1.64831
1.64902
1.64972
1.65039
1.65104
1.65167
1.6523
1.65291
1.65352
1.65413
1.65474
1.65535
1.65597
1.6566
1.65725
1.65792
1.65861
1.65932
1.66006
1.66084
1.66164
1.66249
1.66338
1.66431
1.66528
1.6663
1.66737
1.66849
1.66967
1.67089
1.67217
1.67351
1.6749
1.67634
1.67784
1.6794
1.68101
1.68267
1.68439
1.68615
1.68796
1.68982
1.69173
1.69367
1.69565
1.69767
1.69972
1.7018
1.7039
1.70602
1.70816
1.71031
1.71247
1.71463
1.71678
1.71894
1.72108
1.72321
1.72532
1.7274
1.72946
1.73148
1.73346
1.7354
1.73729
1.73913
1.74091
1.74264
1.7443
1.74589
1.74741
1.74885
1.75021
1.75149
1.75269
1.7538
1.75481
1.75573
1.75656
1.75728
1.75791
1.75843
1.75886
1.75917
1.75939
1.7595
1.7595
1.75939
1.75919
1.75887
1.75846
1.75794
1.75732
1.7566
1.75578
1.75487
1.75387
1.75277
1.7516
1.75033
1.74899
1.74758
1.74609
1.74454
1.74292
1.74125
1.73952
1.73775
1.73593
1.73408
1.73219
1.73028
1.72834
1.72639
1.72442
1.72245
1.72047
1.7185
1.71653
1.71458
1.71264
1.71072
1.70883
1.70697
1.70514
1.70335
1.7016
1.69989
1.69822
1.6966
1.69504
1.69353
1.69207
1.69067
1.68932
1.68804
1.68682
1.68565
1.68455
1.68351
1.68254
1.68163
1.68077
1.67998
1.67925
1.67859
1.67798
1.67742
1.67693
1.67649
1.67611
1.67578
1.67549
1.67526
1.67508
1.67494
1.67485
1.67479
1.67478
1.6748
1.67485
1.67494
1.67505
1.67519
1.67535
1.67552
1.67572
1.67592
1.67614
1.67636
1.67659
1.67681
1.67703
1.67724
1.67745
1.67764
1.67782
1.67797
1.6781
1.67821
1.67828
1.67833
1.67834
1.67831
1.67824
1.67813
1.67797
1.67777
1.67752
1.67721
1.67686
1.67645
1.67599
1.67547
1.6749
1.67427
1.67359
1.67284
1.67205
1.67119
1.67028
1.66932
1.66831
1.66724
1.66613
1.66496
1.66375
1.6625
1.66121
1.65987
1.6585
1.6571
1.65567
1.65421
1.65272
1.65122
1.6497
1.64817
1.64662
1.64508
1.64353
1.64199
1.64046
1.63894
1.63743
1.63594
1.63448
1.63304
1.63163
1.63026
1.62893
1.62764
1.6264
1.62521
1.62407
1.62298
1.62196
1.62099
1.62008
1.61925
1.61848
1.61778
1.61714
1.61658
1.6161
1.61568
1.61534
1.61507
1.61487
1.61475
1.61469
1.6147
1.61479
1.61494
1.61515
1.61543
1.61577
1.61618
1.61663
1.61715
1.61771
1.61833
1.61899
1.61969
1.62044
1.62122
1.62204
1.62289
1.62377
1.62467
1.62559
1.62653
1.62749
1.62846
1.62944
1.63042
1.63141
1.6324
1.63339
1.63437
1.63535
1.63631
1.63727
1.6382
1.63912
1.64003
1.64091
1.64177
1.6426
1.64341
1.6442
1.64495
1.64568
1.64637
1.64703
1.64767
1.64827
1.64883
1.64936
1.64986
1.65033
1.65076
1.65116
1.65152
1.65186
1.65216
1.65244
1.65269
1.6529
1.6531
1.65326
1.65341
1.65353
1.65363
1.65371
1.65378
1.65383
1.65387
1.6539
1.65392
1.65394
1.65396
1.65398
1.654
1.65402
1.65406
1.6541
1.65416
1.65423
1.65432
1.65443
1.65457
1.65473
1.65492
1.65513
1.65539
1.65567
1.65599
1.65635
1.65675
1.65719
1.65768
1.65821
1.65878
1.65941
1.66008
1.6608
1.66157
1.66239
1.66327
1.66419
1.66517
1.66619
1.66726
1.66839
1.66956
1.67079
1.67206
1.67338
1.67474
1.67615
1.67759
1.67908
1.68061
1.68217
1.68377
1.6854
1.68706
1.68875
1.69047
1.6922
1.69396
1.69573
1.69752
1.69931
1.70112
1.70293
1.70474
1.70656
1.70837
1.71017
1.71197
1.71375
1.71552
1.71728
1.71901
1.72072
1.72241
1.72407
1.7257
1.7273
1.72886
1.73039
1.73188
1.73334
1.73475
1.73612
1.73745
1.73873
1.73997
1.74116
1.7423
1.7434
1.74444
1.74545
1.7464
1.7473
1.74816
1.74897
1.74974
1.75045
1.75113
1.75176
1.75235
1.75289
1.7534
1.75387
1.7543
1.75469
1.75506
1.75539
1.75569
1.75596
1.75621
1.75643
1.75663
1.75681
1.75697
1.75712
1.75724
1.75736
1.75746
1.75755
1.75763
1.7577
1.75776
1.75782
1.75787
1.75792
1.75796
1.75799
1.75802
1.75805
1.75806
1.75808
1.75808
1.75808
1.75807
1.75805
1.75801
1.75796
1.7579
1.75782
1.75772
1.7576
1.75745
1.75728
1.75708
1.75685
1.75659
1.75629
1.75595
1.75557
1.75514
1.75467
1.75415
1.75358
1.75296
1.75228
1.75155
1.75076
1.74992
1.74901
1.74804
1.747
1.7459
1.74474
1.74351
1.74222
1.74086
1.73944
1.73796
1.73642
1.73481
1.73315
1.73143
1.72965
1.72782
1.72594
1.72401
1.72204
1.72003
1.71798
1.71589
1.71377
1.71163
1.70946
1.70727
1.70506
1.70284
1.70062
1.69839
1.69615
1.69393
1.6917
1.68949
1.68729
1.68511
1.68295
1.68081
1.6787
1.67661
1.67455
1.67252
1.67052
1.66856
1.66663
1.66474
1.66288
1.66106
1.65927
1.65752
1.6558
1.65412
1.65248
1.65087
1.64929
1.64774
1.64623
1.64474
1.64329
1.64186
1.64046
1.63909
1.63774
1.63641
1.63511
1.63383
1.63257
1.63133
1.63011
1.62892
1.62774
1.62658
1.62545
1.62434
1.62325
1.62218
1.62113
1.6201
1.6191
1.61813
1.61718
1.61625
1.61536
1.61449
1.61365
1.61284
1.61206
1.61131
1.61059
1.60991
1.60926
1.60865
1.60807
1.60753
1.60702
1.60656
1.60612
1.60573
1.60537
1.60505
1.60477
1.60453
1.60432
1.60415
1.60401
1.60392
1.60385
1.60382
1.60383
1.60387
1.60394
1.60404
1.60417
1.60433
1.60453
1.60474
1.60499
1.60526
1.60555
1.60587
1.60621
1.60657
1.60695
1.60735
1.60777
1.60821
1.60866
1.60913
1.60962
1.61012
1.61064
1.61117
1.61171
1.61226
1.61282
1.6134
1.61399
1.61458
1.61519
1.61581
1.61644
1.61708
1.61773
1.6184
1.61907
1.61975
1.62045
1.62116
1.62188
1.62261
1.62336
1.62413
1.62491
1.62571
1.62653
1.62737
1.62824
1.62913
1.63004
1.63098
1.63194
1.63294
1.63396
1.63502
1.63611
1.63724
1.6384
1.6396
1.64084
1.64212
1.64343
1.64479
1.64618
1.64761
1.64909
1.6506
1.65215
1.65373
1.65535
1.65701
1.65869
1.6604
1.66214
1.6639
1.66568
1.66748
1.66928
1.67109
1.6729
1.67471
1.67652
1.67831
1.68008
1.68183
1.68355
1.68523
1.68688
1.68847
1.69002
1.69151
1.69294
1.6943
1.69558
1.69679
1.69792
1.69897
1.69992
1.70078
1.70155
1.70221
1.70278
1.70324
1.70359
1.70385
1.70399
1.70402
1.70395
1.70377
1.70348
1.70309
1.70259
1.70199
1.70129
1.70049
1.6996
1.69862
1.69756
1.69641
1.69518
1.69387
1.69249
1.69105
1.68954
1.68798
1.68636
1.6847
1.683
1.68125
1.67948
1.67767
1.67585
1.674
1.67215
1.67029
1.66842
1.66656
1.6647
1.66286
1.66103
1.65922
1.65744
1.65568
1.65396
1.65227
1.65062
1.64902
1.64746
1.64595
1.6445
1.6431
1.64176
1.64048
1.63927
1.63812
1.63703
1.63602
1.63508
1.63421
1.63342
1.63269
1.63205
1.63148
1.63098
1.63056
1.63022
1.62995
1.62976
1.62964
1.62959
1.62961
1.6297
1.62986
1.63009
1.63037
1.63071
1.63112
1.63157
1.63208
1.63264
1.63324
1.63388
1.63455
1.63526
1.636
1.63677
1.63755
1.63836
1.63917
1.64
1.64083
1.64166
1.64249
1.64332
1.64414
1.64494
1.64573
1.6465
1.64724
1.64796
1.64866
1.64932
1.64995
1.65054
1.6511
1.65161
1.65209
1.65252
1.65291
1.65325
1.65355
1.65381
1.65401
1.65417
1.65427
1.65433
1.65434
1.6543
1.65421
1.65407
1.65389
1.65365
1.65337
1.65304
1.65266
1.65224
1.65176
1.65125
1.65069
1.65008
1.64943
1.64874
1.648
1.64722
1.6464
1.64554
1.64464
1.6437
1.64272
1.6417
1.64065
1.63956
1.63843
1.63727
1.63607
1.63483
1.63356
1.63226
1.63093
1.62956
1.62816
1.62673
1.62527
1.62377
1.62225
1.62069
1.61911
1.61749
1.61585
1.61418
1.61249
1.61077
1.60903
1.60726
1.60547
1.60366
1.60182
1.59997
1.59809
1.5962
1.59429
1.59237
1.59043
1.58848
1.58651
1.58454
1.58256
1.58057
1.57857
1.57657
1.57457
1.57257
1.57057
1.56858
1.56659
1.56461
1.56264
1.56069
1.55875
1.55682
1.55492
1.55304
1.55119
1.54936
1.54756
1.5458
1.54407
1.54238
1.54073
1.53913
1.53757
1.53606
1.5346
1.5332
1.53185
1.53057
1.52935
1.52819
1.5271
1.52609
1.52514
1.52427
1.52348
1.52277
1.52214
1.5216
1.52114
1.52077
1.52049
1.5203
1.5202
1.52019
1.52028
1.52047
1.52076
1.52114
1.52162
1.5222
1.52288
1.52365
1.52453
1.52551
1.52658
1.52775
1.52902
1.53039
1.53185
1.5334
1.53505
1.53679
1.53862
1.54054
1.54254
1.54462
1.54679
1.54904
1.55136
1.55376
1.55622
1.55876
1.56136
1.56402
1.56675
1.56952
1.57236
1.57524
1.57816
1.58113
1.58414
1.58718
1.59025
1.59335
1.59647
1.59962
1.60278
1.60595
1.60913
1.61231
1.6155
1.61868
1.62186
1.62503
1.62819
1.63133
1.63445
1.63755
1.64062
1.64366
1.64667
1.64965
1.65259
1.65549
1.65835
1.66117
1.66393
1.66666
1.66933
1.67194
1.67451
1.67702
1.67947
1.68186
1.6842
1.68647
1.68869
1.69084
1.69293
1.69496
1.69693
1.69883
1.70067
1.70245
1.70416
1.70581
1.7074
1.70892
1.71038
1.71177
1.71311
1.71438
1.71559
1.71675
1.71784
1.71888
1.71986
1.72078
1.72165
1.72246
1.72322
1.72393
1.72458
1.72519
1.72574
1.72625
1.72671
1.72713
1.7275
1.72783
1.72812
1.72836
1.72857
1.72874
1.72887
1.72896
1.72902
1.72905
1.72904
1.729
1.72893
1.72883
1.72871
1.72855
1.72837
1.72817
1.72794
1.72768
1.7274
1.72711
1.72678
1.72644
1.72608
1.72569
1.72529
1.72486
1.72442
1.72395
1.72347
1.72297
1.72245
1.7219
1.72134
1.72076
1.72016
1.71954
1.7189
1.71823
1.71754
1.71683
1.7161
1.71534
1.71456
1.71375
1.71292
1.71206
1.71117
1.71026
1.70931
1.70834
1.70734
1.70631
1.70524
1.70415
1.70303
1.70187
1.70069
1.69947
1.69823
1.69695
1.69565
1.69431
1.69295
1.69157
1.69015
1.68872
1.68725
1.68577
1.68427
1.68274
1.6812
1.67965
1.67808
1.67651
1.67492
1.67333
1.67174
1.67015
1.66856
1.66698
1.66541
1.66385
1.66231
1.66079
1.65929
1.65782
1.65638
1.65497
1.6536
1.65226
1.65097
1.64972
1.64852
1.64738
1.64628
1.64525
1.64427
1.64335
1.6425
1.64172
1.641
1.64035
1.63977
1.63927
1.63884
1.63848
1.63819
1.63798
1.63785
1.63779
1.6378
1.63789
1.63805
1.63828
1.63859
1.63896
1.6394
1.6399
1.64047
1.6411
1.64178
1.64252
1.64332
1.64416
1.64505
1.64598
1.64695
1.64796
1.649
1.65006
1.65116
1.65227
1.6534
1.65454
1.6557
1.65686
1.65802
1.65918
1.66034
1.66149
1.66263
1.66376
1.66486
1.66595
1.66702
1.66805
1.66906
1.67004
1.67098
1.67189
1.67276
1.67358
1.67437
1.67511
1.67581
1.67646
1.67706
1.67762
1.67812
1.67857
1.67897
1.67932
1.67961
1.67985
1.68004
1.68018
1.68025
1.68028
1.68025
1.68017
1.68004
1.67985
1.67961
1.67933
1.67899
1.6786
1.67817
1.67769
1.67717
1.6766
1.67599
1.67534
1.67465
1.67392
1.67316
1.67235
1.67152
1.67065
1.66976
1.66884
1.66789
1.66692
1.66593
1.66492
1.66389
1.66285
1.66179
1.66073
1.65965
1.65857
1.65748
1.65638
1.65529
1.6542
1.65311
1.65202
1.65094
1.64987
1.6488
1.64775
1.6467
1.64567
1.64466
1.64366
1.64268
1.64171
1.64076
1.63983
1.63892
1.63803
1.63716
1.63631
1.63548
1.63467
1.63388
1.63312
1.63237
1.63164
1.63093
1.63024
1.62957
1.62892
1.62828
1.62766
1.62705
1.62646
1.62588
1.62531
1.62475
1.62419
1.62365
1.62311
1.62258
1.62204
1.62151
1.62098
1.62045
1.61992
1.61938
1.61884
1.6183
1.61774
1.61718
1.61661
1.61603
1.61543
1.61483
1.61421
1.61358
1.61293
1.61227
1.6116
1.61091
1.6102
1.60948
1.60874
1.60799
1.60723
1.60645
1.60567
1.60487
1.60406
1.60324
1.60241
1.60158
1.60074
1.5999
1.59906
1.59822
1.59738
1.59655
1.59573
1.59492
1.59413
1.59335
1.59259
1.59185
1.59115
1.59047
1.58982
1.58921
1.58863
1.58811
1.58762
1.58719
1.5868
1.58648
1.58621
1.586
1.58586
1.58578
1.58578
1.58584
1.58598
1.5862
1.5865
1.58688
1.58734
1.58788
1.58852
1.58923
1.59004
1.59093
1.59192
1.59299
1.59415
1.5954
1.59674
1.59817
1.59969
1.6013
1.60299
1.60477
1.60663
1.60857
1.61059
1.61268
1.61485
1.6171
1.61942
1.6218
1.62425
1.62676
1.62933
1.63196
1.63464
1.63736
1.64014
1.64296
1.64582
1.64872
1.65164
1.6546
1.65759
1.6606
1.66363
1.66667
1.66972
1.67279
1.67586
1.67893
1.682
1.68506
1.68812
1.69116
1.69419
1.69721
1.7002
1.70317
1.70612
1.70903
1.71192
1.71477
1.71759
1.72037
1.72311
1.7258
1.72846
1.73106
1.73362
1.73613
1.73858
1.74099
1.74334
1.74564
1.74787
1.75006
1.75218
1.75425
1.75625
1.7582
1.76008
1.7619
1.76367
1.76537
1.76701
1.76859
1.77011
1.77158
1.77298
1.77432
1.7756
1.77683
1.778
1.77911
1.78016
1.78117
1.78212
1.78301
1.78386
1.78465
1.7854
1.78609
1.78674
1.78735
1.78791
1.78842
1.7889
1.78933
1.78972
1.79007
1.79039
1.79067
1.79091
1.79112
1.7913
1.79144
1.79155
1.79163
1.79168
1.79171
1.7917
1.79167
1.79161
1.79153
1.79142
1.79128
1.79112
1.79094
1.79074
1.79051
1.79026
1.78999
1.78971
1.7894
1.78907
1.78872
1.78836
1.78798
1.78759
1.78717
1.78675
1.78631
1.78585
1.78538
1.7849
1.78441
1.7839
1.78339
1.78287
1.78233
1.78179
1.78125
1.78069
1.78013
1.77957
1.779
1.77843
1.77786
1.77729
1.77672
1.77614
1.77557
1.775
1.77443
1.77387
1.77331
1.77275
1.77219
1.77164
1.7711
1.77056
1.77003
1.7695
1.76898
1.76846
1.76796
1.76746
1.76697
1.76648
1.766
1.76553
1.76507
1.76462
1.76416
1.76372
1.76328
1.76285
1.76243
1.76201
1.76159
1.76118
1.76077
1.76037
1.75997
1.75957
1.75918
1.75878
1.75839
1.758
1.75761
1.75723
1.75685
1.75647
1.75609
1.75572
1.75534
1.75497
1.75459
1.75422
1.75385
1.75348
1.75311
1.75275
1.75238
1.75202
1.75167
1.75131
1.75096
1.75061
1.75027
1.74993
1.74959
1.74926
1.74893
1.74861
1.7483
1.74799
1.74769
1.7474
1.74711
1.74683
1.74656
1.7463
1.74605
1.74581
1.74558
1.74536
1.74515
1.74495
1.74477
1.7446
1.74444
1.7443
1.74418
1.74407
1.74398
1.74391
1.74385
1.74381
1.7438
1.7438
1.74382
1.74387
1.74393
1.74402
1.74414
1.74427
1.74443
1.74462
1.74483
1.74507
1.74533
1.74563
1.74595
1.7463
1.74668
1.74709
1.74752
1.74799
1.74849
1.74903
1.74959
1.75019
1.75082
1.75149
1.75219
1.75292
1.75369
1.7545
1.75534
1.75622
1.75714
1.7581
1.7591
1.76014
1.76122
1.76234
1.7635
1.7647
1.76595
1.76724
1.76858
1.76996
1.77139
1.77286
1.77438
1.77595
1.77756
1.77922
1.78093
1.78269
1.78449
1.78635
1.78825
1.79019
1.79219
1.79423
1.79632
1.79845
1.80064
1.80286
1.80513
1.80745
1.8098
1.81219
1.81463
1.8171
1.8196
1.82214
1.82471
1.8273
1.82993
1.83259
1.83526
1.83796
1.84069
1.84342
1.84618
1.84895
1.85173
1.85452
1.85731
1.86011
1.86291
1.86572
1.86852
1.87132
1.87411
1.8769
1.87967
1.88244
1.88519
1.88792
1.89064
1.89333
1.89601
1.89866
1.90129
1.90389
1.90645
1.90899
1.91149
1.91396
1.91639
1.91878
1.92113
1.92343
1.92569
1.92789
1.93005
1.93216
1.93421
1.9362
1.93813
1.94
1.94181
1.94355
1.94522
1.94681
1.94834
1.94978
1.95115
1.95244
1.95364
1.95477
1.9558
1.95675
1.9576
1.95836
1.95902
1.95959
1.96006
1.96043
1.96069
1.96086
1.96091
1.96086
1.9607
1.96043
1.96005
1.95956
1.95896
1.95824
1.95741
1.95646
1.9554
1.95422
1.95292
1.9515
1.94997
1.94832
1.94655
1.94465
1.94264
1.94052
1.93827
1.9359
1.93341
1.9308
1.92808
1.92523
1.92226
1.91918
1.91598
1.91266
1.90923
1.90568
1.90201
1.89824
1.89434
1.89034
1.88622
1.88199
1.87765
1.8732
1.86864
1.86398
1.85921
1.85434
1.84936
1.84428
1.8391
1.83383
1.82845
1.82299
1.81743
1.81178
1.80605
1.80023
1.79432
1.78834
1.78228
1.77615
1.76995
1.76368
1.75736
1.75097
1.74453
1.73805
1.73152
1.72496
1.71837
1.71175
1.70512
1.69848
1.69184
1.68521
1.67859
1.672
1.66545
1.65895
1.6525
1.64612
1.63982
1.63361
1.6275
1.62151
1.61564
1.6099
1.60432
1.5989
1.59365
1.58858
1.5837
1.57902
1.57455
1.57029
1.56626
1.56245
1.55887
1.55553
1.55242
1.54954
1.5469
1.54449
1.5423
1.54034
1.53859
1.53704
1.5357
1.53455
1.53357
1.53277
1.53212
1.53163
1.53126
1.53102
1.53089
1.53085
1.53091
1.53104
1.53123
1.53148
1.53177
1.53209
1.53243
1.5328
1.53316
1.53353
1.5339
1.53425
1.53459
1.5349
1.53519
1.53545
1.53569
1.53589
1.53605
1.53618
1.53628
1.53634
1.53637
1.53636
1.53632
1.53625
1.53616
1.53603
1.53589
1.53572
1.53553
1.53533
1.53511
1.53489
1.53466
1.53443
1.5342
1.53397
1.53375
1.53354
1.53335
1.53318
1.53302
1.53289
1.53279
1.53272
1.53269
1.5327
1.53275
1.53284
1.53297
1.53316
1.5334
1.53369
1.53404
1.53444
1.53491
1.53544
1.53603
1.53669
1.53741
1.53821
1.53907
1.54
1.541
1.54208
1.54323
1.54444
1.54574
1.5471
1.54853
1.55004
1.55162
1.55327
1.55499
1.55678
1.55864
1.56056
1.56256
1.56462
1.56674
1.56892
1.57116
1.57346
1.57582
1.57824
1.5807
1.58322
1.58579
1.5884
1.59105
1.59375
1.59649
1.59926
1.60207
1.60491
1.60778
1.61067
1.61359
1.61653
1.61949
1.62246
1.62545
1.62844
1.63145
1.63445
1.63746
1.64047
1.64348
1.64648
1.64947
1.65244
1.65541
1.65836
1.66128
1.66419
1.66707
1.66993
1.67275
1.67555
1.67831
1.68103
1.68372
1.68637
1.68898
1.69154
1.69406
1.69653
1.69895
1.70132
1.70364
1.7059
1.70812
1.71027
1.71236
1.7144
1.71638
1.71829
1.72014
1.72193
1.72365
1.7253
1.72689
1.72841
1.72986
1.73123
1.73254
1.73378
1.73494
1.73603
1.73705
1.73799
1.73885
1.73965
1.74036
1.741
1.74156
1.74205
1.74246
1.74279
1.74304
1.74321
1.74331
1.74332
1.74327
1.74313
1.74291
1.74262
1.74226
1.74181
1.74129
1.7407
1.74003
1.73929
1.73848
1.7376
1.73665
1.73563
1.73455
1.7334
1.73219
1.73093
1.72961
1.72823
1.72681
1.72534
1.72383
1.72228
1.7207
1.7191
1.71746
1.71582
1.71416
1.7125
1.71084
1.70919
1.70755
1.70594
1.70436
1.70281
1.70132
1.69988
1.6985
1.69719
1.69596
1.69481
1.69376
1.69281
1.69196
1.69123
1.69061
1.69011
1.68974
1.6895
1.6894
1.68942
1.68958
1.68988
1.69031
1.69087
1.69156
1.69238
1.69333
1.69439
1.69557
1.69685
1.69824
1.69972
1.70128
1.70293
1.70465
1.70643
1.70827
1.71015
1.71207
1.71402
1.71599
1.71798
1.71996
1.72195
1.72392
1.72587
1.7278
1.72969
1.73155
1.73336
1.73511
1.73681
1.73844
1.74
1.74149
1.7429
1.74422
1.74546
1.7466
1.74766
1.74861
1.74946
1.75021
1.75085
1.75138
1.75181
1.75211
1.75231
1.75239
1.75235
1.7522
1.75192
1.75153
1.75102
1.75039
1.74965
1.74878
1.7478
1.7467
1.74549
1.74416
1.74272
1.74117
1.73952
1.73775
1.73588
1.73391
1.73184
1.72967
1.72741
1.72506
1.72261
1.72009
1.71748
1.7148
1.71204
1.70921
1.70632
1.70336
1.70034
1.69727
1.69415
1.69099
1.68778
1.68454
1.68126
1.67796
1.67462
1.67127
1.6679
1.66452
1.66113
1.65774
1.65435
1.65096
1.64757
1.6442
1.64084
1.6375
1.63418
1.63089
1.62762
1.62438
1.62118
1.61801
1.61488
1.61179
1.60874
1.60574
1.60279
1.59989
1.59704
1.59424
1.59149
1.58881
1.58618
1.58361
1.5811
1.57865
1.57627
1.57395
1.57169
1.5695
1.56737
1.56531
1.56332
1.5614
1.55954
1.55775
1.55603
1.55438
1.55279
1.55128
1.54984
1.54846
1.54715
1.54592
1.54475
1.54365
1.54262
1.54165
1.54076
1.53993
1.53918
1.53849
1.53786
1.53731
1.53682
1.5364
1.53605
1.53576
1.53553
1.53537
1.53528
1.53525
1.53528
1.53537
1.53552
1.53574
1.53602
1.53635
1.53675
1.5372
1.53771
1.53828
1.53891
1.53959
1.54032
1.54111
1.54195
1.54284
1.54378
1.54477
1.54582
1.5469
1.54804
1.54923
1.55046
1.55173
1.55305
1.55441
1.55582
1.55727
1.55876
1.5603
1.56187
1.56348
1.56513
1.56681
1.56853
1.57029
1.57208
1.57391
1.57577
1.57766
1.57958
1.58153
1.58351
1.58552
1.58756
1.58962
1.59171
1.59382
1.59595
1.5981
1.60027
1.60246
1.60467
1.60689
1.60913
1.61137
1.61363
1.6159
1.61817
1.62045
1.62274
1.62502
1.62731
1.6296
1.63188
1.63415
1.63642
1.63868
1.64093
1.64317
1.64539
1.6476
1.64979
1.65196
1.65411
1.65623
1.65833
1.6604
1.66245
1.66446
1.66645
1.6684
1.67033
1.67221
1.67407
1.67588
1.67766
1.6794
1.68111
1.68277
1.68439
1.68598
1.68753
1.68903
1.6905
1.69192
1.69331
1.69466
1.69597
1.69724
1.69847
1.69967
1.70083
1.70196
1.70305
1.7041
1.70513
1.70612
1.70708
1.70801
1.70891
1.70978
1.71062
1.71144
1.71223
1.713
1.71374
1.71446
1.71516
1.71583
1.71649
1.71712
1.71773
1.71832
1.71889
1.71943
1.71996
1.72046
1.72095
1.72141
1.72185
1.72227
1.72267
1.72305
1.7234
1.72373
1.72403
1.72431
1.72456
1.72478
1.72497
1.72513
1.72527
1.72537
1.72544
1.72548
1.72548
1.72545
1.72538
1.72528
1.72515
1.72497
1.72476
1.72451
1.72423
1.72391
1.72355
1.72316
1.72273
1.72226
1.72176
1.72122
1.72066
1.72006
1.71942
1.71876
1.71807
1.71735
1.71661
1.71584
1.71504
1.71422
1.71339
1.71253
1.71166
1.71076
1.70986
1.70894
1.70801
1.70707
1.70611
1.70515
1.70419
1.70321
1.70224
1.70125
1.70026
1.69927
1.69828
1.69728
1.69627
1.69527
1.69426
1.69325
1.69223
1.6912
1.69018
1.68914
1.6881
1.68706
1.686
1.68494
1.68387
1.68279
1.6817
1.6806
1.67949
1.67837
1.67725
1.67611
1.67497
1.67382
1.67266
1.6715
1.67033
1.66916
1.66799
1.66682
1.66565
1.66449
1.66333
1.66218
1.66104
1.65991
1.6588
1.6577
1.65662
1.65555
1.65451
1.65349
1.65249
1.65151
1.65056
1.64964
1.64874
1.64786
1.64701
1.64619
1.64539
1.64461
1.64386
1.64313
1.64241
1.64171
1.64103
1.64037
1.63971
1.63907
1.63843
1.63779
1.63716
1.63653
1.6359
1.63527
1.63463
1.63397
1.63331
1.63264
1.63195
1.63125
1.63052
1.62978
1.62902
1.62823
1.62743
1.6266
1.62574
1.62487
1.62397
1.62304
1.62209
1.62112
1.62013
1.61911
1.61807
1.61701
1.61593
1.61483
1.61372
1.61258
1.61144
1.61027
1.6091
1.60791
1.60672
1.60552
1.60431
1.6031
1.60189
1.60068
1.59947
1.59827
1.59708
1.59589
1.59472
1.59356
1.59242
1.59129
1.59019
1.58912
1.58807
1.58705
1.58607
1.58512
1.58421
1.58334
1.58252
1.58174
1.58102
1.58034
1.57972
1.57915
1.57865
1.5782
1.57782
1.57751
1.57727
1.5771
1.577
1.57697
1.57702
1.57715
1.57735
1.57764
1.578
1.57844
1.57896
1.57957
1.58025
1.58101
1.58185
1.58276
1.58375
1.58482
1.58595
1.58716
1.58844
1.58977
1.59117
1.59263
1.59415
1.59571
1.59733
1.59899
1.6007
1.60244
1.60421
1.60602
1.60785
1.60971
1.61158
1.61347
1.61537
1.61727
1.61918
1.62109
1.62299
1.62489
1.62677
1.62864
1.63049
1.63232
1.63412
1.63589
1.63764
1.63935
1.64102
1.64266
1.64426
1.64581
1.64732
1.64878
1.6502
1.65156
1.65287
1.65413
1.65533
1.65648
1.65757
1.6586
1.65958
1.66049
1.66135
1.66214
1.66287
1.66354
1.66415
1.66469
1.66517
1.66559
1.66595
1.66624
1.66647
1.66664
1.66674
1.66678
1.66676
1.66668
1.66654
1.66634
1.66607
1.66575
1.66536
1.66492
1.66442
1.66385
1.66324
1.66256
1.66183
1.66104
1.6602
1.6593
1.65835
1.65735
1.65629
1.65519
1.65403
1.65283
1.65158
1.65027
1.64893
1.64753
1.6461
1.64461
1.64309
1.64152
1.63992
1.63827
1.63659
1.63487
1.63312
1.63133
1.62951
1.62766
1.62578
1.62387
1.62194
1.61999
1.61801
1.61602
1.614
1.61197
1.60993
1.60788
1.60582
1.60376
1.60169
1.59962
1.59755
1.59549
1.59343
1.59138
1.58935
1.58733
1.58533
1.58336
1.5814
1.57948
1.57758
1.57572
1.57389
1.5721
1.57035
1.56864
1.56698
1.56536
1.5638
1.56228
1.56083
1.55943
1.55808
1.5568
1.55558
1.55441
1.55331
1.55227
1.5513
1.55038
1.54953
1.54875
1.54802
1.54736
1.54675
1.54621
1.54573
1.5453
1.54493
1.54461
1.54435
1.54413
1.54396
1.54384
1.54376
1.54372
1.54371
1.54374
1.5438
1.54389
1.54401
1.54415
1.5443
1.54448
1.54467
1.54487
1.54508
1.54529
1.54551
1.54572
1.54594
1.54615
1.54635
1.54655
1.54673
1.54691
1.54707
1.54722
1.54735
1.54746
1.54756
1.54763
1.54769
1.54773
1.54775
1.54775
1.54773
1.54769
1.54763
1.54755
1.54745
1.54734
1.54722
1.54708
1.54692
1.54676
1.54658
1.54639
1.54619
1.54599
1.54578
1.54556
1.54535
1.54512
1.5449
1.54468
1.54446
1.54424
1.54403
1.54382
1.54362
1.54343
1.54324
1.54307
1.5429
1.54275
1.5426
1.54247
1.54236
1.54225
1.54216
1.54208
1.54202
1.54197
1.54194
1.54192
1.54191
1.54192
1.54195
1.54198
1.54204
1.5421
1.54218
1.54227
1.54237
1.54249
1.54261
1.54275
1.54289
1.54305
1.54321
1.54339
1.54357
1.54376
1.54395
1.54416
1.54437
1.54459
1.54481
1.54504
1.54528
1.54552
1.54577
1.54602
1.54628
1.54654
1.54681
1.54708
1.54736
1.54764
1.54793
1.54822
1.54853
1.54884
1.54915
1.54948
1.54981
1.55015
1.5505
1.55087
1.55124
1.55162
1.55202
1.55243
1.55286
1.5533
1.55376
1.55423
1.55472
1.55523
1.55576
1.55631
1.55688
1.55747
1.55808
1.55871
1.55936
1.56004
1.56074
1.56146
1.56221
1.56298
1.56377
1.56459
1.56543
1.56629
1.56718
1.56809
1.56902
1.56998
1.57095
1.57195
1.57296
1.574
1.57505
1.57612
1.5772
1.5783
1.57941
1.58054
1.58168
1.58282
1.58398
1.58514
1.58631
1.58749
1.58866
1.58984
1.59102
1.5922
1.59337
1.59455
1.59571
1.59687
1.59803
1.59917
1.60031
1.60143
1.60255
1.60365
1.60474
1.60581
1.60687
1.60792
1.60895
1.60996
1.61096
1.61194
1.61291
1.61386
1.6148
1.61572
1.61662
1.61752
1.61839
1.61926
1.62011
1.62096
1.62179
1.62261
1.62343
1.62424
1.62505
1.62585
1.62665
1.62746
1.62826
1.62907
1.62988
1.6307
1.63153
1.63236
1.63321
1.63407
1.63495
1.63584
1.63675
1.63767
1.63862
1.63959
1.64059
1.64161
1.64265
1.64371
1.6448
1.64592
1.64707
1.64824
1.64944
1.65066
1.65192
1.65319
1.6545
1.65582
1.65718
1.65855
1.65995
1.66136
1.6628
1.66425
1.66572
1.6672
1.6687
1.6702
1.67172
1.67324
1.67477
1.6763
1.67783
1.67936
1.68089
1.68241
1.68393
1.68544
1.68693
1.68842
1.68989
1.69134
1.69278
1.6942
1.6956
1.69697
1.69833
1.69965
1.70096
1.70223
1.70348
1.70469
1.70588
1.70704
1.70816
1.70925
1.7103
1.71132
1.71231
1.71326
1.71417
1.71505
1.71588
1.71669
1.71745
1.71817
1.71886
1.7195
1.72011
1.72067
1.72118
1.72166
1.72209
1.72247
1.72281
1.72311
1.72335
1.72355
1.7237
1.7238
1.72385
1.72385
1.7238
1.7237
1.72355
1.72334
1.72308
1.72277
1.7224
1.72197
1.72149
1.72096
1.72037
1.71972
1.71902
1.71827
1.71745
1.71659
1.71567
1.7147
1.71368
1.71261
1.71149
1.71032
1.7091
1.70783
1.70652
1.70517
1.70378
1.70235
1.70088
1.69937
1.69783
1.69626
1.69465
1.69303
1.69137
1.68969
1.68799
1.68627
1.68453
1.68278
1.68102
1.67924
1.67745
1.67566
1.67385
1.67205
1.67024
1.66843
1.66662
1.66481
1.663
1.6612
1.6594
1.65761
1.65582
1.65404
1.65226
1.6505
1.64874
1.647
1.64527
1.64355
1.64184
1.64014
1.63846
1.63679
1.63514
1.63351
1.63189
1.6303
1.62872
1.62717
1.62564
1.62413
1.62266
1.62121
1.61978
1.6184
1.61704
1.61572
1.61444
1.6132
1.612
1.61085
1.60974
1.60869
1.60768
1.60674
1.60585
1.60501
1.60424
1.60354
1.6029
1.60233
1.60182
1.60139
1.60104
1.60076
1.60055
1.60042
1.60037
1.6004
1.60051
1.6007
1.60097
1.60132
1.60174
1.60225
1.60284
1.6035
1.60424
1.60505
1.60593
1.60689
1.60792
1.60901
1.61016
1.61138
1.61266
1.61399
1.61537
1.6168
1.61828
1.6198
1.62135
1.62294
1.62455
1.6262
1.62786
1.62954
1.63123
1.63293
1.63463
1.63633
1.63803
1.63972
1.64139
1.64305
1.64468
1.64629
1.64787
1.64941
1.65092
1.65239
1.65381
1.65518
1.6565
1.65777
1.65898
1.66013
1.66121
1.66223
1.66319
1.66407
1.66488
1.66562
1.66628
1.66686
1.66737
1.66779
1.66813
1.66839
1.66857
1.66866
1.66867
1.6686
1.66844
1.66819
1.66786
1.66745
1.66695
1.66638
1.66572
1.66498
1.66417
1.66328
1.66231
1.66127
1.66017
1.65899
1.65776
1.65646
1.6551
1.65369
1.65222
1.65071
1.64915
1.64756
1.64592
1.64425
1.64256
1.64084
1.63909
1.63734
1.63557
1.63379
1.632
1.63022
1.62844
1.62666
1.62489
1.62314
1.62141
1.61969
1.618
1.61633
1.61469
1.61307
1.61148
1.60993
1.6084
1.60691
1.60545
1.60403
1.60264
1.60128
1.59996
1.59867
1.59741
1.59618
1.59498
1.59381
1.59267
1.59155
1.59046
1.5894
1.58835
1.58733
1.58633
1.58534
1.58438
1.58343
1.5825
1.58158
1.58068
1.57979
1.57891
1.57805
1.5772
1.57636
1.57553
1.57472
1.57391
1.57312
1.57233
1.57156
1.57081
1.57006
1.56932
1.5686
1.56789
1.5672
1.56652
1.56585
1.56519
1.56455
1.56393
1.56331
1.56272
1.56213
1.56156
1.56101
1.56047
1.55994
1.55944
1.55894
1.55846
1.558
1.55755
1.55711
1.55669
1.55628
1.55589
1.55551
1.55514
1.55478
1.55443
1.55409
1.55376
1.55344
1.55313
1.55282
1.55251
1.55221
1.55192
1.55162
1.55133
1.55103
1.55073
1.55043
1.55012
1.5498
1.54948
1.54914
1.54879
1.54843
1.54806
1.54767
1.54726
1.54684
1.5464
1.54595
1.54547
1.54498
1.54448
1.54395
1.54341
1.54286
1.54229
1.54171
1.54112
1.54052
1.53991
1.5393
1.53869
1.53809
1.53749
1.5369
1.53632
1.53576
1.53522
1.53471
1.53423
1.53378
1.53338
1.53302
1.53272
1.53246
1.53228
1.53215
1.5321
1.53212
1.53223
1.53242
1.5327
1.53308
1.53355
1.53413
1.53482
1.53561
1.53652
1.53754
1.53868
1.53994
1.54132
1.54281
1.54443
1.54617
1.54803
1.55
1.5521
1.55431
1.55663
1.55907
1.56161
1.56425
1.56699
1.56982
1.57275
1.57575
1.57884
1.58199
1.58522
1.58849
1.59183
1.5952
1.59862
1.60206
1.60553
1.60901
1.6125
1.61599
1.61947
1.62293
1.62637
1.62978
1.63315
1.63647
1.63974
1.64295
1.64609
1.64916
1.65215
1.65505
1.65786
1.66058
1.66318
1.66568
1.66807
1.67034
1.67249
1.67451
1.6764
1.67816
1.67978
1.68126
1.6826
1.68379
1.68484
1.68574
1.68649
1.68709
1.68754
1.68784
1.68799
1.68798
1.68783
1.68753
1.68707
1.68647
1.68573
1.68484
1.68381
1.68264
1.68133
1.67989
1.67831
1.67661
1.67478
1.67283
1.67077
1.66859
1.6663
1.66391
1.66143
1.65884
1.65617
1.65342
1.65059
1.64769
1.64473
1.64171
1.63863
1.63551
1.63235
1.62915
1.62593
1.62269
1.61943
1.61617
1.61291
1.60965
1.60641
1.60318
1.59998
1.59682
1.59369
1.5906
1.58757
1.58459
1.58167
1.57881
1.57603
1.57332
1.57069
1.56814
1.56568
1.56331
1.56104
1.55887
1.5568
1.55483
1.55298
1.55123
1.5496
1.54809
1.54669
1.54541
1.54426
1.54323
1.54232
1.54154
1.54088
1.54035
1.53995
1.53968
1.53953
1.5395
1.53961
1.53983
1.54018
1.54065
1.54124
1.54195
1.54277
1.5437
1.54474
1.54588
1.54713
1.54847
1.54991
1.55144
1.55305
1.55474
1.55651
1.55834
1.56024
1.5622
1.56422
1.56628
1.56839
1.57054
1.57271
1.57492
1.57714
1.57939
1.58164
1.5839
1.58616
1.58841
1.59066
1.59289
1.59511
1.5973
1.59946
1.6016
1.6037
1.60576
1.60778
1.60976
1.61169
1.61357
1.6154
1.61717
1.61889
1.62055
1.62215
1.62369
1.62518
1.62659
1.62795
1.62924
1.63047
1.63164
1.63274
1.63378
1.63476
1.63568
1.63654
1.63733
1.63807
1.63876
1.63939
1.63996
1.64049
1.64097
1.6414
1.64178
1.64213
1.64243
1.6427
1.64294
1.64315
1.64332
1.64348
1.64361
1.64372
1.64381
1.64389
1.64395
1.64401
1.64407
1.64412
1.64417
1.64422
1.64428
1.64435
1.64442
1.64451
1.64462
1.64474
1.64488
1.64504
1.64523
1.64544
1.64568
1.64594
1.64623
1.64656
1.64691
1.6473
1.64773
1.64819
1.64868
1.64921
1.64977
1.65037
1.65101
1.65168
1.65239
1.65313
1.65391
1.65472
1.65556
1.65644
1.65735
1.6583
1.65927
1.66027
1.6613
1.66236
1.66344
1.66454
1.66566
1.6668
1.66795
1.66912
1.67031
1.6715
1.67269
1.67389
1.6751
1.6763
1.67749
1.67868
1.67985
1.68101
1.68215
1.68326
1.68436
1.68542
1.68644
1.68743
1.68838
1.68928
1.69013
1.69093
1.69167
1.69235
1.69296
1.69351
1.69398
1.69438
1.69471
1.69495
1.6951
1.69517
1.69514
1.69503
1.69482
1.69451
1.69411
1.69361
1.69301
1.69231
1.6915
1.6906
1.6896
1.6885
1.6873
1.686
1.6846
1.68312
1.68154
1.67987
1.67812
1.67628
1.67437
1.67239
1.67034
1.66822
1.66605
1.66382
1.66155
1.65924
1.65689
1.65452
1.65212
1.64972
1.6473
1.64489
1.64248
1.64009
1.63772
1.63539
1.63309
1.63085
1.62865
1.62652
1.62445
1.62246
1.62056
1.61874
1.61702
1.6154
1.61389
1.61249
1.6112
1.61004
1.609
1.6081
1.60732
1.60668
1.60618
1.60581
1.60559
1.6055
1.60556
1.60576
1.6061
1.60657
1.60719
1.60794
1.60882
1.60983
1.61097
1.61222
1.6136
1.61509
1.61668
1.61838
1.62017
1.62206
1.62403
1.62608
1.62821
1.6304
1.63265
1.63496
1.63732
1.63972
1.64215
1.64462
1.64711
1.64962
1.65215
1.65468
1.65721
1.65974
1.66226
1.66477
1.66726
1.66973
1.67217
1.67458
1.67695
1.67929
1.68158
1.68382
1.68602
1.68816
1.69025
1.69228
1.69425
1.69616
1.698
1.69977
1.70148
1.70311
1.70467
1.70616
1.70758
1.70891
1.71017
1.71135
1.71246
1.71348
1.71443
1.71529
1.71608
1.71679
1.71741
1.71796
1.71843
1.71881
1.71913
1.71936
1.71952
1.71961
1.71962
1.71957
1.71944
1.71925
1.71899
1.71866
1.71828
1.71784
1.71735
1.7168
1.7162
1.71555
1.71486
1.71413
1.71336
1.71256
1.71172
1.71086
1.70997
1.70907
1.70814
1.7072
1.70626
1.7053
1.70435
1.7034
1.70245
1.70151
1.70058
1.69967
1.69877
1.6979
1.69705
1.69622
1.69543
1.69467
1.69394
1.69325
1.69261
1.692
1.69144
1.69092
1.69046
1.69004
1.68967
1.68936
1.68911
1.68891
1.68876
1.68867
1.68864
1.68867
1.68876
1.6889
1.68911
1.68937
1.6897
1.69008
1.69052
1.69102
1.69158
1.69219
1.69287
1.6936
1.69438
1.69522
1.69612
1.69706
1.69806
1.69911
1.7002
1.70135
1.70254
1.70377
1.70505
1.70636
1.70772
1.70912
1.71054
1.71201
1.7135
1.71502
1.71658
1.71815
1.71975
1.72137
1.723
1.72465
1.72631
1.72798
1.72965
1.73132
1.73299
1.73465
1.7363
1.73794
1.73956
1.74116
1.74274
1.74428
1.74579
1.74727
1.7487
1.75009
1.75143
1.75271
1.75393
1.75509
1.75619
1.75721
1.75816
1.75903
1.75982
1.76052
1.76113
1.76164
1.76206
1.76238
1.76259
1.7627
1.7627
1.76259
1.76237
1.76203
1.76157
1.761
1.7603
1.75949
1.75855
1.75749
1.75631
1.75501
1.75359
1.75205
1.75038
1.7486
1.7467
1.74469
1.74256
1.74032
1.73797
1.73552
1.73296
1.7303
1.72755
1.72471
1.72178
1.71877
1.71567
1.71251
1.70927
1.70596
1.7026
1.69918
1.69571
1.6922
1.68865
1.68506
1.68144
1.6778
1.67414
1.67046
1.66678
1.66309
1.6594
1.65573
1.65206
1.64841
1.64478
1.64118
1.63761
1.63408
1.63059
1.62714
1.62373
1.62038
1.61709
1.61385
1.61068
1.60757
1.60453
1.60156
1.59866
1.59584
1.59309
1.59043
1.58784
1.58534
1.58293
1.5806
1.57836
1.5762
1.57414
1.57216
1.57027
1.56847
1.56677
1.56515
1.56363
1.56219
1.56085
1.55959
1.55842
1.55734
1.55635
1.55545
1.55463
1.55389
1.55324
1.55267
1.55219
1.55178
1.55145
1.5512
1.55103
1.55093
1.55091
1.55096
1.55108
1.55127
1.55153
1.55186
1.55225
1.55271
1.55323
1.55381
1.55445
1.55515
1.5559
1.55671
1.55757
1.55848
1.55943
1.56044
1.56149
1.56258
1.56371
1.56489
1.5661
1.56734
1.56862
1.56992
1.57126
1.57261
1.574
1.5754
1.57682
1.57825
1.5797
1.58116
1.58263
1.58411
1.58559
1.58706
1.58854
1.59001
1.59147
1.59292
1.59436
1.59578
1.59719
1.59857
1.59992
1.60125
1.60255
1.60382
1.60505
1.60625
1.6074
1.60851
1.60958
1.6106
1.61157
1.61249
1.61336
1.61417
1.61493
1.61563
1.61627
1.61684
1.61735
1.6178
1.61818
1.6185
1.61875
1.61893
1.61904
1.61909
1.61906
1.61897
1.6188
1.61856
1.61826
1.61788
1.61744
1.61693
1.61635
1.61571
1.615
1.61423
1.6134
1.61251
1.61156
1.61055
1.6095
1.60839
1.60723
1.60602
1.60478
1.60349
1.60217
1.60081
1.59942
1.598
1.59656
1.5951
1.59362
1.59213
1.59063
1.58912
1.58761
1.5861
1.58459
1.5831
1.58161
1.58015
1.5787
1.57727
1.57587
1.5745
1.57316
1.57186
1.57059
1.56937
1.56819
1.56706
1.56597
1.56494
1.56396
1.56304
1.56217
1.56136
1.56061
1.55992
1.55929
1.55872
1.55821
1.55777
1.55739
1.55706
1.5568
1.5566
1.55647
1.55639
1.55637
1.55641
1.5565
1.55665
1.55685
1.55711
1.55741
1.55776
1.55816
1.5586
1.55908
1.5596
1.56015
1.56074
1.56136
1.56202
1.5627
1.5634
1.56413
1.56488
1.56565
1.56643
1.56724
1.56805
1.56888
1.56972
1.57056
1.57142
1.57227
1.57314
1.57401
1.57488
1.57575
1.57663
1.5775
1.57838
1.57926
1.58014
1.58103
1.58191
1.5828
1.58369
1.58459
1.58548
1.58639
1.5873
1.58822
1.58915
1.59009
1.59104
1.592
1.59297
1.59396
1.59497
1.596
1.59704
1.59811
1.59919
1.6003
1.60143
1.60258
1.60376
1.60497
1.6062
1.60746
1.60875
1.61007
1.61141
1.61278
1.61419
1.61562
1.61708
1.61857
1.62009
1.62164
1.62321
1.62481
1.62644
1.62809
1.62977
1.63147
1.63319
1.63494
1.63671
1.63849
1.64029
1.64211
1.64395
1.6458
1.64766
1.64953
1.65142
1.65331
1.6552
1.6571
1.65901
1.66091
1.66282
1.66472
1.66662
1.66851
1.67039
1.67226
1.67413
1.67598
1.67781
1.67963
1.68143
1.6832
1.68496
1.68669
1.68839
1.69007
1.69172
1.69334
1.69493
1.69648
1.69801
1.69949
1.70093
1.70234
1.70371
1.70503
1.70631
1.70754
1.70872
1.70986
1.71095
1.71199
1.71297
1.71391
1.71479
1.71561
1.71638
1.71708
1.71773
1.71832
1.71885
1.71932
1.71972
1.72006
1.72034
1.72054
1.72068
1.72076
1.72076
1.7207
1.72057
1.72036
1.72009
1.71974
1.71933
1.71884
1.71828
1.71764
1.71694
1.71616
1.71531
1.71439
1.71339
1.71233
1.71119
1.70999
1.70871
1.70737
1.70596
1.70448
1.70294
1.70133
1.69966
1.69793
1.69613
1.69428
1.69238
1.69042
1.68841
1.68635
1.68424
1.68208
1.67989
1.67765
1.67538
1.67307
1.67072
1.66835
1.66595
1.66353
1.66109
1.65864
1.65616
1.65368
1.6512
1.64871
1.64622
1.64374
1.64126
1.6388
1.63636
1.63393
1.63153
1.62916
1.62682
1.62451
1.62225
1.62003
1.61786
1.61573
1.61367
1.61166
1.60972
1.60785
1.60604
1.60431
1.60266
1.60109
1.5996
1.59821
1.5969
1.59568
1.59457
1.59355
1.59263
1.59182
1.59112
1.59052
1.59003
1.58965
1.58937
1.58922
1.58917
1.58923
1.58941
1.58969
1.59009
1.59059
1.5912
1.59192
1.59275
1.59367
1.5947
1.59582
1.59704
1.59835
1.59975
1.60123
1.60279
1.60443
1.60615
1.60793
1.60978
1.61169
1.61366
1.61567
1.61773
1.61984
1.62198
1.62416
1.62636
1.62858
1.63083
1.63309
1.63535
1.63763
1.6399
1.64217
1.64443
1.64668
1.64891
1.65113
1.65331
1.65548
1.65761
1.6597
1.66177
1.66379
1.66576
1.6677
1.66958
1.67142
1.67321
1.67494
1.67663
1.67825
1.67982
1.68133
1.68278
1.68417
1.68551
1.68678
1.688
1.68915
1.69024
1.69127
1.69224
1.69315
1.694
1.69479
1.69553
1.6962
1.69682
1.69738
1.69789
1.69835
1.69875
1.6991
1.6994
1.69966
1.69987
1.70003
1.70016
1.70025
1.70029
1.70031
1.70029
1.70025
1.70018
1.70008
1.69997
1.69983
1.69969
1.69953
1.69936
1.69919
1.69902
1.69885
1.69869
1.69853
1.69838
1.69823
1.6981
1.69799
1.69789
1.69781
1.69775
1.6977
1.69768
1.69767
1.69769
1.69772
1.69777
1.69783
1.69791
1.698
1.6981
1.6982
1.69831
1.69842
1.69853
1.69864
1.69874
1.69882
1.69889
1.69895
1.69898
1.69899
1.69897
1.69892
1.69884
1.69872
1.69857
1.69837
1.69814
1.69786
1.69754
1.69718
1.69677
1.69631
1.69581
1.69526
1.69466
1.69402
1.69334
1.69262
1.69185
1.69104
1.6902
1.68932
1.68841
1.68747
1.6865
1.6855
1.68448
1.68343
1.68237
1.68129
1.68019
1.67909
1.67797
1.67685
1.67572
1.67459
1.67346
1.67234
1.67122
1.67011
1.669
1.6679
1.66682
1.66575
1.6647
1.66366
1.66264
1.66163
1.66065
1.65969
1.65874
1.65782
1.65691
1.65603
1.65517
1.65432
1.6535
1.6527
1.65192
1.65115
1.6504
1.64968
1.64896
1.64827
1.64759
1.64692
1.64627
1.64564
1.64501
1.6444
1.6438
1.64321
1.64263
1.64206
1.6415
1.64094
1.6404
1.63986
1.63933
1.6388
1.63829
1.63778
1.63728
1.63679
1.63631
1.63585
1.63539
1.63495
1.63453
1.63413
1.63374
1.63338
1.63305
1.63275
1.63248
1.63224
1.63204
1.63189
1.63178
1.63172
1.63172
1.63177
1.63188
1.63206
1.63231
1.63263
1.63302
1.6335
1.63405
1.63469
1.63542
1.63623
1.63714
1.63813
1.63922
1.6404
1.64167
1.64303
1.64447
1.64601
1.64763
1.64933
1.6511
1.65295
1.65487
1.65686
1.6589
1.66099
1.66313
1.66531
1.66753
1.66977
1.67204
1.67432
1.6766
1.67889
1.68116
1.68343
1.68567
1.68789
1.69007
1.69221
1.69431
1.69635
1.69834
1.70026
1.70212
1.70391
1.70562
1.70725
1.7088
1.71027
1.71164
1.71293
1.71412
1.71522
1.71623
1.71714
1.71796
1.71868
1.71931
1.71985
1.72029
1.72065
1.72091
1.72109
1.72118
1.72119
1.72112
1.72098
1.72076
1.72048
1.72013
1.71971
1.71925
1.71872
1.71815
1.71754
1.71688
1.71619
1.71547
1.71472
1.71394
1.71315
1.71234
1.71152
1.71069
1.70985
1.70902
1.70819
1.70736
1.70654
1.70574
1.70494
1.70416
1.7034
1.70266
1.70194
1.70124
1.70056
1.69991
1.69928
1.69868
1.69809
1.69754
1.697
1.69649
1.696
1.69553
1.69508
1.69465
1.69424
1.69384
1.69346
1.69309
1.69273
1.69238
1.69204
1.6917
1.69137
1.69104
1.69071
1.69039
1.69006
1.68972
1.68938
1.68904
1.68868
1.68832
1.68795
1.68757
1.68717
1.68677
1.68635
1.68591
1.68546
1.685
1.68453
1.68403
1.68353
1.68301
1.68248
1.68193
1.68137
1.68079
1.68021
1.67961
1.679
1.67838
1.67776
1.67712
1.67649
1.67584
1.6752
1.67455
1.6739
1.67325
1.67261
1.67196
1.67132
1.67068
1.67005
1.66943
1.66881
1.6682
1.66761
1.66702
1.66645
1.66589
1.66534
1.66481
1.66429
1.66378
1.66329
1.66281
1.66235
1.6619
1.66147
1.66105
1.66064
1.66025
1.65987
1.6595
1.65915
1.6588
1.65846
1.65812
1.65779
1.65747
1.65715
1.65683
1.65651
1.65619
1.65587
1.65554
1.6552
1.65485
1.65449
1.65412
1.65373
1.65332
1.6529
1.65245
1.65198
1.65148
1.65096
1.65041
1.64983
1.64921
1.64856
1.64788
1.64716
1.6464
1.64561
1.64477
1.64389
1.64297
1.64201
1.64101
1.63997
1.63888
1.63775
1.63658
1.63537
1.63412
1.63283
1.63151
1.63015
1.62875
1.62732
1.62586
1.62438
1.62287
1.62133
1.61978
1.61822
1.61664
1.61505
1.61346
1.61188
1.61029
1.60872
1.60716
1.60562
1.60411
1.60262
1.60117
1.59976
1.59839
1.59707
1.59581
1.5946
1.59346
1.59239
1.59139
1.59046
1.58961
1.58885
1.58818
1.58759
1.5871
1.5867
1.5864
1.58619
1.58609
1.58608
1.58617
1.58636
1.58665
1.58703
1.58751
1.58809
1.58875
1.5895
1.59034
1.59126
1.59225
1.59333
1.59447
1.59567
1.59694
1.59826
1.59963
1.60105
1.60251
1.60401
1.60553
1.60708
1.60865
1.61023
1.61182
1.61341
1.61501
1.6166
1.61817
1.61974
1.62128
1.6228
1.62429
1.62575
1.62718
1.62857
1.62992
1.63122
1.63248
1.63369
1.63484
1.63595
1.637
1.63799
1.63893
1.63981
1.64063
1.6414
1.6421
1.64275
1.64334
1.64387
1.64435
1.64478
1.64515
1.64547
1.64574
1.64596
1.64614
1.64628
1.64637
1.64643
1.64645
1.64644
1.6464
1.64633
1.64624
1.64612
1.64597
1.64581
1.64563
1.64544
1.64524
1.64501
1.64478
1.64454
1.64429
1.64402
1.64375
1.64346
1.64316
1.64285
1.64252
1.64218
1.64182
1.64145
1.64104
1.64062
1.64016
1.63968
1.63916
1.63861
1.63802
1.63739
1.63671
1.63599
1.63521
1.63439
1.63352
1.63259
1.6316
1.63056
1.62947
1.62831
1.62711
1.62584
1.62453
1.62316
1.62175
1.62029
1.6188
1.61727
1.61571
1.61413
1.61253
1.61092
1.60931
1.60771
1.60611
1.60454
1.603
1.60149
1.60003
1.59863
1.59728
1.59601
1.59482
1.59371
1.59269
1.59178
1.59097
1.59026
1.58968
1.58921
1.58886
1.58863
1.58852
1.58853
1.58866
1.58891
1.58928
1.58976
1.59034
1.59103
1.59182
1.59271
1.59367
1.59472
1.59584
1.59703
1.59828
1.59958
1.60093
1.60232
1.60374
1.60519
1.60665
1.60814
1.60963
1.61112
1.61261
1.6141
1.61557
1.61703
1.61848
1.6199
1.6213
1.62268
1.62403
1.62535
1.62664
1.6279
1.62913
1.63032
1.63148
1.6326
1.63369
1.63475
1.63577
1.63676
1.63771
1.63863
1.63951
1.64036
1.64117
1.64195
1.6427
1.64341
1.6441
1.64475
1.64537
1.64596
1.64652
1.64705
1.64755
1.64802
1.64846
1.64888
1.64927
1.64964
1.64998
1.65029
1.65059
1.65085
1.6511
1.65132
1.65152
1.6517
1.65186
1.652
1.65212
1.65222
1.6523
1.65237
1.65242
1.65245
1.65247
1.65247
1.65245
1.65242
1.65238
1.65232
1.65225
1.65216
1.65206
1.65195
1.65183
1.6517
1.65155
1.65139
1.65122
1.65104
1.65084
1.65064
1.65043
1.6502
1.64997
1.64972
1.64947
1.64921
1.64894
1.64865
1.64837
1.64807
1.64776
1.64744
1.64712
1.64678
1.64644
1.64609
1.64573
1.64537
1.64499
1.64461
1.64423
1.64383
1.64343
1.64302
1.64261
1.64218
1.64176
1.64132
1.64088
1.64044
1.63998
1.63953
1.63906
1.6386
1.63812
1.63764
1.63716
1.63667
1.63618
1.63568
1.63518
1.63468
1.63416
1.63365
1.63313
1.63261
1.63208
1.63155
1.63101
1.63046
1.62992
1.62936
1.6288
1.62824
1.62767
1.62709
1.6265
1.62592
1.62532
1.62472
1.62412
1.62351
1.62289
1.62227
1.62165
1.62102
1.62038
1.61974
1.6191
1.61845
1.6178
1.61715
1.61649
1.61584
1.61518
1.61452
1.61386
1.61321
1.61255
1.6119
1.61125
1.6106
1.60996
1.60933
1.6087
1.60808
1.60747
1.60686
1.60627
1.6057
1.60513
1.60458
1.60405
1.60353
1.60303
1.60255
1.60209
1.60165
1.60122
1.60082
1.60045
1.60009
1.59976
1.59945
1.59917
1.59891
1.59868
1.59848
1.5983
1.59815
1.59803
1.59794
1.59787
1.59783
1.59783
1.59785
1.5979
1.59798
1.59808
1.59822
1.59839
1.59858
1.5988
1.59905
1.59932
1.59963
1.59996
1.60032
1.6007
1.60111
1.60154
1.602
1.60248
1.60299
1.60352
1.60407
1.60464
1.60524
1.60585
1.60649
1.60714
1.60782
1.60851
1.60921
1.60994
1.61067
1.61143
1.61219
1.61297
1.61376
1.61456
1.61537
1.61619
1.61701
1.61784
1.61867
1.61951
1.62035
1.62119
1.62202
1.62286
1.62369
1.62451
1.62533
1.62613
1.62693
1.62771
1.62847
1.62922
1.62994
1.63064
1.63132
1.63197
1.63259
1.63318
1.63374
1.63426
1.63475
1.63519
1.63559
1.63594
1.63625
1.63651
1.63672
1.63688
1.63698
1.63702
1.63701
1.63694
1.6368
1.6366
1.63633
1.636
1.6356
1.63513
1.63459
1.63398
1.63331
1.63256
1.63174
1.63085
1.62989
1.62886
1.62777
1.62661
1.62538
1.62409
1.62274
1.62134
1.61988
1.61836
1.6168
1.61519
1.61355
1.61187
1.61016
1.60842
1.60666
1.60489
1.60311
1.60133
1.59956
1.59779
1.59605
1.59433
1.59264
1.59098
1.58938
1.58783
1.58633
1.5849
1.58355
1.58227
1.58107
1.57997
1.57896
1.57804
1.57723
1.57653
1.57593
1.57544
1.57506
1.5748
1.57464
1.5746
1.57467
1.57485
1.57514
1.57553
1.57603
1.57661
1.57729
1.57806
1.57891
1.57984
1.58084
1.5819
1.58303
1.58421
1.58543
1.5867
1.58801
1.58935
1.59071
1.59209
1.59349
1.59489
1.59631
1.59772
1.59913
1.60053
1.60192
1.6033
1.60466
1.606
1.60732
1.60862
1.60989
1.61114
1.61236
1.61354
1.6147
1.61582
1.61691
1.61797
1.61899
1.61998
1.62093
1.62185
1.62273
1.62358
1.6244
1.62517
1.62591
1.62662
1.62728
1.62791
1.6285
1.62906
1.62957
1.63005
1.63049
1.63089
1.63124
1.63156
1.63183
1.63205
1.63224
1.63237
1.63246
1.6325
1.6325
1.63244
1.63233
1.63217
1.63196
1.6317
1.63138
1.631
1.63056
1.63007
1.62952
1.62891
1.62824
1.62751
1.62672
1.62587
1.62496
1.62399
1.62296
1.62186
1.62071
1.6195
1.61822
1.61689
1.6155
1.61405
1.61254
1.61098
1.60937
1.6077
1.60598
1.60421
1.6024
1.60053
1.59863
1.59668
1.59469
1.59266
1.5906
1.58851
1.58638
1.58423
1.58206
1.57986
1.57764
1.57541
1.57317
1.57091
1.56866
1.5664
1.56414
1.56189
1.55965
1.55742
1.55521
1.55302
1.55085
1.54872
1.54662
1.54456
1.54254
1.54057
1.53866
1.5368
1.535
1.53326
1.5316
1.53001
1.5285
1.52707
1.52573
1.52448
1.52332
1.52227
1.52132
1.52047
1.51974
1.51912
1.51862
1.51824
1.51798
1.51785
1.51784
1.51797
1.51823
1.51862
1.51916
1.51982
1.52063
1.52158
1.52266
1.52389
1.52525
1.52675
1.52839
1.53016
1.53206
1.5341
1.53627
1.53857
1.54099
1.54354
1.5462
1.54898
1.55187
1.55487
1.55797
1.56117
1.56447
1.56786
1.57133
1.57488
1.57851
1.5822
1.58596
1.58979
1.59366
1.59759
1.60155
1.60556
1.60959
1.61365
1.61774
1.62183
1.62594
1.63004
1.63415
1.63824
1.64233
1.64639
1.65042
1.65443
1.6584
1.66233
1.6662
1.67003
1.6738
1.67751
1.68115
1.68471
1.6882
1.69161
1.69492
1.69815
1.70128
1.70431
1.70723
1.71005
1.71276
1.71535
1.71783
1.72018
1.72242
1.72453
1.72651
1.72837
1.7301
1.7317
1.73317
1.73451
1.73572
1.7368
1.73776
1.73858
1.73928
1.73985
1.74031
1.74064
1.74086
1.74097
1.74096
1.74086
1.74065
1.74035
1.73995
1.73947
1.73891
1.73827
1.73757
1.73679
1.73596
1.73508
1.73415
1.73318
1.73217
1.73113
1.73007
1.72898
1.72787
1.72676
1.72563
1.7245
1.72336
1.72223
1.72109
1.71996
1.71884
1.71772
1.71661
1.7155
1.7144
1.71331
1.71222
1.71113
1.71005
1.70896
1.70787
1.70678
1.70569
1.70458
1.70347
1.70234
1.70121
1.70005
1.69888
1.69769
1.69649
1.69526
1.69402
1.69276
1.69147
1.69017
1.68885
1.68751
1.68616
1.68479
1.68341
1.68202
1.68062
1.67922
1.67781
1.6764
1.675
1.67359
1.67219
1.6708
1.66942
1.66806
1.6667
1.66537
1.66405
1.66275
1.66147
1.6602
1.65896
1.65774
1.65655
1.65537
1.65422
1.65308
1.65197
1.65088
1.6498
1.64875
1.64771
1.64669
1.64568
1.64469
1.64372
1.64275
1.6418
1.64086
1.63993
1.63901
1.6381
1.63721
1.63632
1.63545
1.63459
1.63374
1.63291
1.6321
1.6313
1.63052
1.62977
1.62904
1.62834
1.62767
1.62703
1.62643
1.62586
1.62534
1.62486
1.62444
1.62406
1.62375
1.62349
1.62329
1.62316
1.62311
1.62312
1.62321
1.62338
1.62362
1.62396
1.62437
1.62488
1.62547
1.62615
1.62693
1.62779
1.62875
1.6298
1.63094
1.63217
1.63349
1.6349
1.6364
1.63799
1.63966
1.64141
1.64324
1.64514
1.64713
1.64918
1.65129
1.65348
1.65572
1.65801
1.66036
1.66275
1.66519
1.66766
1.67016
1.6727
1.67526
1.67783
1.68042
1.68302
1.68563
1.68823
1.69083
1.69342
1.69599
1.69855
1.70108
1.70359
1.70606
1.7085
1.7109
1.71325
1.71556
1.71783
1.72004
1.72219
1.72429
1.72633
1.72831
1.73022
1.73208
1.73386
1.73558
1.73723
1.73881
1.74033
1.74177
1.74315
1.74445
1.74569
1.74686
1.74796
1.74899
1.74996
1.75086
1.75169
1.75246
1.75316
1.75381
1.75439
1.75491
1.75537
1.75578
1.75613
1.75642
1.75666
1.75685
1.75699
1.75708
1.75712
1.75711
1.75706
1.75696
1.75682
1.75664
1.75642
1.75615
1.75585
1.75551
1.75514
1.75473
1.75428
1.7538
1.75329
1.75274
1.75216
1.75155
1.7509
1.75023
1.74952
1.74878
1.74801
1.74721
1.74638
1.74552
1.74463
1.74371
1.74276
1.74179
1.74078
1.73974
1.73867
1.73757
1.73644
1.73528
1.73409
1.73287
1.73162
1.73034
1.72903
1.72768
1.72631
1.7249
1.72346
1.72199
1.72049
1.71896
1.71739
1.7158
1.71418
1.71253
1.71085
1.70915
1.70742
1.70567
1.70389
1.7021
1.70028
1.69845
1.69659
1.69473
1.69285
1.69096
1.68907
1.68717
1.68527
1.68336
1.68146
1.67956
1.67768
1.6758
1.67393
1.67208
1.67024
1.66843
1.66664
1.66487
1.66314
1.66143
1.65975
1.65812
1.65651
1.65495
1.65342
1.65194
1.65049
1.6491
1.64774
1.64643
1.64517
1.64395
1.64278
1.64166
1.64058
1.63955
1.63856
1.63762
1.63671
1.63585
1.63503
1.63425
1.6335
1.63279
1.63212
1.63147
1.63085
1.63025
1.62967
1.62912
1.62858
1.62806
1.62754
1.62704
1.62654
1.62605
1.62556
1.62506
1.62457
1.62407
1.62356
1.62304
1.62251
1.62196
1.6214
1.62083
1.62024
1.61963
1.619
1.61835
1.61769
1.617
1.61629
1.61557
1.61482
1.61406
1.61328
1.61248
1.61167
1.61084
1.61001
1.60916
1.6083
1.60744
1.60658
1.60571
1.60485
1.60399
1.60313
1.60229
1.60146
1.60064
1.59984
1.59907
1.59831
1.59759
1.59689
1.59622
1.59558
1.59498
1.59442
1.5939
1.59342
1.59299
1.5926
1.59226
1.59196
1.59172
1.59152
1.59138
1.59129
1.59124
1.59125
1.59131
1.59142
1.59159
1.5918
1.59206
1.59237
1.59274
1.59314
1.5936
1.5941
1.59464
1.59523
1.59586
1.59654
1.59725
1.598
1.5988
1.59963
1.6005
1.6014
1.60235
1.60332
1.60434
1.60539
1.60647
1.60759
1.60874
1.60993
1.61115
1.61241
1.6137
1.61503
1.61638
1.61778
1.6192
1.62066
1.62216
1.62368
1.62524
1.62683
1.62845
1.6301
1.63177
1.63347
1.6352
1.63695
1.63872
1.6405
1.6423
1.64411
1.64593
1.64775
1.64958
1.65141
1.65323
1.65504
1.65684
1.65862
1.66038
1.66211
1.66382
1.6655
1.66713
1.66873
1.67029
1.6718
1.67325
1.67466
1.676
1.67729
1.67852
1.67967
1.68077
1.68179
1.68273
1.68361
1.68441
1.68513
1.68578
1.68634
1.68683
1.68724
1.68756
1.68781
1.68798
1.68807
1.68808
1.68801
1.68786
1.68763
1.68733
1.68696
1.68651
1.68599
1.6854
1.68474
1.68402
1.68323
1.68238
1.68148
1.68051
1.67949
1.67842
1.6773
1.67613
1.67492
1.67366
1.67237
1.67104
1.66967
1.66827
1.66685
1.6654
1.66392
1.66242
1.66091
1.65938
1.65784
1.65629
1.65473
1.65317
1.65161
1.65004
1.64849
1.64693
1.64539
1.64386
1.64234
1.64083
1.63935
1.63788
1.63644
1.63501
1.63362
1.63225
1.63091
1.6296
1.62832
1.62707
1.62586
1.62469
1.62356
1.62246
1.62141
1.6204
1.61943
1.6185
1.61762
1.61678
1.61599
1.61525
1.61456
1.61391
1.61332
1.61278
1.6123
1.61186
1.61149
1.61116
1.6109
1.61069
1.61054
1.61045
1.61042
1.61046
1.61055
1.61071
1.61094
1.61123
1.61158
1.61201
1.6125
1.61306
1.61368
1.61438
1.61515
1.61598
1.61688
1.61784
1.61888
1.61997
1.62114
1.62236
1.62365
1.62499
1.62639
1.62785
1.62937
1.63093
1.63254
1.63419
1.63589
1.63762
1.63939
1.64119
1.64301
1.64486
1.64673
1.64862
1.65052
1.65242
1.65434
1.65625
1.65815
1.66005
1.66194
1.66381
1.66566
1.66749
1.66929
1.67107
1.67281
1.67451
1.67617
1.67779
1.67936
1.68089
1.68237
1.68379
1.68516
1.68647
1.68773
1.68893
1.69007
1.69115
1.69217
1.69312
1.69402
1.69485
1.69562
1.69633
1.69698
1.69756
1.69809
1.69856
1.69897
1.69932
1.69961
1.69986
1.70005
1.70019
1.70028
1.70032
1.70032
1.70027
1.70019
1.70006
1.6999
1.69971
1.69948
1.69922
1.69893
1.69861
1.69826
1.69789
1.6975
1.69708
1.69665
1.69619
1.69572
1.69523
1.69472
1.6942
1.69367
1.69312
1.69256
1.69199
1.6914
1.6908
1.69019
1.68957
1.68893
1.68828
1.68761
1.68694
1.68624
1.68554
1.68482
1.68408
1.68332
1.68255
1.68176
1.68096
1.68013
1.67928
1.67842
1.67753
1.67661
1.67568
1.67473
1.67375
1.67274
1.67172
1.67066
1.66959
1.66849
1.66736
1.66621
1.66503
1.66383
1.6626
1.66135
1.66008
1.65878
1.65745
1.6561
1.65472
1.65332
1.65189
1.65044
1.64897
1.64748
1.64596
1.64441
1.64285
1.64126
1.63965
1.63801
1.63635
1.63468
1.63298
1.63126
1.62951
1.62775
1.62597
1.62416
1.62234
1.6205
1.61864
1.61676
1.61487
1.61295
1.61102
1.60908
1.60712
1.60514
1.60315
1.60115
1.59913
1.5971
1.59506
1.59301
1.59094
1.58887
1.58679
1.58469
1.58259
1.58048
1.57837
1.57625
1.57412
1.57199
1.56986
1.56772
1.56559
1.56345
1.56132
1.55919
1.55707
1.55495
1.55285
1.55075
1.54867
1.5466
1.54455
1.54252
1.54051
1.53853
1.53659
1.53467
1.5328
1.53097
1.52918
1.52745
1.52576
1.52414
1.52259
1.5211
1.51969
1.51835
1.51711
1.51594
1.51488
1.51391
1.51304
1.51228
1.51164
1.5111
1.51069
1.5104
1.51023
1.51019
1.51028
1.5105
1.51085
1.51134
1.51196
1.5127
1.51358
1.51459
1.51572
1.51698
1.51835
1.51984
1.52144
1.52315
1.52497
1.52688
1.52888
1.53097
1.53314
1.53538
1.5377
1.54007
1.54249
1.54497
1.54749
1.55004
1.55262
1.55522
1.55784
1.56047
1.56311
1.56574
1.56838
1.571
1.5736
1.57619
1.57875
1.58129
1.5838
1.58628
1.58872
1.59111
1.59347
1.59579
1.59806
1.60028
1.60245
1.60457
1.60665
1.60867
1.61064
1.61255
1.61442
1.61623
1.61799
1.61969
1.62135
1.62296
1.62451
1.62602
1.62749
1.6289
1.63027
1.63159
1.63287
1.63411
1.63531
1.63647
1.6376
1.63869
1.63974
1.64076
1.64175
1.64271
1.64365
1.64456
1.64544
1.6463
1.64715
1.64797
1.64878
1.64957
1.65035
1.65112
1.65188
1.65264
1.65339
1.65413
1.65488
1.65562
1.65637
1.65712
1.65788
1.65865
1.65943
1.66022
1.66102
1.66185
1.66269
1.66356
1.66445
1.66536
1.66631
1.66728
1.66829
1.66933
1.67041
1.67154
1.6727
1.6739
1.67516
1.67646
1.67781
1.67921
1.68066
1.68216
1.68371
1.68532
1.68698
1.68869
1.69046
1.69227
1.69414
1.69605
1.69802
1.70003
1.70208
1.70417
1.7063
1.70846
1.71066
1.71288
1.71513
1.71739
1.71967
1.72196
1.72425
1.72654
1.72882
1.73109
1.73335
1.73558
1.73779
1.73997
1.74211
1.7442
1.74625
1.74825
1.75019
1.75207
1.75388
1.75562
1.75729
1.75888
1.76039
1.76182
1.76316
1.76441
1.76558
1.76664
1.76762
1.7685
1.76928
1.76996
1.77055
1.77104
1.77143
1.77173
1.77192
1.77203
1.77203
1.77194
1.77176
1.77148
1.77112
1.77067
1.77013
1.76951
1.7688
1.76802
1.76716
1.76622
1.76521
1.76413
1.76298
1.76176
1.76048
1.75914
1.75774
1.75628
1.75476
1.75319
1.75157
1.74989
1.74817
1.74639
1.74457
1.7427
1.74079
1.73883
1.73683
1.73479
1.7327
1.73057
1.7284
1.72619
1.72394
1.72164
1.71931
1.71694
1.71453
1.71208
1.7096
1.70708
1.70452
1.70193
1.6993
1.69664
1.69395
1.69122
1.68847
1.68569
1.68288
1.68005
1.6772
1.67433
1.67143
1.66853
1.66561
1.66268
1.65974
1.6568
1.65386
1.65091
1.64798
1.64505
1.64213
1.63923
1.63635
1.63349
1.63066
1.62787
1.6251
1.62238
1.61971
1.61708
1.6145
1.61198
1.60952
1.60713
1.6048
1.60255
1.60037
1.59827
1.59626
1.59433
1.5925
1.59075
1.58911
1.58756
1.58611
1.58476
1.58352
1.58239
1.58136
1.58044
1.57964
1.57894
1.57836
1.57789
1.57753
1.57728
1.57715
1.57712
1.57721
1.5774
1.5777
1.5781
1.5786
1.5792
1.5799
1.5807
1.58158
1.58256
1.58362
1.58477
1.58599
1.58729
1.58865
1.59009
1.59158
1.59314
1.59474
1.5964
1.5981
1.59985
1.60163
1.60344
1.60527
1.60713
1.609
1.61089
1.61278
1.61468
1.61657
1.61846
1.62033
1.62219
1.62403
1.62584
1.62763
1.62938
1.6311
1.63277
1.63441
1.636
1.63753
1.63902
1.64046
1.64184
1.64316
1.64442
1.64563
1.64677
1.64786
1.64888
1.64985
1.65075
1.6516
1.65239
