-5.01743
-5.01601
-5.01461
-5.01353
-5.01186
-5.01082
-5.00966
-5.00853
-5.0073
-5.00611
-5.00512
-5.00403
-5.00316
-5.00236
-5.00177
-5.00111
-5.00053
-4.99972
-4.99931
-4.99945
-4.99937
-4.99955
-4.99952
-4.9999
-4.99993
-5.00037
-5.00077
-5.00127
-5.0019
-5.00263
-5.00347
-5.00443
-5.0055
-5.00638
-5.00797
-5.00953
-5.01104
-5.01296
-5.01498
-5.01695
-5.01887
-5.02074
-5.023
-5.02519
-5.02732
-5.02938
-5.03182
-5.03447
-5.03675
-5.03938
-5.04207
-5.04452
-5.04731
-5.04999
-5.05271
-5.05562
-5.05824
-5.06089
-5.06385
-5.06667
-5.06979
-5.07322
-5.07588
-5.07823
-5.08102
-5.08363
-5.08621
-5.08952
-5.09173
-5.09435
-5.09708
-5.09991
-5.10268
-5.10494
-5.10714
-5.10957
-5.11178
-5.11407
-5.11613
-5.11841
-5.12047
-5.12259
-5.12432
-5.12612
-5.12768
-5.1293
-5.13083
-5.13242
-5.13377
-5.13503
-5.1362
-5.13743
-5.13857
-5.13902
-5.13969
-5.14072
-5.14122
-5.14148
-5.14197
-5.14238
-5.14256
-5.14268
-5.14242
-5.14241
-5.14248
-5.14219
-5.1423
-5.14236
-5.14252
-5.14249
-5.14242
-5.14231
-5.14202
-5.1417
-5.1415
-5.14098
-5.14014
-5.13973
-5.13932
-5.13919
-5.13906
-5.13877
-5.13803
-5.13758
-5.13714
-5.13639
-5.1361
-5.13567
-5.13524
-5.13481
-5.13439
-5.13398
-5.13358
-5.13334
-5.1331
-5.13257
-5.1325
-5.13213
-5.13177
-5.13172
-5.13152
-5.13132
-5.13098
-5.13064
-5.13031
-5.12982
-5.12949
-5.12931
-5.12928
-5.12925
-5.12861
-5.12812
-5.12748
-5.12774
-5.12738
-5.12702
-5.1265
-5.12658
-5.12604
-5.12579
-5.12584
-5.12542
-5.12498
-5.12438
-5.12375
-5.12296
-5.12246
-5.12193
-5.12153
-5.12065
-5.11989
-5.11942
-5.11891
-5.11837
-5.11796
-5.11705
-5.11642
-5.1153
-5.11444
-5.11385
-5.11261
-5.11178
-5.11077
-5.10955
-5.10815
-5.10685
-5.10535
-5.10411
-5.10283
-5.10149
-5.10011
-5.09868
-5.09721
-5.09569
-5.09472
-5.09326
-5.09145
-5.08975
-5.0877
-5.08576
-5.08423
-5.08221
-5.0803
-5.07866
-5.07668
-5.07452
-5.07263
-5.07041
-5.06816
-5.06604
-5.06405
-5.06174
-5.05926
-5.05692
-5.05473
-5.05267
-5.05061
-5.04855
-5.04634
-5.04459
-5.04239
-5.0402
-5.03803
-5.03603
-5.03404
-5.03193
-5.02985
-5.02794
-5.02607
-5.02439
-5.02229
-5.02068
-5.01897
-5.017
-5.01554
-5.01367
-5.012
-5.01054
-5.00899
-5.00735
-5.00576
-5.00394
-5.00248
-5.00109
-4.99991
-4.9985
-4.99746
-4.99649
-4.99589
-4.9949
-4.99398
-4.99329
-4.99281
-4.99224
-4.99145
-4.99087
-4.9905
-4.99096
-4.99073
-4.99041
-4.99045
-4.99026
-4.98996
-4.99018
-4.99061
-4.99124
-4.99177
-4.99205
-4.99207
-4.99274
-4.993
-4.99315
-4.99395
-4.99447
-4.99518
-4.99622
-4.99684
-4.99748
-4.99814
-4.99913
-4.99953
-4.99979
-5.00037
-5.0011
-5.00185
-5.0026
-5.0032
-5.0038
-5.00471
-5.0053
-5.00589
-5.00677
-5.00764
-5.0085
-5.00919
-5.00957
-5.01023
-5.01026
-5.01073
-5.01177
-5.01234
-5.01319
-5.0137
-5.01404
-5.01479
-5.01506
-5.01515
-5.0155
-5.01582
-5.01594
-5.01603
-5.01622
-5.01623
-5.01619
-5.0164
-5.01627
-5.01624
-5.01602
-5.01589
-5.01602
-5.01609
-5.01596
-5.01547
-5.01492
-5.01447
-5.01381
-5.01324
-5.01246
-5.01178
-5.01103
-5.00992
-5.0089
-5.00766
-5.00666
-5.00575
-5.00463
-5.0036
-5.0028
-5.00164
-5.00057
-4.99898
-4.99764
-4.99609
-4.99433
-4.99297
-4.99155
-4.98994
-4.98828
-4.98627
-4.98437
-4.98228
-4.98
-4.978
-4.97596
-4.97391
-4.97168
-4.96944
-4.96719
-4.96494
-4.96268
-4.96058
-4.9585
-4.95628
-4.95423
-4.95221
-4.95023
-4.94813
-4.94607
-4.94391
-4.94181
-4.94007
-4.93854
-4.93708
-4.93555
-4.93409
-4.93302
-4.93189
-4.93069
-4.92958
-4.92872
-4.92751
-4.92655
-4.92555
-4.92465
-4.92415
-4.92407
-4.9238
-4.92364
-4.92374
-4.92334
-4.92336
-4.92379
-4.92433
-4.92482
-4.92557
-4.92643
-4.92739
-4.9286
-4.92945
-4.93086
-4.9322
-4.93349
-4.93471
-4.93572
-4.93711
-4.93858
-4.94028
-4.94175
-4.9436
-4.94551
-4.94748
-4.94982
-4.95191
-4.95391
-4.95596
-4.95822
-4.96037
-4.96301
-4.9654
-4.96798
-4.97044
-4.97279
-4.97533
-4.97775
-4.98019
-4.98281
-4.98546
-4.98859
-4.99144
-4.99445
-4.99734
-5.00009
-5.00286
-5.00594
-5.00873
-5.01123
-5.01389
-5.0164
-5.01952
-5.02234
-5.02531
-5.02813
-5.03124
-5.03389
-5.03653
-5.03931
-5.04208
-5.04497
-5.04785
-5.05056
-5.05338
-5.05619
-5.05866
-5.06109
-5.0638
-5.06601
-5.06848
-5.07076
-5.073
-5.07564
-5.07793
-5.08017
-5.08236
-5.08449
-5.08641
-5.08843
-5.08993
-5.09198
-5.09366
-5.09544
-5.09729
-5.09924
-5.10066
-5.10263
-5.10423
-5.10606
-5.10722
-5.10847
-5.10919
-5.11061
-5.11166
-5.1131
-5.11402
-5.11488
-5.11582
-5.11686
-5.11753
-5.11815
-5.11871
-5.11906
-5.11936
-5.1199
-5.11995
-5.1204
-5.12065
-5.12101
-5.12133
-5.1219
-5.12184
-5.12235
-5.12222
-5.12221
-5.12218
-5.12212
-5.12204
-5.12179
-5.12182
-5.12154
-5.12124
-5.12079
-5.12048
-5.12001
-5.11939
-5.11937
-5.11951
-5.11935
-5.11949
-5.11949
-5.1195
-5.11937
-5.11939
-5.11913
-5.11902
-5.11908
-5.11899
-5.11892
-5.1187
-5.11834
-5.11814
-5.11825
-5.11821
-5.11833
-5.1186
-5.11857
-5.11868
-5.11894
-5.11888
-5.11882
-5.11859
-5.11865
-5.11883
-5.11884
-5.11882
-5.11832
-5.11793
-5.11781
-5.11765
-5.11729
-5.11659
-5.11614
-5.11548
-5.11508
-5.11492
-5.11425
-5.11321
-5.11257
-5.11156
-5.11034
-5.1092
-5.10785
-5.10643
-5.10495
-5.10371
-5.10179
-5.10042
-5.09913
-5.09733
-5.09607
-5.0943
-5.09278
-5.09104
-5.08941
-5.08772
-5.08553
-5.08375
-5.08178
-5.07977
-5.07771
-5.07593
-5.07366
-5.07136
-5.06918
-5.06699
-5.06492
-5.06254
-5.06044
-5.05803
-5.05532
-5.0532
-5.05108
-5.04867
-5.04655
-5.0443
-5.04205
-5.03967
-5.0373
-5.0351
-5.03277
-5.03091
-5.02923
-5.02698
-5.0249
-5.02286
-5.02146
-5.01963
-5.0177
-5.01596
-5.01411
-5.01245
-5.01039
-5.00898
-5.00686
-5.0054
-5.00354
-5.00203
-5.00088
-4.99963
-4.99844
-4.99685
-4.99561
-4.99444
-4.99301
-4.9918
-4.99094
-4.98998
-4.98878
-4.98778
-4.98683
-4.98623
-4.98569
-4.98505
-4.9846
-4.98405
-4.9834
-4.98309
-4.98282
-4.98245
-4.98197
-4.98137
-4.98111
-4.98059
-4.9804
-4.98025
-4.97998
-4.97975
-4.9797
-4.97953
-4.97953
-4.97927
-4.97888
-4.97883
-4.97895
-4.9791
-4.97912
-4.97903
-4.97926
-4.97921
-4.9795
-4.98026
-4.98075
-4.98126
-4.98165
-4.98161
-4.98189
-4.98266
-4.98315
-4.98351
-4.98389
-4.98475
-4.98519
-4.98579
-4.98657
-4.98752
-4.98834
-4.98918
-4.98988
-4.99046
-4.9912
-4.99165
-4.99227
-4.99305
-4.99384
-4.99464
-4.99544
-4.99671
-4.99767
-4.99848
-4.99884
-4.9995
-5.00015
-5.00109
-5.00172
-5.00295
-5.00385
-5.00459
-5.00545
-5.00615
-5.00666
-5.007
-5.00747
-5.0079
-5.00891
-5.00913
-5.00947
-5.01022
-5.01034
-5.01073
-5.01093
-5.01155
-5.01153
-5.01178
-5.01185
-5.01204
-5.0122
-5.01218
-5.01228
-5.01236
-5.01241
-5.0123
-5.01201
-5.01217
-5.01216
-5.01244
-5.01241
-5.01207
-5.01203
-5.01183
-5.01149
-5.01144
-5.01155
-5.01167
-5.01148
-5.0113
-5.01128
-5.01126
-5.01109
-5.01107
-5.01166
-5.01165
-5.01164
-5.01192
-5.0119
-5.01172
-5.01169
-5.01164
-5.01173
-5.0115
-5.01155
-5.01173
-5.01159
-5.01127
-5.01107
-5.01099
-5.01087
-5.01042
-5.00978
-5.0094
-5.00913
-5.00882
-5.00861
-5.00791
-5.00731
-5.00682
-5.00613
-5.00554
-5.00461
-5.00378
-5.0026
-5.00183
-5.00072
-5.00016
-4.99896
-4.99757
-4.99658
-4.99541
-4.99405
-4.99265
-4.99137
-4.9902
-4.98916
-4.98778
-4.98637
-4.98479
-4.98303
-4.9814
-4.97989
-4.97792
-4.97638
-4.97497
-4.97355
-4.97166
-4.97006
-4.96845
-4.96683
-4.96565
-4.96372
-4.96208
-4.96059
-4.95909
-4.95745
-4.9558
-4.95431
-4.95281
-4.95117
-4.94969
-4.94806
-4.94644
-4.94467
-4.94306
-4.94132
-4.93973
-4.93816
-4.93645
-4.93505
-4.93368
-4.93231
-4.93097
-4.9295
-4.92804
-4.92661
-4.9252
-4.92337
-4.92201
-4.92084
-4.91984
-4.91858
-4.91795
-4.91705
-4.91589
-4.91462
-4.91325
-4.91236
-4.91123
-4.91013
-4.90924
-4.90886
-4.90792
-4.90735
-4.90653
-4.90592
-4.90538
-4.9049
-4.90449
-4.9043
-4.90433
-4.90398
-4.90402
-4.90413
-4.90432
-4.90444
-4.90494
-4.90538
-4.9059
-4.90666
-4.90705
-4.90784
-4.90841
-4.90891
-4.90996
-4.91094
-4.91171
-4.91271
-4.91456
-4.91604
-4.91714
-4.91894
-4.92081
-4.92261
-4.92433
-4.92627
-4.92799
-4.92992
-4.93176
-4.93413
-4.9361
-4.93858
-4.94096
-4.94324
-4.94557
-4.94795
-4.95068
-4.95314
-4.95504
-4.95727
-4.96
-4.96275
-4.96554
-4.96835
-4.97104
-4.97375
-4.97648
-4.97923
-4.982
-4.98479
-4.9876
-4.99027
-4.99326
-4.99611
-4.99913
-5.00201
-5.0046
-5.00751
-5.01058
-5.01366
-5.01616
-5.01881
-5.02148
-5.02461
-5.02745
-5.03045
-5.03376
-5.03648
-5.03936
-5.0424
-5.04544
-5.04865
-5.0517
-5.05477
-5.05783
-5.0609
-5.06381
-5.06703
-5.07009
-5.073
-5.07635
-5.07894
-5.08212
-5.08498
-5.08798
-5.09081
-5.09361
-5.09654
-5.09884
-5.10216
-5.10499
-5.10749
-5.11039
-5.1131
-5.11576
-5.11852
-5.12107
-5.12372
-5.12614
-5.12821
-5.13065
-5.13287
-5.13516
-5.13753
-5.13936
-5.1411
-5.14275
-5.14415
-5.14576
-5.14742
-5.14898
-5.15013
-5.15132
-5.15254
-5.15351
-5.1542
-5.15493
-5.15568
-5.15601
-5.15652
-5.15689
-5.15699
-5.15681
-5.15694
-5.15664
-5.15621
-5.15564
-5.15464
-5.1541
-5.15297
-5.15201
-5.15076
-5.14952
-5.14785
-5.14619
-5.14425
-5.14217
-5.13997
-5.13748
-5.13562
-5.13289
-5.13033
-5.12751
-5.12502
-5.12226
-5.11925
-5.11613
-5.11276
-5.10945
-5.10634
-5.103
-5.09973
-5.09593
-5.09206
-5.08828
-5.0849
-5.08101
-5.07708
-5.07282
-5.06852
-5.06481
-5.06094
-5.0572
-5.05332
-5.04914
-5.04512
-5.04083
-5.03687
-5.03264
-5.02891
-5.02524
-5.02131
-5.01791
-5.01427
-5.01056
-5.00692
-5.00338
-5.00008
-4.99702
-4.99361
-4.99075
-4.98771
-4.98447
-4.98164
-4.97892
-4.97632
-4.97399
-4.97207
-4.97012
-4.96829
-4.96626
-4.96465
-4.96316
-4.96192
-4.96048
-4.95885
-4.95778
-4.95665
-4.95546
-4.95452
-4.95366
-4.95289
-4.95219
-4.95172
-4.95102
-4.95069
-4.94997
-4.94991
-4.94945
-4.9489
-4.94854
-4.94823
-4.94825
-4.94787
-4.94812
-4.94795
-4.94797
-4.94786
-4.94792
-4.94787
-4.94768
-4.94782
-4.94814
-4.94832
-4.94868
-4.94907
-4.94888
-4.94916
-4.94932
-4.95027
-4.9508
-4.95121
-4.9518
-4.95244
-4.95281
-4.95323
-4.95385
-4.95407
-4.95464
-4.95558
-4.95627
-4.95734
-4.95817
-4.95938
-4.96036
-4.96157
-4.96271
-4.9644
-4.96617
-4.96773
-4.96969
-4.97129
-4.97284
-4.97509
-4.97744
-4.97974
-4.98199
-4.98449
-4.9868
-4.9892
-4.9917
-4.99415
-4.99684
-4.99948
-5.00281
-5.00578
-5.00868
-5.01182
-5.01503
-5.01877
-5.02273
-5.0263
-5.02992
-5.03361
-5.03734
-5.04111
-5.04477
-5.04862
-5.05264
-5.05684
-5.06075
-5.06452
-5.0686
-5.07237
-5.07613
-5.08019
-5.08332
-5.08733
-5.09101
-5.09495
-5.0984
-5.10211
-5.10547
-5.10937
-5.11306
-5.11638
-5.11948
-5.12281
-5.12621
-5.12952
-5.13275
-5.13558
-5.13862
-5.14155
-5.14423
-5.14666
-5.14927
-5.15162
-5.15355
-5.15596
-5.15795
-5.15967
-5.16125
-5.16256
-5.16419
-5.16539
-5.16644
-5.16767
-5.16876
-5.16955
-5.17051
-5.17073
-5.17095
-5.17103
-5.17112
-5.17107
-5.17102
-5.17053
-5.1699
-5.16912
-5.16881
-5.1679
-5.16701
-5.16567
-5.16404
-5.16258
-5.16053
-5.1588
-5.15724
-5.15524
-5.15327
-5.15072
-5.14835
-5.14586
-5.1437
-5.14143
-5.13845
-5.13505
-5.13201
-5.12871
-5.12546
-5.12213
-5.11885
-5.11518
-5.11174
-5.10807
-5.10433
-5.10037
-5.0965
-5.09227
-5.08815
-5.08397
-5.07991
-5.07641
-5.07259
-5.06859
-5.06427
-5.05994
-5.05575
-5.05125
-5.04707
-5.04289
-5.03873
-5.03505
-5.03094
-5.02687
-5.02268
-5.01869
-5.01504
-5.011
-5.00732
-5.0034
-4.99985
-4.99668
-4.99327
-4.9898
-4.9861
-4.98294
-4.97972
-4.97614
-4.9734
-4.97076
-4.96791
-4.96515
-4.96265
-4.96024
-4.95763
-4.95512
-4.9527
-4.95083
-4.94876
-4.94678
-4.94505
-4.94326
-4.94155
-4.93994
-4.93841
-4.93711
-4.93574
-4.93431
-4.93309
-4.93226
-4.93104
-4.93003
-4.92909
-4.92806
-4.92739
-4.92647
-4.9256
-4.92448
-4.92386
-4.92343
-4.92288
-4.92238
-4.9219
-4.92116
-4.92045
-4.91992
-4.91956
-4.91908
-4.91877
-4.91878
-4.91836
-4.91811
-4.91787
-4.91736
-4.91731
-4.91728
-4.91696
-4.91711
-4.91728
-4.91731
-4.91706
-4.91683
-4.91662
-4.91673
-4.91655
-4.91655
-4.91657
-4.91662
-4.91669
-4.91678
-4.91691
-4.91707
-4.91665
-4.91656
-4.91651
-4.9171
-4.91743
-4.91794
-4.9185
-4.91894
-4.91927
-4.91994
-4.92066
-4.92127
-4.92161
-4.92186
-4.92259
-4.92352
-4.92435
-4.92521
-4.92657
-4.92797
-4.92896
-4.92998
-4.9312
-4.93229
-4.93357
-4.93458
-4.93562
-4.93714
-4.93868
-4.93964
-4.94077
-4.94206
-4.94351
-4.94497
-4.94629
-4.94761
-4.94922
-4.95022
-4.95137
-4.95265
-4.95391
-4.95469
-4.95591
-4.95724
-4.95839
-4.95964
-4.9604
-4.96127
-4.96223
-4.96314
-4.96384
-4.96463
-4.96519
-4.9663
-4.96703
-4.96738
-4.96765
-4.96815
-4.96811
-4.96828
-4.96852
-4.96821
-4.96812
-4.96808
-4.96751
-4.96729
-4.96698
-4.96642
-4.96578
-4.96504
-4.96391
-4.96315
-4.96214
-4.96136
-4.96034
-4.95909
-4.95791
-4.95636
-4.9549
-4.95336
-4.95177
-4.95013
-4.94813
-4.94669
-4.94491
-4.94294
-4.9411
-4.93923
-4.93736
-4.93547
-4.93373
-4.93185
-4.93013
-4.92782
-4.92614
-4.9242
-4.92259
-4.92088
-4.91907
-4.91733
-4.91595
-4.91434
-4.91312
-4.91167
-4.91002
-4.90907
-4.90822
-4.90748
-4.90669
-4.90603
-4.90563
-4.90535
-4.90489
-4.90487
-4.90482
-4.9049
-4.90526
-4.90575
-4.90636
-4.90711
-4.90813
-4.90883
-4.90995
-4.91104
-4.91225
-4.91356
-4.91499
-4.91667
-4.91846
-4.91988
-4.92154
-4.92344
-4.92573
-4.92778
-4.93005
-4.93238
-4.93462
-4.93705
-4.93923
-4.9416
-4.94385
-4.94628
-4.94873
-4.95119
-4.95382
-4.95615
-4.95848
-4.96066
-4.96298
-4.9656
-4.96805
-4.97033
-4.97289
-4.97542
-4.97748
-4.97966
-4.9821
-4.98452
-4.9869
-4.98909
-4.99109
-4.99381
-4.99603
-4.99791
-4.9999
-5.00185
-5.0036
-5.00561
-5.00713
-5.00951
-5.01155
-5.01354
-5.01565
-5.01742
-5.01884
-5.02052
-5.02187
-5.02302
-5.02475
-5.02643
-5.02763
-5.02925
-5.03098
-5.03238
-5.03345
-5.03449
-5.03534
-5.03617
-5.03697
-5.03775
-5.03911
-5.04014
-5.04115
-5.04213
-5.0428
-5.04389
-5.04437
-5.04512
-5.04616
-5.04703
-5.04789
-5.04888
-5.04956
-5.05022
-5.05101
-5.0518
-5.05257
-5.05273
-5.05348
-5.05422
-5.05479
-5.05581
-5.05667
-5.05721
-5.0579
-5.05797
-5.05834
-5.05885
-5.05935
-5.06
-5.06048
-5.06141
-5.06263
-5.06339
-5.06415
-5.06474
-5.06503
-5.06606
-5.06648
-5.06704
-5.06759
-5.06799
-5.06823
-5.06891
-5.06913
-5.06949
-5.06984
-5.07049
-5.07113
-5.07161
-5.07238
-5.07298
-5.07328
-5.07386
-5.07368
-5.07409
-5.07449
-5.07503
-5.07554
-5.07575
-5.07608
-5.07655
-5.077
-5.07743
-5.07815
-5.07838
-5.0786
-5.07864
-5.0788
-5.07879
-5.0789
-5.07913
-5.07918
-5.0798
-5.07963
-5.07943
-5.07919
-5.07936
-5.07904
-5.07898
-5.07888
-5.07842
-5.07762
-5.07693
-5.07648
-5.07599
-5.07544
-5.07514
-5.07463
-5.07406
-5.07314
-5.07215
-5.0711
-5.06954
-5.06806
-5.06728
-5.06628
-5.06521
-5.06407
-5.06242
-5.06145
-5.0595
-5.05778
-5.05584
-5.05413
-5.0525
-5.0508
-5.04857
-5.04643
-5.04391
-5.04162
-5.03941
-5.03728
-5.03493
-5.03252
-5.03064
-5.02809
-5.02547
-5.02265
-5.01991
-5.01696
-5.0144
-5.01134
-5.00838
-5.00537
-5.00231
-4.99921
-4.99637
-4.99349
-4.99042
-4.98733
-4.98421
-4.98091
-4.97775
-4.97427
-4.97108
-4.96789
-4.96454
-4.9612
-4.95801
-4.95453
-4.95138
-4.94808
-4.94467
-4.94143
-4.93838
-4.93551
-4.93224
-4.92916
-4.92628
-4.92315
-4.92023
-4.91752
-4.91457
-4.91184
-4.90903
-4.90628
-4.90391
-4.90146
-4.8991
-4.89635
-4.89414
-4.89201
-4.88982
-4.88801
-4.88614
-4.8845
-4.8828
-4.88134
-4.88012
-4.87869
-4.87736
-4.87611
-4.8748
-4.87344
-4.87248
-4.87176
-4.87085
-4.87003
-4.86962
-4.86931
-4.86896
-4.86887
-4.86859
-4.86827
-4.86883
-4.86951
-4.86986
-4.87018
-4.87079
-4.87137
-4.87178
-4.87279
-4.87363
-4.8749
-4.87617
-4.87773
-4.87958
-4.88172
-4.88385
-4.88597
-4.88823
-4.89062
-4.89268
-4.89548
-4.89841
-4.9013
-4.904
-4.90727
-4.91064
-4.91411
-4.91782
-4.92161
-4.92487
-4.92865
-4.93189
-4.93534
-4.93898
-4.94297
-4.94683
-4.95071
-4.95446
-4.95822
-4.96197
-4.96617
-4.97021
-4.97392
-4.97791
-4.98202
-4.98579
-4.98921
-4.99289
-4.99636
-4.99992
-5.00357
-5.00746
-5.01113
-5.01427
-5.01794
-5.02137
-5.02442
-5.02754
-5.03072
-5.03365
-5.03634
-5.03894
-5.04144
-5.04399
-5.0466
-5.0488
-5.0509
-5.0529
-5.05525
-5.05689
-5.05857
-5.06016
-5.06164
-5.06361
-5.06518
-5.06635
-5.06756
-5.06851
-5.06936
-5.0698
-5.07044
-5.07129
-5.07158
-5.07176
-5.07246
-5.07245
-5.07235
-5.0726
-5.07231
-5.07193
-5.07162
-5.07151
-5.07117
-5.07075
-5.06965
-5.06893
-5.06767
-5.06695
-5.06572
-5.06457
-5.06351
-5.06225
-5.06123
-5.05986
-5.05876
-5.05746
-5.05612
-5.05461
-5.05352
-5.0521
-5.05067
-5.04938
-5.04793
-5.04663
-5.04487
-5.04358
-5.04229
-5.04071
-5.03946
-5.03808
-5.03657
-5.03524
-5.03395
-5.03254
-5.03103
-5.02985
-5.02843
-5.02704
-5.02587
-5.02519
-5.02427
-5.02355
-5.02259
-5.02168
-5.02052
-5.02018
-5.01943
-5.01874
-5.01855
-5.01811
-5.01756
-5.01737
-5.01706
-5.01665
-5.01657
-5.01623
-5.01637
-5.01639
-5.01658
-5.0165
-5.01628
-5.01607
-5.01603
-5.01599
-5.01611
-5.01607
-5.01603
-5.01584
-5.01548
-5.01541
-5.01547
-5.01536
-5.01523
-5.01523
-5.01475
-5.01454
-5.01415
-5.01388
-5.01342
-5.01308
-5.01224
-5.01213
-5.01182
-5.01178
-5.0114
-5.01097
-5.01006
-5.00971
-5.00901
-5.00858
-5.00751
-5.0067
-5.00571
-5.00438
-5.00331
-5.00251
-5.00168
-5.00067
-4.99963
-4.99872
-4.99762
-4.99681
-4.99582
-4.99497
-4.9938
-4.99246
-4.99125
-4.98974
-4.98866
-4.98713
-4.98559
-4.98419
-4.98295
-4.98185
-4.98061
-4.97952
-4.97813
-4.97644
-4.97522
-4.974
-4.9731
-4.9719
-4.97087
-4.96985
-4.96823
-4.96724
-4.96626
-4.96515
-4.96391
-4.96298
-4.96193
-4.96074
-4.95987
-4.95918
-4.95805
-4.95711
-4.95648
-4.95544
-4.95517
-4.95463
-4.95382
-4.95304
-4.9523
-4.95159
-4.95107
-4.95013
-4.94909
-4.94824
-4.94773
-4.94758
-4.94732
-4.94697
-4.94667
-4.94628
-4.94624
-4.94612
-4.94622
-4.94592
-4.94616
-4.94661
-4.94713
-4.94713
-4.94766
-4.94826
-4.94834
-4.94895
-4.94964
-4.95086
-4.95187
-4.95295
-4.95412
-4.95537
-4.9567
-4.95781
-4.95915
-4.96056
-4.96175
-4.96332
-4.96465
-4.96667
-4.9686
-4.97029
-4.97205
-4.97402
-4.97574
-4.97768
-4.97981
-4.98184
-4.98407
-4.9865
-4.98896
-4.99115
-4.99338
-4.99624
-4.99882
-5.00112
-5.00375
-5.00624
-5.00889
-5.0114
-5.01392
-5.01659
-5.01895
-5.02116
-5.02337
-5.02617
-5.02865
-5.03113
-5.03388
-5.03632
-5.03828
-5.04037
-5.04288
-5.04522
-5.04752
-5.04964
-5.05188
-5.05363
-5.0558
-5.05808
-5.06003
-5.06178
-5.06409
-5.06637
-5.06846
-5.0705
-5.07236
-5.07402
-5.07579
-5.07723
-5.07892
-5.08058
-5.08235
-5.08408
-5.08578
-5.08744
-5.08892
-5.09021
-5.09132
-5.09286
-5.09407
-5.0954
-5.0967
-5.09799
-5.09939
-5.10078
-5.10199
-5.10334
-5.10466
-5.10567
-5.1068
-5.10807
-5.10917
-5.11011
-5.11117
-5.11192
-5.11325
-5.11426
-5.1154
-5.11637
-5.11702
-5.11794
-5.11869
-5.11956
-5.12055
-5.12167
-5.12245
-5.12335
-5.12391
-5.12473
-5.12521
-5.1258
-5.12635
-5.12685
-5.12745
-5.12785
-5.1279
-5.12834
-5.12843
-5.12891
-5.12964
-5.12955
-5.12971
-5.1295
-5.12907
-5.12889
-5.12849
-5.12788
-5.12765
-5.12782
-5.12717
-5.1269
-5.12627
-5.12558
-5.12499
-5.12418
-5.12285
-5.12178
-5.1208
-5.11991
-5.11897
-5.11784
-5.11665
-5.11526
-5.11383
-5.11235
-5.11099
-5.10973
-5.10799
-5.10636
-5.10531
-5.10362
-5.1022
-5.10046
-5.099
-5.09737
-5.09587
-5.09406
-5.09299
-5.09116
-5.08978
-5.08809
-5.08655
-5.08502
-5.08319
-5.08138
-5.07973
-5.07764
-5.07603
-5.07414
-5.07243
-5.0706
-5.06881
-5.06705
-5.0658
-5.06428
-5.06297
-5.06171
-5.06005
-5.0589
-5.05782
-5.0571
-5.05585
-5.05512
-5.05446
-5.05388
-5.05293
-5.05235
-5.05186
-5.0513
-5.05097
-5.05088
-5.05043
-5.0499
-5.04932
-5.04942
-5.04961
-5.04958
-5.04979
-5.05008
-5.0506
-5.05105
-5.05203
-5.05248
-5.05376
-5.05481
-5.05577
-5.0568
-5.05804
-5.05934
-5.06024
-5.06149
-5.06264
-5.06398
-5.06536
-5.06662
-5.06821
-5.06982
-5.07116
-5.07267
-5.07403
-5.07556
-5.07709
-5.07862
-5.08015
-5.08198
-5.08349
-5.08483
-5.08646
-5.08807
-5.08965
-5.09104
-5.09241
-5.09374
-5.09518
-5.09658
-5.09793
-5.09909
-5.10005
-5.10096
-5.10211
-5.10291
-5.1038
-5.10464
-5.10511
-5.10583
-5.10649
-5.10723
-5.10776
-5.10823
-5.10849
-5.10884
-5.10912
-5.10949
-5.1095
-5.10945
-5.10934
-5.10933
-5.1094
-5.10942
-5.10909
-5.10885
-5.10856
-5.10792
-5.10753
-5.1071
-5.10677
-5.10609
-5.10553
-5.10538
-5.10504
-5.10466
-5.10395
-5.10321
-5.10228
-5.10163
-5.1008
-5.09995
-5.09877
-5.09802
-5.09696
-5.09632
-5.09507
-5.09411
-5.09328
-5.09229
-5.09114
-5.08967
-5.0888
-5.08777
-5.08644
-5.08524
-5.0845
-5.08345
-5.08224
-5.08133
-5.07996
-5.07874
-5.07767
-5.0769
-5.07582
-5.07474
-5.07366
-5.07272
-5.07147
-5.07022
-5.06927
-5.06832
-5.06721
-5.06624
-5.06512
-5.06384
-5.06286
-5.06157
-5.06042
-5.05957
-5.05842
-5.05725
-5.05609
-5.05461
-5.05359
-5.0524
-5.05122
-5.05003
-5.04899
-5.0478
-5.04661
-5.04572
-5.04453
-5.04304
-5.04156
-5.04038
-5.03922
-5.03806
-5.03706
-5.03607
-5.03495
-5.03385
-5.03291
-5.03199
-5.03079
-5.02977
-5.02952
-5.0284
-5.02745
-5.02609
-5.02535
-5.0245
-5.02384
-5.02305
-5.02246
-5.02175
-5.02092
-5.02029
-5.01984
-5.01958
-5.01891
-5.01842
-5.01782
-5.01741
-5.01659
-5.01655
-5.01609
-5.01612
-5.01617
-5.0158
-5.01592
-5.01575
-5.01561
-5.01534
-5.01523
-5.01514
-5.01491
-5.015
-5.01494
-5.01488
-5.01498
-5.01493
-5.01502
-5.01511
-5.01548
-5.0154
-5.01514
-5.01503
-5.01519
-5.01488
-5.01469
-5.01432
-5.01408
-5.0138
-5.01349
-5.01315
-5.01262
-5.01235
-5.01205
-5.0114
-5.01042
-5.00954
-5.00862
-5.00782
-5.00712
-5.00638
-5.00545
-5.00448
-5.00363
-5.00274
-5.00166
-5.00084
-5
-4.99882
-4.99761
-4.99668
-4.99557
-4.99489
-4.99449
-4.99348
-4.99305
-4.992
-4.99065
-4.98929
-4.98822
-4.98686
-4.98549
-4.98428
-4.98353
-4.98188
-4.98085
-4.97968
-4.97867
-4.97738
-4.97611
-4.97516
-4.97408
-4.97272
-4.97154
-4.97023
-4.96955
-4.96875
-4.96782
-4.96707
-4.96634
-4.96534
-4.96451
-4.9637
-4.96262
-4.96201
-4.96112
-4.9607
-4.9597
-4.95917
-4.95835
-4.95784
-4.9569
-4.95611
-4.95549
-4.95487
-4.95456
-4.95364
-4.95303
-4.95227
-4.95196
-4.9515
-4.95073
-4.94981
-4.94918
-4.94839
-4.94774
-4.94709
-4.94657
-4.94604
-4.94535
-4.9445
-4.94409
-4.94352
-4.94279
-4.94219
-4.94143
-4.94082
-4.93989
-4.9391
-4.93815
-4.93735
-4.93684
-4.93573
-4.93491
-4.93394
-4.93312
-4.93246
-4.93164
-4.93083
-4.93048
-4.92968
-4.9292
-4.92858
-4.92782
-4.92708
-4.9262
-4.92564
-4.92496
-4.92445
-4.92381
-4.9232
-4.92261
-4.92206
-4.92153
-4.92104
-4.92058
-4.92015
-4.9196
-4.91939
-4.91921
-4.91862
-4.91806
-4.91799
-4.91795
-4.9178
-4.91768
-4.91714
-4.91679
-4.91661
-4.91662
-4.91651
-4.91673
-4.91697
-4.91724
-4.91753
-4.91769
-4.91757
-4.91792
-4.91813
-4.91882
-4.91936
-4.91931
-4.91987
-4.92014
-4.92026
-4.92053
-4.92081
-4.92123
-4.92181
-4.92253
-4.92264
-4.92275
-4.92346
-4.92385
-4.92393
-4.92416
-4.92407
-4.92412
-4.92447
-4.9248
-4.92497
-4.92497
-4.92526
-4.92555
-4.92567
-4.92593
-4.92618
-4.92657
-4.92619
-4.92626
-4.92602
-4.92593
-4.92614
-4.92634
-4.92638
-4.92658
-4.92662
-4.92667
-4.92672
-4.92662
-4.92683
-4.9269
-4.92697
-4.92691
-4.92731
-4.92742
-4.92755
-4.92754
-4.92801
-4.92819
-4.92855
-4.92862
-4.92872
-4.92899
-4.92884
-4.92902
-4.92922
-4.92961
-4.92972
-4.93001
-4.93049
-4.931
-4.93124
-4.93167
-4.93183
-4.93262
-4.93361
-4.93447
-4.93537
-4.93616
-4.93683
-4.93784
-4.93857
-4.9395
-4.94046
-4.9413
-4.94247
-4.94323
-4.94432
-4.94559
-4.94674
-4.94807
-4.94898
-4.95021
-4.95193
-4.95337
-4.95469
-4.95603
-4.95739
-4.95877
-4.96017
-4.96144
-4.96303
-4.96433
-4.9661
-4.96727
-4.96906
-4.97056
-4.97192
-4.97312
-4.97403
-4.97615
-4.97767
-4.97979
-4.98084
-4.98249
-4.98413
-4.98561
-4.98708
-4.98899
-4.99012
-4.99153
-4.99277
-4.99414
-4.99548
-4.99649
-4.99777
-4.99917
-5.00054
-5.00157
-5.00271
-5.0035
-5.00426
-5.00527
-5.00639
-5.00716
-5.00789
-5.00901
-5.00963
-5.01035
-5.01102
-5.01178
-5.01249
-5.01269
-5.01314
-5.01352
-5.01355
-5.01368
-5.0142
-5.01436
-5.01477
-5.01482
-5.01511
-5.01535
-5.01524
-5.01507
-5.01424
-5.01397
-5.01335
-5.01328
-5.01256
-5.01226
-5.01161
-5.01092
-5.01019
-5.00928
-5.00863
-5.0078
-5.0071
-5.00606
-5.00531
-5.00453
-5.00359
-5.00293
-5.00211
-5.00128
-5.0003
-4.99946
-4.99862
-4.99793
-4.9971
-4.99628
-4.99547
-4.99422
-4.99373
-4.99267
-4.99208
-4.99151
-4.99066
-4.98999
-4.9895
-4.98889
-4.98816
-4.98746
-4.9868
-4.98632
-4.98573
-4.98517
-4.98509
-4.9846
-4.9843
-4.98403
-4.98349
-4.98313
-4.98296
-4.98297
-4.98271
-4.98263
-4.98257
-4.98254
-4.98253
-4.98299
-4.98316
-4.98305
-4.98295
-4.98286
-4.98353
-4.98345
-4.98291
-4.98298
-4.98305
-4.9828
-4.98285
-4.98288
-4.98304
-4.98318
-4.98331
-4.9834
-4.98317
-4.98305
-4.98275
-4.98272
-4.9825
-4.98239
-4.98208
-4.98174
-4.98119
-4.9809
-4.98026
-4.97957
-4.97897
-4.97817
-4.97747
-4.97717
-4.97636
-4.97549
-4.97457
-4.97344
-4.9724
-4.97131
-4.97017
-4.96896
-4.96756
-4.96595
-4.96444
-4.96303
-4.96188
-4.96007
-4.95823
-4.95679
-4.95501
-4.95334
-4.95148
-4.94974
-4.94782
-4.94633
-4.94435
-4.94281
-4.9414
-4.93922
-4.93702
-4.93527
-4.93351
-4.93159
-4.92967
-4.92775
-4.92598
-4.92406
-4.92216
-4.92057
-4.91853
-4.91681
-4.91481
-4.91297
-4.9113
-4.90981
-4.90804
-4.90644
-4.90456
-4.90301
-4.90133
-4.89983
-4.89835
-4.8969
-4.89518
-4.89348
-4.89196
-4.89047
-4.88916
-4.88772
-4.88616
-4.88478
-4.88358
-4.8821
-4.88066
-4.8794
-4.87833
-4.87714
-4.87584
-4.87457
-4.8738
-4.87278
-4.87179
-4.87056
-4.86922
-4.86825
-4.86778
-4.86692
-4.86598
-4.86571
-4.86551
-4.86509
-4.8646
-4.86419
-4.86417
-4.86394
-4.8638
-4.86391
-4.86367
-4.86399
-4.86472
-4.86495
-4.8656
-4.86636
-4.86723
-4.86867
-4.87023
-4.87131
-4.87265
-4.87426
-4.87613
-4.87782
-4.87962
-4.88153
-4.8834
-4.88537
-4.8879
-4.89007
-4.89248
-4.89498
-4.89757
-4.90023
-4.90312
-4.90623
-4.90895
-4.91188
-4.91485
-4.91802
-4.92093
-4.92417
-4.92713
-4.93041
-4.93339
-4.93669
-4.94013
-4.94326
-4.94638
-4.94962
-4.95252
-4.95524
-4.95792
-4.96055
-4.96403
-4.96684
-4.96958
-4.9721
-4.97469
-4.97735
-4.97992
-4.98209
-4.9843
-4.98612
-4.98797
-4.99001
-4.99194
-4.99344
-4.99482
-4.99622
-4.99719
-4.99818
-4.99934
-5.00066
-5.00153
-5.00182
-5.00211
-5.00256
-5.00271
-5.00302
-5.00289
-5.00246
-5.00188
-5.00146
-5.00075
-5.00005
-4.99892
-4.99809
-4.99684
-4.9956
-4.99409
-4.99275
-4.99085
-4.98898
-4.9873
-4.98507
-4.9832
-4.98093
-4.97857
-4.97644
-4.97394
-4.97106
-4.96844
-4.96592
-4.96305
-4.96045
-4.95782
-4.95503
-4.95223
-4.94958
-4.94678
-4.94415
-4.94154
-4.93897
-4.93658
-4.93378
-4.93104
-4.92835
-4.92588
-4.92317
-4.92115
-4.9189
-4.91674
-4.91481
-4.91283
-4.91109
-4.9093
-4.9073
-4.90571
-4.90452
-4.90314
-4.90215
-4.90127
-4.9005
-4.89952
-4.8988
-4.89803
-4.89751
-4.89693
-4.89645
-4.89606
-4.89577
-4.89571
-4.89574
-4.89571
-4.89575
-4.89573
-4.89594
-4.89622
-4.89673
-4.89701
-4.89796
-4.89868
-4.89947
-4.90017
-4.90049
-4.90131
-4.9022
-4.90346
-4.90431
-4.90568
-4.9068
-4.90782
-4.9092
-4.91033
-4.91197
-4.9135
-4.91478
-4.91627
-4.91749
-4.91892
-4.92039
-4.92205
-4.9236
-4.9252
-4.92699
-4.92897
-4.93099
-4.93244
-4.93453
-4.93605
-4.9379
-4.94009
-4.9423
-4.94409
-4.94621
-4.94851
-4.95037
-4.95255
-4.95461
-4.95698
-4.95891
-4.96132
-4.96374
-4.96602
-4.9683
-4.9706
-4.9729
-4.97536
-4.97752
-4.97998
-4.98214
-4.9846
-4.98692
-4.98938
-4.99168
-4.99398
-4.99612
-4.99856
-5.001
-5.00328
-5.0057
-5.00811
-5.01067
-5.01277
-5.01485
-5.01723
-5.01945
-5.02212
-5.02417
-5.02607
-5.02841
-5.03059
-5.03291
-5.03507
-5.03693
-5.03908
-5.04078
-5.04292
-5.04506
-5.04735
-5.04948
-5.05161
-5.05374
-5.05587
-5.05815
-5.06028
-5.06241
-5.06425
-5.067
-5.06915
-5.0713
-5.07361
-5.07563
-5.07706
-5.0794
-5.08115
-5.08352
-5.08575
-5.08814
-5.0904
-5.09252
-5.09497
-5.09713
-5.09961
-5.10166
-5.10387
-5.10612
-5.10808
-5.11067
-5.11343
-5.11576
-5.11752
-5.12006
-5.12277
-5.12536
-5.12797
-5.13046
-5.13328
-5.13613
-5.13885
-5.14189
-5.14467
-5.14731
-5.14983
-5.15253
-5.1551
-5.15784
-5.16075
-5.16414
-5.16725
-5.17023
-5.17367
-5.17684
-5.17971
-5.1829
-5.18596
-5.18887
-5.19179
-5.19502
-5.19825
-5.20134
-5.20427
-5.20735
-5.21028
-5.21381
-5.21687
-5.22037
-5.22341
-5.22658
-5.22959
-5.23242
-5.23552
-5.23845
-5.2415
-5.24436
-5.24704
-5.24953
-5.25228
-5.25483
-5.25733
-5.25993
-5.26263
-5.26513
-5.26741
-5.26948
-5.27164
-5.27342
-5.27605
-5.27829
-5.28031
-5.2821
-5.28381
-5.28544
-5.28713
-5.28888
-5.29039
-5.2915
-5.29297
-5.29374
-5.29487
-5.29604
-5.29681
-5.29732
-5.29817
-5.29877
-5.29911
-5.29949
-5.30006
-5.30036
-5.3004
-5.30002
-5.29998
-5.29983
-5.2991
-5.29841
-5.29775
-5.29713
-5.29624
-5.29568
-5.29426
-5.29347
-5.29242
-5.29125
-5.28967
-5.28813
-5.28633
-5.28441
-5.28269
-5.28056
-5.27832
-5.27598
-5.27369
-5.27115
-5.2682
-5.26547
-5.26278
-5.25986
-5.25715
-5.25435
-5.25102
-5.24745
-5.2441
-5.24083
-5.23718
-5.23376
-5.23012
-5.22611
-5.22235
-5.21853
-5.2148
-5.21117
-5.20718
-5.2033
-5.19923
-5.19511
-5.19096
-5.18708
-5.18286
-5.17908
-5.17436
-5.16978
-5.16548
-5.16118
-5.15702
-5.15271
-5.14839
-5.14379
-5.13979
-5.13582
-5.13156
-5.12733
-5.12313
-5.11926
-5.11514
-5.11105
-5.10702
-5.10304
-5.09912
-5.09542
-5.09133
-5.08762
-5.08413
-5.08088
-5.07727
-5.07374
-5.07016
-5.06698
-5.06405
-5.06092
-5.0585
-5.05603
-5.05352
-5.05097
-5.04853
-5.04604
-5.04381
-5.04154
-5.03952
-5.0376
-5.03578
-5.03405
-5.03256
-5.03116
-5.02969
-5.02875
-5.02757
-5.02645
-5.02479
-5.02333
-5.02237
-5.02129
-5.01994
-5.01861
-5.01775
-5.0166
-5.01546
-5.01415
-5.01314
-5.01226
-5.01074
-5.00966
-5.00853
-5.00752
-5.0063
-5.00489
-5.00357
-5.00279
-5.00165
-5.00044
-4.99916
-4.99751
-4.99548
-4.99353
-4.99136
-4.98955
-4.98767
-4.98542
-4.98323
-4.98128
-4.97909
-4.97654
-4.97391
-4.97107
-4.96816
-4.96594
-4.96352
-4.96058
-4.95775
-4.95487
-4.9521
-4.94944
-4.946
-4.94253
-4.93934
-4.93613
-4.93337
-4.92985
-4.92693
-4.92371
-4.92066
-4.91763
-4.91463
-4.91181
-4.90872
-4.90553
-4.90269
-4.90005
-4.89733
-4.89437
-4.89164
-4.88913
-4.88656
-4.88408
-4.8817
-4.87956
-4.87753
-4.87561
-4.87395
-4.87225
-4.87067
-4.86921
-4.86803
-4.86697
-4.86589
-4.86509
-4.86427
-4.86343
-4.86287
-4.86244
-4.86215
-4.86169
-4.8615
-4.86175
-4.86198
-4.86233
-4.8625
-4.86295
-4.86367
-4.86465
-4.86574
-4.86695
-4.86841
-4.86952
-4.87088
-4.87219
-4.87374
-4.87522
-4.87679
-4.87858
-4.8806
-4.88254
-4.88439
-4.88646
-4.88843
-4.89061
-4.89283
-4.8951
-4.89711
-4.89946
-4.90215
-4.90441
-4.9067
-4.90886
-4.91089
-4.91308
-4.91559
-4.91811
-4.92064
-4.92302
-4.9257
-4.92807
-4.9303
-4.93266
-4.93532
-4.93766
-4.94029
-4.94261
-4.9449
-4.94733
-4.94973
-4.95181
-4.95431
-4.95679
-4.95894
-4.96151
-4.96359
-4.96594
-4.96811
-4.97039
-4.97233
-4.97438
-4.97654
-4.9785
-4.98073
-4.98276
-4.98415
-4.98594
-4.98769
-4.98923
-4.99103
-4.99279
-4.99404
-4.9954
-4.99656
-4.99812
-4.99933
-5.00065
-5.00161
-5.00268
-5.0037
-5.00513
-5.0059
-5.00694
-5.00824
-5.00934
-5.0101
-5.01097
-5.01181
-5.01276
-5.01338
-5.01443
-5.01529
-5.01613
-5.01695
-5.01761
-5.01839
-5.01886
-5.01948
-5.02039
-5.0207
-5.02161
-5.02222
-5.02314
-5.02362
-5.02442
-5.02524
-5.02608
-5.02664
-5.02753
-5.02816
-5.02897
-5.02981
-5.03085
-5.03148
-5.03245
-5.03332
-5.03454
-5.03551
-5.03714
-5.03836
-5.03964
-5.04098
-5.04206
-5.04336
-5.04486
-5.04626
-5.04848
-5.05029
-5.05201
-5.05408
-5.05604
-5.05775
-5.05935
-5.06129
-5.06358
-5.06545
-5.06734
-5.06942
-5.07152
-5.0738
-5.07594
-5.07808
-5.08009
-5.0821
-5.08411
-5.08656
-5.08886
-5.09114
-5.0937
-5.09563
-5.09769
-5.09956
-5.10169
-5.10363
-5.10552
-5.10736
-5.10899
-5.11057
-5.11238
-5.11382
-5.11549
-5.11678
-5.11784
-5.11912
-5.12017
-5.12112
-5.12214
-5.12336
-5.12419
-5.12491
-5.12584
-5.12667
-5.12709
-5.12726
-5.12732
-5.12758
-5.12728
-5.12718
-5.12682
-5.12635
-5.12579
-5.12527
-5.12495
-5.12453
-5.12356
-5.1225
-5.12135
-5.1201
-5.11922
-5.11781
-5.11662
-5.11521
-5.11357
-5.11202
-5.11055
-5.10873
-5.10715
-5.10538
-5.10311
-5.10125
-5.09952
-5.09791
-5.09597
-5.09417
-5.09235
-5.09022
-5.08855
-5.08657
-5.08461
-5.08265
-5.08102
-5.07895
-5.07691
-5.07535
-5.07367
-5.07203
-5.07028
-5.06857
-5.0669
-5.06513
-5.06357
-5.06205
-5.06059
-5.05919
-5.05785
-5.05672
-5.05534
-5.05433
-5.05308
-5.05189
-5.05152
-5.05045
-5.0499
-5.04942
-5.04884
-5.04817
-5.04741
-5.04701
-5.04606
-5.04592
-5.04539
-5.04506
-5.04508
-5.045
-5.04451
-5.04392
-5.04368
-5.04347
-5.04361
-5.04378
-5.04383
-5.04407
-5.04418
-5.04417
-5.04418
-5.04435
-5.04409
-5.0443
-5.04437
-5.04489
-5.04512
-5.04564
-5.04632
-5.04668
-5.04659
-5.04708
-5.04741
-5.04726
-5.04724
-5.04765
-5.04787
-5.04807
-5.04808
-5.04835
-5.04798
-5.04787
-5.04771
-5.04736
-5.04696
-5.0465
-5.04645
-5.04635
-5.04573
-5.04507
-5.04434
-5.04371
-5.04303
-5.04213
-5.04134
-5.04033
-5.03927
-5.03831
-5.03714
-5.03638
-5.03481
-5.0335
-5.03259
-5.03103
-5.03004
-5.02871
-5.02749
-5.02624
-5.02495
-5.02349
-5.02186
-5.02005
-5.01823
-5.01685
-5.01485
-5.01346
-5.01206
-5.01052
-5.00944
-5.00807
-5.00641
-5.00492
-5.00346
-5.00202
-5.00062
-4.99955
-4.99806
-4.99647
-4.99523
-4.99404
-4.99305
-4.99211
-4.99109
-4.99027
-4.98997
-4.98883
-4.98821
-4.98736
-4.98703
-4.98647
-4.98629
-4.98542
-4.98523
-4.98465
-4.98461
-4.98433
-4.98442
-4.98444
-4.98467
-4.98482
-4.98519
-4.98547
-4.98581
-4.98606
-4.98652
-4.98718
-4.9879
-4.98821
-4.98903
-4.98958
-4.99048
-4.99111
-4.99208
-4.99293
-4.99381
-4.99471
-4.99578
-4.99688
-4.99783
-4.9988
-4.99993
-5.00092
-5.00191
-5.0026
-5.00358
-5.00442
-5.00539
-5.00636
-5.00716
-5.00825
-5.00917
-5.01037
-5.01141
-5.01227
-5.01295
-5.01346
-5.01409
-5.01484
-5.01527
-5.01596
-5.01678
-5.01756
-5.01831
-5.01887
-5.01956
-5.01991
-5.02052
-5.0208
-5.02105
-5.02127
-5.0219
-5.02221
-5.02263
-5.02318
-5.0234
-5.02374
-5.02391
-5.02405
-5.02402
-5.02397
-5.02406
-5.02397
-5.02387
-5.02391
-5.02394
-5.02427
-5.02444
-5.02445
-5.02432
-5.02419
-5.02421
-5.02455
-5.02475
-5.02435
-5.02427
-5.02467
-5.02478
-5.02506
-5.02537
-5.02556
-5.02578
-5.02603
-5.02632
-5.02679
-5.02715
-5.0277
-5.02799
-5.02863
-5.02916
-5.02988
-5.03066
-5.03103
-5.0319
-5.03282
-5.03349
-5.03391
-5.03468
-5.03566
-5.03653
-5.03746
-5.03873
-5.04006
-5.04143
-5.04255
-5.04372
-5.04508
-5.04634
-5.04794
-5.04943
-5.0505
-5.05191
-5.05366
-5.05514
-5.05771
-5.05925
-5.06066
-5.06224
-5.06415
-5.06592
-5.06771
-5.06935
-5.07116
-5.07327
-5.07524
-5.07705
-5.07856
-5.08037
-5.08216
-5.0841
-5.08617
-5.08762
-5.08921
-5.09077
-5.0923
-5.09411
-5.09574
-5.09734
-5.09891
-5.10044
-5.10193
-5.10353
-5.1051
-5.10632
-5.10749
-5.10878
-5.11031
-5.11181
-5.11295
-5.1139
-5.1151
-5.11564
-5.1166
-5.11735
-5.11791
-5.11857
-5.11933
-5.12005
-5.12042
-5.12105
-5.12149
-5.12203
-5.12269
-5.12301
-5.12344
-5.12353
-5.12344
-5.12392
-5.12422
-5.1245
-5.1252
-5.12557
-5.12577
-5.1261
-5.12641
-5.12656
-5.12653
-5.1265
-5.12645
-5.12654
-5.12631
-5.12623
-5.1263
-5.1262
-5.12625
-5.12645
-5.12619
-5.12668
-5.12701
-5.12673
-5.1269
-5.12706
-5.12662
-5.12646
-5.12645
-5.12628
-5.12639
-5.1265
-5.12674
-5.12681
-5.12656
-5.12613
-5.12553
-5.12536
-5.12501
-5.12478
-5.12452
-5.12422
-5.12358
-5.12335
-5.12292
-5.12245
-5.12148
-5.12046
-5.11999
-5.11961
-5.11918
-5.11809
-5.11725
-5.11619
-5.11521
-5.11418
-5.11293
-5.11162
-5.11024
-5.10895
-5.10744
-5.10587
-5.10438
-5.10314
-5.10154
-5.09987
-5.098
-5.09607
-5.09454
-5.09236
-5.09028
-5.08831
-5.08615
-5.0841
-5.08216
-5.08004
-5.07775
-5.07527
-5.07293
-5.07057
-5.06851
-5.06628
-5.0639
-5.06182
-5.05929
-5.05691
-5.05485
-5.05205
-5.04972
-5.04756
-5.04557
-5.0436
-5.04167
-5.03961
-5.03758
-5.03528
-5.03332
-5.03169
-5.0298
-5.02779
-5.02611
-5.02403
-5.02197
-5.02041
-5.01843
-5.01678
-5.01487
-5.01299
-5.01174
-5.01008
-5.00874
-5.00699
-5.00526
-5.00371
-5.00218
-5.00098
-4.99981
-4.9985
-4.99738
-4.99612
-4.99488
-4.99381
-4.99262
-4.99144
-4.99044
-4.9893
-4.98849
-4.9874
-4.98633
-4.98513
-4.98365
-4.9825
-4.98137
-4.97997
-4.9792
-4.97845
-4.97788
-4.97689
-4.97638
-4.97591
-4.97501
-4.97445
-4.97376
-4.97296
-4.97205
-4.97177
-4.97138
-4.97072
-4.9701
-4.96967
-4.96958
-4.96952
-4.9692
-4.96907
-4.96883
-4.96832
-4.96815
-4.96771
-4.96792
-4.9677
-4.96782
-4.96783
-4.96787
-4.96764
-4.96759
-4.96757
-4.96773
-4.96807
-4.96799
-4.96823
-4.9685
-4.96865
-4.96881
-4.96945
-4.96996
-4.9708
-4.97135
-4.97162
-4.97236
-4.97312
-4.97359
-4.97438
-4.97473
-4.97524
-4.97577
-4.97646
-4.97672
-4.97728
-4.97801
-4.97874
-4.97889
-4.9798
-4.98057
-4.9812
-4.98184
-4.98249
-4.983
-4.98398
-4.98451
-4.98505
-4.98561
-4.98618
-4.98692
-4.98767
-4.98843
-4.98906
-4.98926
-4.98993
-4.99077
-4.99179
-4.99268
-4.99374
-4.99468
-4.99564
-4.99648
-4.99766
-4.99857
-4.99936
-5.00064
-5.00195
-5.003
-5.00393
-5.00536
-5.00698
-5.00848
-5.00973
-5.01086
-5.01248
-5.01354
-5.01539
-5.01728
-5.0192
-5.02101
-5.02269
-5.02426
-5.02569
-5.0273
-5.02908
-5.03072
-5.03238
-5.03434
-5.03661
-5.03827
-5.04022
-5.04216
-5.04363
-5.04568
-5.0471
-5.04879
-5.05058
-5.05203
-5.05388
-5.05537
-5.05694
-5.05785
-5.05869
-5.0599
-5.06118
-5.06222
-5.06363
-5.06479
-5.06556
-5.06607
-5.06664
-5.06755
-5.06715
-5.0671
-5.06739
-5.06728
-5.06721
-5.06702
-5.06659
-5.06604
-5.06539
-5.06494
-5.06409
-5.06345
-5.06256
-5.06188
-5.06081
-5.05966
-5.05873
-5.05758
-5.0562
-5.0546
-5.05295
-5.05123
-5.04962
-5.04795
-5.04625
-5.0445
-5.04288
-5.04107
-5.03925
-5.03725
-5.03525
-5.03323
-5.03167
-5.0295
-5.02765
-5.02535
-5.02337
-5.02156
-5.01993
-5.01772
-5.0166
-5.01476
-5.01311
-5.01181
-5.0101
-5.00859
-5.00714
-5.00559
-5.0044
-5.00312
-5.00206
-5.00091
-4.99998
-4.99942
-4.99847
-4.99761
-4.99666
-4.99594
-4.99529
-4.99472
-4.99422
-4.99396
-4.99376
-4.99365
-4.9936
-4.99333
-4.99344
-4.99331
-4.99325
-4.99356
-4.99378
-4.99407
-4.99441
-4.99466
-4.99542
-4.99578
-4.99618
-4.99693
-4.99757
-4.9981
-4.99851
-4.99925
-5.00031
-5.0011
-5.00221
-5.00318
-5.00415
-5.00498
-5.00551
-5.00635
-5.00732
-5.00829
-5.00894
-5.01003
-5.01065
-5.01125
-5.01182
-5.01236
-5.01287
-5.0135
-5.01394
-5.01434
-5.01501
-5.01534
-5.01532
-5.01571
-5.0159
-5.01605
-5.0163
-5.01665
-5.01681
-5.01692
-5.01758
-5.01744
-5.01785
-5.01791
-5.01762
-5.01714
-5.01675
-5.01662
-5.01644
-5.01576
-5.01533
-5.01486
-5.01465
-5.01439
-5.01363
-5.01283
-5.01228
-5.0117
-5.01122
-5.01055
-5.00969
-5.00819
-5.00725
-5.00627
-5.00525
-5.0042
-5.00326
-5.00213
-5.00112
-4.99962
-4.99868
-4.99757
-4.99611
-4.99478
-4.99311
-4.99201
-4.99058
-4.98912
-4.98762
-4.98625
-4.98469
-4.98326
-4.98135
-4.97986
-4.97834
-4.97649
-4.97492
-4.97348
-4.97111
-4.96947
-4.9672
-4.96492
-4.96306
-4.96104
-4.95915
-4.95724
-4.95516
-4.95337
-4.95127
-4.94946
-4.94718
-4.9455
-4.94381
-4.94167
-4.93967
-4.93767
-4.93567
-4.93382
-4.93182
-4.92984
-4.92786
-4.92589
-4.92378
-4.92214
-4.92037
-4.91847
-4.91659
-4.91473
-4.91336
-4.91156
-4.9098
-4.90777
-4.90608
-4.90443
-4.90282
-4.90126
-4.89976
-4.8983
-4.89705
-4.8954
-4.89426
-4.89289
-4.89174
-4.8908
-4.88978
-4.88899
-4.88842
-4.88793
-4.88677
-4.88629
-4.88544
-4.88528
-4.88476
-4.88433
-4.88399
-4.8845
-4.88434
-4.88443
-4.88477
-4.8852
-4.88544
-4.88607
-4.88634
-4.88702
-4.88795
-4.88883
-4.88996
-4.89118
-4.89235
-4.89347
-4.89484
-4.8963
-4.89785
-4.8995
-4.90124
-4.90292
-4.90484
-4.90684
-4.90923
-4.91139
-4.91349
-4.91566
-4.91806
-4.92082
-4.92336
-4.92581
-4.92863
-4.9309
-4.93322
-4.93605
-4.93878
-4.94141
-4.94483
-4.94768
-4.95042
-4.95395
-4.95735
-4.96032
-4.96332
-4.96632
-4.96919
-4.97222
-4.97571
-4.97874
-4.98163
-4.98526
-4.98798
-4.99113
-4.99427
-4.99739
-5.00049
-5.00356
-5.00645
-5.00962
-5.01305
-5.01599
-5.01904
-5.0219
-5.02502
-5.02764
-5.03051
-5.03333
-5.0361
-5.03866
-5.04102
-5.04317
-5.04587
-5.04805
-5.05063
-5.053
-5.05515
-5.05694
-5.05897
-5.06093
-5.06299
-5.06498
-5.06645
-5.06786
-5.06951
-5.0711
-5.07262
-5.07423
-5.07563
-5.07726
-5.07839
-5.0793
-5.0803
-5.08185
-5.08319
-5.08386
-5.08463
-5.08565
-5.08647
-5.08722
-5.08763
-5.08798
-5.08828
-5.08869
-5.0892
-5.08966
-5.09038
-5.09105
-5.09153
-5.09197
-5.09252
-5.09273
-5.09274
-5.09317
-5.09327
-5.09303
-5.0932
-5.09335
-5.09331
-5.09369
-5.09374
-5.09362
-5.09331
-5.09313
-5.09262
-5.09254
-5.09199
-5.09171
-5.09141
-5.09139
-5.0909
-5.09038
-5.08985
-5.08929
-5.08902
-5.08918
-5.08871
-5.08823
-5.08788
-5.08736
-5.08712
-5.08641
-5.08598
-5.08507
-5.0846
-5.08396
-5.08359
-5.08306
-5.08235
-5.08146
-5.08086
-5.08023
-5.07942
-5.07859
-5.07773
-5.07699
-5.07653
-5.07589
-5.07491
-5.07406
-5.07318
-5.07227
-5.07118
-5.07006
-5.0686
-5.06726
-5.06605
-5.0648
-5.06353
-5.06252
-5.06089
-5.05938
-5.05784
-5.05642
-5.05499
-5.05353
-5.05219
-5.05084
-5.04932
-5.04763
-5.04607
-5.04496
-5.04338
-5.04195
-5.04021
-5.03861
-5.03702
-5.03528
-5.034
-5.03228
-5.03057
-5.02933
-5.02736
-5.02586
-5.02424
-5.02295
-5.02124
-5.01971
-5.01838
-5.01754
-5.01614
-5.01464
-5.01364
-5.01255
-5.01196
-5.01114
-5.01037
-5.00952
-5.00874
-5.00817
-5.00767
-5.00679
-5.00629
-5.00631
-5.0064
-5.00612
-5.00621
-5.00578
-5.00572
-5.00543
-5.00582
-5.00613
-5.00636
-5.00666
-5.00689
-5.00748
-5.00813
-5.0087
-5.00948
-5.00971
-5.0103
-5.01079
-5.01164
-5.01253
-5.01346
-5.01473
-5.01543
-5.01678
-5.01784
-5.01924
-5.0202
-5.02118
-5.02202
-5.02287
-5.02373
-5.02444
-5.02561
-5.02676
-5.02822
-5.02951
-5.03048
-5.03144
-5.03237
-5.03359
-5.03448
-5.03564
-5.03676
-5.03801
-5.03876
-5.03948
-5.04001
-5.04079
-5.04154
-5.04208
-5.04288
-5.04364
-5.04419
-5.04469
-5.04499
-5.04539
-5.04574
-5.04604
-5.04643
-5.04662
-5.0469
-5.04683
-5.04701
-5.04698
-5.0469
-5.04676
-5.04658
-5.04634
-5.0462
-5.04602
-5.04578
-5.0452
-5.04411
-5.04359
-5.04317
-5.04226
-5.04146
-5.04077
-5.04019
-5.03943
-5.03878
-5.03794
-5.03723
-5.03633
-5.03571
-5.03491
-5.03364
-5.0328
-5.03179
-5.03077
-5.02987
-5.02867
-5.02745
-5.02622
-5.02514
-5.02405
-5.02326
-5.02232
-5.02122
-5.01983
-5.01859
-5.01766
-5.01659
-5.01568
-5.01447
-5.01373
-5.0127
-5.01183
-5.01083
-5.00985
-5.00888
-5.00793
-5.00655
-5.00564
-5.0052
-5.00418
-5.00364
-5.00266
-5.002
-5.00061
-5.00014
-4.99909
-4.99836
-4.9975
-4.99697
-4.99645
-4.99564
-4.99485
-4.99438
-4.99378
-4.99318
-4.9926
-4.99203
-4.99162
-4.99137
-4.99052
-4.98983
-4.98915
-4.98892
-4.98854
-4.98786
-4.98748
-4.98664
-4.98596
-4.98542
-4.98472
-4.98416
-4.9833
-4.98258
-4.98214
-4.9817
-4.98095
-4.98033
-4.9794
-4.9789
-4.97824
-4.97772
-4.97703
-4.97632
-4.9756
-4.97501
-4.97442
-4.9735
-4.97288
-4.97239
-4.97129
-4.97063
-4.96981
-4.96898
-4.9683
-4.96746
-4.96617
-4.96533
-4.96434
-4.9638
-4.96297
-4.96185
-4.96164
-4.96085
-4.96007
-4.95931
-4.95888
-4.95802
-4.95734
-4.95654
-4.95563
-4.95505
-4.95452
-4.95374
-4.95315
-4.95277
-4.95199
-4.95187
-4.95211
-4.95197
-4.9519
-4.95174
-4.95181
-4.95165
-4.95187
-4.95231
-4.95254
-4.95315
-4.95339
-4.95418
-4.95505
-4.9557
-4.95644
-4.95758
-4.9588
-4.96026
-4.96167
-4.96286
-4.96414
-4.96581
-4.96726
-4.96895
-4.97088
-4.97274
-4.97453
-4.97655
-4.97865
-4.98097
-4.98321
-4.98568
-4.98807
-4.99051
-4.99303
-4.99575
-4.99837
-5.00075
-5.00363
-5.00656
-5.00938
-5.01254
-5.01544
-5.01837
-5.02133
-5.02431
-5.02747
-5.0302
-5.03248
-5.03554
-5.0386
-5.04183
-5.0449
-5.04812
-5.05103
-5.05393
-5.05698
-5.06001
-5.06287
-5.06572
-5.06884
-5.07178
-5.07425
-5.07698
-5.07999
-5.08311
-5.08604
-5.08878
-5.09162
-5.09428
-5.09688
-5.09929
-5.1021
-5.10486
-5.10756
-5.10976
-5.11206
-5.1149
-5.11724
-5.11981
-5.12188
-5.12404
-5.12598
-5.12847
-5.13014
-5.13191
-5.13391
-5.1354
-5.13683
-5.13865
-5.13996
-5.14137
-5.14271
-5.14384
-5.14506
-5.14623
-5.14689
-5.14795
-5.14895
-5.1502
-5.1514
-5.15225
-5.15304
-5.15379
-5.15433
-5.15483
-5.15544
-5.15584
-5.15621
-5.15653
-5.15696
-5.15735
-5.15771
-5.15757
-5.1583
-5.15839
-5.15875
-5.15878
-5.15907
-5.15918
-5.15896
-5.15917
-5.15934
-5.15949
-5.1596
-5.15954
-5.15961
-5.15935
-5.15937
-5.15906
-5.15902
-5.15867
-5.15829
-5.1582
-5.15763
-5.15719
-5.15658
-5.15625
-5.15575
-5.15524
-5.15486
-5.15431
-5.15405
-5.15378
-5.15333
-5.15288
-5.15241
-5.15193
-5.15159
-5.15108
-5.15057
-5.15004
-5.14951
-5.14912
-5.14857
-5.14802
-5.14746
-5.14705
-5.14648
-5.14591
-5.14549
-5.14492
-5.14405
-5.14347
-5.1429
-5.14218
-5.14131
-5.14074
-5.14003
-5.13947
-5.13907
-5.13852
-5.13828
-5.13789
-5.13735
-5.13668
-5.136
-5.13549
-5.13498
-5.13448
-5.13384
-5.13351
-5.13318
-5.13271
-5.13225
-5.13164
-5.13119
-5.13045
-5.12971
-5.12897
-5.12855
-5.12798
-5.12756
-5.127
-5.12659
-5.12589
-5.12549
-5.12524
-5.12469
-5.12415
-5.12391
-5.12322
-5.12268
-5.1226
-5.12222
-5.12214
-5.12161
-5.12123
-5.12101
-5.12063
-5.12041
-5.12019
-5.12012
-5.1199
-5.11939
-5.11902
-5.11881
-5.11875
-5.119
-5.11849
-5.11814
-5.11749
-5.1173
-5.11695
-5.11662
-5.11659
-5.11611
-5.11579
-5.11563
-5.11502
-5.11472
-5.11458
-5.11444
-5.11431
-5.11404
-5.11378
-5.11338
-5.11314
-5.11306
-5.11284
-5.11263
-5.11213
-5.1124
-5.11223
-5.11208
-5.11133
-5.11136
-5.1114
-5.11146
-5.11154
-5.11118
-5.11114
-5.11158
-5.11188
-5.11176
-5.11195
-5.11172
-5.11181
-5.11222
-5.11251
-5.11237
-5.11255
-5.11261
-5.1127
-5.11311
-5.11356
-5.11433
-5.11499
-5.11521
-5.11577
-5.11606
-5.11653
-5.11703
-5.11756
-5.11783
-5.11843
-5.11906
-5.11972
-5.12072
-5.12131
-5.12223
-5.12304
-5.12403
-5.12537
-5.12629
-5.12694
-5.12809
-5.12913
-5.13021
-5.13133
-5.13249
-5.13385
-5.13509
-5.13608
-5.13772
-5.13925
-5.14068
-5.14231
-5.14413
-5.14554
-5.14701
-5.14897
-5.15053
-5.15198
-5.15378
-5.15549
-5.15739
-5.15918
-5.16163
-5.16352
-5.16561
-5.16805
-5.17038
-5.17261
-5.17458
-5.17674
-5.17894
-5.18149
-5.18392
-5.18624
-5.18874
-5.19128
-5.19385
-5.19645
-5.19922
-5.20203
-5.20486
-5.20786
-5.21043
-5.21332
-5.21638
-5.2193
-5.22208
-5.22472
-5.22751
-5.23076
-5.23326
-5.23592
-5.23887
-5.24182
-5.24446
-5.2471
-5.25002
-5.25279
-5.25539
-5.25797
-5.26084
-5.26369
-5.26636
-5.26901
-5.27149
-5.27424
-5.27726
-5.2798
-5.2826
-5.28477
-5.28735
-5.28974
-5.29208
-5.29393
-5.29649
-5.2987
-5.30116
-5.30326
-5.30501
-5.30715
-5.30924
-5.31081
-5.31246
-5.3142
-5.31587
-5.31717
-5.31854
-5.31998
-5.3215
-5.32279
-5.32354
-5.32497
-5.32585
-5.32589
-5.32674
-5.3275
-5.32817
-5.32858
-5.32905
-5.32942
-5.32954
-5.32955
-5.3296
-5.3297
-5.32954
-5.32927
-5.32874
-5.3281
-5.3278
-5.32693
-5.3261
-5.32485
-5.32379
-5.32261
-5.32116
-5.31974
-5.31821
-5.31641
-5.31463
-5.31274
-5.31119
-5.30921
-5.30681
-5.30444
-5.3021
-5.29965
-5.29692
-5.29407
-5.29126
-5.28802
-5.28452
-5.28151
-5.27792
-5.27437
-5.27056
-5.26678
-5.26288
-5.25903
-5.25461
-5.25008
-5.24589
-5.24159
-5.23673
-5.23161
-5.22684
-5.22182
-5.21699
-5.21161
-5.20643
-5.20085
-5.19579
-5.19002
-5.18446
-5.17836
-5.17247
-5.1665
-5.1609
-5.15446
-5.14871
-5.14258
-5.13637
-5.13026
-5.12363
-5.11694
-5.11035
-5.10402
-5.09764
-5.09108
-5.08419
-5.07727
-5.07064
-5.06415
-5.0575
-5.05117
-5.04456
-5.03797
-5.03187
-5.02567
-5.01922
-5.01269
-5.00639
-5.00017
-4.99391
-4.98807
-4.98265
-4.97692
-4.97119
-4.96607
-4.96066
-4.95559
-4.95086
-4.94634
-4.94201
-4.93776
-4.93372
-4.92976
-4.92618
-4.92299
-4.91988
-4.91716
-4.91421
-4.91165
-4.90946
-4.9075
-4.90575
-4.90436
-4.90317
-4.90171
-4.90059
-4.89964
-4.89899
-4.89834
-4.89783
-4.89758
-4.89745
-4.89757
-4.89778
-4.89761
-4.8978
-4.8982
-4.89849
-4.89926
-4.89946
-4.89982
-4.90034
-4.90056
-4.90093
-4.90113
-4.90147
-4.90178
-4.90222
-4.90248
-4.90241
-4.90291
-4.90308
-4.90321
-4.90331
-4.90367
-4.9037
-4.90369
-4.90335
-4.90313
-4.90273
-4.90261
-4.90261
-4.90229
-4.90226
-4.90205
-4.90199
-4.90207
-4.90169
-4.90161
-4.90153
-4.9013
-4.90108
-4.90102
-4.90098
-4.9008
-4.9008
-4.90067
-4.90057
-4.90035
-4.89956
-4.89972
-4.89977
-4.90001
-4.89969
-4.89988
-4.89997
-4.90026
-4.90061
-4.90086
-4.90148
-4.90231
-4.9029
-4.90371
-4.90443
-4.90523
-4.90609
-4.90672
-4.90772
-4.90895
-4.90994
-4.91131
-4.91261
-4.91352
-4.91495
-4.91661
-4.91849
-4.92029
-4.92216
-4.9238
-4.92566
-4.92759
-4.92988
-4.93194
-4.93451
-4.93654
-4.93833
-4.94064
-4.943
-4.94556
-4.94818
-4.95069
-4.95296
-4.95557
-4.95808
-4.96093
-4.96381
-4.96674
-4.96939
-4.97239
-4.97541
-4.9783
-4.98107
-4.98401
-4.98682
-4.98964
-4.99247
-4.99547
-4.99862
-5.00163
-5.00464
-5.00735
-5.01035
-5.01305
-5.01589
-5.01872
-5.02183
-5.02478
-5.02756
-5.03046
-5.0338
-5.03665
-5.03963
-5.04227
-5.04518
-5.04745
-5.05014
-5.05249
-5.05495
-5.05751
-5.05988
-5.0625
-5.06462
-5.06684
-5.06916
-5.07142
-5.07348
-5.07549
-5.07773
-5.07977
-5.08174
-5.08351
-5.08521
-5.08714
-5.08887
-5.09052
-5.09211
-5.09377
-5.09522
-5.0966
-5.09776
-5.09899
-5.10016
-5.10095
-5.10211
-5.10351
-5.10453
-5.10517
-5.10618
-5.10667
-5.10723
-5.10802
-5.10828
-5.10861
-5.10871
-5.10873
-5.10868
-5.10885
-5.10894
-5.10895
-5.10859
-5.10845
-5.10808
-5.10764
-5.10697
-5.10652
-5.1057
-5.10527
-5.10415
-5.10342
-5.10262
-5.10161
-5.10052
-5.09907
-5.09832
-5.09705
-5.09573
-5.09436
-5.09308
-5.09162
-5.0901
-5.08825
-5.08652
-5.08492
-5.08329
-5.08134
-5.07923
-5.07756
-5.07605
-5.07425
-5.07292
-5.07115
-5.06957
-5.06818
-5.06653
-5.06494
-5.06371
-5.0624
-5.06117
-5.06033
-5.05943
-5.05847
-5.05763
-5.05689
-5.05657
-5.05608
-5.05586
-5.05562
-5.05521
-5.05508
-5.05509
-5.05539
-5.05567
-5.05623
-5.05692
-5.05774
-5.05869
-5.0596
-5.06078
-5.06176
-5.06284
-5.06463
-5.06589
-5.06769
-5.06911
-5.07074
-5.07258
-5.07431
-5.07638
-5.07863
-5.08076
-5.08289
-5.08473
-5.08656
-5.08868
-5.09079
-5.09256
-5.09446
-5.09601
-5.09782
-5.09942
-5.10082
-5.1023
-5.10401
-5.1058
-5.10721
-5.10884
-5.10977
-5.11077
-5.11212
-5.11292
-5.11363
-5.11437
-5.11517
-5.116
-5.11627
-5.11688
-5.11708
-5.11686
-5.11682
-5.11636
-5.11609
-5.11554
-5.11519
-5.1141
-5.11351
-5.11264
-5.11151
-5.11056
-5.10935
-5.10848
-5.10719
-5.10549
-5.10383
-5.10222
-5.1005
-5.09822
-5.0963
-5.09399
-5.09172
-5.08952
-5.08693
-5.0841
-5.08164
-5.07911
-5.0762
-5.07307
-5.07017
-5.06722
-5.06435
-5.06143
-5.05816
-5.0553
-5.05194
-5.049
-5.04542
-5.04211
-5.03878
-5.03573
-5.03221
-5.02823
-5.02484
-5.02129
-5.0179
-5.01451
-5.01112
-5.0079
-5.00439
-5.00105
-4.99773
-4.99459
-4.99162
-4.98838
-4.98503
-4.98186
-4.97888
-4.97594
-4.97305
-4.9699
-4.96679
-4.96389
-4.96073
-4.95779
-4.95489
-4.9522
-4.94973
-4.94731
-4.94465
-4.9422
-4.93982
-4.93795
-4.93615
-4.93395
-4.93183
-4.92977
-4.92778
-4.92615
-4.9243
-4.92266
-4.92063
-4.91898
-4.91725
-4.91589
-4.91444
-4.91337
-4.91221
-4.91112
-4.90996
-4.90886
-4.90783
-4.90686
-4.90612
-4.90514
-4.90408
-4.90339
-4.90292
-4.90237
-4.90203
-4.90161
-4.90126
-4.90082
-4.90074
-4.90043
-4.90064
-4.90061
-4.90049
-4.90088
-4.90104
-4.90125
-4.90153
-4.90187
-4.90226
-4.90256
-4.90262
-4.90334
-4.90397
-4.9045
-4.90538
-4.90632
-4.90716
-4.9079
-4.90884
-4.90953
-4.91057
-4.91182
-4.91325
-4.91399
-4.91537
-4.91664
-4.91766
-4.91827
-4.91983
-4.92113
-4.92277
-4.9243
-4.92587
-4.92748
-4.92913
-4.93082
-4.93254
-4.93445
-4.93609
-4.93791
-4.93947
-4.94106
-4.94298
-4.94493
-4.94691
-4.94892
-4.95066
-4.95287
-4.95496
-4.95692
-4.95875
-4.96105
-4.96322
-4.96571
-4.96792
-4.96999
-4.97192
-4.97447
-4.97673
-4.979
-4.98097
-4.9831
-4.98508
-4.98782
-4.99011
-4.99254
-4.99483
-4.9971
-4.99937
-5.00178
-5.00403
-5.00627
-5.00849
-5.01085
-5.01319
-5.01536
-5.01781
-5.01978
-5.02158
-5.0235
-5.02555
-5.02772
-5.02955
-5.03135
-5.03343
-5.03562
-5.03747
-5.03928
-5.04076
-5.0425
-5.04406
-5.04557
-5.04689
-5.04878
-5.05017
-5.05153
-5.05284
-5.05412
-5.0555
-5.057
-5.05816
-5.05958
-5.06082
-5.06217
-5.06333
-5.06445
-5.06554
-5.0666
-5.06747
-5.06831
-5.06942
-5.0702
-5.07125
-5.07227
-5.07312
-5.07379
-5.07428
-5.07504
-5.07594
-5.07666
-5.0772
-5.07818
-5.07898
-5.07962
-5.08023
-5.08081
-5.08108
-5.08178
-5.0823
-5.08266
-5.08314
-5.08391
-5.0845
-5.08507
-5.08547
-5.086
-5.0865
-5.08683
-5.08728
-5.08756
-5.08796
-5.08803
-5.08822
-5.08823
-5.08807
-5.08802
-5.08778
-5.08782
-5.08752
-5.08749
-5.08758
-5.08733
-5.08719
-5.08686
-5.08665
-5.0861
-5.08597
-5.0855
-5.08529
-5.0852
-5.08462
-5.08415
-5.0835
-5.08297
-5.0824
-5.0821
-5.08162
-5.08096
-5.08011
-5.0794
-5.0788
-5.07833
-5.07754
-5.07672
-5.07573
-5.07487
-5.07385
-5.07311
-5.07235
-5.07143
-5.07035
-5.06941
-5.06861
-5.06765
-5.06668
-5.06586
-5.06503
-5.0642
-5.06336
-5.06237
-5.06138
-5.06068
-5.05983
-5.05852
-5.05751
-5.05619
-5.05533
-5.054
-5.05282
-5.05149
-5.05014
-5.0491
-5.04834
-5.04713
-5.04591
-5.04498
-5.04404
-5.04294
-5.04199
-5.04072
-5.03974
-5.03906
-5.03777
-5.03646
-5.03531
-5.0343
-5.03328
-5.03226
-5.03124
-5.03007
-5.02906
-5.02774
-5.02673
-5.02573
-5.02444
-5.02316
-5.02189
-5.02049
-5.01956
-5.01865
-5.01791
-5.01674
-5.01574
-5.01476
-5.01396
-5.01289
-5.01199
-5.01081
-5.00996
-5.00929
-5.00849
-5.00771
-5.00711
-5.00668
-5.00611
-5.00542
-5.00459
-5.00362
-5.00296
-5.00216
-5.00107
-5.00074
-4.99996
-4.99933
-4.9987
-4.99806
-4.99742
-4.99692
-4.99626
-4.99574
-4.99505
-4.99419
-4.99347
-4.99258
-4.99182
-4.99118
-4.99038
-4.98939
-4.98869
-4.98797
-4.98692
-4.98599
-4.98519
-4.98422
-4.98323
-4.98206
-4.98117
-4.98026
-4.97918
-4.97823
-4.97727
-4.97644
-4.97499
-4.97398
-4.97295
-4.97162
-4.97042
-4.96937
-4.96802
-4.9665
-4.96529
-4.96378
-4.96272
-4.96107
-4.95972
-4.95853
-4.95751
-4.9559
-4.95461
-4.95364
-4.95239
-4.95131
-4.95026
-4.94925
-4.94841
-4.94731
-4.94625
-4.94508
-4.94441
-4.94348
-4.94305
-4.94238
-4.94206
-4.94134
-4.94114
-4.94054
-4.94047
-4.9403
-4.94021
-4.94004
-4.93979
-4.93961
-4.93966
-4.93964
-4.93984
-4.94028
-4.94079
-4.94108
-4.94145
-4.94206
-4.94289
-4.9438
-4.94434
-4.9451
-4.94579
-4.9464
-4.94739
-4.94875
-4.94987
-4.95136
-4.95261
-4.95377
-4.95513
-4.9567
-4.95816
-4.95967
-4.96153
-4.96327
-4.96504
-4.967
-4.96868
-4.97024
-4.97211
-4.97415
-4.97575
-4.97781
-4.97971
-4.98162
-4.98383
-4.98587
-4.9876
-4.98947
-4.99178
-4.99376
-4.99556
-4.99703
-4.99893
-5.00049
-5.00186
-5.00365
-5.0054
-5.0071
-5.00831
-5.00977
-5.01134
-5.01285
-5.01431
-5.01572
-5.01677
-5.01807
-5.01901
-5.02035
-5.02147
-5.02239
-5.02309
-5.02403
-5.02492
-5.02559
-5.02589
-5.02674
-5.02707
-5.02734
-5.02754
-5.02768
-5.02776
-5.02778
-5.02788
-5.02808
-5.02775
-5.02722
-5.02708
-5.02672
-5.02646
-5.02613
-5.02575
-5.02545
-5.02495
-5.02454
-5.02377
-5.02294
-5.02221
-5.02082
-5.01983
-5.01908
-5.01798
-5.01728
-5.01638
-5.01512
-5.01427
-5.01291
-5.01166
-5.01081
-5.00961
-5.00822
-5.00678
-5.0056
-5.00423
-5.00266
-5.00106
-4.99926
-4.99803
-4.99631
-4.99486
-4.99307
-4.9911
-4.9891
-4.98692
-4.98486
-4.98293
-4.98097
-4.97915
-4.97685
-4.97469
-4.97296
-4.97122
-4.96917
-4.96681
-4.96489
-4.96283
-4.9606
-4.95854
-4.95662
-4.95426
-4.95191
-4.95003
-4.94786
-4.94587
-4.94389
-4.94163
-4.94001
-4.93811
-4.9361
-4.93427
-4.93263
-4.93088
-4.92917
-4.92781
-4.92604
-4.92448
-4.92281
-4.92166
-4.92041
-4.91892
-4.91748
-4.91626
-4.91524
-4.91399
-4.91295
-4.91198
-4.91091
-4.90991
-4.90928
-4.90855
-4.90789
-4.90728
-4.90689
-4.90671
-4.90613
-4.90531
-4.90514
-4.90503
-4.90466
-4.90449
-4.90437
-4.90414
-4.90394
-4.90364
-4.90382
-4.90403
-4.90412
-4.90409
-4.90438
-4.90438
-4.90456
-4.90475
-4.90464
-4.9047
-4.90507
-4.90513
-4.9055
-4.90556
-4.90593
-4.90613
-4.90648
-4.90651
-4.90684
-4.90685
-4.90714
-4.90712
-4.90709
-4.90733
-4.90741
-4.90777
-4.90781
-4.90768
-4.90813
-4.90826
-4.90822
-4.90831
-4.90838
-4.90768
-4.90727
-4.90699
-4.9067
-4.90625
-4.90653
-4.90636
-4.90617
-4.90627
-4.90622
-4.90616
-4.90595
-4.90573
-4.90566
-4.90558
-4.90536
-4.90544
-4.90598
-4.90562
-4.90541
-4.90551
-4.90532
-4.90483
-4.90466
-4.90464
-4.90464
-4.9048
-4.90467
-4.9044
-4.90444
-4.9045
-4.90428
-4.90436
-4.90431
-4.90383
-4.90381
-4.90396
-4.90396
-4.90444
-4.90478
-4.90483
-4.90475
-4.90452
-4.90492
-4.90472
-4.90498
-4.90526
-4.90554
-4.90554
-4.90539
-4.90586
-4.90618
-4.90652
-4.90671
-4.90705
-4.90711
-4.90747
-4.90754
-4.90776
-4.90799
-4.90808
-4.90832
-4.90856
-4.90867
-4.90877
-4.90919
-4.90945
-4.90942
-4.9097
-4.90998
-4.91027
-4.91042
-4.91117
-4.91133
-4.91165
-4.91197
-4.912
-4.91219
-4.91255
-4.91276
-4.91313
-4.91336
-4.91361
-4.91402
-4.9146
-4.91504
-4.9155
-4.91627
-4.91707
-4.91788
-4.91826
-4.9188
-4.91907
-4.92011
-4.92102
-4.92181
-4.92216
-4.92268
-4.92278
-4.92365
-4.92395
-4.92441
-4.92521
-4.92618
-4.92687
-4.92728
-4.92801
-4.92907
-4.92955
-4.93051
-4.93148
-4.93248
-4.93334
-4.93423
-4.93513
-4.9365
-4.93788
-4.93898
-4.94025
-4.94122
-4.94251
-4.94426
-4.94572
-4.94703
-4.94835
-4.94938
-4.9507
-4.95203
-4.95306
-4.95409
-4.95542
-4.95674
-4.95791
-4.95846
-4.95962
-4.96091
-4.96205
-4.96317
-4.96459
-4.96584
-4.96708
-4.96816
-4.96922
-4.96996
-4.97084
-4.97185
-4.973
-4.97414
-4.9751
-4.97636
-4.97714
-4.97821
-4.97912
-4.98047
-4.98134
-4.98221
-4.98306
-4.98375
-4.98459
-4.98556
-4.98623
-4.98674
-4.98754
-4.9882
-4.9887
-4.9898
-4.9903
-4.99126
-4.99222
-4.99335
-4.99417
-4.99501
-4.99586
-4.99687
-4.99774
-4.99893
-4.99999
-5.00062
-5.00157
-5.00269
-5.00369
-5.0047
-5.00574
-5.00666
-5.0079
-5.00811
-5.00956
-5.01073
-5.01148
-5.0127
-5.01396
-5.01523
-5.01623
-5.01771
-5.01921
-5.02074
-5.02199
-5.0234
-5.02469
-5.02599
-5.02746
-5.02864
-5.02998
-5.03164
-5.033
-5.03438
-5.0359
-5.03743
-5.03927
-5.0411
-5.04263
-5.04415
-5.04552
-5.04718
-5.04867
-5.05031
-5.05163
-5.05308
-5.05467
-5.05594
-5.05719
-5.05871
-5.06022
-5.0617
-5.06285
-5.06427
-5.06567
-5.06704
-5.06807
-5.06923
-5.07035
-5.07129
-5.07249
-5.07351
-5.0748
-5.07515
-5.07561
-5.07679
-5.07763
-5.07813
-5.07934
-5.07976
-5.08045
-5.08155
-5.08215
-5.08271
-5.08308
-5.08355
-5.08398
-5.08452
-5.08516
-5.08515
-5.0854
-5.08575
-5.0859
-5.08585
-5.0859
-5.08605
-5.08585
-5.0859
-5.08559
-5.08523
-5.08497
-5.08451
-5.08399
-5.08341
-5.08293
-5.0824
-5.08166
-5.08116
-5.08061
-5.07986
-5.07935
-5.07848
-5.07742
-5.07599
-5.07482
-5.07375
-5.07263
-5.07161
-5.07069
-5.06943
-5.06781
-5.06601
-5.06446
-5.06303
-5.06171
-5.06035
-5.05896
-5.05739
-5.05534
-5.05401
-5.05236
-5.05083
-5.04913
-5.04741
-5.04582
-5.04362
-5.04185
-5.04022
-5.03859
-5.03694
-5.03514
-5.03348
-5.03152
-5.02956
-5.02775
-5.02609
-5.02474
-5.02324
-5.02144
-5.0198
-5.01786
-5.01593
-5.014
-5.01239
-5.01063
-5.00874
-5.00731
-5.00574
-5.00403
-5.00264
-5.00095
-4.99929
-4.99749
-4.996
-4.99424
-4.99264
-4.99091
-4.98906
-4.98753
-4.98632
-4.985
-4.9834
-4.98197
-4.98028
-4.97878
-4.97731
-4.97618
-4.97478
-4.97389
-4.97319
-4.97223
-4.97118
-4.97018
-4.96923
-4.96819
-4.96766
-4.96719
-4.96633
-4.96584
-4.96527
-4.96462
-4.96434
-4.96428
-4.96385
-4.9638
-4.96382
-4.96377
-4.9638
-4.96451
-4.96485
-4.96527
-4.96562
-4.96575
-4.9661
-4.96638
-4.96735
-4.96839
-4.96905
-4.97009
-4.97104
-4.97207
-4.97301
-4.97387
-4.97508
-4.97651
-4.97769
-4.97937
-4.98096
-4.98258
-4.98425
-4.98566
-4.9874
-4.98901
-4.99035
-4.99201
-4.99369
-4.99554
-4.99708
-4.99909
-5.00079
-5.00249
-5.00403
-5.00585
-5.00766
-5.00929
-5.0109
-5.01233
-5.01388
-5.01553
-5.01715
-5.01872
-5.02025
-5.02172
-5.02284
-5.02404
-5.02459
-5.02568
-5.027
-5.02811
-5.02914
-5.02995
-5.03069
-5.03135
-5.03178
-5.03198
-5.0318
-5.03214
-5.03225
-5.03273
-5.03298
-5.03299
-5.03291
-5.03305
-5.03266
-5.03218
-5.03207
-5.03142
-5.03099
-5.03019
-5.0293
-5.02833
-5.02744
-5.02617
-5.02529
-5.02418
-5.02316
-5.02207
-5.02092
-5.01956
-5.01785
-5.01623
-5.01472
-5.01346
-5.01157
-5.00978
-5.00811
-5.00626
-5.00469
-5.00265
-5.00104
-4.99912
-4.99719
-4.99525
-4.99347
-4.99153
-4.98976
-4.98784
-4.98594
-4.98436
-4.98249
-4.98095
-4.97928
-4.97763
-4.97602
-4.97443
-4.97318
-4.97195
-4.97061
-4.96931
-4.96773
-4.96664
-4.96544
-4.96412
-4.96297
-4.96217
-4.96034
-4.95929
-4.95797
-4.95713
-4.95586
-4.95477
-4.95355
-4.95251
-4.95149
-4.95033
-4.9495
-4.94823
-4.94728
-4.94666
-4.94589
-4.94499
-4.9441
-4.94307
-4.94236
-4.94166
-4.94082
-4.94014
-4.93948
-4.93852
-4.93743
-4.93634
-4.93572
-4.93481
-4.93407
-4.93333
-4.93231
-4.93145
-4.9309
-4.93007
-4.9297
-4.92905
-4.92811
-4.92748
-4.92702
-4.92657
-4.92614
-4.92542
-4.92532
-4.92508
-4.92456
-4.9239
-4.9234
-4.92307
-4.92246
-4.92246
-4.92203
-4.9213
-4.92089
-4.9202
-4.91997
-4.91975
-4.91954
-4.91934
-4.91901
-4.91852
-4.91835
-4.91804
-4.91803
-4.91758
-4.91713
-4.91683
-4.91654
-4.91639
-4.91594
-4.91549
-4.91489
-4.91443
-4.91442
-4.91409
-4.91391
-4.91371
-4.91335
-4.91282
-4.91274
-4.91203
-4.91161
-4.91117
-4.91041
-4.90963
-4.90869
-4.90834
-4.90781
-4.90712
-4.90657
-4.906
-4.90526
-4.90452
-4.90392
-4.90301
-4.90225
-4.90164
-4.90104
-4.90059
-4.89985
-4.89927
-4.89886
-4.89832
-4.89766
-4.89702
-4.89658
-4.89633
-4.89627
-4.89581
-4.89617
-4.89613
-4.89616
-4.8964
-4.89613
-4.89593
-4.89612
-4.8967
-4.89708
-4.89755
-4.89859
-4.89957
-4.90006
-4.90082
-4.90169
-4.90298
-4.90454
-4.90607
-4.90772
-4.90919
-4.91092
-4.91248
-4.91461
-4.9167
-4.91861
-4.92094
-4.92322
-4.92576
-4.9284
-4.93114
-4.93413
-4.93675
-4.93975
-4.94284
-4.946
-4.94937
-4.9528
-4.95583
-4.95951
-4.96247
-4.96561
-4.96969
-4.97302
-4.97651
-4.9797
-4.98318
-4.98664
-4.98993
-4.99319
-4.99656
-5.00003
-5.0033
-5.00651
-5.00965
-5.01303
-5.01617
-5.01907
-5.02203
-5.02489
-5.02735
-5.03015
-5.03269
-5.03511
-5.03681
-5.03883
-5.04072
-5.04202
-5.04364
-5.04497
-5.04646
-5.04766
-5.0484
-5.0493
-5.05006
-5.05051
-5.0508
-5.0511
-5.0517
-5.05185
-5.05185
-5.052
-5.0517
-5.05079
-5.0499
-5.04871
-5.04753
-5.0462
-5.04474
-5.04315
-5.04173
-5.04002
-5.03804
-5.0361
-5.03433
-5.0323
-5.03002
-5.02778
-5.02544
-5.02301
-5.02049
-5.01759
-5.01461
-5.01141
-5.00829
-5.00512
-5.00219
-4.99922
-4.9959
-4.99256
-4.98888
-4.98579
-4.98239
-4.97882
-4.97556
-4.97215
-4.96875
-4.96583
-4.96263
-4.95916
-4.95588
-4.9531
-4.94992
-4.94663
-4.94356
-4.9407
-4.93762
-4.93491
-4.93228
-4.92973
-4.92742
-4.92445
-4.92217
-4.92
-4.91778
-4.91566
-4.91366
-4.91191
-4.91058
-4.90952
-4.90812
-4.90639
-4.90524
-4.90421
-4.90315
-4.90237
-4.90156
-4.90058
-4.90018
-4.89975
-4.8999
-4.89988
-4.89998
-4.90036
-4.90086
-4.90148
-4.90222
-4.90278
-4.90375
-4.90498
-4.90587
-4.90747
-4.90887
-4.91006
-4.9115
-4.91288
-4.91464
-4.91633
-4.9181
-4.92008
-4.92198
-4.92319
-4.92505
-4.92727
-4.92938
-4.93107
-4.9331
-4.93515
-4.93753
-4.93992
-4.94233
-4.94489
-4.94745
-4.9497
-4.9518
-4.95433
-4.9567
-4.95889
-4.96091
-4.96349
-4.9659
-4.96781
-4.96968
-4.97211
-4.97434
-4.97637
-4.97835
-4.97983
-4.98185
-4.98366
-4.98511
-4.98635
-4.98768
-4.98925
-4.99091
-4.99235
-4.99343
-4.99505
-4.99661
-4.99765
-4.99863
-4.99954
-5.00025
-5.00089
-5.00148
-5.00202
-5.00264
-5.00322
-5.00375
-5.00407
-5.00465
-5.00519
-5.00569
-5.00615
-5.00672
-5.0068
-5.00731
-5.00749
-5.00734
-5.00747
-5.00773
-5.00797
-5.0079
-5.00796
-5.00787
-5.00808
-5.00843
-5.00848
-5.00823
-5.00829
-5.00836
-5.00889
-5.00882
-5.00908
-5.0092
-5.00904
-5.0086
-5.00863
-5.00899
-5.00938
-5.0095
-5.00979
-5.00981
-5.01002
-5.01101
-5.01113
-5.01144
-5.01178
-5.01231
-5.01318
-5.01378
-5.01411
-5.01478
-5.01579
-5.01683
-5.01776
-5.01842
-5.01942
-5.02045
-5.02136
-5.02246
-5.02343
-5.02443
-5.02531
-5.02621
-5.02714
-5.02809
-5.02921
-5.03065
-5.03166
-5.03298
-5.03431
-5.03535
-5.03655
-5.0379
-5.03941
-5.0403
-5.04135
-5.04253
-5.04371
-5.04532
-5.04646
-5.04728
-5.04806
-5.04913
-5.05045
-5.05159
-5.05239
-5.05344
-5.05459
-5.05524
-5.05553
-5.05651
-5.05713
-5.05783
-5.05815
-5.05825
-5.05827
-5.05866
-5.05896
-5.05963
-5.05946
-5.05965
-5.05944
-5.05913
-5.05933
-5.05898
-5.05823
-5.05768
-5.05718
-5.05643
-5.05543
-5.05417
-5.05297
-5.05137
-5.05028
-5.04864
-5.04721
-5.04539
-5.04364
-5.04166
-5.0396
-5.03761
-5.03556
-5.03375
-5.03187
-5.0298
-5.02722
-5.02461
-5.02196
-5.01944
-5.01704
-5.01463
-5.01222
-5.0098
-5.0074
-5.00485
-5.00309
-5.00061
-4.99801
-4.99546
-4.99326
-4.99113
-4.98891
-4.98647
-4.98471
-4.98275
-4.98087
-4.97925
-4.97804
-4.97664
-4.97505
-4.97389
-4.97285
-4.97194
-4.97102
-4.97053
-4.97003
-4.96966
-4.96944
-4.96905
-4.96896
-4.969
-4.96934
-4.96967
-4.97028
-4.97103
-4.97222
-4.97308
-4.97406
-4.97532
-4.97609
-4.97758
-4.97902
-4.98057
-4.98206
-4.98365
-4.98577
-4.98782
-4.9898
-4.99199
-4.99424
-4.99655
-4.99891
-5.001
-5.00359
-5.00576
-5.0081
-5.01031
-5.01283
-5.01521
-5.01744
-5.01997
-5.02265
-5.02485
-5.02734
-5.02966
-5.0321
-5.03451
-5.03703
-5.03967
-5.04227
-5.04421
-5.04641
-5.0487
-5.05064
-5.05237
-5.05449
-5.05654
-5.05854
-5.06046
-5.06232
-5.06441
-5.06567
-5.06715
-5.06857
-5.07006
-5.07132
-5.0725
-5.0736
-5.07463
-5.07542
-5.07644
-5.07722
-5.07808
-5.07886
-5.07925
-5.07972
-5.08026
-5.08118
-5.08156
-5.08172
-5.08166
-5.08152
-5.08146
-5.08149
-5.0819
-5.08149
-5.08147
-5.08124
-5.08049
-5.08015
-5.07975
-5.079
-5.07851
-5.07782
-5.07693
-5.07601
-5.07536
-5.07468
-5.07396
-5.07323
-5.07232
-5.07155
-5.07046
-5.06936
-5.06841
-5.06806
-5.06725
-5.06646
-5.06537
-5.06444
-5.06353
-5.06263
-5.0616
-5.06075
-5.05993
-5.05913
-5.05837
-5.05765
-5.05711
-5.05661
-5.05601
-5.05544
-5.05478
-5.05401
-5.05389
-5.05353
-5.05276
-5.05251
-5.05231
-5.05231
-5.05253
-5.0528
-5.05283
-5.05306
-5.05336
-5.05372
-5.05368
-5.0543
-5.05454
-5.05498
-5.05533
-5.05604
-5.05726
-5.05793
-5.05851
-5.05929
-5.06028
-5.06088
-5.06197
-5.06282
-5.06387
-5.06511
-5.06611
-5.06745
-5.06898
-5.07026
-5.07173
-5.07324
-5.07478
-5.07606
-5.07753
-5.07902
-5.08069
-5.0824
-5.08367
-5.08557
-5.08704
-5.08837
-5.08987
-5.09153
-5.09304
-5.09487
-5.09623
-5.09866
-5.10047
-5.10197
-5.10391
-5.10554
-5.10744
-5.10886
-5.11056
-5.11237
-5.11385
-5.11513
-5.11652
-5.1177
-5.11929
-5.12051
-5.12167
-5.12292
-5.1241
-5.12474
-5.12591
-5.12685
-5.1274
-5.12786
-5.12822
-5.12804
-5.12836
-5.12872
-5.12868
-5.12868
-5.12857
-5.12835
-5.12786
-5.1274
-5.12758
-5.12673
-5.12561
-5.12468
-5.12377
-5.12229
-5.12144
-5.11987
-5.11848
-5.11697
-5.11503
-5.11313
-5.11097
-5.10884
-5.1066
-5.10455
-5.1018
-5.09939
-5.09613
-5.09338
-5.09054
-5.08791
-5.08489
-5.08195
-5.07894
-5.07555
-5.07224
-5.06888
-5.06606
-5.06169
-5.05832
-5.05522
-5.05164
-5.04787
-5.04437
-5.04071
-5.03719
-5.03365
-5.02997
-5.02643
-5.0226
-5.01894
-5.01559
-5.01181
-5.00806
-5.00434
-5.00081
-4.99731
-4.99416
-4.99046
-4.98711
-4.98336
-4.98027
-4.97695
-4.97429
-4.97125
-4.96828
-4.96538
-4.9621
-4.95906
-4.95639
-4.95441
-4.95176
-4.94935
-4.94702
-4.94493
-4.94277
-4.94101
-4.93918
-4.93729
-4.93535
-4.93379
-4.93248
-4.9308
-4.92922
-4.92787
-4.92646
-4.9253
-4.92422
-4.92353
-4.92277
-4.9218
-4.92107
-4.92042
-4.92
-4.91936
-4.91896
-4.91878
-4.91853
-4.91866
-4.91872
-4.91854
-4.91889
-4.91917
-4.91921
-4.91962
-4.9201
-4.92034
-4.9211
-4.92192
-4.92265
-4.92344
-4.92399
-4.92459
-4.92509
-4.92565
-4.92671
-4.92752
-4.92822
-4.92942
-4.93036
-4.9315
-4.93282
-4.93418
-4.93512
-4.9364
-4.93771
-4.93919
-4.9404
-4.94163
-4.94303
-4.9446
-4.94604
-4.94749
-4.9491
-4.95027
-4.95159
-4.95307
-4.95454
-4.95602
-4.95749
-4.95895
-4.9604
-4.96215
-4.96372
-4.96497
-4.96605
-4.96726
-4.96843
-4.96989
-4.9713
-4.97239
-4.97373
-4.97519
-4.97615
-4.97722
-4.97839
-4.97951
-4.98073
-4.9813
-4.98226
-4.98302
-4.98372
-4.98436
-4.98463
-4.98529
-4.98544
-4.98552
-4.98629
-4.98699
-4.98717
-4.98698
-4.98657
-4.98655
-4.9866
-4.98659
-4.9865
-4.98635
-4.98612
-4.98553
-4.98562
-4.98505
-4.98425
-4.98339
-4.98262
-4.98179
-4.9806
-4.97965
-4.97864
-4.97758
-4.97632
-4.97532
-4.97441
-4.97317
-4.97158
-4.9704
-4.9695
-4.96811
-4.96669
-4.96525
-4.96394
-4.96261
-4.96127
-4.95992
-4.95856
-4.95705
-4.95539
-4.95374
-4.95179
-4.9503
-4.94883
-4.94753
-4.94626
-4.94486
-4.94349
-4.94245
-4.94115
-4.93943
-4.9382
-4.93703
-4.93635
-4.93511
-4.93423
-4.9331
-4.93218
-4.93131
-4.93065
-4.92975
-4.92936
-4.92873
-4.92816
-4.92735
-4.92691
-4.92667
-4.92635
-4.92609
-4.92559
-4.9253
-4.92538
-4.92521
-4.92524
-4.92534
-4.92579
-4.92614
-4.9267
-4.927
-4.92766
-4.92805
-4.92819
-4.92867
-4.92904
-4.92929
-4.92988
-4.93065
-4.931
-4.93168
-4.93254
-4.93327
-4.93372
-4.93464
-4.93557
-4.93668
-4.93719
-4.93832
-4.93946
-4.94016
-4.94086
-4.94172
-4.94228
-4.94284
-4.94357
-4.94474
-4.94547
-4.94634
-4.94737
-4.9481
-4.94898
-4.94941
-4.95
-4.95088
-4.95177
-4.95282
-4.95417
-4.95508
-4.95599
-4.95721
-4.95799
-4.95877
-4.95987
-4.96084
-4.96166
-4.9628
-4.96381
-4.96498
-4.96573
-4.96694
-4.96818
-4.96929
-4.97042
-4.97142
-4.9726
-4.97381
-4.97519
-4.9763
-4.97759
-4.9789
-4.98009
-4.98147
-4.98302
-4.98476
-4.98607
-4.98771
-4.98923
-4.99062
-4.9922
-4.99395
-4.99573
-4.99753
-4.99921
-5.00076
-5.00263
-5.00453
-5.00645
-5.00808
-5.00973
-5.0114
-5.01339
-5.01524
-5.0171
-5.01912
-5.0207
-5.02244
-5.02449
-5.02639
-5.02799
-5.03005
-5.03211
-5.0337
-5.0353
-5.03719
-5.03862
-5.04034
-5.04221
-5.04421
-5.04604
-5.04786
-5.04966
-5.05128
-5.05289
-5.05432
-5.05587
-5.0577
-5.0592
-5.06097
-5.06256
-5.06472
-5.06609
-5.06757
-5.06902
-5.07072
-5.07194
-5.07311
-5.07439
-5.07577
-5.07696
-5.07764
-5.07858
-5.07977
-5.08105
-5.08184
-5.08287
-5.08369
-5.08446
-5.08517
-5.08582
-5.08656
-5.08739
-5.08786
-5.08826
-5.08875
-5.08902
-5.08923
-5.08922
-5.08914
-5.08915
-5.08908
-5.0891
-5.0886
-5.08863
-5.08828
-5.08786
-5.08722
-5.08681
-5.08618
-5.08517
-5.08409
-5.08324
-5.08232
-5.08148
-5.08026
-5.07912
-5.07792
-5.07679
-5.0756
-5.07419
-5.07271
-5.07102
-5.06956
-5.06774
-5.06601
-5.06437
-5.06237
-5.06046
-5.0582
-5.05634
-5.05443
-5.05262
-5.05047
-5.04797
-5.04558
-5.04315
-5.04084
-5.0382
-5.03583
-5.03343
-5.03101
-5.02796
-5.02535
-5.02288
-5.0204
-5.01791
-5.01543
-5.01354
-5.01091
-5.00859
-5.00643
-5.00428
-5.00186
-4.99946
-4.99709
-4.99474
-4.99244
-4.99002
-4.98795
-4.98623
-4.98441
-4.98235
-4.98034
-4.9784
-4.97622
-4.97442
-4.97254
-4.97058
-4.96901
-4.96753
-4.96583
-4.96452
-4.9633
-4.96219
-4.96117
-4.96116
-4.9605
-4.95949
-4.95874
-4.9584
-4.95802
-4.95775
-4.95789
-4.95754
-4.95745
-4.95733
-4.95746
-4.9577
-4.95821
-4.95852
-4.95879
-4.95946
-4.96039
-4.96186
-4.96284
-4.9639
-4.96521
-4.96661
-4.96779
-4.96951
-4.9713
-4.97316
-4.9748
-4.97619
-4.9781
-4.98007
-4.98209
-4.98415
-4.9864
-4.98855
-4.99087
-4.99323
-4.9953
-4.99755
-4.99996
-5.00253
-5.00495
-5.00722
-5.00919
-5.01191
-5.01431
-5.01654
-5.01905
-5.02094
-5.0231
-5.02539
-5.02764
-5.02985
-5.03172
-5.03385
-5.03593
-5.03797
-5.03966
-5.04159
-5.04348
-5.04516
-5.04663
-5.0482
-5.04971
-5.05132
-5.05271
-5.05374
-5.05487
-5.05623
-5.05753
-5.05832
-5.0592
-5.06017
-5.06078
-5.06163
-5.06273
-5.06301
-5.06398
-5.06445
-5.06471
-5.06507
-5.06552
-5.06608
-5.06688
-5.06718
-5.06744
-5.06765
-5.06751
-5.06733
-5.06727
-5.06747
-5.06748
-5.06762
-5.06803
-5.0678
-5.06771
-5.06759
-5.06761
-5.06762
-5.06776
-5.06774
-5.06742
-5.06756
-5.06739
-5.06722
-5.06721
-5.06706
-5.06692
-5.06694
-5.06697
-5.06642
-5.06604
-5.06628
-5.06624
-5.06621
-5.06621
-5.06637
-5.0664
-5.0666
-5.06682
-5.06689
-5.06713
-5.06693
-5.06719
-5.06715
-5.06726
-5.06722
-5.06732
-5.06712
-5.06705
-5.06697
-5.06688
-5.06676
-5.06661
-5.06674
-5.06654
-5.06646
-5.06589
-5.06574
-5.06555
-5.06516
-5.06504
-5.06487
-5.0645
-5.06394
-5.06363
-5.06328
-5.06258
-5.06184
-5.06135
-5.06082
-5.06039
-5.05948
-5.05882
-5.05783
-5.0568
-5.05589
-5.0551
-5.05412
-5.05282
-5.05165
-5.05061
-5.04939
-5.04831
-5.04737
-5.04626
-5.04499
-5.04402
-5.04274
-5.04176
-5.04094
-5.04011
-5.03899
-5.03773
-5.03647
-5.03568
-5.0346
-5.03368
-5.03247
-5.03113
-5.0295
-5.02835
-5.02767
-5.02686
-5.02591
-5.02514
-5.02423
-5.02365
-5.02309
-5.02195
-5.02113
-5.02032
-5.01954
-5.01877
-5.01818
-5.017
-5.01644
-5.01574
-5.01551
-5.0153
-5.0145
-5.01386
-5.01309
-5.01233
-5.01142
-5.01083
-5.01056
-5.01029
-5.00957
-5.00887
-5.00817
-5.00778
-5.0071
-5.00673
-5.00621
-5.00571
-5.00506
-5.00472
-5.00409
-5.00347
-5.00271
-5.00243
-5.0017
-5.00145
-5.00152
-5.00101
-5.00082
-5.00067
-5.00025
-5.00001
-4.99966
-4.99936
-4.99925
-4.99934
-4.99919
-4.99878
-4.99875
-4.99923
-4.99948
-4.99964
-5.00049
-5.00112
-5.00167
-5.00186
-5.00304
-5.00415
-5.00506
-5.0059
-5.00684
-5.00817
-5.00974
-5.01125
-5.0124
-5.01423
-5.016
-5.0177
-5.01933
-5.02148
-5.0234
-5.02538
-5.02773
-5.02982
-5.03181
-5.03414
-5.03606
-5.0383
-5.04057
-5.04254
-5.04468
-5.04681
-5.04909
-5.05136
-5.0539
-5.05612
-5.05845
-5.06105
-5.06345
-5.06534
-5.06748
-5.06986
-5.07171
-5.07365
-5.07537
-5.07715
-5.07885
-5.08016
-5.08169
-5.08267
-5.08387
-5.08497
-5.08598
-5.08689
-5.08786
-5.08843
-5.08921
-5.0905
-5.09079
-5.09115
-5.09141
-5.09159
-5.09183
-5.09214
-5.09238
-5.09223
-5.09217
-5.09203
-5.09198
-5.09187
-5.0911
-5.09043
-5.08956
-5.0891
-5.08844
-5.0879
-5.08748
-5.08673
-5.0858
-5.08501
-5.08435
-5.08352
-5.08269
-5.08186
-5.08148
-5.08064
-5.07982
-5.07885
-5.07804
-5.07725
-5.07632
-5.07556
-5.07482
-5.07425
-5.07324
-5.07257
-5.07207
-5.07144
-5.07098
-5.07025
-5.06999
-5.06961
-5.06895
-5.06816
-5.06754
-5.06724
-5.06666
-5.06594
-5.06554
-5.06531
-5.06555
-5.06534
-5.06499
-5.0648
-5.06461
-5.06413
-5.0635
-5.06302
-5.06285
-5.06251
-5.06203
-5.06139
-5.06104
-5.06039
-5.05972
-5.05935
-5.05897
-5.05842
-5.05817
-5.0579
-5.05746
-5.05702
-5.05686
-5.05608
-5.05544
-5.05478
-5.05411
-5.05357
-5.05303
-5.05231
-5.05174
-5.051
-5.0504
-5.04964
-5.04888
-5.04795
-5.04747
-5.04653
-5.04588
-5.04539
-5.04459
-5.04409
-5.04359
-5.0428
-5.0423
-5.04181
-5.04117
-5.04039
-5.04007
-5.03991
-5.03945
-5.0384
-5.03767
-5.03694
-5.03638
-5.03568
-5.035
-5.03432
-5.03367
-5.03302
-5.0324
-5.03193
-5.03149
-5.03105
-5.03063
-5.02993
-5.02999
-5.02976
-5.02924
-5.02873
-5.02823
-5.02804
-5.02801
-5.02753
-5.02766
-5.02689
-5.02642
-5.02625
-5.02593
-5.02606
-5.02588
-5.02554
-5.02504
-5.02453
-5.02416
-5.02407
-5.02397
-5.02354
-5.0234
-5.02293
-5.02213
-5.02145
-5.02075
-5.02062
-5.01986
-5.01951
-5.01868
-5.01796
-5.01705
-5.01625
-5.01557
-5.01469
-5.01362
-5.01281
-5.01181
-5.01076
-5.00953
-5.00855
-5.00738
-5.00602
-5.00477
-5.00333
-5.00215
-5.00094
-4.99924
-4.99782
-4.99636
-4.99487
-4.99321
-4.99168
-4.99012
-4.98871
-4.98698
-4.98554
-4.98396
-4.98206
-4.98033
-4.97861
-4.9769
-4.97506
-4.97339
-4.9719
-4.97
-4.96828
-4.96676
-4.9653
-4.96403
-4.96298
-4.96183
-4.96076
-4.95961
-4.95883
-4.95799
-4.95753
-4.9567
-4.95596
-4.95547
-4.95537
-4.95507
-4.95471
-4.95446
-4.9546
-4.95469
-4.95503
-4.95547
-4.95571
-4.95649
-4.95706
-4.95742
-4.95848
-4.95916
-4.96023
-4.96138
-4.9626
-4.96329
-4.96435
-4.96561
-4.96633
-4.96785
-4.96958
-4.97088
-4.97253
-4.97421
-4.9756
-4.97687
-4.97845
-4.98004
-4.98149
-4.98293
-4.98467
-4.9861
-4.98781
-4.98951
-4.99087
-4.99237
-4.99368
-4.9948
-4.99619
-4.99754
-4.99869
-5.0004
-5.00146
-5.00262
-5.00402
-5.00492
-5.00577
-5.00655
-5.00743
-5.00856
-5.00947
-5.01048
-5.01143
-5.01187
-5.0124
-5.01334
-5.01391
-5.01428
-5.01475
-5.01502
-5.0151
-5.01542
-5.01556
-5.0155
-5.01556
-5.01559
-5.01558
-5.01553
-5.01561
-5.01552
-5.01555
-5.01525
-5.0157
-5.01567
-5.01533
-5.01527
-5.0149
-5.01527
-5.01488
-5.01448
-5.01391
-5.01363
-5.0135
-5.01335
-5.01289
-5.01302
-5.01252
-5.01217
-5.01163
-5.01123
-5.01081
-5.01005
-5.00957
-5.0092
-5.0088
-5.00836
-5.00758
-5.00675
-5.00633
-5.00571
-5.00519
-5.00401
-5.00293
-5.00195
-5.00106
-4.99951
-4.9982
-4.99715
-4.99588
-4.99457
-4.99305
-4.99149
-4.98988
-4.98884
-4.98746
-4.98636
-4.98447
-4.98257
-4.98111
-4.9795
-4.9782
-4.9769
-4.97533
-4.97363
-4.97213
-4.97082
-4.96957
-4.96822
-4.96695
-4.96591
-4.9645
-4.96363
-4.96287
-4.96236
-4.96166
-4.96092
-4.9606
-4.96009
-4.95986
-4.95991
-4.95992
-4.96005
-4.96015
-4.96052
-4.96115
-4.96174
-4.96258
-4.96352
-4.9647
-4.96552
-4.96657
-4.96739
-4.96827
-4.96967
-4.97067
-4.97157
-4.97281
-4.97408
-4.97537
-4.97669
-4.97817
-4.97966
-4.98176
-4.98325
-4.98504
-4.98667
-4.98828
-4.98927
-4.99054
-4.9924
-4.99408
-4.99512
-4.9966
-4.99759
-4.99885
-4.99977
-5.00096
-5.00212
-5.0031
-5.00388
-5.00479
-5.00566
-5.00649
-5.0076
-5.00806
-5.00894
-5.01009
-5.01091
-5.01199
-5.01274
-5.01375
-5.01489
-5.01569
-5.01631
-5.0169
-5.01761
-5.01814
-5.01879
-5.01941
-5.02016
-5.02043
-5.02112
-5.02134
-5.02168
-5.02199
-5.02259
-5.02285
-5.02325
-5.02347
-5.02337
-5.02355
-5.02386
-5.02415
-5.02427
-5.02452
-5.02461
-5.02482
-5.02502
-5.02521
-5.02522
-5.02522
-5.02536
-5.02518
-5.02498
-5.02508
-5.02485
-5.02522
-5.02497
-5.02471
-5.02474
-5.0246
-5.02461
-5.02414
-5.02397
-5.02379
-5.0236
-5.02355
-5.02318
-5.02281
-5.02242
-5.02218
-5.02162
-5.02166
-5.02124
-5.02111
-5.02082
-5.02052
-5.02006
-5.01944
-5.01912
-5.01878
-5.01874
-5.01809
-5.01758
-5.01691
-5.01624
-5.01555
-5.01486
-5.01402
-5.01347
-5.01321
-5.01279
-5.01222
-5.01179
-5.01166
-5.01107
-5.01032
-5.00972
-5.00941
-5.0088
-5.00848
-5.00801
-5.00738
-5.00659
-5.00595
-5.00576
-5.00511
-5.00491
-5.00411
-5.0036
-5.00278
-5.00241
-5.00143
-5.0006
-4.99962
-4.99893
-4.99808
-4.99723
-4.99683
-4.99627
-4.99601
-4.99558
-4.99516
-4.99457
-4.99399
-4.99264
-4.99204
-4.99158
-4.99097
-4.99051
-4.98974
-4.98926
-4.98909
-4.98815
-4.98751
-4.98672
-4.98607
-4.98557
-4.98522
-4.98441
-4.98391
-4.98325
-4.98244
-4.98193
-4.98112
-4.98077
-4.97997
-4.97962
-4.97897
-4.97788
-4.97739
-4.97692
-4.9763
-4.97553
-4.97524
-4.97465
-4.97392
-4.97366
-4.97295
-4.97302
-4.97251
-4.97216
-4.97153
-4.97106
-4.97062
-4.9705
-4.97025
-4.96987
-4.96952
-4.96949
-4.96888
-4.96829
-4.96789
-4.96766
-4.9676
-4.96743
-4.96743
-4.967
-4.96676
-4.96685
-4.96666
-4.96635
-4.96682
-4.96687
-4.9668
-4.96676
-4.96689
-4.96706
-4.96695
-4.96702
-4.96742
-4.96785
-4.96815
-4.96833
-4.96899
-4.96907
-4.96948
-4.96961
-4.97007
-4.9704
-4.97076
-4.97113
-4.97184
-4.97241
-4.97285
-4.97362
-4.97426
-4.97461
-4.97513
-4.97582
-4.97653
-4.97725
-4.97784
-4.97874
-4.97951
-4.98013
-4.98092
-4.98187
-4.98283
-4.98365
-4.98448
-4.9853
-4.98629
-4.98713
-4.98812
-4.98895
-4.9904
-4.99123
-4.99191
-4.99289
-4.99355
-4.99436
-4.99545
-4.99638
-4.9973
-4.99804
-4.99877
-4.99947
-5.0003
-5.0008
-5.00142
-5.00216
-5.00287
-5.00339
-5.00388
-5.00447
-5.00472
-5.00477
-5.00478
-5.00504
-5.0054
-5.00525
-5.00535
-5.0054
-5.00599
-5.00607
-5.00593
-5.00573
-5.00546
-5.00543
-5.00488
-5.00441
-5.00403
-5.00357
-5.00274
-5.00184
-5.00117
-5.00028
-4.99902
-4.99754
-4.99645
-4.99513
-4.99421
-4.99322
-4.99203
-4.99047
-4.98916
-4.98765
-4.98623
-4.98432
-4.98343
-4.9813
-4.97959
-4.9777
-4.9764
-4.97447
-4.9727
-4.97107
-4.96929
-4.96737
-4.96533
-4.96345
-4.96176
-4.95996
-4.9582
-4.95665
-4.955
-4.95342
-4.95207
-4.95109
-4.94974
-4.94834
-4.94702
-4.94596
-4.94499
-4.94459
-4.94384
-4.9432
-4.94267
-4.9421
-4.9421
-4.94176
-4.94183
-4.94201
-4.94245
-4.94299
-4.94349
-4.94407
-4.94445
-4.94507
-4.94637
-4.947
-4.9483
-4.94937
-4.95049
-4.95182
-4.95335
-4.95417
-4.95548
-4.95666
-4.95818
-4.95956
-4.96111
-4.96267
-4.96423
-4.96579
-4.96705
-4.96861
-4.97015
-4.97138
-4.97244
-4.97378
-4.9748
-4.97594
-4.97706
-4.97891
-4.98028
-4.98146
-4.98247
-4.98389
-4.98483
-4.98589
-4.98721
-4.98805
-4.98916
-4.98993
-4.99111
-4.99196
-4.99262
-4.99325
-4.99399
-4.99469
-4.99551
-4.99584
-4.99643
-4.99743
-4.99795
-4.99828
-4.99871
-4.99896
-4.99916
-4.99948
-4.9996
-4.99967
-5.00001
-5.00014
-4.99993
-5.00028
-5.00027
-5.00006
-4.99996
-4.9998
-4.99943
-4.99917
-4.999
-4.99862
-4.99834
-4.99769
-4.9973
-4.99684
-4.99617
-4.99544
-4.9945
-4.99395
-4.99289
-4.99191
-4.99119
-4.99024
-4.98879
-4.98773
-4.98645
-4.98527
-4.98388
-4.98228
-4.98062
-4.97891
-4.97699
-4.97502
-4.973
-4.97138
-4.96957
-4.96725
-4.96534
-4.96324
-4.96156
-4.95923
-4.95702
-4.95447
-4.95234
-4.95049
-4.94847
-4.94612
-4.9439
-4.94167
-4.93928
-4.93733
-4.93492
-4.93281
-4.9307
-4.9283
-4.92606
-4.92398
-4.92162
-4.91913
-4.91681
-4.91468
-4.91273
-4.91067
-4.90835
-4.90623
-4.90386
-4.902
-4.9002
-4.89892
-4.89755
-4.89581
-4.89445
-4.89287
-4.89183
-4.89103
-4.88988
-4.88868
-4.88757
-4.88673
-4.88584
-4.88522
-4.88472
-4.88419
-4.88453
-4.88425
-4.88394
-4.88392
-4.88403
-4.88412
-4.88481
-4.88547
-4.88613
-4.88723
-4.88831
-4.88954
-4.89105
-4.8927
-4.89419
-4.89596
-4.89817
-4.8999
-4.90192
-4.90437
-4.90664
-4.90904
-4.91185
-4.91433
-4.91737
-4.92097
-4.92408
-4.92713
-4.93042
-4.93396
-4.93758
-4.94113
-4.94461
-4.94816
-4.95162
-4.95559
-4.95977
-4.96384
-4.96766
-4.97166
-4.9757
-4.98006
-4.98415
-4.98824
-4.99235
-4.99615
-5.00041
-5.0045
-5.00859
-5.01265
-5.01653
-5.02069
-5.02481
-5.02874
-5.03277
-5.03705
-5.04022
-5.04393
-5.04756
-5.05083
-5.05432
-5.05757
-5.06089
-5.06381
-5.06664
-5.06952
-5.07214
-5.07481
-5.07752
-5.08011
-5.08259
-5.08525
-5.08778
-5.08989
-5.09157
-5.09283
-5.09486
-5.09661
-5.09823
-5.09942
-5.10033
-5.10141
-5.10236
-5.10349
-5.10434
-5.10492
-5.10537
-5.1057
-5.10607
-5.10618
-5.10633
-5.10561
-5.10541
-5.1048
-5.10441
-5.10393
-5.10367
-5.10303
-5.10247
-5.1014
-5.10027
-5.09954
-5.09845
-5.09748
-5.09662
-5.09513
-5.09391
-5.09283
-5.09187
-5.0909
-5.08993
-5.08895
-5.08796
-5.08652
-5.08524
-5.08396
-5.08268
-5.08157
-5.08045
-5.07935
-5.07795
-5.0767
-5.07576
-5.07452
-5.07344
-5.07235
-5.07096
-5.07048
-5.06923
-5.06798
-5.06671
-5.06559
-5.0643
-5.06314
-5.06197
-5.06109
-5.06003
-5.05881
-5.05757
-5.05645
-5.05562
-5.05432
-5.05345
-5.05226
-5.05076
-5.04909
-5.04756
-5.04617
-5.04508
-5.04352
-5.04226
-5.04086
-5.03945
-5.03819
-5.0371
-5.03571
-5.03463
-5.03326
-5.03146
-5.03027
-5.02895
-5.02765
-5.02637
-5.02511
-5.02417
-5.02295
-5.0219
-5.02103
-5.01987
-5.01874
-5.01793
-5.01669
-5.01576
-5.01471
-5.01382
-5.0134
-5.01225
-5.01126
-5.01028
-5.00947
-5.00852
-5.00758
-5.00665
-5.00573
-5.00482
-5.00408
-5.00334
-5.00247
-5.00161
-5.00061
-4.99978
-4.99896
-4.99786
-4.99709
-4.99679
-4.99576
-4.9949
-4.99423
-4.99344
-4.99299
-4.99243
-4.99175
-4.99097
-4.9904
-4.98987
-4.98955
-4.98899
-4.9888
-4.98882
-4.98876
-4.98908
-4.98917
-4.98948
-4.98928
-4.98961
-4.99018
-4.99098
-4.99158
-4.99211
-4.99273
-4.99375
-4.99486
-4.99606
-4.99704
-4.99797
-4.9993
-5.00056
-5.00236
-5.0041
-5.00592
-5.00736
-5.00935
-5.01125
-5.01323
-5.01544
-5.01786
-5.01973
-5.02198
-5.02442
-5.02677
-5.02901
-5.03175
-5.03483
-5.03748
-5.03971
-5.04197
-5.0444
-5.04729
-5.04989
-5.05249
-5.05525
-5.05739
-5.05998
-5.06271
-5.06481
-5.06765
-5.07015
-5.07248
-5.07476
-5.07716
-5.07952
-5.08153
-5.08379
-5.08585
-5.088
-5.08995
-5.09199
-5.09397
-5.09588
-5.09789
-5.09937
-5.10109
-5.10244
-5.10402
-5.10614
-5.10804
-5.10956
-5.11102
-5.11256
-5.11358
-5.11498
-5.11601
-5.11743
-5.11833
-5.11916
-5.11963
-5.12033
-5.12113
-5.12186
-5.12238
-5.12269
-5.12295
-5.12345
-5.12374
-5.12383
-5.12447
-5.12446
-5.1247
-5.12459
-5.12473
-5.12453
-5.12443
-5.12399
-5.12366
-5.12343
-5.12302
-5.12227
-5.12193
-5.1217
-5.1216
-5.121
-5.12052
-5.12
-5.11961
-5.11857
-5.11781
-5.11717
-5.11649
-5.11593
-5.11535
-5.11442
-5.11378
-5.1131
-5.11224
-5.11165
-5.11118
-5.11039
-5.10941
-5.1081
-5.10676
-5.10539
-5.10429
-5.1027
-5.10124
-5.09975
-5.09868
-5.09713
-5.096
-5.09514
-5.0941
-5.09287
-5.09146
-5.09048
-5.08916
-5.08766
-5.08597
-5.08471
-5.08327
-5.08165
-5.08
-5.07848
-5.07677
-5.0752
-5.07375
-5.07197
-5.07017
-5.0682
-5.06637
-5.06482
-5.06295
-5.06138
-5.05949
-5.0576
-5.05615
-5.0541
-5.05219
-5.05029
-5.04854
-5.0465
-5.04478
-5.04291
-5.04106
-5.03907
-5.03711
-5.03517
-5.0334
-5.03181
-5.03011
-5.02873
-5.02709
-5.02534
-5.02377
-5.0224
-5.02091
-5.01962
-5.01822
-5.01672
-5.01526
-5.014
-5.01263
-5.01131
-5.01034
-5.00911
-5.00807
-5.00709
-5.00614
-5.00554
-5.00498
-5.00416
-5.00262
-5.00188
-5.00117
-5.00064
-4.99999
-4.99922
-4.99893
-4.99835
-4.9978
-4.99711
-4.99643
-4.99592
-4.99527
-4.99462
-4.99428
-4.99363
-4.99284
-4.99234
-4.99169
-4.99118
-4.99036
-4.98983
-4.98898
-4.98857
-4.9877
-4.98741
-4.98695
-4.98632
-4.98537
-4.98485
-4.98402
-4.98331
-4.98273
-4.98169
-4.98108
-4.98029
-4.9798
-4.97929
-4.97846
-4.97763
-4.97678
-4.97577
-4.97506
-4.97405
-4.97333
-4.97262
-4.97161
-4.97045
-4.96976
-4.96908
-4.96841
-4.96762
-4.96639
-4.96578
-4.96506
-4.96436
-4.96369
-4.9629
-4.9623
-4.96129
-4.96031
-4.95999
-4.95925
-4.95886
-4.95882
-4.95867
-4.95828
-4.95793
-4.95779
-4.95785
-4.95811
-4.95796
-4.95818
-4.95829
-4.95845
-4.95851
-4.95893
-4.95939
-4.95945
-4.96001
-4.96061
-4.96112
-4.96166
-4.9627
-4.96349
-4.96416
-4.96487
-4.96532
-4.96627
-4.96695
-4.96766
-4.96857
-4.96951
-4.97034
-4.97151
-4.97256
-4.97349
-4.97461
-4.97621
-4.97725
-4.97832
-4.97943
-4.98072
-4.98189
-4.98325
-4.98464
-4.98592
-4.98723
-4.98857
-4.99025
-4.99181
-4.99354
-4.99501
-4.99666
-4.99864
-5.00064
-5.00222
-5.00397
-5.00558
-5.00737
-5.00917
-5.01128
-5.0131
-5.01508
-5.0169
-5.01858
-5.02055
-5.02221
-5.02386
-5.02564
-5.02755
-5.02928
-5.03069
-5.03252
-5.034
-5.0353
-5.03701
-5.03882
-5.04043
-5.04213
-5.04333
-5.04462
-5.04614
-5.047
-5.04809
-5.04941
-5.05036
-5.05154
-5.05264
-5.05321
-5.05371
-5.05442
-5.05446
-5.05441
-5.05489
-5.05484
-5.05515
-5.05494
-5.0548
-5.05427
-5.05413
-5.0539
-5.0539
-5.05368
-5.05323
-5.05271
-5.05197
-5.05131
-5.05028
-5.04965
-5.0488
-5.04774
-5.04693
-5.04591
-5.04499
-5.04372
-5.0424
-5.04148
-5.04053
-5.03893
-5.03775
-5.03624
-5.03484
-5.03341
-5.03211
-5.03079
-5.02914
-5.02793
-5.02625
-5.02471
-5.023
-5.02145
-5.02019
-5.01862
-5.01706
-5.0155
-5.01365
-5.0118
-5.01042
-5.00905
-5.00709
-5.00531
-5.00369
-5.00224
-5.00082
-4.99957
-4.99896
-4.99762
-4.99646
-4.99503
-4.99394
-4.99273
-4.99125
-4.99027
-4.98903
-4.98797
-4.98711
-4.98629
-4.98566
-4.98478
-4.9844
-4.98346
-4.98241
-4.98187
-4.98093
-4.98034
-4.9798
-4.97931
-4.97888
-4.9785
-4.97848
-4.97821
-4.97816
-4.97816
-4.97807
-4.97789
-4.97807
-4.97817
-4.97848
-4.97871
-4.97915
-4.9795
-4.97978
-4.98027
-4.98098
-4.9816
-4.982
-4.98261
-4.98314
-4.98374
-4.9844
-4.98528
-4.98638
-4.98754
-4.98892
-4.99021
-4.99155
-4.99311
-4.99472
-4.99608
-4.99734
-4.9988
-5.0003
-5.002
-5.00358
-5.00535
-5.00715
-5.00912
-5.01097
-5.01284
-5.01473
-5.01663
-5.01823
-5.0203
-5.02221
-5.02411
-5.02601
-5.02775
-5.02992
-5.03177
-5.03345
-5.03511
-5.03703
-5.03847
-5.04017
-5.04183
-5.04345
-5.04472
-5.04625
-5.04772
-5.0493
-5.05052
-5.05153
-5.05294
-5.05429
-5.05573
-5.05666
-5.05783
-5.05879
-5.05953
-5.06036
-5.06098
-5.06169
-5.06249
-5.06323
-5.0636
-5.06437
-5.06478
-5.06513
-5.06543
-5.06567
-5.06601
-5.06615
-5.06594
-5.06613
-5.06658
-5.06684
-5.0663
-5.06633
-5.06587
-5.06582
-5.06559
-5.06533
-5.06519
-5.06517
-5.06468
-5.06416
-5.06376
-5.06335
-5.06276
-5.06246
-5.06183
-5.06165
-5.06129
-5.06062
-5.06024
-5.05984
-5.05973
-5.05931
-5.05857
-5.05797
-5.05706
-5.05628
-5.05565
-5.05484
-5.05403
-5.0538
-5.05357
-5.05301
-5.05259
-5.05201
-5.05125
-5.05078
-5.05045
-5.04964
-5.04881
-5.04781
-5.04695
-5.04576
-5.04515
-5.04452
-5.04371
-5.04303
-5.04233
-5.04115
-5.0401
-5.03903
-5.03777
-5.0365
-5.03534
-5.03447
-5.03372
-5.0328
-5.0317
-5.03027
-5.02897
-5.02764
-5.02659
-5.02537
-5.02427
-5.02284
-5.02124
-5.01977
-5.01812
-5.0166
-5.01491
-5.01304
-5.01115
-5.00939
-5.0076
-5.00594
-5.00427
-5.00257
-5.00084
-4.99895
-4.99734
-4.9954
-4.99315
-4.99087
-4.98903
-4.98717
-4.98514
-4.98325
-4.98133
-4.97925
-4.97746
-4.9752
-4.97277
-4.97078
-4.96862
-4.96691
-4.96503
-4.96269
-4.96063
-4.95872
-4.95634
-4.95426
-4.95232
-4.95052
-4.94811
-4.94599
-4.94372
-4.9416
-4.93947
-4.93748
-4.93565
-4.93352
-4.93169
-4.9297
-4.92727
-4.92515
-4.92303
-4.92062
-4.91838
-4.91614
-4.91392
-4.91172
-4.91014
-4.90799
-4.90571
-4.90346
-4.90154
-4.89967
-4.89784
-4.8962
-4.89446
-4.89293
-4.89131
-4.88945
-4.88767
-4.8864
-4.88492
-4.88352
-4.88266
-4.88174
-4.88108
-4.88021
-4.8793
-4.87865
-4.87812
-4.8774
-4.87711
-4.87679
-4.87675
-4.87714
-4.87721
-4.87726
-4.8776
-4.87837
-4.87912
-4.87984
-4.881
-4.88213
-4.88369
-4.88506
-4.88656
-4.88816
-4.88972
-4.89153
-4.89344
-4.8953
-4.89739
-4.89956
-4.9018
-4.90396
-4.90679
-4.90921
-4.91169
-4.9142
-4.91676
-4.91919
-4.92149
-4.92411
-4.92644
-4.92907
-4.93171
-4.93419
-4.93711
-4.93972
-4.94261
-4.94487
-4.94711
-4.94932
-4.95209
-4.95468
-4.95723
-4.95944
-4.96191
-4.96433
-4.9664
-4.96857
-4.97039
-4.97231
-4.97433
-4.97615
-4.97822
-4.98008
-4.98174
-4.9838
-4.98536
-4.98732
-4.98923
-4.99033
-4.99139
-4.993
-4.99441
-4.99578
-4.99681
-4.99824
-4.99948
-5.00068
-5.00184
-5.00341
-5.0045
-5.00555
-5.00658
-5.00757
-5.00822
-5.00901
-5.01037
-5.01126
-5.01227
-5.01311
-5.01394
-5.0149
-5.01539
-5.01586
-5.01709
-5.0177
-5.0186
-5.01935
-5.01994
-5.02069
-5.02128
-5.02173
-5.02248
-5.02309
-5.02431
-5.02524
-5.02633
-5.02729
-5.02781
-5.02865
-5.02952
-5.03026
-5.03102
-5.03166
-5.03264
-5.03334
-5.03439
-5.03547
-5.03674
-5.0382
-5.03941
-5.04006
-5.04106
-5.04226
-5.04366
-5.04495
-5.04631
-5.04801
-5.04992
-5.05158
-5.05329
-5.05475
-5.05627
-5.05813
-5.0602
-5.06201
-5.06402
-5.06638
-5.06847
-5.0706
-5.07307
-5.07511
-5.07718
-5.07943
-5.08184
-5.08427
-5.08641
-5.08885
-5.09129
-5.09357
-5.09585
-5.0981
-5.10049
-5.103
-5.10533
-5.10717
-5.10926
-5.11131
-5.11331
-5.11525
-5.11743
-5.11924
-5.12099
-5.1225
-5.12409
-5.12591
-5.12718
-5.12853
-5.12993
-5.13079
-5.13171
-5.13238
-5.13326
-5.13419
-5.13487
-5.13546
-5.13565
-5.13574
-5.13603
-5.13608
-5.13618
-5.13649
-5.13655
-5.13637
-5.13609
-5.13588
-5.13543
-5.13489
-5.13427
-5.13356
-5.13278
-5.13207
-5.13083
-5.12997
-5.12904
-5.12789
-5.12652
-5.12539
-5.12405
-5.12265
-5.12119
-5.11937
-5.11735
-5.11587
-5.11435
-5.11247
-5.11085
-5.10918
-5.10731
-5.1054
-5.10359
-5.10144
-5.09924
-5.09685
-5.09472
-5.09286
-5.09049
-5.08839
-5.0861
-5.08362
-5.08094
-5.07868
-5.07624
-5.0736
-5.07123
-5.06852
-5.06578
-5.0633
-5.06064
-5.05825
-5.05523
-5.05247
-5.04954
-5.04658
-5.0439
-5.0406
-5.03757
-5.03468
-5.03207
-5.02961
-5.02683
-5.02404
-5.02125
-5.01816
-5.01506
-5.01213
-5.00889
-5.00598
-5.00293
-5.0002
-4.99749
-4.99496
-4.99232
-4.98955
-4.98714
-4.98446
-4.98213
-4.97971
-4.97749
-4.97473
-4.97263
-4.97016
-4.96805
-4.96588
-4.96393
-4.96222
-4.96044
-4.95876
-4.95716
-4.95597
-4.95427
-4.95297
-4.95133
-4.95009
-4.9491
-4.94777
-4.9467
-4.94575
-4.9452
-4.94447
-4.94385
-4.94349
-4.94324
-4.94311
-4.94308
-4.94332
-4.94366
-4.94381
-4.94436
-4.94516
-4.94577
-4.94647
-4.94741
-4.9483
-4.94958
-4.95079
-4.95194
-4.95346
-4.95476
-4.95628
-4.95771
-4.95951
-4.96106
-4.96252
-4.96418
-4.96603
-4.96778
-4.9694
-4.97152
-4.9735
-4.97551
-4.97724
-4.97927
-4.98147
-4.98306
-4.9848
-4.98669
-4.98826
-4.99012
-4.99181
-4.99362
-4.99541
-4.99701
-4.99888
-5.00025
-5.00158
-5.00317
-5.00486
-5.00635
-5.00764
-5.00902
-5.01034
-5.0116
-5.01266
-5.0138
-5.01504
-5.01666
-5.01748
-5.01823
-5.01938
-5.02018
