-5.31855
-5.33843
-5.31306
-5.33289
-5.3174
-5.34816
-5.32266
-5.31683
-5.32886
-5.32531
-5.31777
-5.32032
-5.32264
-5.33674
-5.32789
-5.30743
-5.33159
-5.32956
-5.29417
-5.3522
-5.32928
-5.32678
-5.33315
-5.31054
-5.34485
-5.32895
-5.30873
-5.34669
-5.34296
-5.29712
-5.34319
-5.32071
-5.32546
-5.35452
-5.28813
-5.36362
-5.2959
-5.34394
-5.29985
-5.33006
-5.32477
-5.34008
-5.31644
-5.32666
-5.32028
-5.31941
-5.34537
-5.30873
-5.33367
-5.35345
-5.27499
-5.35393
-5.28344
-5.3595
-5.30531
-5.31574
-5.34224
-5.31542
-5.34438
-5.29737
-5.33916
-5.32223
-5.31024
-5.32395
-5.32222
-5.33196
-5.3058
-5.3472
-5.29345
-5.34039
-5.31062
-5.35734
-5.30281
-5.33785
-5.32964
-5.32718
-5.34082
-5.32002
-5.3047
-5.3264
-5.3208
-5.32329
-5.33068
-5.32448
-5.32404
-5.32468
-5.32353
-5.35678
-5.3198
-5.33264
-5.32954
-5.31045
-5.32141
-5.32235
-5.32501
-5.32014
-5.35824
-5.30899
-5.30737
-5.34006
