0.889743
0.830129
0.827654
0.84229
0.852018
0.842126
0.833713
0.79464
0.843986
0.857207
0.920884
0.858113
0.754092
0.818236
0.890652
0.81106
0.900132
0.906162
0.824786
0.807198
0.906915
0.749729
0.915047
0.823563
0.817631
0.876711
0.842376
0.77867
0.915579
0.859429
0.833587
0.767561
0.901327
0.780081
0.837369
0.902836
0.877645
0.815285
0.865806
0.80894
0.870529
0.854177
0.873507
0.83768
0.844079
0.801935
0.821852
0.889249
0.857664
0.807346
0.890303
0.816439
0.848261
0.890042
0.873877
0.783899
0.827276
0.866777
0.900677
0.887274
0.748147
0.932062
0.788085
0.878291
0.868369
0.845591
0.830379
0.834739
0.830733
0.820671
0.895554
0.818042
0.944509
0.787643
0.868684
0.834621
0.853981
0.838396
0.842034
0.844815
0.800082
0.875201
0.866144
0.847757
0.844987
0.853135
0.83687
0.831442
0.890763
0.772117
0.87339
0.859729
0.874724
0.809502
0.849171
0.830876
0.830945
0.873754
0.871015
0.823161
