0
0
0
0
0
0
0
0
0
0
0
0
0.735257
3.84713
3.68531
1.22634
0.0865796
0.105834
0.249675
0.867921
0.848434
0.299619
0.395821
1.72356
2.53819
1.36867
0.520361
0.783266
1.03041
0.575691
0
0
0
0
0
0
0
0
0
0
0
0
0.603288
4.25124
3.25092
1.26313
0.162337
0.0962126
0.430474
0.674188
0.848434
0.363367
0.378358
1.80894
2.37618
1.45931
0.574915
0.759885
0.888911
0.68067
0
0
0
0
0
0
0
0
0
0
0
0
0.75411
4.12193
3.37703
1.09145
0.238094
0.0673488
0.387427
0.829174
0.736244
0.344243
0.488955
1.70222
2.35654
1.40492
0.663041
0.740401
0.946962
0.616328
0
0
0
0
0
0
0
0
0
0
0
0
0.622141
4.33207
3.19487
1.18955
0.216449
0.105834
0.396036
0.736183
0.83441
0.318743
0.436567
1.68621
2.45964
1.46837
0.566522
0.798853
0.885283
0.616328
0
0
0
0
0
0
0
0
0
0
0
0
0.659846
4.12193
3.29296
1.26313
0.194804
0.0577276
0.464912
0.805926
0.666126
0.414366
0.506418
1.51012
2.48419
1.50463
0.579111
0.814441
0.849001
0.663738
0
0
0
0
0
0
0
0
0
0
0
0
0.678699
3.76631
3.81142
1.04239
0.227271
0.105834
0.396036
0.751681
0.750268
0.356993
0.465672
1.66487
2.46946
1.46837
0.520361
0.79106
0.925193
0.714535
0
0
0
0
0
0
0
0
0
0
0
0
0.565583
4.23508
3.32098
1.21408
0.183982
0.115455
0.404646
0.790428
0.743256
0.363367
0.430746
1.61151
2.50383
1.4729
0.562326
0.775472
0.943334
0.63326
0
0
0
0
0
0
0
0
0
0
0
0
0.772963
4.0896
3.29296
1.16503
0.248916
0.105834
0.352989
0.790428
0.778315
0.350618
0.500597
1.63819
2.40564
1.44571
0.637862
0.783266
0.827231
0.731467
0
0
0
0
0
0
0
0
0
0
0
0
0.678699
4.04111
3.57321
1.11597
0.162337
0.115455
0.344379
0.76718
0.799351
0.376117
0.488955
1.60617
2.35654
1.54541
0.591701
0.740401
0.965103
0.656965
0
0
0
0
0
0
0
0
0
0
0
0
0.678699
3.91179
3.51716
1.36124
0.097402
0.0769701
0.361598
0.774929
0.799351
0.356993
0.430746
1.54747
2.59711
1.42305
0.595897
0.705329
1.0159
0.63326
0
0
0
0
0
0
0
0
0
0
0
0
0.603288
4.02494
3.74136
1.0056
0.194804
0.0769701
0.352989
0.883419
0.680149
0.376117
0.436567
1.57949
2.62656
1.39586
0.520361
0.814441
0.914308
0.636647
0
0
0
0
0
0
0
0
0
0
0
0
0.640994
4.21892
3.30697
1.12824
0.270561
0.0962126
0.404646
0.805926
0.72222
0.350618
0.512239
1.66487
2.28781
1.4865
0.650451
0.771575
0.921565
0.748399
0
0
0
0
0
0
0
0
0
0
0
0
0.848374
3.96028
3.18086
1.36124
0.227271
0.134698
0.456303
0.565698
0.792339
0.420741
0.617015
1.58483
2.24853
1.46837
0.709202
0.701432
0.946962
0.789036
0
0
0
0
0
0
0
0
0
0
0
0
0.791816
3.96028
3.46111
1.1405
0.205627
0.134698
0.456303
0.65869
0.701185
0.452616
0.523881
1.60083
2.38109
1.43211
0.692416
0.713123
0.907052
0.785649
0
0
0
0
0
0
0
0
0
0
0
0
0.584435
4.07344
3.54518
1.1405
0.194804
0.0865914
0.439084
0.774929
0.694173
0.350618
0.58209
1.54214
2.45964
1.45477
0.61688
0.794956
0.827231
0.724694
0
0
0
0
0
0
0
0
0
0
0
0
0.848374
3.68549
3.72735
1.10371
0.183982
0.0865914
0.361598
0.844673
0.743256
0.388867
0.424925
1.54214
2.5922
1.46837
0.520361
0.779369
0.928821
0.704375
0
0
0
0
0
0
0
0
0
0
0
0
0.735257
3.94412
3.6713
1.16503
0.0865796
0.0384851
0.447693
0.774929
0.764292
0.350618
0.355075
1.77159
2.51855
1.45477
0.524558
0.752091
0.928821
0.646806
0
0
0
0
0
0
0
0
0
0
0
0
0.509024
3.99261
3.86747
1.05466
0.129869
0.0673488
0.344379
0.829174
0.841422
0.24862
0.477313
1.6542
2.53328
1.45024
0.503575
0.775472
1.0159
0.579078
0
0
0
0
0
0
0
0
0
0
0
0
0.75411
3.76631
3.72735
1.11597
0.173159
0.105834
0.33577
0.891168
0.694173
0.331493
0.564627
1.6702
2.35163
1.44571
0.633665
0.72871
0.903424
0.731467
0
0
0
0
0
0
0
0
0
0
0
0
0.716405
4.05727
3.37703
1.21408
0.194804
0.0769701
0.404646
0.790428
0.708197
0.382492
0.494776
1.71823
2.34181
1.41399
0.667237
0.783266
0.827231
0.77549
0
0
0
0
0
0
0
0
0
0
0
0
0.527877
4.12193
3.40506
1.29992
0.194804
0.0865914
0.33577
0.759431
0.813374
0.356993
0.471493
1.57949
2.55292
1.38226
0.600094
0.775472
0.95059
0.589237
0
0
0
0
0
0
0
0
0
0
0
0
0.848374
3.5885
3.6713
1.20182
0.216449
0.105834
0.387427
0.774929
0.694173
0.427116
0.500597
1.58483
2.40564
1.50009
0.591701
0.779369
0.928821
0.667125
0
0
0
0
0
0
0
0
0
0
0
0
0.527877
4.0896
3.58722
1.16503
0.151514
0.105834
0.370208
0.805926
0.750268
0.350618
0.459851
1.58483
2.51364
1.4729
0.549736
0.810544
0.899795
0.687443
0
0
0
0
0
0
0
0
0
0
0
0
0.75411
3.89563
3.57321
1.12824
0.216449
0.0481063
0.447693
0.774929
0.736244
0.369742
0.483134
1.69688
2.35163
1.46837
0.591701
0.748194
0.997757
0.626488
0
0
0
0
0
0
0
0
0
0
0
0.0222719
0.735257
3.89563
3.50315
1.18955
0.183982
0.115455
0.309941
0.906667
0.694173
0.388867
0.512239
1.56882
2.45473
1.42758
0.549736
0.868996
0.867142
0.717921
0
0
0
0
0
0
0
0
0
0
0
0
0.640994
3.99261
3.65728
1.05466
0.205627
0.0769701
0.361598
0.782678
0.848434
0.318743
0.401642
1.70222
2.48419
1.33241
0.625273
0.837822
0.907052
0.653579
0
0
0
0
0
0
0
0
0
0
0
0
0.622141
4.02494
3.43308
1.18955
0.281384
0.0481063
0.430474
0.728433
0.764292
0.388867
0.500597
1.61151
2.45964
1.39586
0.621076
0.798853
0.874398
0.670511
0
0
0
0
0
0
0
0
0
0
0
0.0222719
0.640994
4.10576
3.25092
1.33672
0.194804
0.115455
0.292722
0.821425
0.75728
0.395242
0.512239
1.62218
2.37618
1.42758
0.67563
0.752091
0.878026
0.785649
0
0
0
0
0
0
0
0
0
0
0
0
0.584435
3.94412
3.69932
1.15276
0.162337
0.0769701
0.370208
0.751681
0.827398
0.344243
0.413284
1.70222
2.43018
1.4865
0.53295
0.798853
0.921565
0.707762
0
0
0
0
0
0
0
0
0
0
0
0
0.659846
4.05727
3.47512
1.18955
0.194804
0.0865914
0.387427
0.736183
0.778315
0.376117
0.477313
1.56882
2.53819
1.40039
0.633665
0.713123
0.954219
0.724694
0
0
0
0
0
0
0
0
0
0
0
0
0.716405
3.76631
3.5592
1.26313
0.205627
0.0673488
0.439084
0.751681
0.743256
0.369742
0.547164
1.52079
2.36636
1.5998
0.570719
0.752091
0.914308
0.717921
0
0
0
0
0
0
0
0
0
0
0
0
0.867227
3.70165
3.53117
1.22634
0.216449
0.115455
0.387427
0.689687
0.799351
0.439866
0.535522
1.47277
2.47437
1.45931
0.60429
0.724813
1.00501
0.684057
0
0
0
0
0
0
0
0
0
0
0
0
0.622141
4.20275
3.37703
1.16503
0.216449
0.0962126
0.387427
0.681938
0.827398
0.376117
0.459851
1.56882
2.61183
1.31881
0.612683
0.853409
0.830859
0.745012
0
0
0
0
0
0
0
0
0
0
0
0
0.735257
3.91179
3.62926
1.11597
0.162337
0.0962126
0.387427
0.759431
0.778315
0.356993
0.512239
1.64352
2.38109
1.45477
0.625273
0.79106
0.917936
0.64342
0
0
0
0
0
0
0
0
0
0
0
0
0.659846
3.87946
3.75537
1.04239
0.205627
0.0384851
0.430474
0.813676
0.736244
0.325118
0.436567
1.76092
2.41055
1.45931
0.553933
0.787163
0.907052
0.673897
0
0
0
0
0
0
0
0
0
0
0
0
0.622141
4.02494
3.62926
1.1405
0.151514
0.0481063
0.361598
0.898918
0.729232
0.299619
0.424925
1.65953
2.5431
1.51822
0.423842
0.849512
0.896167
0.684057
0
0
0
0
0
0
0
0
0
0
0
0.0222719
0.565583
4.12193
3.50315
1.18955
0.162337
0.0865914
0.284113
0.87567
0.841422
0.280494
0.395821
1.58483
2.62656
1.46384
0.528754
0.72871
1.01227
0.623101
0
0
0
0
0
0
0
0
0
0
0
0
0.697552
4.0896
3.41907
1.22634
0.151514
0.0962126
0.318551
0.883419
0.680149
0.382492
0.471493
1.68621
2.43509
1.40039
0.633665
0.713123
0.968731
0.673897
0
0
0
0
0
0
0
0
0
0
0
0
0.697552
3.8633
3.65728
1.15276
0.173159
0.105834
0.370208
0.774929
0.72222
0.388867
0.51806
1.55815
2.4891
1.4865
0.516165
0.861203
0.838116
0.697602
0
0
0
0
0
0
0
0
0
0
0
0
0.659846
4.05727
3.50315
1.15276
0.194804
0.115455
0.318551
0.821425
0.785327
0.325118
0.483134
1.62218
2.52837
1.3596
0.667237
0.697535
0.907052
0.724694
0
0
0
0
0
0
0
0
0
0
0
0
0.697552
3.92796
3.53117
1.22634
0.183982
0.125076
0.318551
0.790428
0.799351
0.363367
0.384179
1.69155
2.50874
1.42305
0.633665
0.635186
1.04855
0.626488
0
0
0
0
0
0
0
0
0
0
0
0
0.75411
3.8633
3.6713
1.10371
0.183982
0.0865914
0.352989
0.87567
0.652102
0.414366
0.407463
1.71823
2.42036
1.54541
0.495182
0.752091
0.97236
0.663738
0
0
0
0
0
0
0
0
0
0
0
0
0.716405
3.97645
3.62926
1.09145
0.183982
0.0384851
0.464912
0.76718
0.729232
0.369742
0.442388
1.63285
2.46455
1.49103
0.562326
0.736504
0.983244
0.64342
0
0
0
0
0
0
0
0
0
0
0
0
0.678699
4.00878
3.54518
1.12824
0.205627
0.0865914
0.370208
0.829174
0.771303
0.299619
0.465672
1.62751
2.51364
1.46384
0.486789
0.845615
0.914308
0.660352
0
0
0
0
0
0
0
0
0
0
0
0.0222719
0.659846
3.91179
3.62926
1.16503
0.140692
0.0962126
0.370208
0.720684
0.876481
0.344243
0.483134
1.60083
2.47437
1.40945
0.591701
0.830028
0.874398
0.697602
0
0
0
0
0
0
0
0
0
0
0
0
0.659846
3.99261
3.48913
1.20182
0.194804
0.0865914
0.404646
0.790428
0.729232
0.395242
0.477313
1.69688
2.33199
1.4729
0.61688
0.732607
0.925193
0.72808
0
0
0
0
0
0
0
0
0
0
0
0
0.603288
3.96028
3.65728
1.07918
0.238094
0.105834
0.370208
0.813676
0.680149
0.369742
0.436567
1.77159
2.45964
1.33694
0.612683
0.849512
0.881654
0.670511
0
0
0
0
0
0
0
0
0
0
0
0
0.640994
3.75015
3.86747
1.09145
0.162337
0.115455
0.301332
0.906667
0.715209
0.331493
0.442388
1.66487
2.49892
1.46384
0.524558
0.787163
0.961475
0.663738
0
0
0
0
0
0
0
0
0
0
0
0
0.678699
3.94412
3.68531
1.07918
0.162337
0.0865914
0.344379
0.891168
0.72222
0.350618
0.436567
1.64352
2.53819
1.43665
0.516165
0.787163
0.914308
0.697602
0
0
0
0
0
0
0
0
0
0
0
0
0.886079
3.78248
3.61525
1.16503
0.140692
0.0673488
0.33577
0.87567
0.799351
0.363367
0.395821
1.6542
2.4891
1.41852
0.562326
0.759885
0.95059
0.646806
0
0
0
0
0
0
0
0
0
0
0
0
0.678699
4.00878
3.6713
0.981075
0.216449
0.0577276
0.378817
0.867921
0.715209
0.382492
0.419105
1.68621
2.46455
1.46837
0.520361
0.713123
0.961475
0.653579
0
0
0
0
0
0
0
0
0
0
0
0
0.640994
4.18659
3.48913
1.0056
0.248916
0.0769701
0.404646
0.805926
0.75728
0.337868
0.424925
1.76092
2.38109
1.44118
0.621076
0.755988
0.878026
0.663738
0
0
0
0
0
0
0
0
0
0
0
0
0.735257
4.0896
3.37703
1.21408
0.183982
0.0481063
0.396036
0.790428
0.743256
0.414366
0.395821
1.70756
2.39091
1.48197
0.587504
0.771575
0.928821
0.707762
0
0
0
0
0
0
0
0
0
0
0
0
0.603288
3.83097
3.93754
1.0056
0.140692
0.105834
0.430474
0.612194
1.00971
0.26137
0.407463
1.51012
2.61674
1.56807
0.444825
0.767678
0.983244
0.612942
0
0
0
0
0
0
0
0
0
0
0
0
0.640994
4.13809
3.58722
1.06692
0.151514
0.0962126
0.284113
0.914416
0.799351
0.318743
0.355075
1.74491
2.43018
1.51369
0.54554
0.759885
0.954219
0.562146
0
0
0
0
0
0
0
0
0
0
0
0
0.848374
3.96028
3.40506
1.07918
0.270561
0.0769701
0.370208
0.836923
0.743256
0.369742
0.541343
1.65953
2.3369
1.43211
0.642058
0.798853
0.845372
0.663738
0
0
0
0
0
0
0
0
0
0
0
0
0.678699
3.94412
3.60123
1.16503
0.173159
0.0962126
0.33577
0.821425
0.785327
0.337868
0.512239
1.67554
2.41546
1.35507
0.700809
0.72871
0.917936
0.626488
0
0
0
0
0
0
0
0
0
0
0
0
0.697552
3.96028
3.64327
1.12824
0.151514
0.0673488
0.344379
0.821425
0.778315
0.369742
0.407463
1.66487
2.44
1.55448
0.524558
0.787163
0.907052
0.63326
0
0
0
0
0
0
0
0
0
0
0
0
0.659846
3.68549
4.10569
0.944285
0.162337
0.0673488
0.344379
0.790428
0.841422
0.318743
0.413284
1.62751
2.56765
1.51822
0.449021
0.798853
0.961475
0.653579
0
0
0
0
0
0
0
0
0
0
0
0
0.848374
3.75015
3.62926
1.18955
0.162337
0.0865914
0.378817
0.813676
0.743256
0.350618
0.442388
1.6542
2.4891
1.4865
0.516165
0.779369
0.936077
0.707762
0
0
0
0
0
0
0
0
0
0
0
0.0222719
0.603288
4.00878
3.37703
1.26313
0.238094
0.144319
0.344379
0.736183
0.806363
0.325118
0.541343
1.5955
2.386
1.4729
0.700809
0.709226
0.881654
0.761944
0
0
0
0
0
0
0
0
0
0
0
0
0.603288
4.05727
3.60123
1.1405
0.162337
0.0865914
0.370208
0.743932
0.820386
0.350618
0.401642
1.70222
2.41055
1.52275
0.54554
0.779369
0.917936
0.700989
0
0
0
0
0
0
0
0
0
0
0
0.0222719
0.735257
4.04111
3.4471
1.16503
0.173159
0.0769701
0.378817
0.751681
0.806363
0.388867
0.465672
1.69688
2.34672
1.49103
0.60429
0.783266
0.859885
0.656965
0
0
0
0
0
0
0
0
0
0
0
0
0.659846
3.99261
3.57321
1.1405
0.194804
0.0673488
0.344379
0.953163
0.624055
0.382492
0.488955
1.54214
2.49892
1.52729
0.528754
0.779369
0.95059
0.640033
0
0
0
0
0
0
0
0
0
0
0
0
0.603288
3.8633
3.82544
1.03013
0.227271
0.0481063
0.447693
0.705186
0.827398
0.337868
0.477313
1.50478
2.56274
1.49103
0.54554
0.818337
0.892539
0.707762
0
0
0
0
0
0
0
0
0
0
0
0
0.886079
3.637
3.71334
1.15276
0.173159
0.134698
0.430474
0.743932
0.617043
0.478115
0.465672
1.54214
2.55292
1.45477
0.591701
0.767678
0.881654
0.765331
0
0
0
0
0
0
0
0
0
0
0
0
0.867227
3.91179
3.48913
1.10371
0.216449
0.115455
0.430474
0.774929
0.631066
0.382492
0.506418
1.70756
2.32709
1.50009
0.621076
0.763782
0.907052
0.707762
0
0
0
0
0
0
0
0
0
0
0
0
0.565583
4.02494
3.58722
1.12824
0.238094
0.0962126
0.404646
0.813676
0.680149
0.376117
0.494776
1.64886
2.33199
1.51822
0.625273
0.787163
0.852629
0.77549
0
0
0
0
0
0
0
0
0
0
0
0
0.697552
4.13809
3.36302
1.17729
0.140692
0.134698
0.396036
0.821425
0.701185
0.369742
0.488955
1.68088
2.34672
1.40945
0.738577
0.740401
0.878026
0.684057
0
0
0
0
0
0
0
0
0
0
0
0
0.678699
3.91179
3.58722
1.1405
0.216449
0.0962126
0.413255
0.782678
0.771303
0.318743
0.471493
1.6542
2.32218
1.57714
0.61688
0.752091
0.874398
0.687443
0
0
0
0
0
0
0
0
0
0
0
0
0.603288
3.84713
3.79741
1.11597
0.183982
0.0769701
0.352989
0.790428
0.806363
0.356993
0.413284
1.70222
2.45473
1.50009
0.511968
0.744297
0.888911
0.663738
0
0
0
0
0
0
0
0
0
0
0
0
0.659846
3.94412
3.64327
1.12824
0.162337
0.105834
0.33577
0.898918
0.708197
0.331493
0.395821
1.68621
2.5431
1.42305
0.54554
0.818337
0.896167
0.606169
0
0
0
0
0
0
0
0
0
0
0
0
0.490172
3.89563
3.95155
1.06692
0.129869
0.0577276
0.404646
0.821425
0.764292
0.312369
0.349254
1.63285
2.72966
1.40945
0.465807
0.771575
0.986872
0.609556
0
0
0
0
0
0
0
0
0
0
0
0
0.886079
3.637
3.71334
1.15276
0.183982
0.0769701
0.352989
0.782678
0.841422
0.305994
0.436567
1.70756
2.44
1.44571
0.562326
0.798853
0.917936
0.646806
0
0
0
0
0
0
0
0
0
0
0
0
0.735257
3.96028
3.58722
1.1405
0.151514
0.0769701
0.439084
0.751681
0.75728
0.337868
0.494776
1.64886
2.386
1.52729
0.524558
0.830028
0.867142
0.69083
0
0
0
0
0
0
0
0
0
0
0
0
0.584435
4.15426
3.41907
1.20182
0.205627
0.105834
0.292722
0.844673
0.771303
0.331493
0.488955
1.62751
2.49892
1.45024
0.549736
0.767678
0.907052
0.606169
0
0
0
0
0
0
0
0
0
0
0
0
0.622141
3.83097
3.75537
1.11597
0.216449
0.0481063
0.370208
0.867921
0.715209
0.350618
0.442388
1.61684
2.47928
1.4865
0.600094
0.775472
0.914308
0.629874
0
0
0
0
0
0
0
0
0
0
0
0.0222719
0.678699
4.04111
3.47512
1.11597
0.227271
0.0865914
0.404646
0.782678
0.72222
0.382492
0.471493
1.51546
2.61183
1.42305
0.587504
0.783266
0.881654
0.653579
0
0
0
0
0
0
0
0
0
0
0
0
0.678699
3.97645
3.41907
1.32445
0.151514
0.163561
0.361598
0.712935
0.771303
0.356993
0.471493
1.6542
2.49892
1.38226
0.587504
0.822234
0.841744
0.748399
0
0
0
0
0
0
0
0
0
0
0
0
0.659846
3.73398
3.7834
1.20182
0.162337
0.144319
0.33577
0.736183
0.729232
0.395242
0.506418
1.64352
2.41055
1.47743
0.612683
0.755988
0.874398
0.717921
0
0
0
0
0
0
0
0
0
0
0
0
0.697552
4.23508
3.05474
1.38577
0.205627
0.0962126
0.318551
0.860171
0.72222
0.325118
0.541343
1.63819
2.39091
1.43211
0.650451
0.810544
0.838116
0.751785
0
0
0
0
0
0
0
0
0
0
0
0
0.565583
4.15426
3.5592
1.10371
0.183982
0.0577276
0.439084
0.805926
0.729232
0.331493
0.430746
1.77693
2.23871
1.59073
0.583308
0.752091
0.932449
0.677284
0
0
0
0
0
0
0
0
0
0
0
0
0.54673
4.07344
3.53117
1.22634
0.173159
0.0865914
0.33577
0.829174
0.771303
0.344243
0.395821
1.68088
2.58238
1.43211
0.537147
0.798853
0.819975
0.653579
0
0
0
0
0
0
0
0
0
0
0
0
0.697552
3.89563
3.61525
1.18955
0.162337
0.0865914
0.32716
0.883419
0.687161
0.395242
0.45403
1.51546
2.58729
1.50916
0.566522
0.783266
0.852629
0.626488
0
0
0
0
0
0
0
0
0
0
0
0
0.735257
4.00878
3.46111
1.12824
0.248916
0.0384851
0.378817
0.867921
0.736244
0.350618
0.506418
1.56348
2.44
1.4865
0.61688
0.779369
0.885283
0.640033
0
0
0
0
0
0
0
0
0
0
0
0
0.735257
3.97645
3.48913
1.12824
0.238094
0.0577276
0.421865
0.813676
0.729232
0.312369
0.500597
1.6702
2.53819
1.29615
0.696612
0.709226
0.936077
0.612942
0
0
0
0
0
0
0
0
0
0
0
0
0.716405
4.02494
3.5592
0.968812
0.281384
0.115455
0.344379
0.821425
0.778315
0.331493
0.477313
1.5955
2.62165
1.32788
0.600094
0.752091
0.986872
0.572305
0
0
0
0
0
0
0
0
0
0
0
0
0.640994
4.17042
3.36302
1.22634
0.140692
0.125076
0.292722
0.798177
0.890505
0.274119
0.488955
1.64886
2.44
1.48197
0.520361
0.80275
0.946962
0.609556
0
0
0
0
0
0
0
0
0
0
0
0
0.565583
4.18659
3.36302
1.2754
0.173159
0.0865914
0.344379
0.798177
0.820386
0.299619
0.465672
1.65953
2.43509
1.49103
0.574915
0.732607
0.917936
0.663738
0
0
0
0
0
0
0
0
0
0
0
0
0.772963
3.89563
3.40506
1.28766
0.183982
0.0865914
0.404646
0.76718
0.75728
0.376117
0.500597
1.62751
2.29763
1.64965
0.549736
0.748194
0.859885
0.700989
0
0
0
0
0
0
0
0
0
0
0
0
0.565583
3.91179
3.81142
1.11597
0.129869
0.0962126
0.33577
0.790428
0.827398
0.325118
0.448209
1.57949
2.59711
1.41852
0.541343
0.814441
0.867142
0.684057
0
0
0
0
0
0
0
0
0
0
0
0
0.659846
3.8633
3.74136
1.15276
0.140692
0.0577276
0.318551
0.891168
0.799351
0.312369
0.448209
1.60083
2.51364
1.50463
0.516165
0.744297
0.979616
0.589237
0
0
0
0
0
0
0
0
0
0
0
0
0.640994
4.13809
3.4471
1.20182
0.119047
0.134698
0.266894
0.87567
0.771303
0.344243
0.477313
1.60617
2.48419
1.4865
0.520361
0.826131
0.932449
0.609556
0
0
0
0
0
0
0
0
0
0
0
0
0.716405
3.94412
3.57321
1.05466
0.259739
0.0865914
0.396036
0.813676
0.701185
0.356993
0.500597
1.66487
2.50383
1.32788
0.612683
0.830028
0.838116
0.697602
0
0
0
0
0
0
0
0
0
0
0
0
0.640994
4.00878
3.53117
1.15276
0.183982
0.134698
0.318551
0.821425
0.75728
0.414366
0.419105
1.72356
2.39091
1.43665
0.583308
0.794956
0.91068
0.629874
0
0
0
0
0
0
0
0
0
0
0
0
0.659846
4.15426
3.29296
1.2754
0.183982
0.0769701
0.387427
0.76718
0.799351
0.337868
0.506418
1.52613
2.5431
1.40945
0.61688
0.798853
0.928821
0.616328
0
0
0
0
0
0
0
0
0
0
0
0.0222719
0.678699
3.8633
3.64327
1.17729
0.151514
0.105834
0.309941
0.867921
0.701185
0.395242
0.442388
1.69688
2.43018
1.46837
0.583308
0.79106
0.878026
0.636647
0
0
0
0
0
0
0
0
0
0
0
0
0.716405
3.89563
3.6713
1.17729
0.129869
0.0481063
0.284113
0.891168
0.813374
0.337868
0.378358
1.76625
2.35654
1.56354
0.528754
0.744297
0.932449
0.646806
0
0
0
0
0
0
0
0
0
0
0
0
0.697552
3.8633
3.74136
1.11597
0.140692
0.0865914
0.352989
0.782678
0.83441
0.344243
0.442388
1.68621
2.386
1.50916
0.600094
0.72871
0.928821
0.636647
0
0
0
0
0
0
0
0
0
0
0
0.0222719
0.659846
3.84713
3.71334
1.10371
0.205627
0.0769701
0.387427
0.774929
0.83441
0.325118
0.395821
1.71823
2.48419
1.42758
0.541343
0.759885
1.00501
0.562146
