1.33462
1.24519
1.24148
1.26344
1.27803
1.26319
1.25057
1.19196
1.26598
1.28581
1.38133
1.28717
1.13114
1.22735
1.33598
1.21659
1.3502
1.35924
1.23718
1.2108
1.36037
1.12459
1.37257
1.23534
1.22645
1.31507
1.26356
1.16801
1.37337
1.28914
1.25038
1.15134
1.35199
1.17012
1.25605
1.35425
1.31647
1.22293
1.29871
1.21341
1.30579
1.28127
1.31026
1.25652
1.26612
1.2029
1.23278
1.33387
1.2865
1.21102
1.33545
1.22466
1.27239
1.33506
1.31082
1.17585
1.24091
1.30017
1.35102
1.33091
1.12222
1.39809
1.18213
1.31744
1.30255
1.26839
1.24557
1.25211
1.2461
1.23101
1.34333
1.22706
1.41676
1.18147
1.30303
1.25193
1.28097
1.25759
1.26305
1.26722
1.20012
1.3128
1.29922
1.27164
1.26748
1.2797
1.2553
1.24716
1.33614
1.15818
1.31008
1.28959
1.31209
1.21425
1.27376
1.24631
1.24642
1.31063
1.30652
1.23474
