-6.65316
-6.58363
-6.55454
-6.59633
-6.59542
-6.61135
-6.57323
-6.50879
-6.59484
-6.61112
-6.6991
-6.60749
-6.45378
-6.56409
-6.66387
-6.52402
-6.68179
-6.6888
-6.53135
-6.56299
-6.68965
-6.45137
-6.70572
-6.54588
-6.57129
-6.64402
-6.5723
-6.51469
-6.71633
-6.58626
-6.59357
-6.47205
-6.67745
-6.52464
-6.54418
-6.71788
-6.61237
-6.56687
-6.59856
-6.54347
-6.63056
-6.62134
-6.6267
-6.58318
-6.58639
-6.52231
-6.57815
-6.64261
-6.62016
-6.56447
-6.61044
-6.57859
-6.55583
-6.69456
-6.61613
-6.49158
-6.58315
-6.61558
-6.6954
-6.62828
-6.46138
-6.72033
-6.49237
-6.64139
-6.62477
-6.60035
-6.55137
-6.59931
-6.53955
-6.57139
-6.65395
-6.5844
-6.71957
-6.51932
-6.63266
-6.57911
-6.62179
-6.57761
-6.56776
-6.59362
-6.52092
-6.63609
-6.62989
-6.59611
-6.59152
-6.60438
-6.57884
-6.60394
-6.65595
-6.49081
-6.63963
-6.60004
-6.63349
-6.5366
-6.59877
-6.56645
-6.60465
-6.61962
-6.6139
-6.5748
