9.00014
9.3357
9.51759
9.2525
9.27454
9.12509
9.33852
9.6434
9.22911
9.16194
8.74294
9.15694
9.85467
9.34686
8.87048
9.53763
8.76564
8.78875
9.53108
9.39776
8.76362
9.90067
8.68119
9.51796
9.31359
8.97335
9.35291
9.54112
8.6187
9.29507
9.1892
9.8254
8.81439
9.49632
9.51487
8.63451
9.17676
9.39889
9.22421
9.47443
9.05264
9.11193
9.10967
9.27875
9.24061
9.58506
9.3143
9.02985
9.13591
9.28816
9.23617
9.34216
9.40552
8.80665
9.18302
9.7884
9.30681
9.17113
8.74736
9.05423
9.86434
8.60937
9.75991
9.0336
9.08833
9.15618
9.4293
9.15485
9.53722
9.34101
8.94337
9.28347
8.64281
9.57642
9.04551
9.33253
9.05614
9.32246
9.35928
9.16692
9.57077
9.04833
9.07012
9.25184
9.29344
9.25135
9.41826
9.24495
8.96016
9.75724
9.01509
9.24301
9.06878
9.55023
9.24897
9.43842
9.15778
9.11146
9.12915
9.32981
