1	0.01352	0.01352	0
2	0.04564	0.02958	0.01606
3	0.0628	0.0406533	0.0144428
4	0.03724	0.0398	0.0102482
5	0.02396	0.036632	0.00854699
6	0.07868	0.04364	0.00989004
7	0.0482	0.0442914	0.00838395
8	0.03764	0.04346	0.00730816
9	0.02872	0.0418222	0.00665003
10	0.07384	0.045024	0.00675497
11	0.0654	0.0468764	0.00638472
12	0.0818	0.0497867	0.00651463
13	0.04516	0.0494308	0.00600314
14	0.07132	0.0509943	0.00577357
15	0.06084	0.0516507	0.00541483
16	0.09492	0.054355	0.00574184
17	0.01288	0.0519153	0.00591965
18	0.06056	0.0523956	0.00560172
19	0.07216	0.0534358	0.00539984
20	0.0764	0.054584	0.00524984
21	0.07144	0.0553867	0.0050577
22	0.08812	0.0568745	0.00504664
23	0.01864	0.0552122	0.00510073
24	0.02224	0.0538383	0.00507314
25	0.01948	0.052464	0.00505634
26	0.081	0.0535615	0.00498041
27	0.09932	0.0552563	0.00508324
28	0.033	0.0544614	0.00496241
29	0.00412	0.0527255	0.00509319
30	0.04072	0.0523253	0.00493673
31	0.03888	0.0518916	0.00479449
32	0.10328	0.0534975	0.00491216
33	0.0526	0.0534703	0.00476106
34	0.0542	0.0534918	0.00461895
35	0.05192	0.0534469	0.00448527
36	0.08912	0.0544378	0.00447011
37	0.01752	0.05344	0.00446064
38	0.04012	0.0530895	0.0043558
39	0.0606	0.0532821	0.00424701
40	0.013	0.052275	0.00426021
41	0.03012	0.0517346	0.00418999
42	0.05416	0.0517924	0.00408942
43	0.074	0.0523088	0.00402645
44	0.05164	0.0522936	0.0039339
45	0.07056	0.0526996	0.00386685
46	0.02896	0.0521835	0.00381691
47	0.05856	0.0523191	0.00373728
48	0.0586	0.05245	0.00366093
49	-0.00084	0.0513624	0.00374675
50	0.05956	0.0515264	0.00367471
51	0.06192	0.0517302	0.0036077
52	0.07756	0.0522269	0.00357234
53	0.05772	0.0523306	0.00350582
54	0.07456	0.0527422	0.00346483
55	0.06212	0.0529127	0.00340552
56	0.04752	0.0528164	0.00334554
57	0.05212	0.0528042	0.00328634
58	0.04232	0.0526234	0.00323424
59	0.0582	0.052718	0.00318036
60	0.02424	0.0522433	0.00316272
61	0.04076	0.0520551	0.00311613
62	0.04812	0.0519916	0.00306611
63	0.02876	0.0516229	0.0030395
64	0.02988	0.0512831	0.00301086
65	0.02992	0.0509545	0.00298235
66	0.0244	0.0505521	0.00296424
67	0.01504	0.0500221	0.00296739
68	0.04104	0.04989	0.00292641
69	0.02072	0.0494672	0.00291451
70	0.05164	0.0494983	0.00287274
71	0.09704	0.0501679	0.00291007
72	0.06184	0.05033	0.00287394
73	0.0264	0.0500022	0.00285319
74	0.04276	0.0499043	0.00281608
75	0.07992	0.0503045	0.00280695
76	0.01672	0.0498626	0.0028048
77	0.05668	0.0499512	0.00276955
78	0.04968	0.0499477	0.00273382
79	0.05216	0.0499757	0.00269913
80	0.10088	0.050612	0.00274009
81	0.06548	0.0507956	0.00271226
82	0.03544	0.0506083	0.00268552
83	0.03688	0.0504429	0.00265812
84	0.0582	0.0505352	0.00262791
85	0.02544	0.05024	0.00261354
86	0.0758	0.0505372	0.00260001
87	0.04356	0.050457	0.0025712
88	0.02076	0.0501195	0.00256412
89	0.05176	0.050138	0.00253521
90	0.04524	0.0500836	0.00250748
91	0.05648	0.0501538	0.00248076
92	0.09912	0.0506861	0.00251071
93	0.0278	0.05044	0.00249573
94	0.05144	0.0504506	0.00246906
95	0.07696	0.0507297	0.00245882
96	0.0446	0.0506658	0.00243391
97	0.03308	0.0504845	0.0024155
98	0.02744	0.0502494	0.00240226
99	0.08136	0.0505636	0.00239855
100	0.0268	0.050326	0.0023863
