1	2.29451	2.29451	0
2	2.28805	2.29128	0.00322667
3	2.51019	2.36425	0.0729927
4	2.39227	2.37125	0.0520867
5	2.6456	2.42612	0.0681062
6	2.82491	2.49259	0.0866589
7	2.62533	2.51155	0.0756555
8	2.6184	2.52491	0.066867
9	2.71744	2.5463	0.0627315
10	2.72651	2.56432	0.0589317
11	2.50768	2.55917	0.0535538
12	2.99664	2.59563	0.0609839
13	2.62427	2.59783	0.0561402
14	2.50651	2.59131	0.0523835
15	2.64731	2.59504	0.0489091
16	2.54064	2.59164	0.0458764
17	2.4032	2.58056	0.0444962
18	2.19723	2.55926	0.0470472
19	2.53408	2.55793	0.0445219
20	3.00864	2.58047	0.047873
21	2.52779	2.57796	0.0456053
22	2.95131	2.59493	0.0466772
23	2.15797	2.57593	0.0484792
24	2.71776	2.58184	0.04679
25	2.23387	2.56792	0.0469883
26	2.65712	2.57135	0.045275
27	2.92891	2.5846	0.0455341
28	2.65157	2.58699	0.043943
29	2.28763	2.57667	0.0436391
30	2.32523	2.56828	0.0429844
31	2.89995	2.57898	0.0429293
32	2.86475	2.58791	0.0425145
33	2.75333	2.59293	0.0415099
34	2.76731	2.59805	0.0405958
35	2.53013	2.59611	0.0394666
36	2.6816	2.59849	0.038428
37	2.55755	2.59738	0.0373914
38	2.58821	2.59714	0.0363949
39	2.36805	2.59127	0.0359328
40	2.34053	2.585	0.0355795
41	2.54544	2.58403	0.0347143
42	2.1008	2.57253	0.0357781
43	2.58891	2.57291	0.0349382
44	2.51067	2.57149	0.0341642
45	2.51243	2.57018	0.0334222
46	2.48523	2.56834	0.0327397
47	2.71851	2.57153	0.0321945
48	2.55035	2.57109	0.0315197
49	2.83973	2.57657	0.0313528
50	2.97413	2.58452	0.0317317
51	2.59648	2.58476	0.0311042
52	2.8952	2.59073	0.031079
53	2.54811	2.58992	0.0304975
54	2.52448	2.58871	0.029952
55	2.40901	2.58544	0.0295833
56	2.91531	2.59133	0.0296414
57	2.38192	2.58766	0.0293476
58	2.50816	2.58629	0.0288697
59	2.65339	2.58743	0.028399
60	2.30709	2.58275	0.0283099
61	2.36368	2.57916	0.0280726
62	2.57136	2.57904	0.0276164
63	2.54757	2.57854	0.0271791
64	2.31963	2.57449	0.0270552
65	2.17547	2.56835	0.027334
66	2.2	2.56277	0.0274892
67	2.91723	2.56806	0.0275878
68	2.34656	2.56481	0.0273735
69	2.30955	2.56111	0.0272264
70	2.57232	2.56127	0.0268351
71	2.40992	2.55913	0.0265402
72	2.66005	2.56054	0.0262065
73	2.29451	2.55689	0.0261007
74	3.26139	2.56641	0.0274494
75	2.53003	2.56593	0.0270852
76	2.35861	2.5632	0.0268653
77	2.53616	2.56285	0.0265165
78	2.59563	2.56327	0.0261777
79	2.344	2.56049	0.0259928
80	2.76256	2.56302	0.0257898
81	2.58107	2.56324	0.0254704
82	2.69963	2.5649	0.0252128
83	2.83755	2.56819	0.0251228
84	2.48357	2.56718	0.0248424
85	2.48693	2.56624	0.0245665
86	2.97701	2.57101	0.0247446
87	2.49296	2.57012	0.024475
88	2.53499	2.56972	0.0241985
89	2.80747	2.57239	0.0240738
90	2.73584	2.57421	0.0238739
91	2.56715	2.57413	0.0236103
92	3.13205	2.58019	0.0241268
93	2.44325	2.57872	0.0239114
94	2.57259	2.57865	0.0236557
95	2.78176	2.58079	0.0235028
96	2.65936	2.58161	0.0232711
97	2.28464	2.57855	0.0232325
98	2.55787	2.57834	0.0229952
99	2.4288	2.57683	0.0228118
100	2.54037	2.57646	0.0225855
