1	0.277589	0.277589	0
2	0.29448	0.286035	0.00844537
3	0.310807	0.294292	0.00958967
4	0.28132	0.291049	0.00751651
5	0.301863	0.293212	0.00621097
6	0.301718	0.29463	0.00526567
7	0.292022	0.294257	0.00446587
8	0.307458	0.295907	0.00420486
9	0.305318	0.296953	0.00385292
10	0.314281	0.298686	0.00385727
11	0.285608	0.297497	0.00368603
12	0.307685	0.298346	0.00347033
13	0.284297	0.297265	0.00337021
14	0.286402	0.296489	0.00321525
15	0.288484	0.295956	0.00304044
16	0.277523	0.294804	0.00306854
17	0.294951	0.294812	0.00288241
18	0.308165	0.295554	0.00281698
19	0.288448	0.29518	0.00269072
20	0.297588	0.2953	0.00255548
21	0.280831	0.294611	0.00252651
22	0.300751	0.29489	0.00242505
23	0.287439	0.294566	0.00233975
24	0.285578	0.294192	0.00227123
25	0.277601	0.293528	0.00227733
26	0.330217	0.294939	0.00260355
27	0.285503	0.29459	0.00252953
28	0.292278	0.294507	0.00243891
29	0.282387	0.294089	0.00239013
30	0.271897	0.29335	0.00242469
31	0.286491	0.293128	0.00235558
32	0.281117	0.292753	0.00231146
33	0.285339	0.292528	0.00225156
34	0.311158	0.293076	0.00225201
35	0.304816	0.293412	0.00221229
36	0.287497	0.293247	0.00215623
37	0.299998	0.29343	0.00210507
38	0.29456	0.29346	0.00204914
39	0.295463	0.293511	0.00199657
40	0.298015	0.293624	0.00194927
41	0.290936	0.293558	0.00190226
42	0.325227	0.294312	0.0020037
43	0.312703	0.29474	0.00200275
44	0.30116	0.294886	0.00196214
45	0.296934	0.294931	0.00191858
46	0.293531	0.294901	0.00187665
47	0.302666	0.295066	0.00184371
48	0.297473	0.295116	0.00180559
49	0.314034	0.295502	0.00181001
50	0.282754	0.295247	0.00179167
51	0.282813	0.295003	0.00177303
52	0.305395	0.295203	0.00175005
53	0.297318	0.295243	0.00171718
54	0.298839	0.29531	0.00168639
55	0.31116	0.295598	0.00168034
56	0.280256	0.295324	0.00167265
57	0.289577	0.295223	0.00164614
58	0.341471	0.296021	0.00180337
59	0.319196	0.296413	0.00181554
60	0.2902	0.29631	0.00178803
61	0.304097	0.296437	0.0017631
62	0.300605	0.296505	0.00173573
63	0.28588	0.296336	0.00171627
64	0.287303	0.296195	0.00169512
65	0.3109	0.296421	0.0016841
66	0.285156	0.29625	0.00166715
67	0.293099	0.296203	0.00164275
68	0.29778	0.296227	0.00161858
69	0.286489	0.296085	0.00160118
70	0.292372	0.296032	0.00157903
71	0.293134	0.295992	0.00155717
72	0.292935	0.295949	0.00153598
73	0.285712	0.295809	0.00152127
74	0.28653	0.295684	0.0015058
75	0.279391	0.295466	0.00150139
76	0.265995	0.295079	0.00153141
77	0.295834	0.295088	0.00151142
78	0.284553	0.294953	0.00149802
79	0.282548	0.294796	0.00148725
80	0.3142	0.295039	0.00148844
81	0.263552	0.29465	0.00152048
82	0.310746	0.294846	0.00151459
83	0.318131	0.295127	0.00152231
84	0.29184	0.295088	0.00150458
85	0.313376	0.295303	0.00150226
86	0.292597	0.295271	0.00148503
87	0.28683	0.295174	0.00147106
88	0.300311	0.295233	0.00145542
89	0.328976	0.295612	0.00148808
90	0.312801	0.295803	0.0014838
91	0.302012	0.295871	0.00146899
92	0.301152	0.295929	0.00145407
93	0.289502	0.295859	0.00144001
94	0.301417	0.295919	0.00142583
95	0.309108	0.296057	0.00141756
96	0.284567	0.295938	0.00140781
97	0.265652	0.295625	0.00142778
98	0.263082	0.295293	0.00145163
99	0.287476	0.295214	0.00143906
100	0.304399	0.295306	0.00142755
