1	-0.59963	-0.59963	0
2	-0.584913	-0.592272	0.0073588
3	-0.585896	-0.590146	0.00475049
4	-0.591705	-0.590536	0.00338162
5	-0.577519	-0.587933	0.00369306
6	-0.587974	-0.587939	0.00301538
7	-0.580964	-0.586943	0.00273636
8	-0.590113	-0.587339	0.00240265
9	-0.588894	-0.587512	0.00212597
10	-0.575637	-0.586324	0.00224188
11	-0.579308	-0.585687	0.00212581
12	-0.581316	-0.585322	0.00197447
13	-0.581143	-0.585001	0.00184448
14	-0.586386	-0.5851	0.00171052
15	-0.583457	-0.58499	0.00159617
16	-0.586058	-0.585057	0.00149458
17	-0.572418	-0.584314	0.00158863
18	-0.588011	-0.584519	0.0015118
19	-0.593363	-0.584985	0.00150387
20	-0.589368	-0.585204	0.00144343
21	-0.579669	-0.58494	0.00139805
22	-0.588242	-0.58509	0.00134141
23	-0.575093	-0.584656	0.00135346
24	-0.593005	-0.585003	0.00134172
25	-0.58511	-0.585008	0.00128694
26	-0.58666	-0.585071	0.00123809
27	-0.590146	-0.585259	0.00120609
28	-0.5805	-0.585089	0.00117458
29	-0.579762	-0.584906	0.00114814
30	-0.583214	-0.584849	0.00111064
31	-0.588538	-0.584968	0.00108079
32	-0.585666	-0.58499	0.00104669
33	-0.596892	-0.585351	0.00107669
34	-0.584604	-0.585329	0.00104477
35	-0.588078	-0.585407	0.00101752
36	-0.580182	-0.585262	0.000999442
37	-0.58251	-0.585188	0.000974896
38	-0.583282	-0.585138	0.000950218
39	-0.588572	-0.585226	0.000929713
40	-0.58242	-0.585156	0.000908882
41	-0.573482	-0.584871	0.000931037
42	-0.577163	-0.584687	0.000926947
43	-0.58396	-0.58467	0.000905291
44	-0.602793	-0.585082	0.000975674
45	-0.578451	-0.584935	0.000965062
46	-0.577219	-0.584767	0.000958638
47	-0.587811	-0.584832	0.000940253
48	-0.593652	-0.585016	0.000938618
49	-0.580223	-0.584918	0.000924451
50	-0.584311	-0.584906	0.000905855
51	-0.575798	-0.584727	0.000905694
52	-0.597711	-0.584977	0.00092254
53	-0.587714	-0.585028	0.000906439
54	-0.586291	-0.585052	0.000889802
55	-0.575242	-0.584874	0.000891497
56	-0.58887	-0.584945	0.000878337
57	-0.585842	-0.584961	0.000862934
58	-0.573006	-0.584755	0.000872615
59	-0.579644	-0.584668	0.000862061
60	-0.574085	-0.584492	0.00086573
61	-0.582975	-0.584467	0.000851782
62	-0.586322	-0.584497	0.000838466
63	-0.591295	-0.584605	0.000832077
64	-0.576438	-0.584477	0.000828854
65	-0.578358	-0.584383	0.000821415
66	-0.572248	-0.584199	0.000829506
67	-0.583981	-0.584196	0.000817038
68	-0.579621	-0.584128	0.00080774
69	-0.575934	-0.58401	0.000804758
70	-0.586713	-0.584048	0.000794117
71	-0.580901	-0.584004	0.000784107
72	-0.590037	-0.584088	0.000777667
73	-0.577808	-0.584002	0.000771749
74	-0.583335	-0.583993	0.000761302
75	-0.582158	-0.583968	0.000751481
76	-0.584014	-0.583969	0.000741527
77	-0.584494	-0.583976	0.000731865
78	-0.584674	-0.583985	0.000722477
79	-0.583603	-0.58398	0.000713289
80	-0.590098	-0.584056	0.000708456
81	-0.57595	-0.583956	0.000706777
82	-0.582629	-0.58394	0.000698292
83	-0.585538	-0.583959	0.000690096
84	-0.585324	-0.583975	0.000682025
85	-0.584029	-0.583976	0.000673954
86	-0.587916	-0.584022	0.000667645
87	-0.578231	-0.583955	0.000663274
88	-0.576415	-0.58387	0.000661268
89	-0.587675	-0.583912	0.000655193
90	-0.590745	-0.583988	0.000652304
91	-0.58313	-0.583979	0.000645165
92	-0.583342	-0.583972	0.000638152
93	-0.575436	-0.58388	0.00063789
94	-0.593429	-0.583982	0.000639191
95	-0.576819	-0.583906	0.000636905
96	-0.584652	-0.583914	0.000630284
97	-0.586982	-0.583946	0.000624553
98	-0.575669	-0.583861	0.000623891
99	-0.592907	-0.583953	0.00062428
100	-0.584056	-0.583954	0.000618006
