1	0.2906	0.2906	0
2	0.19896	0.24478	0.04582
3	0.30992	0.266493	0.0342242
4	0.32688	0.28159	0.0285229
5	0.40484	0.30624	0.0331022
6	0.06556	0.266127	0.0483692
7	0.17092	0.252526	0.0430827
8	0.20852	0.247025	0.037714
9	0.34384	0.257782	0.0349569
10	0.0572	0.237724	0.0371473
11	-0.0334	0.213076	0.0416717
12	0.09116	0.202917	0.0393742
13	-0.03636	0.184511	0.0406275
14	0.15168	0.182166	0.0376868
15	0.23836	0.185912	0.0352839
16	0.28292	0.191975	0.0335574
17	0.24012	0.194807	0.0316486
18	0.18992	0.194536	0.0298398
19	0.03468	0.186122	0.0294529
20	0.0868	0.181156	0.0283794
21	0.1782	0.181015	0.0269945
22	0.19984	0.181871	0.0257525
23	0.05304	0.17627	0.0252368
24	0.12836	0.174273	0.0242448
25	0.04936	0.169277	0.0237855
26	0.28016	0.173542	0.0232469
27	0.14484	0.172479	0.0223946
28	0.243	0.174997	0.0217264
29	0.31396	0.179789	0.0215045
30	0.28872	0.18342	0.0210903
31	0.08052	0.180101	0.0206669
32	0.01376	0.174902	0.0206748
33	0.38948	0.181405	0.0210671
34	0.09368	0.178825	0.0206003
35	0.27276	0.181509	0.0201823
36	0.13248	0.180147	0.0196609
37	0.17324	0.17996	0.019123
38	0.17012	0.179701	0.0186148
39	0.12924	0.178407	0.0181773
40	0.29752	0.181385	0.0179656
41	0.18748	0.181534	0.0175225
42	0.16436	0.181125	0.0171051
43	0.13952	0.180157	0.0167306
44	0.02668	0.176669	0.016714
45	0.2434	0.178152	0.0164055
46	0.26488	0.180037	0.0161553
47	0.27352	0.182026	0.0159324
48	0.34028	0.185323	0.0159416
49	0.33404	0.188358	0.0159052
50	0.25076	0.189606	0.0156337
51	0.35704	0.192889	0.0156718
52	0.22128	0.193435	0.0153772
53	0.09632	0.191603	0.0151952
54	0.2428	0.192551	0.0149412
55	0.13544	0.191513	0.0147038
56	0.18132	0.191331	0.0144399
57	0.0344	0.188578	0.0144491
58	0.03912	0.186001	0.0144297
59	0.22096	0.186593	0.0141954
60	0.11244	0.185357	0.0140114
61	0.24292	0.186301	0.0138121
62	0.12744	0.185352	0.0136206
63	0.18036	0.185272	0.0134029
64	0.32052	0.187386	0.01336
65	0.11908	0.186335	0.0131948
66	0.17024	0.186091	0.0129956
67	0.19496	0.186223	0.0128009
68	0.29388	0.187806	0.0127102
69	0.07796	0.186214	0.0126254
70	0.33064	0.188278	0.0126136
71	0.0508	0.186341	0.0125846
72	0.09564	0.185082	0.0124723
73	0.26244	0.186141	0.0123458
74	0.02256	0.183931	0.0123769
75	0.12664	0.183167	0.0122346
76	0.44108	0.186561	0.0125405
77	0.10712	0.185529	0.0124194
78	-0.12484	0.18155	0.0128888
79	0.34708	0.183645	0.0128959
80	0.03004	0.181725	0.0128777
81	-0.08032	0.17849	0.0131227
82	0.18864	0.178614	0.0129623
83	0.4422	0.181789	0.0131931
84	0.26736	0.182808	0.0130748
85	0.1096	0.181947	0.0129488
86	0.23876	0.182607	0.0128144
87	0.2962	0.183913	0.0127333
88	0.29692	0.185197	0.0126531
89	0.24704	0.185892	0.0125294
90	0.29016	0.187051	0.0124435
91	0.18716	0.187052	0.012306
92	0.01832	0.185218	0.0123089
93	0.22272	0.185621	0.0121825
94	0.06448	0.184332	0.0121209
95	0.08256	0.183261	0.0120404
96	0.36348	0.185138	0.0120613
97	0.28236	0.186141	0.0119783
98	0.103	0.185292	0.0118858
99	0.10916	0.184523	0.0117902
100	0.14376	0.184116	0.0116788
