1	-0.822132	-0.822132	0
2	-0.823499	-0.822816	0.0006836
3	-0.812838	-0.81949	0.00334907
4	-0.827258	-0.821432	0.00306255
5	-0.834417	-0.824029	0.00351738
6	-0.800751	-0.820149	0.00482693
7	-0.798778	-0.817096	0.00509539
8	-0.81633	-0.817001	0.00441377
9	-0.823597	-0.817733	0.00396098
10	-0.802744	-0.816234	0.00384686
11	-0.812372	-0.815883	0.00349729
12	-0.835183	-0.817492	0.0035748
13	-0.799273	-0.81609	0.00357453
14	-0.819194	-0.816312	0.00331678
15	-0.823407	-0.816785	0.00312378
16	-0.820778	-0.817034	0.00293267
17	-0.808402	-0.816527	0.00280117
18	-0.810518	-0.816193	0.00266198
19	-0.815894	-0.816177	0.00251803
20	-0.807256	-0.815731	0.0024301
21	-0.799644	-0.814965	0.00243512
22	-0.809757	-0.814728	0.00233383
23	-0.816501	-0.814805	0.00223139
24	-0.802567	-0.814295	0.0021964
25	-0.795787	-0.813555	0.00223301
26	-0.807363	-0.813317	0.00215859
27	-0.848817	-0.814632	0.00245826
28	-0.80166	-0.814169	0.00241372
29	-0.819879	-0.814365	0.00233731
30	-0.822734	-0.814644	0.00227522
31	-0.81049	-0.81451	0.00220468
32	-0.796435	-0.813946	0.00220814
33	-0.83299	-0.814523	0.00221662
34	-0.793874	-0.813915	0.00223456
35	-0.805615	-0.813678	0.00218269
36	-0.81097	-0.813603	0.00212253
37	-0.796105	-0.81313	0.00211785
38	-0.824762	-0.813436	0.00208396
39	-0.797225	-0.81302	0.00207195
40	-0.82467	-0.813312	0.00204038
41	-0.81247	-0.813291	0.0019901
42	-0.805767	-0.813112	0.00195038
43	-0.81431	-0.81314	0.00190469
44	-0.803414	-0.812919	0.00187398
45	-0.811028	-0.812877	0.00183235
46	-0.830098	-0.813251	0.00183075
47	-0.81187	-0.813222	0.00179162
48	-0.829126	-0.813553	0.00178492
49	-0.813241	-0.813547	0.00174812
50	-0.812695	-0.81353	0.00171289
51	-0.816181	-0.813582	0.00167977
52	-0.811786	-0.813547	0.00164751
53	-0.793846	-0.813175	0.00165833
54	-0.810696	-0.81313	0.00162797
55	-0.806149	-0.813003	0.00160313
56	-0.804026	-0.812842	0.00158238
57	-0.798048	-0.812583	0.0015759
58	-0.800382	-0.812372	0.00156271
59	-0.819219	-0.812488	0.00154037
60	-0.814249	-0.812518	0.00151477
61	-0.806938	-0.812426	0.00149253
62	-0.797829	-0.812191	0.00148702
63	-0.801287	-0.812018	0.00147343
64	-0.82673	-0.812248	0.00146833
65	-0.824142	-0.812431	0.0014571
66	-0.808765	-0.812375	0.00143592
67	-0.808859	-0.812323	0.0014153
68	-0.829718	-0.812578	0.00141761
69	-0.820359	-0.812691	0.00140145
70	-0.820213	-0.812799	0.00138546
71	-0.815816	-0.812841	0.00136647
72	-0.817433	-0.812905	0.00134887
73	-0.821169	-0.813018	0.00133507
74	-0.811571	-0.812999	0.00131705
75	-0.803333	-0.81287	0.00130574
76	-0.829862	-0.813093	0.0013077
77	-0.800382	-0.812928	0.00130112
78	-0.811103	-0.812905	0.00128455
79	-0.840302	-0.813252	0.00131474
80	-0.801001	-0.813098	0.00130721
81	-0.794154	-0.812865	0.00131198
82	-0.810733	-0.812839	0.00129614
83	-0.823404	-0.812966	0.00128675
84	-0.803427	-0.812852	0.0012764
85	-0.801472	-0.812718	0.00126838
86	-0.817975	-0.81278	0.00125503
87	-0.815204	-0.812807	0.00124083
88	-0.814178	-0.812823	0.00122675
89	-0.811821	-0.812812	0.00121294
90	-0.815083	-0.812837	0.00119965
91	-0.797823	-0.812672	0.00119781
92	-0.804286	-0.812581	0.00118822
93	-0.795894	-0.812401	0.00118899
94	-0.79321	-0.812197	0.00119387
95	-0.815571	-0.812233	0.00118177
96	-0.83695	-0.81249	0.0011974
97	-0.818287	-0.81255	0.0011865
98	-0.80894	-0.812513	0.0011749
99	-0.812423	-0.812512	0.00116298
100	-0.802075	-0.812408	0.00115601
