1	0.463996	0.463996	0
2	0.421343	0.442669	0.0213265
3	0.480469	0.455269	0.0176172
4	0.448464	0.453568	0.0125729
5	0.542912	0.471437	0.0203506
6	0.384662	0.456974	0.0220287
7	0.434398	0.453749	0.0188949
8	0.448611	0.453107	0.0163761
9	0.489866	0.457191	0.0150088
10	0.406224	0.452094	0.0143592
11	0.485471	0.455129	0.0133381
12	0.54153	0.462329	0.0141455
13	0.405937	0.457991	0.013716
14	0.436443	0.456452	0.0127915
15	0.491032	0.458757	0.0121293
16	0.476503	0.459866	0.0114
17	0.552034	0.465288	0.0120027
18	0.365928	0.459768	0.0125908
19	0.368555	0.454967	0.0128408
20	0.439204	0.454179	0.0122074
21	0.424956	0.452787	0.0116946
22	0.503212	0.455079	0.0113835
23	0.405765	0.452935	0.0110866
24	0.39858	0.450671	0.0108536
25	0.454926	0.450841	0.0104118
26	0.501331	0.452783	0.01019
27	0.501835	0.454599	0.00997226
28	0.5857	0.459282	0.0106895
29	0.455642	0.459156	0.0103151
30	0.51027	0.46086	0.0101099
31	0.480632	0.461498	0.00979912
32	0.501601	0.462751	0.00957036
33	0.441612	0.46211	0.00929791
34	0.448507	0.46171	0.00902917
35	0.423709	0.460625	0.00883437
36	0.382905	0.458466	0.00885274
37	0.468449	0.458736	0.00861437
38	0.438198	0.458195	0.00840202
39	0.359046	0.455653	0.00856953
40	0.464889	0.455884	0.00835574
41	0.404263	0.454625	0.00824608
42	0.504144	0.455804	0.00813326
43	0.384125	0.454137	0.00811492
44	0.403858	0.452994	0.00801026
45	0.470513	0.453383	0.00783991
46	0.574247	0.456011	0.00810527
47	0.472891	0.45637	0.00793907
48	0.531746	0.45794	0.00792897
49	0.47593	0.458307	0.00777414
50	0.519689	0.459535	0.00771536
51	0.411763	0.458598	0.00762036
52	0.468525	0.458789	0.00747481
53	0.452928	0.458679	0.00733326
54	0.519399	0.459803	0.0072835
55	0.4328	0.459312	0.00716668
56	0.466166	0.459435	0.00703861
57	0.37272	0.457913	0.00707941
58	0.390986	0.456759	0.00705134
59	0.444848	0.456557	0.00693373
60	0.425419	0.456038	0.00683692
61	0.535711	0.457345	0.00684958
62	0.413355	0.456635	0.00677545
63	0.48807	0.457134	0.00668568
64	0.46441	0.457248	0.00658137
65	0.474368	0.457511	0.00648468
66	0.461246	0.457568	0.00638592
67	0.38563	0.456494	0.00638087
68	0.518421	0.457405	0.00635196
69	0.403645	0.456626	0.00630753
70	0.570509	0.458252	0.00642612
71	0.375718	0.45709	0.00644074
72	0.402038	0.456325	0.00639652
73	0.439201	0.456091	0.00631264
74	0.402426	0.455366	0.00626884
75	0.474984	0.455627	0.00619022
76	0.564944	0.457066	0.0062753
77	0.431807	0.456738	0.00620195
78	0.463451	0.456824	0.00612252
79	0.456939	0.456825	0.00604453
80	0.406728	0.456199	0.00600125
81	0.499501	0.456733	0.00595076
82	0.373836	0.455723	0.00596405
83	0.499438	0.456249	0.00591525
84	0.501342	0.456786	0.00586901
85	0.403638	0.456161	0.00583316
86	0.462463	0.456234	0.0057654
87	0.482208	0.456533	0.00570656
88	0.525948	0.457321	0.00569622
89	0.412773	0.456821	0.00565405
90	0.447365	0.456716	0.00559186
91	0.37271	0.455793	0.0056066
92	0.41535	0.455353	0.00556272
93	0.458499	0.455387	0.00550268
94	0.383169	0.454619	0.00549777
95	0.436609	0.454429	0.0054429
96	0.5259	0.455174	0.00543711
97	0.370107	0.454297	0.00545177
98	0.356316	0.453297	0.00548769
99	0.425738	0.453018	0.00543911
100	0.476355	0.453252	0.0053895
