1	13.6124	13.6124	0
2	13.5701	13.5912	0.0211111
3	12.0544	13.079	0.512426
4	14.0656	13.3256	0.438328
5	20.1759	14.6957	1.4115
6	7.47796	13.4927	1.66593
7	12.6333	13.37	1.41331
8	13.8182	13.426	1.22524
9	12.5993	13.3341	1.08446
10	6.5168	12.6524	1.18558
11	13.897	12.7655	1.07835
12	17.1137	13.1279	1.04897
13	9.95671	12.884	0.995265
14	12.0965	12.8277	0.923152
15	14.8652	12.9635	0.870075
16	14.5052	13.0599	0.819564
17	12.8333	13.0466	0.769962
18	10.0649	12.8809	0.744587
19	9.08844	12.6813	0.732047
20	13.8151	12.738	0.69679
21	7.87422	12.5064	0.702082
22	9.39467	12.3649	0.684189
23	10.698	12.2925	0.65777
24	12.308	12.2931	0.629768
25	8.36036	12.1358	0.6242
26	11.614	12.1157	0.600047
27	17.881	12.3293	0.615613
28	10.0561	12.2481	0.598749
29	13.0145	12.2745	0.578338
30	15.0738	12.3678	0.566466
31	13.1068	12.3917	0.548406
32	8.99893	12.2856	0.541473
33	14.4449	12.3511	0.528872
34	7.40284	12.2055	0.533322
35	10.9955	12.171	0.519013
36	10.1431	12.1146	0.507526
37	9.26427	12.0376	0.499594
38	11.8465	12.0326	0.486295
39	8.73644	11.948	0.481143
40	14.034	12.0002	0.47185
41	9.18871	11.9316	0.465279
42	8.99707	11.8618	0.45941
43	10.52	11.8305	0.449683
44	7.26889	11.7269	0.45141
45	14.4168	11.7866	0.445295
46	17.2306	11.905	0.451301
47	11.7355	11.9014	0.441609
48	16.0159	11.9871	0.440727
49	11.6451	11.9801	0.431696
50	13.986	12.0202	0.424872
51	12.822	12.036	0.416754
52	12.9225	12.053	0.409017
53	7.86738	11.974	0.408924
54	12.0404	11.9753	0.401282
55	9.89529	11.9375	0.395729
56	7.04596	11.8501	0.398294
57	8.03787	11.7832	0.39692
58	6.15662	11.6862	0.4019
59	8.61867	11.6342	0.398436
60	11.2835	11.6284	0.391783
61	12.329	11.6399	0.385478
62	6.84587	11.5625	0.387012
63	11.4449	11.5607	0.380824
64	13.628	11.593	0.376216
65	12.9596	11.614	0.370979
66	12.616	11.6292	0.36563
67	10.6565	11.6147	0.360424
68	16.154	11.6814	0.361305
69	11.5046	11.6789	0.356039
70	16.3902	11.7462	0.357312
71	8.33973	11.6982	0.355496
72	12.8127	11.7137	0.350866
73	15.9251	11.7714	0.350802
74	8.28569	11.7242	0.34922
75	7.09191	11.6625	0.350025
76	19.534	11.7661	0.360584
77	9.70222	11.7393	0.356878
78	9.99476	11.7169	0.352982
79	17.3873	11.7887	0.355801
80	6.84151	11.7268	0.356726
81	9.93902	11.7048	0.352985
82	8.77511	11.669	0.35048
83	17.722	11.742	0.353828
84	11.3748	11.7376	0.349618
85	8.80604	11.7031	0.347198
86	12.1992	11.7089	0.343185
87	12.5133	11.7181	0.339344
88	15.1875	11.7575	0.337774
89	11.9506	11.7597	0.333964
90	10.1332	11.7416	0.330727
91	7.24596	11.6922	0.330782
92	7.31111	11.6446	0.330615
93	8.72053	11.6132	0.328548
94	8.9248	11.5846	0.32629
95	12.2236	11.5913	0.322907
96	17.1901	11.6496	0.324805
97	12.1752	11.655	0.321485
98	8.46409	11.6225	0.319849
99	9.4888	11.6009	0.317334
100	10.317	11.5881	0.314407
