1	0.17588	0.17588	0
2	0.206828	0.191354	0.0154744
3	0.19811	0.193606	0.0092136
4	0.19209	0.193227	0.00652602
5	0.201039	0.194789	0.005291
6	0.181187	0.192522	0.00487879
7	0.204558	0.194242	0.00446745
8	0.196514	0.194526	0.00387934
9	0.212185	0.196488	0.003944
10	0.204138	0.197253	0.00360961
11	0.198034	0.197324	0.00326579
12	0.188002	0.196547	0.00308078
13	0.190982	0.196119	0.00286606
14	0.197332	0.196206	0.00265487
15	0.191728	0.195907	0.00248952
16	0.199712	0.196145	0.00234084
17	0.189299	0.195742	0.00223541
18	0.185569	0.195177	0.00218203
19	0.184084	0.194593	0.00214497
20	0.196318	0.19468	0.00203673
21	0.2032	0.195085	0.00197934
22	0.186492	0.194695	0.00192723
23	0.195754	0.194741	0.00184211
24	0.185136	0.194341	0.00180851
25	0.194995	0.194367	0.00173486
26	0.200186	0.194591	0.00168176
27	0.195768	0.194634	0.00161886
28	0.197768	0.194746	0.00156398
29	0.202584	0.195016	0.0015331
30	0.208741	0.195474	0.00155016
31	0.193522	0.195411	0.00150065
32	0.18783	0.195174	0.00147218
33	0.205061	0.195474	0.00145799
34	0.200672	0.195626	0.0014227
35	0.192547	0.195539	0.00138425
36	0.200934	0.195688	0.00135357
37	0.204928	0.195938	0.00133996
38	0.185822	0.195672	0.00133111
39	0.195289	0.195662	0.00129657
40	0.192976	0.195595	0.00126552
41	0.201678	0.195743	0.00124315
42	0.180859	0.195389	0.00126389
43	0.206053	0.195637	0.00125882
44	0.209274	0.195947	0.00126833
45	0.193722	0.195897	0.00124081
46	0.210883	0.196223	0.0012565
47	0.193791	0.196171	0.00123057
48	0.207171	0.196401	0.00122626
49	0.199372	0.196461	0.0012025
50	0.191118	0.196354	0.00118304
51	0.212699	0.196675	0.00120309
52	0.19675	0.196676	0.00117972
53	0.211613	0.196958	0.00119107
54	0.191212	0.196852	0.00117364
55	0.199578	0.196901	0.00115317
56	0.203178	0.197013	0.00113792
57	0.188278	0.19686	0.00112824
58	0.201571	0.196941	0.00111159
59	0.211485	0.197188	0.00112005
60	0.201314	0.197257	0.00110337
61	0.20064	0.197312	0.00108654
62	0.191046	0.197211	0.00107364
63	0.200752	0.197267	0.00105796
64	0.200358	0.197315	0.00104242
65	0.193774	0.197261	0.0010277
66	0.183799	0.197057	0.00103236
67	0.182726	0.196843	0.00103909
68	0.190544	0.196751	0.00102787
69	0.194213	0.196714	0.00101354
70	0.211903	0.196931	0.00102225
71	0.20458	0.197038	0.00101349
72	0.212928	0.197259	0.00102339
73	0.201592	0.197319	0.00101102
74	0.191483	0.19724	0.00100038
75	0.185174	0.197079	0.000999974
76	0.217912	0.197353	0.0010241
77	0.199168	0.197376	0.00101099
78	0.195372	0.197351	0.000998271
79	0.201528	0.197404	0.000986971
80	0.179149	0.197175	0.00100091
81	0.210896	0.197345	0.00100289
82	0.195712	0.197325	0.000990783
83	0.188777	0.197222	0.000984176
84	0.206718	0.197335	0.000978938
85	0.190679	0.197257	0.000970517
86	0.201136	0.197302	0.000960226
87	0.176942	0.197068	0.00097755
88	0.206157	0.197171	0.000971881
89	0.186726	0.197054	0.000968039
90	0.193582	0.197015	0.000958
91	0.191398	0.196953	0.000949422
92	0.195318	0.196936	0.000939214
93	0.20023	0.196971	0.000929735
94	0.199543	0.196998	0.000920198
95	0.194519	0.196972	0.000910835
96	0.19533	0.196955	0.000901459
97	0.181868	0.1968	0.000905575
98	0.194872	0.19678	0.000896503
99	0.207128	0.196885	0.000893536
100	0.192644	0.196842	0.000885572
