1	1.29936	1.29936	0
2	1.30964	1.3045	0.00514
3	1.2908	1.29993	0.00544619
4	1.25112	1.28773	0.0127966
5	1.35028	1.30024	0.0159609
6	1.51668	1.33631	0.0383552
7	1.23928	1.32245	0.0352555
8	1.31012	1.32091	0.0305711
9	1.33264	1.32221	0.0269926
10	1.44944	1.33494	0.0272901
11	1.35516	1.33677	0.0247532
12	1.22148	1.32717	0.0245542
13	1.44824	1.33648	0.0244314
14	1.21116	1.32753	0.0243259
15	1.33076	1.32774	0.0226472
16	1.2696	1.32411	0.021494
17	1.239	1.3191	0.0208015
18	1.3948	1.32331	0.0200577
19	1.20888	1.31729	0.0199056
20	1.3176	1.3173	0.0188841
21	1.26872	1.31499	0.0181108
22	1.3034	1.31446	0.017276
23	1.33556	1.31538	0.0165332
24	1.13288	1.30777	0.0175611
25	1.40444	1.31164	0.0172821
26	1.37344	1.31402	0.0167734
27	1.29472	1.3133	0.016156
28	1.44896	1.31815	0.0163047
29	1.31344	1.31799	0.0157333
30	1.46304	1.32282	0.0159503
31	1.27884	1.3214	0.0154923
32	1.47148	1.32609	0.0157164
33	1.12148	1.31989	0.0164463
34	1.2046	1.3165	0.0163116
35	1.54428	1.32301	0.0171236
36	1.3104	1.32266	0.0166449
37	1.38752	1.32441	0.0162834
38	1.37204	1.32567	0.0158986
39	1.65616	1.33414	0.0176526
40	1.39352	1.33562	0.0172696
41	1.50448	1.33974	0.0173393
42	1.45344	1.34245	0.0171366
43	1.36512	1.34298	0.0167416
44	1.44984	1.34541	0.016536
45	1.45888	1.34793	0.0163599
46	1.63412	1.35415	0.0171673
47	1.26032	1.35215	0.0169163
48	1.48596	1.35494	0.0167931
49	1.49032	1.3577	0.0166773
50	1.3262	1.35707	0.0163525
51	1.31536	1.35625	0.0160495
52	1.34664	1.35607	0.0157389
53	1.34348	1.35583	0.0154409
54	1.2458	1.35379	0.0152887
55	1.40872	1.35479	0.0150413
56	1.1834	1.35173	0.015084
57	1.405	1.35267	0.0148465
58	1.24236	1.35077	0.0147117
59	1.45508	1.35253	0.0145679
60	1.41148	1.35352	0.0143567
61	1.27944	1.3523	0.0141715
62	1.4024	1.35311	0.0139645
63	1.3498	1.35306	0.0137411
64	1.40264	1.35383	0.0135469
65	1.37608	1.35417	0.0133412
66	1.45964	1.35577	0.0132344
67	1.2454	1.35412	0.013139
68	1.31472	1.35355	0.0129573
69	1.29264	1.35266	0.0127986
70	1.58544	1.35599	0.0130454
71	1.3184	1.35546	0.0128713
72	1.45728	1.35687	0.0127698
73	1.36716	1.35701	0.0125944
74	1.26992	1.35584	0.0124787
75	1.55332	1.35847	0.0125896
76	1.38276	1.35879	0.012427
77	1.14404	1.356	0.0125776
78	1.25496	1.35471	0.0124827
79	1.4326	1.35569	0.0123631
80	1.31096	1.35513	0.0122204
81	1.41148	1.35583	0.0120886
82	1.33796	1.35561	0.0119422
83	1.43224	1.35653	0.0118336
84	1.6208	1.35968	0.0121077
85	1.33924	1.35944	0.0119668
86	1.20744	1.35767	0.0119582
87	1.33396	1.3574	0.0118231
88	1.18924	1.35549	0.0118431
89	1.32288	1.35512	0.011715
90	1.17692	1.35314	0.0117521
91	1.27436	1.35228	0.0116545
92	1.30548	1.35177	0.0115383
93	1.2328	1.35049	0.011485
94	1.39888	1.351	0.0113739
95	1.4402	1.35194	0.0112926
96	1.21996	1.35057	0.0112586
97	1.25916	1.34962	0.0111817
98	1.15168	1.3476	0.0112498
99	1.32232	1.34735	0.0111385
100	1.45588	1.34843	0.0110799
