1	-0.45984	-0.45984	0
2	-0.46096	-0.4604	0.00056
3	-0.47	-0.4636	0.00321629
4	-0.44872	-0.45988	0.00436012
5	-0.46024	-0.459952	0.0033781
6	-0.46952	-0.461547	0.00318601
7	-0.4596	-0.461269	0.002707
8	-0.45304	-0.46024	0.00256004
9	-0.46576	-0.460853	0.00233957
10	-0.46608	-0.461376	0.00215686
11	-0.46696	-0.461884	0.00201592
12	-0.45496	-0.461307	0.0019286
13	-0.45784	-0.46104	0.00179398
14	-0.46496	-0.46132	0.00168434
15	-0.45608	-0.460971	0.00160648
16	-0.46408	-0.461165	0.00151524
17	-0.45448	-0.460772	0.00147664
18	-0.46976	-0.461271	0.00147903
19	-0.46304	-0.461364	0.00140212
20	-0.4676	-0.461676	0.00136622
21	-0.456	-0.461406	0.00132735
22	-0.46344	-0.461498	0.00126895
23	-0.45928	-0.461402	0.00121635
24	-0.45712	-0.461223	0.00117815
25	-0.46648	-0.461434	0.00114944
26	-0.46328	-0.461505	0.00110663
27	-0.46688	-0.461704	0.0010833
28	-0.46816	-0.461934	0.00106906
29	-0.46112	-0.461906	0.00103192
30	-0.46848	-0.462125	0.00102073
31	-0.46504	-0.462219	0.000991719
32	-0.46984	-0.462457	0.000989319
33	-0.46848	-0.46264	0.000976084
34	-0.4608	-0.462586	0.000948485
35	-0.46952	-0.462784	0.000942055
36	-0.45112	-0.46246	0.000971154
37	-0.4624	-0.462458	0.000944543
38	-0.4668	-0.462573	0.000926423
39	-0.47024	-0.462769	0.000923525
40	-0.46288	-0.462772	0.000900145
41	-0.4684	-0.462909	0.000888582
42	-0.46336	-0.46292	0.000867234
43	-0.46752	-0.463027	0.000853556
44	-0.46072	-0.462975	0.000835578
45	-0.46472	-0.463013	0.000817719
46	-0.46248	-0.463002	0.000799829
47	-0.46824	-0.463113	0.000790522
48	-0.45848	-0.463017	0.000779874
49	-0.46528	-0.463063	0.000765188
50	-0.4716	-0.463234	0.000768925
51	-0.45664	-0.463104	0.000764705
52	-0.466	-0.46316	0.00075192
53	-0.47248	-0.463336	0.000758269
54	-0.45656	-0.46321	0.0007546
55	-0.46728	-0.463284	0.000744439
56	-0.45392	-0.463117	0.000749907
57	-0.46312	-0.463117	0.000736633
58	-0.45848	-0.463037	0.000728223
59	-0.46352	-0.463045	0.000715821
60	-0.47304	-0.463212	0.000723234
61	-0.46008	-0.463161	0.00071313
62	-0.46616	-0.463209	0.000703199
63	-0.45592	-0.463093	0.000701554
64	-0.46184	-0.463074	0.000690782
65	-0.46144	-0.463049	0.000680536
66	-0.46032	-0.463007	0.00067142
67	-0.46712	-0.463069	0.000664165
68	-0.46808	-0.463142	0.000658463
69	-0.45248	-0.462988	0.000666996
70	-0.46376	-0.462999	0.000657491
71	-0.46128	-0.462975	0.000648617
72	-0.4656	-0.463011	0.000640583
73	-0.4712	-0.463123	0.000641629
74	-0.44736	-0.46291	0.000667786
75	-0.46584	-0.462949	0.000659979
76	-0.4632	-0.462953	0.000651245
77	-0.4656	-0.462987	0.000643651
78	-0.45656	-0.462905	0.000640666
79	-0.4696	-0.462989	0.000638157
80	-0.47032	-0.463081	0.000636758
81	-0.46288	-0.463079	0.000628852
82	-0.4672	-0.463129	0.000623166
83	-0.46136	-0.463107	0.000615981
84	-0.4676	-0.463161	0.000610949
85	-0.45968	-0.46312	0.000605106
86	-0.45712	-0.46305	0.000602085
87	-0.4628	-0.463047	0.000595131
88	-0.45432	-0.462948	0.000596629
89	-0.44944	-0.462796	0.000609101
90	-0.46656	-0.462838	0.000603745
91	-0.45688	-0.462773	0.000600653
92	-0.45816	-0.462723	0.0005962
93	-0.46088	-0.462703	0.000590087
94	-0.46768	-0.462756	0.000586172
95	-0.46032	-0.46273	0.000580536
96	-0.45704	-0.462671	0.000577506
97	-0.45728	-0.462615	0.000574217
98	-0.4472	-0.462458	0.000589694
99	-0.46688	-0.462503	0.000585414
100	-0.46928	-0.46257	0.00058348
