1	-0.0152	-0.0152	0
2	0.02372	0.00426	0.01946
3	0.00576	0.00476	0.0112464
4	-0.008	0.00157	0.00856834
5	0.003	0.001856	0.00664316
6	-0.00564	0.000606667	0.00556614
7	-0.01552	-0.00169714	0.00523808
8	0.00932	-0.00032	0.00474074
9	-0.01624	-0.00208889	0.00453974
10	-0.014	-0.00328	0.00423156
11	0.02244	-0.000941818	0.00448526
12	0.00428	-0.000506667	0.00411752
13	0.01472	0.000664615	0.00396454
14	0.00836	0.00121429	0.00371138
15	0.0194	0.00242667	0.00366165
16	0.00832	0.002795	0.0034449
17	0.0058	0.00297176	0.00324075
18	0.0116	0.00345111	0.00309278
19	-0.01184	0.00264632	0.00303416
20	-0.01856	0.001586	0.00306753
21	0.01104	0.00203619	0.00295233
22	0.00276	0.00206909	0.00281513
23	0.01204	0.00250261	0.00272466
24	0.00856	0.002755	0.00262084
25	0.0102	0.0030528	0.0025314
26	-0.01112	0.00250769	0.00249243
27	0.00976	0.0027763	0.00241334
28	-0.0108	0.00229143	0.00237556
29	-0.00096	0.00217931	0.00229492
30	0.0244	0.00292	0.00233756
31	0.00356	0.00294065	0.00226099
32	0.01468	0.0033075	0.00221972
33	-0.01892	0.00263394	0.00225438
34	-0.0018	0.00250353	0.00219095
35	0.011	0.00274629	0.00214124
36	-0.00128	0.00263444	0.00208391
37	0.00192	0.00261514	0.0020269
38	-0.01844	0.00206105	0.00204917
39	0.01784	0.00246564	0.00203653
40	-0.00776	0.00221	0.00200136
41	-0.02832	0.00146537	0.00208915
42	0.00376	0.00152	0.00203953
43	0.03608	0.00232372	0.0021476
44	0.00344	0.00234909	0.00209837
45	-0.00712	0.00213867	0.00206198
46	-0.0222	0.00160957	0.00208491
47	-0.01672	0.00121957	0.00207701
48	0.005	0.00129833	0.0020348
49	-0.0024	0.00122286	0.00199427
50	-0.01892	0.00082	0.00199508
51	-0.00808	0.00064549	0.00196334
52	-0.01472	0.00035	0.00194775
53	-0.03252	-0.000270189	0.00200879
54	-0.00204	-0.000302963	0.00197151
55	-0.02296	-0.000714909	0.00197869
56	0.00396	-0.000631429	0.00194483
57	0.00044	-0.000612632	0.00191049
58	-0.01636	-0.000884138	0.0018968
59	-0.01436	-0.00111254	0.00187831
60	-0.03332	-0.00164933	0.00192317
61	0.01256	-0.00141639	0.00190567
62	0.00176	-0.00136516	0.00187538
63	-0.00772	-0.00146603	0.00184813
64	-0.00176	-0.00147062	0.00181903
65	-0.02472	-0.00182831	0.0018262
66	0.00604	-0.00170909	0.00180226
67	-0.02316	-0.00202925	0.0018038
68	-0.00696	-0.00210176	0.00177855
69	0.01096	-0.00191246	0.00176278
70	-0.00536	-0.00196171	0.00173811
71	-0.00728	-0.00203662	0.0017151
72	0.0084	-0.00189167	0.00169731
73	0.019	-0.00160548	0.00169818
74	-0.00128	-0.00160108	0.00167508
75	0.02108	-0.00129867	0.00168004
76	0.021	-0.00100526	0.00168355
77	-0.00196	-0.00101766	0.00166159
78	0.00256	-0.000971795	0.00164079
79	-0.04052	-0.00147241	0.00169548
80	0.02208	-0.001178	0.00169984
81	0.037	-0.000706667	0.00174364
82	0.01252	-0.000545366	0.00172978
83	-0.00872	-0.000643855	0.00171165
84	-0.0204	-0.000879048	0.00170742
85	0.02204	-0.000609412	0.00170862
86	0.00144	-0.000585581	0.00168881
87	0.00252	-0.000549885	0.00166967
88	0.00412	-0.000496818	0.00165144
89	-0.00376	-0.000533483	0.00163319
90	0.0226	-0.000276444	0.00163527
91	0.00372	-0.000232527	0.00161779
92	-0.00764	-0.000313043	0.00160214
93	-0.01352	-0.000455054	0.00159116
94	-0.01248	-0.000582979	0.00157934
95	-0.03708	-0.000967158	0.00160916
96	0.01604	-0.00079	0.00160213
97	0.01164	-0.000661856	0.0015907
98	0.00464	-0.000607755	0.00157531
99	0.0252	-0.000347071	0.00158096
100	0.00612	-0.0002824	0.0015664
