1	0.1986	0.1986	0
2	0.07672	0.13766	0.06094
3	0.18936	0.154893	0.0391776
4	0.21348	0.16954	0.0313363
5	0.13344	0.16232	0.0253241
6	0.07232	0.14732	0.0255448
7	0.0822	0.138017	0.0235083
8	0.3476	0.164215	0.0331784
9	0.15148	0.1628	0.0292948
10	0.05904	0.152424	0.0281818
11	0.03028	0.14132	0.0278048
12	0.14828	0.1419	0.0253888
13	0.1926	0.1458	0.0236777
14	0.12076	0.144011	0.0219942
15	0.21176	0.148528	0.0209677
16	0.08108	0.144313	0.0200614
17	0.05596	0.139115	0.0195479
18	0.07092	0.135327	0.0188153
19	0.14492	0.135832	0.0178047
20	0.1052	0.1343	0.0169603
21	0.23584	0.139135	0.0168415
22	0.10528	0.137596	0.0161313
23	0.08848	0.135461	0.0155612
24	0.067	0.132608	0.0151694
25	-0.01592	0.126667	0.0157162
26	0.08652	0.125123	0.0151783
27	0.31592	0.13219	0.0162251
28	0.17904	0.133863	0.0157242
29	0.24376	0.137652	0.0156384
30	0.08432	0.135875	0.0152123
31	0.12972	0.135676	0.0147148
32	0.178	0.136999	0.0143088
33	-0.03904	0.131664	0.014859
34	-0.01768	0.127272	0.0150697
35	0.08972	0.126199	0.0146721
36	-0.02664	0.121953	0.0148773
37	0.1322	0.12223	0.0144723
38	0.0372	0.119993	0.0142629
39	-0.09268	0.114539	0.0149243
40	0.13472	0.115044	0.0145552
41	0.06068	0.113718	0.0142575
42	0.052	0.112249	0.0139913
43	0.1764	0.11374	0.0137433
44	0.30484	0.118084	0.0141122
45	0.01964	0.115896	0.0139674
46	0.08372	0.115197	0.0136783
47	0.246	0.11798	0.0136704
48	0.11916	0.118004	0.0133826
49	0.16064	0.118874	0.0131355
50	0.21732	0.120843	0.0130198
51	0.21076	0.122606	0.0128832
52	0.19164	0.123934	0.0127026
53	0.08628	0.123223	0.0124809
54	0.09772	0.122751	0.0122566
55	0.04788	0.12139	0.0121085
56	0.11216	0.121225	0.0118915
57	0.11168	0.121058	0.0116822
58	0.21768	0.122723	0.0115992
59	0.23008	0.124543	0.0115452
60	0.01692	0.122749	0.011492
61	0.14812	0.123165	0.0113097
62	0.0688	0.122288	0.0111603
63	0.19796	0.12349	0.0110472
64	0.15516	0.123984	0.0108845
65	0.18388	0.124906	0.0107553
66	0.05732	0.123882	0.0106405
67	0.22892	0.12545	0.0105971
68	0.18152	0.126274	0.0104726
69	0.14936	0.126609	0.0103251
70	0.11628	0.126461	0.0101776
71	0.13192	0.126538	0.0100335
72	0.1274	0.12655	0.00989319
73	0.115	0.126392	0.00975801
74	0.21608	0.127604	0.00970124
75	0.22212	0.128864	0.00965363
76	0.20612	0.129881	0.00957985
77	0.09756	0.129461	0.00946393
78	0.20136	0.130383	0.00938718
79	0.16728	0.13085	0.00927935
80	-0.01196	0.129064	0.0093349
81	0.09724	0.128672	0.0092273
82	0.32236	0.131034	0.00941519
83	0.02484	0.129754	0.00938864
84	-0.03184	0.12783	0.00947358
85	0.06984	0.127148	0.00938629
86	0.17036	0.127651	0.0092901
87	0.09768	0.127306	0.00918916
88	0.1702	0.127794	0.0090972
89	0.1104	0.127598	0.00899653
90	0.11408	0.127448	0.00889727
91	0.0896	0.127032	0.00880878
92	0.14644	0.127243	0.00871506
93	0.03508	0.126252	0.00867762
94	0.17756	0.126798	0.00860214
95	0.25832	0.128182	0.00862297
96	0.00152	0.126863	0.00863408
97	0.1416	0.127015	0.00854596
98	0.0772	0.126507	0.00847357
99	0.0794	0.126031	0.00840102
100	0.23328	0.127103	0.00838546
