1	0.426057	0.426057	0
2	0.350913	0.388485	0.0375719
3	0.42101	0.399326	0.0242505
4	0.394498	0.398119	0.0171901
5	0.505937	0.419683	0.0253434
6	0.35421	0.408771	0.0233938
7	0.405876	0.408357	0.0197757
8	0.459484	0.414748	0.0182798
9	0.425827	0.415979	0.0161682
10	0.418086	0.41619	0.0144628
11	0.399578	0.41468	0.013169
12	0.418539	0.415001	0.0120259
13	0.428346	0.416028	0.0111097
14	0.403878	0.41516	0.0103221
15	0.437397	0.416642	0.00972306
16	0.392032	0.415104	0.00922424
17	0.444019	0.416805	0.00883002
18	0.418707	0.416911	0.0083257
19	0.437871	0.418014	0.00795221
20	0.400444	0.417135	0.00759511
21	0.405689	0.41659	0.00724492
22	0.447513	0.417996	0.00704932
23	0.399859	0.417207	0.00678185
24	0.399828	0.416483	0.00653338
25	0.361082	0.414267	0.0066469
26	0.368312	0.4125	0.00662622
27	0.440397	0.413533	0.00645925
28	0.409353	0.413384	0.00622608
29	0.436012	0.414164	0.00605802
30	0.436091	0.414895	0.00589807
31	0.446964	0.415929	0.00579767
32	0.451583	0.417043	0.00572307
33	0.375309	0.415779	0.00568928
34	0.426401	0.416091	0.00552825
35	0.435523	0.416646	0.00539661
36	0.37034	0.41536	0.0054
37	0.411829	0.415265	0.00525289
38	0.435578	0.415799	0.00514066
39	0.442923	0.416495	0.00505518
40	0.435435	0.416968	0.00494988
41	0.379241	0.416048	0.00491456
42	0.389083	0.415406	0.0048389
43	0.480322	0.416916	0.00496034
44	0.431454	0.417246	0.00485755
45	0.412392	0.417138	0.0047496
46	0.457771	0.418022	0.00472844
47	0.488325	0.419517	0.00486253
48	0.470356	0.420577	0.00487656
49	0.408088	0.420322	0.00478279
50	0.460613	0.421127	0.00475494
51	0.455361	0.421799	0.00470887
52	0.433107	0.422016	0.00462254
53	0.3917	0.421444	0.00457042
54	0.376329	0.420609	0.00456213
55	0.42499	0.420688	0.00447913
56	0.395764	0.420243	0.00442088
57	0.379884	0.419535	0.00439997
58	0.415225	0.419461	0.00432408
59	0.48478	0.420568	0.00439198
60	0.358017	0.419526	0.00444223
61	0.449244	0.420013	0.00439588
62	0.420824	0.420026	0.00432442
63	0.452368	0.420539	0.00428608
64	0.483012	0.421515	0.00433004
65	0.414702	0.42141	0.00426419
66	0.392211	0.420968	0.00422233
67	0.392518	0.420543	0.00418045
68	0.429362	0.420673	0.00412055
69	0.399098	0.42036	0.00407242
70	0.369525	0.419634	0.00407899
71	0.395336	0.419292	0.00403566
72	0.390912	0.418898	0.00399869
73	0.422429	0.418946	0.00394383
74	0.374192	0.418341	0.00393691
75	0.441591	0.418651	0.00389641
76	0.434138	0.418855	0.0038502
77	0.383315	0.418394	0.00382779
78	0.429536	0.418536	0.0037811
79	0.442671	0.418842	0.00374541
80	0.337449	0.417825	0.00383569
81	0.425787	0.417923	0.00378932
82	0.485689	0.418749	0.00383297
83	0.42736	0.418853	0.00378793
84	0.40896	0.418735	0.00374442
85	0.440444	0.418991	0.00370891
86	0.397752	0.418744	0.00367384
87	0.378926	0.418286	0.00366009
88	0.453623	0.418688	0.00364047
89	0.403396	0.418516	0.00360344
90	0.375629	0.418039	0.0035949
91	0.447787	0.418366	0.00357017
92	0.438329	0.418583	0.00353781
93	0.361984	0.417975	0.00355209
94	0.402542	0.41781	0.00351793
95	0.422874	0.417864	0.00348111
96	0.445001	0.418146	0.00345624
97	0.447874	0.418453	0.00343412
98	0.41523	0.41842	0.00339906
99	0.412523	0.41836	0.00336508
100	0.450416	0.418681	0.00334664
