1	7.36267	7.36267	0
2	6.03078	6.69672	0.665943
3	8.8125	7.40198	0.803252
4	7.13333	7.33482	0.571942
5	8.94415	7.65669	0.547603
6	6.82758	7.5185	0.467982
7	6.41196	7.36042	0.425937
8	11.2469	7.84624	0.609985
9	6.46499	7.69277	0.55942
10	5.4688	7.47037	0.547559
11	5.73554	7.31266	0.519789
12	5.29745	7.14472	0.503341
13	5.79131	7.04062	0.474567
14	6.76183	7.0207	0.439815
15	7.5773	7.05781	0.411123
16	6.41394	7.01757	0.38667
17	7.04891	7.01941	0.363218
18	6.6288	6.99771	0.343132
19	7.86476	7.04334	0.327763
20	4.72442	6.9274	0.331857
21	8.61288	7.00766	0.325703
22	6.11261	6.96697	0.313199
23	7.61691	6.99523	0.300603
24	5.56076	6.93546	0.293947
25	6.81676	6.93072	0.281984
26	5.10971	6.86068	0.279828
27	10.3869	6.99128	0.299266
28	7.33029	7.00339	0.288634
29	8.24213	7.0461	0.28176
30	5.31261	6.98832	0.278271
31	6.90415	6.9856	0.269159
32	6.81615	6.98031	0.260666
33	4.44389	6.90345	0.264076
34	5.41455	6.85965	0.259907
35	6.75131	6.85656	0.252391
36	4.91703	6.80268	0.251127
37	6.36411	6.79083	0.244533
38	7.66888	6.81394	0.23913
39	6.79596	6.81348	0.232918
40	7.63931	6.83412	0.227958
41	7.7869	6.85736	0.223539
42	5.88282	6.83416	0.219383
43	8.71528	6.8779	0.218641
44	9.70583	6.94217	0.223074
45	8.69265	6.98107	0.221502
46	8.0496	7.0043	0.217875
47	10.3532	7.07556	0.224782
48	8.32221	7.10153	0.221576
49	5.83482	7.07568	0.218542
50	8.31977	7.10056	0.215567
51	6.58537	7.09046	0.211539
52	8.0269	7.10847	0.208212
53	6.21082	7.09153	0.204946
54	6.53585	7.08124	0.201378
55	5.00853	7.04355	0.201243
56	6.22095	7.02886	0.198162
57	6.81204	7.02506	0.194691
58	7.74918	7.03754	0.191712
59	7.85448	7.05139	0.188943
60	4.34065	7.00621	0.191182
61	8.58552	7.0321	0.189796
62	5.77813	7.01188	0.187802
63	9.09234	7.0449	0.187724
64	8.47749	7.06728	0.186119
65	7.42621	7.07281	0.183316
66	4.05371	7.02706	0.186223
67	6.75451	7.02299	0.183468
68	8.21455	7.04052	0.181597
69	7.3152	7.0445	0.17899
70	6.31063	7.03401	0.176726
71	7.37798	7.03886	0.174286
72	7.08625	7.03952	0.17185
73	5.86629	7.02345	0.17024
74	6.70156	7.0191	0.16798
75	8.65928	7.04097	0.167161
76	8.04305	7.05415	0.165473
77	5.94248	7.03971	0.163947
78	6.1312	7.02807	0.16225
79	7.9581	7.03984	0.160615
80	6.09272	7.028	0.159036
81	7.40046	7.0326	0.157128
82	10.6862	7.07715	0.161469
83	6.09394	7.06531	0.159951
84	5.32632	7.04461	0.159386
85	5.28975	7.02396	0.158847
86	6.30728	7.01563	0.15721
87	6.74956	7.01257	0.155422
88	6.02705	7.00137	0.154054
89	8.00503	7.01265	0.15273
90	7.05189	7.01308	0.151024
91	7.74004	7.02107	0.149569
92	7.26179	7.02369	0.147957
93	6.26126	7.01549	0.146587
94	6.9395	7.01468	0.145021
95	9.99406	7.04604	0.146874
96	6.86446	7.04415	0.145348
97	10.1923	7.07661	0.147458
98	5.49059	7.06042	0.14684
99	7.15086	7.06134	0.145352
100	7.04716	7.06119	0.143892
