1	-0.753172	-0.753172	0
2	-0.736494	-0.744833	0.0083388
3	-0.749787	-0.746485	0.00508974
4	-0.75315	-0.748151	0.003966
5	-0.747309	-0.747982	0.00307666
6	-0.740486	-0.746733	0.0028056
7	-0.747564	-0.746852	0.00237414
8	-0.769512	-0.749684	0.00350009
9	-0.74231	-0.748865	0.00319369
10	-0.723821	-0.74636	0.00379892
11	-0.743806	-0.746128	0.0034441
12	-0.733606	-0.745085	0.00331268
13	-0.751452	-0.745574	0.00308633
14	-0.747455	-0.745709	0.00286054
15	-0.754955	-0.746325	0.00273344
16	-0.751942	-0.746676	0.00258088
17	-0.761039	-0.747521	0.00256732
18	-0.742938	-0.747267	0.00243384
19	-0.745458	-0.747171	0.00230415
20	-0.736824	-0.746654	0.0022463
21	-0.757277	-0.74716	0.00219572
22	-0.742426	-0.746945	0.00210457
23	-0.74561	-0.746887	0.00201182
24	-0.74134	-0.746656	0.00193999
25	-0.744482	-0.746569	0.0018628
26	-0.76477	-0.747269	0.00192177
27	-0.762958	-0.74785	0.00193838
28	-0.747901	-0.747852	0.00186787
29	-0.760795	-0.748298	0.00185675
30	-0.749446	-0.748336	0.0017942
31	-0.748034	-0.748326	0.00173539
32	-0.74028	-0.748075	0.00169899
33	-0.739699	-0.747821	0.00166615
34	-0.731166	-0.747331	0.00168899
35	-0.745074	-0.747267	0.0016413
36	-0.740827	-0.747088	0.00160505
37	-0.742724	-0.74697	0.00156552
38	-0.749224	-0.747029	0.00152492
39	-0.738386	-0.746808	0.00150174
40	-0.771014	-0.747413	0.00158389
41	-0.760494	-0.747732	0.00157738
42	-0.73256	-0.747371	0.00158118
43	-0.759288	-0.747648	0.00156865
44	-0.751457	-0.747734	0.00153502
45	-0.751433	-0.747817	0.00150277
46	-0.753034	-0.74793	0.00147411
47	-0.7622	-0.748234	0.00147401
48	-0.742943	-0.748123	0.00144718
49	-0.749853	-0.748159	0.00141778
50	-0.743306	-0.748062	0.00139252
51	-0.739175	-0.747887	0.00137602
52	-0.757513	-0.748073	0.00136194
53	-0.744766	-0.74801	0.00133745
54	-0.751234	-0.74807	0.0013138
55	-0.741278	-0.747946	0.0012956
56	-0.731043	-0.747644	0.00130757
57	-0.740074	-0.747512	0.00129127
58	-0.745234	-0.747472	0.00126942
59	-0.749402	-0.747505	0.00124815
60	-0.735218	-0.7473	0.00124414
61	-0.750162	-0.747347	0.00122447
62	-0.723696	-0.746966	0.00126352
63	-0.745239	-0.746938	0.0012436
64	-0.757823	-0.747108	0.00123578
65	-0.759438	-0.747298	0.00123131
66	-0.724426	-0.746952	0.00126106
67	-0.750978	-0.747012	0.00124355
68	-0.75515	-0.747131	0.00123096
69	-0.753947	-0.74723	0.00121701
70	-0.741206	-0.747144	0.00120258
71	-0.737118	-0.747003	0.0011939
72	-0.748148	-0.747019	0.00117731
73	-0.74686	-0.747017	0.00116107
74	-0.745922	-0.747002	0.00114537
75	-0.752282	-0.747072	0.00113218
76	-0.749322	-0.747102	0.00111758
77	-0.728671	-0.746862	0.00112864
78	-0.734347	-0.746702	0.00112558
79	-0.750306	-0.746748	0.00111217
80	-0.740641	-0.746671	0.00110083
81	-0.753145	-0.746751	0.00109009
82	-0.776607	-0.747115	0.00113661
83	-0.746497	-0.747108	0.00112286
84	-0.735283	-0.746967	0.0011183
85	-0.747317	-0.746971	0.00110508
86	-0.752607	-0.747037	0.00109412
87	-0.748194	-0.74705	0.00108155
88	-0.748124	-0.747062	0.00106926
89	-0.748128	-0.747074	0.00105724
90	-0.753562	-0.747146	0.00104791
91	-0.744992	-0.747123	0.0010366
92	-0.752849	-0.747185	0.00102716
93	-0.744942	-0.747161	0.00101634
94	-0.731391	-0.746993	0.00101937
95	-0.765486	-0.747188	0.0010272
96	-0.74323	-0.747146	0.00101728
97	-0.755152	-0.747229	0.00101011
98	-0.731384	-0.747067	0.00101274
99	-0.737028	-0.746966	0.00100758
100	-0.750506	-0.747001	0.000998077
