1.81075
1.81713
1.80482
1.8336
1.78596
1.81447
1.85322
1.82826
1.78462
1.80985
1.83613
1.81536
1.80752
1.80431
1.81455
1.82208
1.81571
1.77677
1.79871
1.8081
1.79477
1.78032
1.77106
1.76765
1.75906
1.77679
1.75065
1.77387
1.77606
1.80357
1.80501
1.78737
1.80831
1.7777
1.77422
1.80875
1.80341
1.79163
1.78173
1.79317
1.81689
1.82471
1.82003
1.82161
1.864
1.83694
1.77208
1.87805
1.88919
1.85919
1.86341
1.87054
1.86389
1.84566
1.78662
1.83166
1.84981
1.8452
1.81508
1.81339
1.86244
1.87639
1.81853
1.87863
1.90418
1.871
1.82981
1.9062
1.87086
1.87473
1.85082
1.87818
1.86352
1.86598
1.86778
1.89943
1.92056
1.86477
1.92123
1.92346
1.91699
1.92606
1.93045
1.87977
1.92209
1.94463
1.8552
1.95563
1.91223
1.9002
1.91125
1.91112
1.92909
1.91936
1.8706
1.9323
1.8418
1.93077
1.88233
1.91531
