0.0432495
0.0462679
0.0506497
0.0490721
0.0602033
0.0515972
0.0438871
0.0553108
0.0662806
0.0568173
0.0478556
0.0486472
0.0489851
0.047844
0.0446348
0.0439208
0.0478528
0.0593966
0.0490267
0.0420843
0.0421189
0.0437466
0.0447502
0.0465124
0.0473397
0.0477253
0.0538135
0.052946
0.0529688
0.0477142
0.0515299
0.0572902
0.0573075
0.0641428
0.059337
0.0469799
0.0444179
0.0458721
0.0481906
0.0441201
0.0404313
0.0445428
0.0537653
0.0592945
0.0565643
0.073032
0.0833922
0.0535313
0.0462571
0.0531448
0.0495545
0.0487322
0.0510501
0.0612975
0.0713734
0.0526443
0.0424405
0.0409337
0.0520846
0.0513616
0.0422534
0.0461681
0.0646189
0.0577841
0.0583241
0.0730659
0.0737935
0.0492256
0.0492083
0.0437984
0.0506714
0.0464567
0.056609
0.0597639
0.0604717
0.0538172
0.0525091
0.0651947
0.0508219
0.0513922
0.0530485
0.0530328
0.0555427
0.0662415
0.051644
0.0479844
0.0641902
0.0439856
0.0546761
0.0595607
0.0535078
0.0502846
0.0452872
0.0508379
0.0660634
0.0558101
0.0826736
0.0638497
0.0700611
0.0586284
