1	3.91433	3.91433	0
2	4.83487	4.3746	0.460267
3	4.268	4.33907	0.2681
4	4.96667	4.49597	0.246082
5	4.5582	4.50841	0.19102
6	3.63273	4.36247	0.213603
7	4.2208	4.34223	0.181658
8	3.83247	4.27851	0.169735
9	5.11507	4.37146	0.176204
10	4.01427	4.33574	0.161598
11	4.01573	4.30665	0.149038
12	3.76967	4.2619	0.143223
13	3.98507	4.24061	0.133456
14	4.54133	4.26209	0.125409
15	5.91967	4.37259	0.160754
16	4.14487	4.35836	0.151044
17	4.63407	4.37458	0.142805
18	4.2074	4.36529	0.134958
19	4.37747	4.36593	0.127659
20	4.31873	4.36357	0.121131
21	4.4616	4.36824	0.115313
22	5.05887	4.39963	0.11434
23	4.25993	4.39356	0.109425
24	4.28413	4.389	0.104865
25	4.40693	4.38971	0.100586
26	4.40267	4.39021	0.096641
27	3.7474	4.3664	0.0959921
28	5.45353	4.40523	0.100318
29	4.95267	4.42411	0.0986208
30	4.40533	4.42348	0.0952788
31	5.3396	4.45303	0.0967765
32	5.55007	4.48732	0.0997778
33	4.34187	4.48291	0.0968074
34	4.45053	4.48196	0.0939218
35	4.20447	4.47403	0.0915428
36	4.45773	4.47358	0.0889648
37	3.93113	4.45892	0.0877601
38	3.79247	4.44138	0.0872013
39	5.072	4.45755	0.0864614
40	4.52887	4.45933	0.084291
41	4.40033	4.45789	0.0822221
42	4.22227	4.45228	0.0804364
43	4.71093	4.4583	0.0787735
44	3.5828	4.4384	0.0794929
45	5.081	4.45268	0.0790075
46	4.0776	4.44452	0.0776999
47	3.87973	4.43251	0.0769726
48	4.79007	4.43996	0.0757192
49	4.60273	4.44328	0.0742322
50	3.6008	4.42643	0.0746586
51	4.35907	4.42511	0.073192
52	4.89467	4.43414	0.0723365
53	4.3016	4.43164	0.0710026
54	4.80587	4.43857	0.0700191
55	4.84653	4.44599	0.0691333
56	5.43373	4.46362	0.0701416
57	5.5978	4.48352	0.0717157
58	4.039	4.47586	0.0708839
59	4.649	4.47879	0.0697339
60	5.058	4.48845	0.0692381
61	4.255	4.48462	0.068201
62	4.19167	4.47989	0.0672582
63	3.36327	4.46217	0.0685142
64	4.1124	4.4567	0.0676563
65	4.3534	4.45511	0.0666263
66	4.0528	4.44902	0.0658916
67	5.25073	4.46099	0.0659945
68	4.17153	4.45673	0.065156
69	4.76513	4.4612	0.0643601
70	4.53847	4.4623	0.0634436
71	4.27067	4.4596	0.0626019
72	4.6124	4.46172	0.0617628
73	4.83487	4.46684	0.0611249
74	5.27387	4.47774	0.0612716
75	4.35	4.47604	0.0604731
76	4.387	4.47487	0.0596836
77	4.2554	4.47202	0.0589724
78	3.8052	4.46347	0.0588358
79	4.5496	4.46456	0.0580965
80	4.48987	4.46487	0.0573666
81	4.88713	4.47009	0.0568932
82	5.57907	4.48361	0.0577996
83	4.463	4.48336	0.0570995
84	3.52353	4.47194	0.0575612
85	4.40927	4.4712	0.0568848
86	4.703	4.4739	0.056284
87	3.31153	4.46053	0.0572151
88	4.6736	4.46296	0.056613
89	4.32953	4.46146	0.0559933
90	5.59887	4.47409	0.0567917
91	4.35573	4.47279	0.0561792
92	5.199	4.48069	0.0561231
93	3.8554	4.47396	0.055922
94	4.82107	4.47766	0.055447
95	5.20467	4.48531	0.0553914
96	3.97647	4.48001	0.0550671
97	3.87233	4.47374	0.0548553
98	3.97553	4.46866	0.0545302
99	4.45013	4.46847	0.0539769
100	5.34067	4.4772	0.0541415
