1	0.33792	0.33792	0
2	0.370595	0.354257	0.0163374
3	0.316978	0.341831	0.015601
4	0.417023	0.360629	0.021796
5	0.425555	0.373614	0.0212992
6	0.357578	0.370941	0.0175949
7	0.379032	0.372097	0.0149153
8	0.363849	0.371066	0.0129581
9	0.375381	0.371546	0.011438
10	0.33383	0.367774	0.0109035
11	0.344972	0.365701	0.0100781
12	0.345562	0.364023	0.00935182
13	0.343102	0.362414	0.00875166
14	0.357934	0.362094	0.00810878
15	0.346556	0.361058	0.0076196
16	0.3358	0.359479	0.00730021
17	0.335228	0.358053	0.00700417
18	0.316158	0.355725	0.00700176
19	0.361965	0.356054	0.00663114
20	0.397226	0.358112	0.00661912
21	0.36427	0.358405	0.00630287
22	0.362239	0.35858	0.00601207
23	0.341342	0.35783	0.00579342
24	0.338719	0.357034	0.00560364
25	0.360692	0.35718	0.00537682
26	0.386221	0.358297	0.00528525
27	0.373578	0.358863	0.00511713
28	0.398	0.360261	0.00512526
29	0.36518	0.360431	0.00494828
30	0.389035	0.361384	0.00487465
31	0.343402	0.360804	0.00475033
32	0.379918	0.361401	0.00463811
33	0.376889	0.361871	0.0045198
34	0.339537	0.361214	0.00443378
35	0.376436	0.361649	0.00432715
36	0.364394	0.361725	0.00420592
37	0.339474	0.361124	0.00413464
38	0.334407	0.36042	0.00408532
39	0.405756	0.361583	0.0041455
40	0.351968	0.361343	0.00404768
41	0.360903	0.361332	0.00394774
42	0.376661	0.361697	0.00386985
43	0.322186	0.360778	0.00388889
44	0.339321	0.36029	0.00383064
45	0.350958	0.360083	0.00375029
46	0.363811	0.360164	0.00366875
47	0.372053	0.360417	0.00359874
48	0.36384	0.360488	0.00352369
49	0.361106	0.360501	0.00345106
50	0.36555	0.360602	0.00338284
51	0.34336	0.360264	0.00333303
52	0.354755	0.360158	0.00327003
53	0.36736	0.360294	0.00321061
54	0.344732	0.360006	0.00316375
55	0.358841	0.359984	0.00310576
56	0.382663	0.360389	0.00307657
57	0.35752	0.360339	0.00302253
58	0.354346	0.360236	0.00297176
59	0.413061	0.361131	0.0030551
60	0.406684	0.36189	0.00309821
61	0.366111	0.361959	0.00304778
62	0.344156	0.361672	0.00301194
63	0.378445	0.361939	0.00297568
64	0.358034	0.361877	0.00292945
65	0.392192	0.362344	0.0029215
66	0.385333	0.362692	0.0028979
67	0.378641	0.36293	0.00286423
68	0.35958	0.362881	0.00282222
69	0.369276	0.362974	0.00278257
70	0.395598	0.36344	0.00278185
71	0.37355	0.363582	0.00274608
72	0.41264	0.364263	0.00279208
73	0.353278	0.364113	0.00275768
74	0.426635	0.364958	0.00284835
75	0.316133	0.364307	0.00288453
76	0.402435	0.364809	0.0028902
77	0.336444	0.36444	0.00287611
78	0.363654	0.36443	0.00283901
79	0.358645	0.364357	0.0028038
80	0.36289	0.364339	0.0027686
81	0.419978	0.365025	0.00281917
82	0.386439	0.365287	0.00279679
83	0.344244	0.365033	0.0027745
84	0.359022	0.364962	0.0027422
85	0.334937	0.364608	0.00273267
86	0.352533	0.364468	0.00270436
87	0.355085	0.36436	0.00267527
88	0.361058	0.364323	0.00264496
89	0.369578	0.364382	0.00261574
90	0.411847	0.364909	0.00263973
91	0.358911	0.364843	0.00261139
92	0.352259	0.364706	0.00258647
93	0.344661	0.364491	0.00256757
94	0.34942	0.36433	0.00254517
95	0.367779	0.364367	0.00251849
96	0.400789	0.364746	0.00252084
97	0.371356	0.364814	0.00249564
98	0.37262	0.364894	0.00247133
99	0.352689	0.364771	0.00244934
100	0.350217	0.364625	0.00242909
