1	-0.065	-0.065	0
2	-0.0298	-0.0474	0.0176
3	-0.05336	-0.0493867	0.0103538
4	-0.02488	-0.04326	0.00954652
5	-0.05756	-0.04612	0.00792851
6	-0.049	-0.0466	0.00649137
7	-0.01744	-0.0424343	0.00688852
8	0.01036	-0.035835	0.00889603
9	-0.01336	-0.0333378	0.0082334
10	-0.02112	-0.032116	0.00746484
11	0.01696	-0.0276545	0.00809301
12	0.0018	-0.0252	0.00778495
13	0.0716	-0.0177538	0.0103309
14	0.0324	-0.0141714	0.0102134
15	0.00308	-0.0130213	0.00957748
16	0.0386	-0.009795	0.00952215
17	-0.06732	-0.0131788	0.00956317
18	-0.07364	-0.0165378	0.00962161
19	0.01128	-0.0150737	0.00921814
20	0.05044	-0.011798	0.00933846
21	-0.05296	-0.0137581	0.00909634
22	0.01828	-0.0123018	0.00879443
23	0.00796	-0.0114209	0.00844942
24	-0.00256	-0.0110517	0.00809812
25	0.04624	-0.00876	0.00809845
26	-0.05184	-0.0104169	0.00795521
27	-0.0138	-0.0105422	0.00765593
28	-0.06052	-0.0123271	0.00759029
29	0.05776	-0.00991034	0.00771234
30	-0.01024	-0.00992133	0.00745083
31	0.03272	-0.00854581	0.00733658
32	-0.00284	-0.0083675	0.00710585
33	0.0344	-0.00707152	0.00700803
34	0.00816	-0.00662353	0.00681353
35	0.02164	-0.005816	0.0066651
36	-0.01744	-0.00613889	0.00648535
37	0.06804	-0.00413405	0.00661858
38	0.01308	-0.00368105	0.00645796
39	0.10144	-0.000985641	0.00684338
40	-0.06196	-0.00251	0.00684207
41	0.02028	-0.00195415	0.00669621
42	-0.0068	-0.00206952	0.00653585
43	-0.01816	-0.00244372	0.00639301
44	-0.04632	-0.00344091	0.00632512
45	-0.01084	-0.00360533	0.00618515
46	0.03792	-0.00270261	0.00611618
47	0.01632	-0.00229787	0.00599831
48	-0.05804	-0.00345917	0.00598575
49	0.00932	-0.00319837	0.00586811
50	0.0232	-0.0026704	0.00577374
51	-0.00976	-0.00280941	0.00566111
52	-0.03648	-0.00345692	0.00558881
53	-0.01248	-0.00362717	0.00548499
54	-0.0088	-0.00372296	0.00538331
55	-0.02544	-0.00411782	0.00529926
56	0.05768	-0.00301429	0.00531949
57	0.0766	-0.00161754	0.00540879
58	0.03004	-0.00107172	0.00534267
59	0.0562	-0.000101017	0.0053403
60	-0.03192	-0.000631333	0.00527725
61	-0.05428	-0.00151082	0.00526401
62	-0.04076	-0.00214387	0.00521696
63	-0.01372	-0.00232762	0.00513677
64	-0.0444	-0.002985	0.00509843
65	0.05516	-0.00209046	0.00509847
66	-0.008	-0.00218	0.00502142
67	0.01476	-0.00192716	0.00495237
68	0.02276	-0.00156412	0.00489248
69	-0.02076	-0.00184232	0.00482908
70	-0.01732	-0.00206343	0.00476472
71	-0.01904	-0.00230254	0.00470322
72	0.01712	-0.00203278	0.00464527
73	-0.0298	-0.00241315	0.00459696
74	0.12824	-0.000647568	0.00486602
75	0.00696	-0.000546133	0.00480178
76	-0.0354	-0.00100474	0.00476032
77	0.001	-0.000978701	0.00469816
78	-0.00552	-0.00103692	0.0046379
79	-0.0204	-0.00128203	0.00458537
80	-0.04304	-0.001804	0.00455768
81	0.07092	-0.000906173	0.00458973
82	-0.0092	-0.00100732	0.00453454
83	0.0158	-0.000804819	0.00448415
84	0.01852	-0.000574762	0.00443642
85	0.06364	0.000180706	0.00444853
86	-0.03188	-0.000192093	0.00441228
87	0.02756	0.000126897	0.00437292
88	0.01	0.000239091	0.00432439
89	-0.05604	-0.000393258	0.00432204
90	-0.1286	-0.00181778	0.0045049
91	0.01088	-0.00167824	0.00445731
92	-0.0354	-0.00204478	0.00442381
93	-0.04828	-0.00254194	0.00440413
94	-0.01504	-0.00267489	0.00435905
95	-0.01232	-0.00277642	0.00431412
96	-0.0506	-0.00327458	0.00429791
97	0.01852	-0.0030499	0.0042593
98	0.02988	-0.00271388	0.00422899
99	-0.05488	-0.00324081	0.00421909
100	0.00352	-0.0031732	0.00417723
