1	-0.68152	-0.68152	0
2	-0.67856	-0.68004	0.00148
3	-0.68408	-0.681387	0.00159488
4	-0.68688	-0.68276	0.00177704
5	-0.68008	-0.682224	0.00147716
6	-0.6856	-0.682787	0.00133089
7	-0.68528	-0.683143	0.00117986
8	-0.68328	-0.68316	0.00102193
9	-0.67776	-0.68256	0.00108271
10	-0.68336	-0.68264	0.000971706
11	-0.682	-0.682582	0.000880865
12	-0.68504	-0.682787	0.000829799
13	-0.67432	-0.682135	0.00100339
14	-0.67712	-0.681777	0.000995645
15	-0.692	-0.682459	0.00115048
16	-0.6824	-0.682455	0.00107618
17	-0.67408	-0.681962	0.00112455
18	-0.68136	-0.681929	0.00106077
19	-0.67728	-0.681684	0.00103279
20	-0.67528	-0.681364	0.00103078
21	-0.68224	-0.681406	0.000981359
22	-0.68944	-0.681771	0.00100443
23	-0.68248	-0.681802	0.000960262
24	-0.67664	-0.681587	0.000944202
25	-0.67024	-0.681133	0.00101301
26	-0.68016	-0.681095	0.000973988
27	-0.6744	-0.680847	0.000969471
28	-0.68008	-0.68082	0.000934608
29	-0.68936	-0.681114	0.000948668
30	-0.69504	-0.681579	0.00102735
31	-0.68936	-0.68183	0.00102487
32	-0.69704	-0.682305	0.00110029
33	-0.688	-0.682478	0.0010803
34	-0.68624	-0.682588	0.00105387
35	-0.68048	-0.682528	0.00102509
36	-0.6772	-0.68238	0.00100714
37	-0.67704	-0.682236	0.000990118
38	-0.68104	-0.682204	0.000964224
39	-0.6872	-0.682332	0.00094787
40	-0.68096	-0.682298	0.000924506
41	-0.68352	-0.682328	0.000902168
42	-0.6836	-0.682358	0.000880947
43	-0.69048	-0.682547	0.000880708
44	-0.67328	-0.682336	0.00088586
45	-0.68936	-0.682492	0.000879904
46	-0.68344	-0.682513	0.00086081
47	-0.67448	-0.682342	0.000859462
48	-0.68488	-0.682395	0.000843025
49	-0.6796	-0.682338	0.00082761
50	-0.6764	-0.682219	0.000819539
51	-0.69128	-0.682397	0.00082272
52	-0.68408	-0.682429	0.000807393
53	-0.68872	-0.682548	0.000800857
54	-0.67584	-0.682424	0.000795643
55	-0.67232	-0.68224	0.000802356
56	-0.68032	-0.682206	0.000788644
57	-0.68952	-0.682334	0.00078524
58	-0.69832	-0.68261	0.000819333
59	-0.6788	-0.682545	0.000807911
60	-0.68944	-0.68266	0.000802601
61	-0.684	-0.682682	0.000789639
62	-0.67712	-0.682592	0.000781962
63	-0.67088	-0.682406	0.00079159
64	-0.68344	-0.682423	0.00077929
65	-0.67552	-0.682316	0.000774522
66	-0.68	-0.682281	0.000763504
67	-0.68368	-0.682302	0.000752311
68	-0.68664	-0.682366	0.000743906
69	-0.68128	-0.68235	0.000733214
70	-0.68424	-0.682377	0.000723168
71	-0.6796	-0.682338	0.000713982
72	-0.68088	-0.682318	0.000704287
73	-0.69544	-0.682498	0.000717456
74	-0.67904	-0.682451	0.000709235
75	-0.68392	-0.68247	0.000699989
76	-0.66568	-0.682249	0.000725188
77	-0.67984	-0.682218	0.000716392
78	-0.66672	-0.682019	0.000734532
79	-0.68512	-0.682059	0.000726236
80	-0.68912	-0.682147	0.000722512
81	-0.6888	-0.682229	0.000718249
82	-0.6924	-0.682353	0.000720197
83	-0.6904	-0.68245	0.000718042
84	-0.6864	-0.682497	0.000710999
85	-0.67776	-0.682441	0.000704791
86	-0.6848	-0.682469	0.000697088
87	-0.67632	-0.682398	0.000692644
88	-0.67368	-0.682299	0.000691857
89	-0.6856	-0.682336	0.000685044
90	-0.69064	-0.682428	0.000683645
91	-0.6824	-0.682428	0.00067609
92	-0.68752	-0.682483	0.000670988
93	-0.67744	-0.682429	0.000665945
94	-0.68824	-0.682491	0.000661716
95	-0.68912	-0.682561	0.000658422
96	-0.68856	-0.682623	0.000654517
97	-0.6824	-0.682621	0.000647739
98	-0.68376	-0.682633	0.0006412
99	-0.6776	-0.682582	0.000636723
100	-0.6884	-0.68264	0.000633003
