1	0.3438	0.3438	0
2	0.29136	0.31758	0.02622
3	0.48652	0.373893	0.0583126
4	0.55344	0.41878	0.0609507
5	0.26424	0.387872	0.0564296
6	0.35068	0.381673	0.0464897
7	0.35892	0.378423	0.0394252
8	0.47172	0.390085	0.03608
9	0.43708	0.395307	0.0322451
10	0.17792	0.373568	0.036116
11	0.22184	0.359775	0.0354608
12	0.34828	0.358817	0.0323853
13	0.6512	0.381308	0.0373269
14	0.03192	0.356351	0.0426271
15	0.30216	0.352739	0.0398478
16	0.11904	0.338133	0.0400338
17	0.4216	0.343042	0.0379244
18	0.44292	0.348591	0.0361834
19	0.47408	0.355196	0.0348576
20	0.43472	0.359172	0.033307
21	0.13352	0.348427	0.0334539
22	0.34616	0.348324	0.0318972
23	0.10156	0.337595	0.032312
24	0.11812	0.32845	0.0322597
25	0.0514	0.317368	0.0328671
26	0.1484	0.310869	0.0322395
27	0.34336	0.312073	0.0310458
28	0.69148	0.325623	0.0328421
29	0.4428	0.329663	0.031946
30	0.30528	0.328851	0.0308734
31	0.4122	0.331539	0.0299817
32	0.4358	0.334798	0.0292119
33	0.55668	0.341521	0.0291003
34	0.46676	0.345205	0.0284707
35	0.19848	0.341013	0.0279614
36	0.41648	0.343109	0.0272543
37	0.09572	0.336423	0.0273377
38	0.30284	0.335539	0.0266232
39	0.27188	0.333907	0.0259829
40	0.52544	0.338695	0.0257737
41	0.128	0.333556	0.0256572
42	0.44576	0.336228	0.0251809
43	0.64244	0.343349	0.0255988
44	0.6274	0.349805	0.02583
45	0.17136	0.345839	0.025559
46	0.35832	0.34611	0.0249986
47	0.27924	0.344688	0.0245023
48	0.4486	0.346853	0.0240839
49	0.333	0.34657	0.023589
50	0.28396	0.345318	0.0231463
51	0.39968	0.346384	0.0227129
52	0.27104	0.344935	0.0223189
53	0.41492	0.346255	0.0219335
54	0.42648	0.347741	0.0215748
55	0.12868	0.343758	0.0215501
56	0.324	0.343405	0.0211647
57	0.2002	0.340893	0.0209414
58	0.32848	0.340679	0.0205782
59	0.24712	0.339093	0.0202885
60	0.42828	0.340579	0.0200028
61	0.44196	0.342241	0.0197423
62	0.4332	0.343708	0.0194766
63	0.40488	0.344679	0.0191895
64	0.48912	0.346936	0.0190216
65	0.27916	0.345894	0.0187557
66	0.1844	0.343447	0.0186307
67	0.26404	0.342261	0.0183888
68	0.60516	0.346128	0.0185243
69	0.41632	0.347145	0.0182822
70	0.17324	0.344661	0.0181896
71	0.13456	0.341701	0.0181741
72	0.2838	0.340897	0.0179379
73	0.31728	0.340574	0.0176934
74	0.115	0.337525	0.0177169
75	0.15252	0.335059	0.0176523
76	-0.15148	0.328657	0.0185576
77	0.3952	0.329521	0.0183354
78	0.43888	0.330923	0.0181531
79	0.63772	0.334807	0.0183377
80	0.43668	0.33608	0.0181518
81	0.70084	0.340583	0.0184833
82	0.42612	0.341626	0.0182862
83	0.17488	0.339617	0.0181759
84	0.28848	0.339009	0.0179686
85	0.13948	0.336661	0.0179104
86	0.24116	0.335551	0.0177357
87	0.34476	0.335657	0.017531
88	0.43612	0.336798	0.0173682
89	0.12208	0.334386	0.0173406
90	0.52836	0.336541	0.0172818
91	0.22592	0.335325	0.017134
92	0.11892	0.332973	0.0171092
93	0.48492	0.334607	0.0170029
94	0.36816	0.334964	0.0168248
95	0.25684	0.334141	0.0166671
96	0.0452	0.331132	0.0167649
97	0.18728	0.329649	0.0166574
98	0.53316	0.331725	0.0166168
99	0.1994	0.330389	0.0165023
100	0.092	0.328005	0.0165095
