1	19.0307	19.0307	0
2	24.666	21.8484	2.81765
3	27.2223	23.6397	2.41975
4	29.1164	25.0089	2.1914
5	23.7521	24.7575	1.71596
6	20.3171	24.0174	1.58452
7	20.2284	23.4761	1.44442
8	28.8692	24.1503	1.421
9	21.4877	23.8544	1.28765
10	13.4615	22.8151	1.55131
11	20.2086	22.5782	1.42307
12	20.1853	22.3788	1.3143
13	34.5455	23.3147	1.5289
14	21.9633	23.2182	1.41878
15	19.3792	22.9622	1.34538
16	25.6019	23.1272	1.26925
17	25.907	23.2907	1.20341
18	24.4022	23.3525	1.13627
19	29.4797	23.675	1.12214
20	25.2435	23.7534	1.06744
21	11.5859	23.174	1.16903
22	20.0962	23.0341	1.12337
23	18.6	22.8413	1.09059
24	22.0827	22.8097	1.04464
25	20.8022	22.7294	1.00519
26	24.3686	22.7924	0.967815
27	28.4634	23.0025	0.954672
28	37.9461	23.5362	1.06355
29	22.7332	23.5085	1.02659
30	22.7558	23.4834	0.9921
31	19.7245	23.3621	0.967195
32	23.2997	23.3602	0.936484
33	33.1286	23.6562	0.954712
34	24.6597	23.6857	0.926677
35	19.9379	23.5786	0.90616
36	24.2957	23.5986	0.880854
37	13.3614	23.3219	0.900286
38	26.0359	23.3933	0.87918
39	21.9677	23.3567	0.85712
40	27.5721	23.4621	0.842038
41	19.3227	23.3612	0.827427
42	21.8822	23.326	0.808253
43	34.9706	23.5968	0.8344
44	31.6957	23.7808	0.835738
45	13.6651	23.556	0.847318
46	30.6394	23.71	0.842878
47	20.7513	23.6471	0.827149
48	24.7609	23.6703	0.810066
49	27.0096	23.7384	0.796283
50	25.9549	23.7827	0.781453
51	23.9814	23.7866	0.765987
52	25.1917	23.8137	0.751598
53	22.2186	23.7836	0.737895
54	23.1435	23.7717	0.724198
55	12.2326	23.5619	0.741221
56	20.5412	23.508	0.72986
57	13.9005	23.3394	0.736488
58	22.6927	23.3283	0.723765
59	17.3617	23.2271	0.718544
60	23.377	23.2296	0.706471
61	25.6187	23.2688	0.695896
62	21.1405	23.2345	0.68544
63	21.3606	23.2047	0.675128
64	25.1949	23.2358	0.665222
65	27.7936	23.3059	0.658651
66	16.6746	23.2055	0.656331
67	20.0882	23.1589	0.648133
68	31.3883	23.28	0.649898
69	21.2055	23.2499	0.641115
70	19.9449	23.2027	0.633651
71	16.3238	23.1058	0.632132
72	15.0169	22.9935	0.633334
73	21.162	22.9684	0.625102
74	12.4069	22.8256	0.632899
75	14.8795	22.7197	0.633328
76	14.5539	22.6122	0.634108
77	22.3441	22.6088	0.625829
78	22.56	22.6081	0.617754
79	33.2101	22.7423	0.624475
80	31.1387	22.8473	0.625488
81	37.5924	23.0293	0.643982
82	31.5402	23.1331	0.644492
83	19.168	23.0854	0.63847
84	18.9218	23.0358	0.632767
85	17.0077	22.9649	0.629288
86	13.163	22.8509	0.632285
87	19.6921	22.8146	0.626029
88	22.6499	22.8127	0.618877
89	16.7038	22.7441	0.615721
90	32.3664	22.851	0.618157
91	16.16	22.7775	0.615733
92	25.9003	22.8114	0.609948
93	28.8716	22.8766	0.606863
94	27.5296	22.9261	0.602409
95	23.56	22.9327	0.596072
96	18.205	22.8835	0.591882
97	28.3561	22.9399	0.588459
98	28.3626	22.9952	0.585046
99	23.5314	23.0007	0.579132
100	14.0689	22.9113	0.580227
