1	-0.886476	-0.886476	0
2	-0.886787	-0.886632	0.0001556
3	-0.89637	-0.889878	0.00324751
4	-0.899629	-0.892316	0.00334899
5	-0.874325	-0.888717	0.00443578
6	-0.880214	-0.8873	0.00388924
7	-0.871018	-0.884974	0.00402673
8	-0.905594	-0.887552	0.00433642
9	-0.884262	-0.887186	0.0038418
10	-0.865958	-0.885063	0.00403902
11	-0.888757	-0.885399	0.00366883
12	-0.882806	-0.885183	0.00335613
13	-0.913664	-0.887374	0.00378557
14	-0.870958	-0.886201	0.0036957
15	-0.861563	-0.884559	0.00381248
16	-0.885101	-0.884593	0.00356641
17	-0.887472	-0.884762	0.00335434
18	-0.883578	-0.884696	0.00316319
19	-0.898522	-0.885424	0.00307928
20	-0.882454	-0.885275	0.00292503
21	-0.87139	-0.884614	0.00285975
22	-0.883483	-0.884563	0.00272715
23	-0.864431	-0.883688	0.00274895
24	-0.871882	-0.883196	0.00267749
25	-0.869428	-0.882645	0.00262654
26	-0.883848	-0.882691	0.00252392
27	-0.893107	-0.883077	0.0024591
28	-0.92543	-0.88459	0.00281125
29	-0.884696	-0.884593	0.00271258
30	-0.901946	-0.885172	0.00268368
31	-0.876644	-0.884897	0.0026102
32	-0.876796	-0.884643	0.00253996
33	-0.912654	-0.885492	0.00260401
34	-0.886455	-0.885521	0.00252642
35	-0.88797	-0.885591	0.00245417
36	-0.89113	-0.885744	0.00238998
37	-0.875754	-0.885474	0.00234012
38	-0.890457	-0.885606	0.00228148
39	-0.890318	-0.885726	0.00222549
40	-0.901149	-0.886112	0.00220314
41	-0.86928	-0.885701	0.0021876
42	-0.874515	-0.885435	0.00215143
43	-0.912209	-0.886058	0.00219113
44	-0.906708	-0.886527	0.00219159
45	-0.869587	-0.886151	0.00217516
46	-0.890846	-0.886253	0.0021298
47	-0.879425	-0.886107	0.00208905
48	-0.891372	-0.886217	0.002048
49	-0.88266	-0.886144	0.00200708
50	-0.881119	-0.886044	0.0019691
51	-0.889914	-0.88612	0.00193159
52	-0.879181	-0.885986	0.00189878
53	-0.880138	-0.885876	0.00186587
54	-0.88853	-0.885925	0.00183165
55	-0.878894	-0.885797	0.00180258
56	-0.87968	-0.885688	0.00177347
57	-0.855044	-0.88515	0.00182314
58	-0.87953	-0.885054	0.00179405
59	-0.861662	-0.884657	0.0018074
60	-0.900086	-0.884914	0.00179553
61	-0.889719	-0.884993	0.00176761
62	-0.881224	-0.884932	0.00173993
63	-0.883938	-0.884916	0.00171216
64	-0.884662	-0.884912	0.0016852
65	-0.886383	-0.884935	0.00165922
66	-0.864328	-0.884623	0.00166346
67	-0.877121	-0.884511	0.00164226
68	-0.898343	-0.884714	0.00163067
69	-0.873286	-0.884549	0.00161537
70	-0.875065	-0.884413	0.00159788
71	-0.864051	-0.884126	0.00160111
72	-0.870156	-0.883932	0.0015906
73	-0.875626	-0.883819	0.00157278
74	-0.86702	-0.883592	0.0015679
75	-0.86985	-0.883408	0.00155767
76	-0.86081	-0.883111	0.00156553
77	-0.881504	-0.88309	0.00154521
78	-0.893978	-0.88323	0.00153164
79	-0.910914	-0.88358	0.0015522
80	-0.893614	-0.883706	0.0015378
81	-0.920737	-0.884163	0.00158602
82	-0.904202	-0.884407	0.00158551
83	-0.874698	-0.88429	0.00157065
84	-0.87985	-0.884237	0.00155274
85	-0.87023	-0.884073	0.00154319
86	-0.854503	-0.883729	0.00156341
87	-0.876095	-0.883641	0.00154783
88	-0.882402	-0.883627	0.0015302
89	-0.870922	-0.883484	0.00151963
90	-0.900967	-0.883678	0.00151516
91	-0.875318	-0.883587	0.00150123
92	-0.885418	-0.883606	0.00148495
93	-0.893778	-0.883716	0.00147297
94	-0.890323	-0.883786	0.00145891
95	-0.884657	-0.883795	0.0014435
96	-0.867384	-0.883624	0.00143857
97	-0.894066	-0.883732	0.00142773
98	-0.891863	-0.883815	0.00141552
99	-0.884228	-0.883819	0.00140115
100	-0.85448	-0.883526	0.00141776
