1	0.49153	0.49153	0
2	0.498919	0.495225	0.00369441
3	0.542946	0.511132	0.0160494
4	0.512907	0.511576	0.0113573
5	0.473461	0.503953	0.0116406
6	0.414168	0.488989	0.0177274
7	0.5208	0.493533	0.0156564
8	0.516767	0.496437	0.0138664
9	0.462619	0.49268	0.0127933
10	0.435594	0.486971	0.0127876
11	0.385504	0.477747	0.0147946
12	0.473204	0.477368	0.0135108
13	0.503031	0.479342	0.0125839
14	0.491382	0.480202	0.0116822
15	0.508937	0.482118	0.0110429
16	0.440841	0.479538	0.010647
17	0.598155	0.486516	0.0121945
18	0.577471	0.491569	0.0125586
19	0.59443	0.496983	0.0130547
20	0.560745	0.500171	0.0127885
21	0.357364	0.49337	0.0139361
22	0.463237	0.492001	0.0133579
23	0.507594	0.492679	0.0127819
24	0.536164	0.494491	0.0123712
25	0.452658	0.492817	0.0119834
26	0.467338	0.491837	0.0115549
27	0.507484	0.492417	0.0111338
28	0.429982	0.490187	0.0109581
29	0.384721	0.48655	0.0111814
30	0.358401	0.482279	0.0116162
31	0.459595	0.481547	0.011259
32	0.549518	0.483671	0.0111065
33	0.528205	0.48502	0.010849
34	0.527632	0.486274	0.0105994
35	0.391002	0.483552	0.010646
36	0.529762	0.484835	0.0104254
37	0.383909	0.482108	0.0105002
38	0.492347	0.482377	0.0102237
39	0.430269	0.481041	0.0100473
40	0.505095	0.481642	0.00981136
41	0.503978	0.482187	0.00958456
42	0.529996	0.483325	0.00942259
43	0.63067	0.486752	0.00981821
44	0.55259	0.488248	0.00970848
45	0.386588	0.485989	0.00975547
46	0.719441	0.491064	0.0108068
47	0.643125	0.4943	0.0110583
48	0.457225	0.493527	0.0108529
49	0.572249	0.495134	0.0107499
50	0.482376	0.494879	0.0105358
51	0.456674	0.494129	0.0103543
52	0.476679	0.493794	0.0101587
53	0.414183	0.492292	0.0100778
54	0.507591	0.492575	0.00989345
55	0.3611	0.490185	0.0100018
56	0.605458	0.492243	0.0100349
57	0.536809	0.493025	0.00988827
58	0.450492	0.492292	0.00974392
59	0.49336	0.49231	0.00957736
60	0.3686	0.490248	0.00963948
61	0.519855	0.490733	0.00949255
62	0.52346	0.491261	0.0093531
63	0.527464	0.491836	0.00922136
64	0.569278	0.493046	0.00915644
65	0.586001	0.494476	0.0091272
66	0.451161	0.49382	0.00901178
67	0.465162	0.493392	0.00888655
68	0.521081	0.493799	0.00876436
69	0.508915	0.494018	0.00863918
70	0.38085	0.492401	0.00866699
71	0.533959	0.492987	0.00856407
72	0.439163	0.492239	0.00847731
73	0.5293	0.492747	0.00837578
74	0.397048	0.491454	0.00836242
75	0.467526	0.491135	0.00825633
76	0.408938	0.490053	0.00821845
77	0.500949	0.490195	0.00811225
78	0.385401	0.488851	0.00811949
79	0.48039	0.488744	0.00801677
80	0.592819	0.490045	0.00802212
81	0.44528	0.489492	0.00794171
82	0.467567	0.489225	0.00784882
83	0.404876	0.488209	0.00781999
84	0.379481	0.486914	0.00783401
85	0.527541	0.487392	0.00775604
86	0.465905	0.487142	0.00766939
87	0.530232	0.487638	0.00759689
88	0.394037	0.486574	0.00758501
89	0.424449	0.485876	0.00753172
90	0.625973	0.487433	0.0076085
91	0.372443	0.486169	0.00762979
92	0.469051	0.485983	0.0075487
93	0.558384	0.486761	0.00750756
94	0.600017	0.487966	0.00752435
95	0.565014	0.488777	0.00748877
96	0.444312	0.488314	0.00742482
97	0.48685	0.488299	0.00734789
98	0.459338	0.488004	0.00727853
99	0.546633	0.488596	0.00722893
100	0.566516	0.489375	0.00719857
