0.793591
0.771664
0.735023
0.684817
0.62285
0.551887
0.47574
0.399174
0.3276
0.26639
0.21999
0.191083
0.180096
0.185261
0.203167
0.229574
0.260219
0.291388
0.320229
0.344826
0.364146
0.377894
0.386354
0.3902
0.390409
0.388079
0.384334
0.380247
0.376784
0.374673
0.374395
0.37617
0.379959
0.385542
0.392473
0.40027
0.408435
0.416505
0.42409
0.430852
0.436557
0.440984
0.443929
0.445242
0.444771
0.442432
0.438215
0.432313
0.425166
0.417447
0.41002
0.403799
0.399628
0.398176
0.399768
0.404319
0.411326
0.420039
0.429499
0.438713
0.446758
0.452924
0.456714
0.457878
0.456391
0.452503
0.44666
0.439486
0.431649
0.423769
0.416293
0.409431
0.40323
0.397621
0.392587
0.388269
0.384999
0.383229
0.383357
0.385461
0.389191
0.393785
0.398359
0.402279
0.405329
0.407655
0.409586
0.411398
0.413119
0.414556
0.415323
0.415056
0.413526
0.410694
0.406765
0.402046
0.396901
0.391643
0.386589
0.382022
0.378216
0.375436
0.373978
0.374064
0.375811
0.379186
0.384007
0.389921
0.396516
0.403358
0.410051
0.416317
0.422012
0.427055
0.431366
0.434853
0.437368
0.438758
0.438901
0.437706
0.435206
0.431618
0.427222
0.422432
0.417659
0.413298
0.409615
0.406725
0.404604
0.403133
0.402109
0.401315
0.40055
0.399732
0.398875
0.398156
0.397891
0.398441
0.400087
0.402955
0.406889
0.41143
0.415938
0.419683
0.42203
0.422556
0.421161
0.418099
0.413851
0.409046
0.404274
0.399883
0.396006
0.392504
0.389072
0.385449
0.381556
0.377586
0.373995
0.371449
0.370633
0.372066
0.375997
0.382355
0.390749
0.400578
0.41116
0.421803
0.431921
0.441057
0.44886
0.455139
0.459764
0.462656
0.463735
0.463023
0.460573
0.456522
0.451059
0.444413
0.436826
0.428468
0.419481
0.410018
0.400278
0.390579
0.381331
0.373018
0.366083
0.360877
0.357581
0.356193
0.356569
0.358462
0.36162
0.365811
0.370831
0.376501
0.382663
0.389159
0.395799
0.402411
0.408833
0.41493
0.420687
0.42613
0.431334
0.436356
0.441216
0.445842
0.450049
0.453556
0.45608
0.457319
0.457064
0.455115
0.451346
0.445741
0.438452
0.429876
0.420518
0.410973
0.401833
0.393581
0.386583
0.381095
0.37735
0.375618
0.376082
0.378717
0.383283
0.389289
0.39608
0.402994
0.409385
0.414711
0.41856
0.420638
0.420835
0.419219
0.416013
0.411564
0.406372
0.400972
0.39588
0.39149
0.388131
0.386039
0.385418
0.386411
0.389065
0.393325
0.39898
0.405593
0.41266
0.419675
0.426183
0.431853
0.436546
0.440282
0.443096
0.445039
0.446101
0.446187
0.445115
0.442704
0.438862
0.433678
0.427385
0.420401
0.413239
0.406366
0.400159
0.394856
0.39052
0.387034
0.384255
0.382022
0.380199
0.378803
0.377981
0.377969
0.379063
0.381505
0.385412
0.390674
0.396914
0.403607
0.410075
0.415609
0.419592
0.421653
0.421719
0.420081
0.4173
0.414023
0.410872
0.408269
0.40641
0.405284
0.404784
0.404758
0.405054
0.40555
0.406183
0.406965
0.407939
0.409154
0.41062
0.412296
0.414067
0.415667
0.416752
0.416943
0.415933
0.41352
0.409745
0.404961
0.399729
0.394768
0.3908
0.388385
0.387819
0.38912
0.391976
0.395861
0.400077
0.403937
0.406911
0.408713
0.409392
0.409278
0.408866
0.408659
0.409037
0.410172
0.4121
0.414706
0.417775
0.421009
0.424047
0.426493
0.427926
0.427939
0.426271
0.422896
0.418014
0.41213
0.405949
0.400339
0.396121
0.393945
0.394115
0.396556
0.400853
0.406295
0.412045
0.417261
0.421237
0.423436
0.423593
0.421701
0.418001
0.412871
0.406813
0.400285
0.393708
0.38748
0.381997
0.377732
0.375194
0.37484
0.376979
0.38169
0.388776
0.397759
0.407994
0.41869
0.428977
0.43802
0.445108
0.449707
0.451499
0.450441
0.446762
0.440963
0.433745
0.425908
0.418236
0.411372
0.405791
0.401762
0.399316
0.398322
0.398462
0.399307
0.400298
0.400856
0.400529
0.399081
0.396545
0.393172
0.389405
0.385749
0.382642
0.380444
0.379373
0.379537
0.381002
0.383768
0.38781
0.392995
0.39913
0.405953
0.413099
0.420156
0.426654
0.432124
0.436224
0.438692
0.439453
0.438588
0.436319
0.433009
0.429057
0.424917
0.421015
0.417712
0.415175
0.413442
0.412409
0.411812
0.411303
0.410469
0.408948
0.40648
0.403026
0.398731
0.393946
0.389248
0.385332
0.382878
0.382387
0.384059
0.387664
0.392618
0.39804
0.40304
0.406964
0.409533
0.41094
0.411785
0.412844
0.414781
0.417814
0.42171
0.425896
0.429712
0.43269
0.434593
0.435339
0.43501
0.433724
0.431553
0.428618
0.425099
0.421195
0.417215
0.413347
0.409732
0.406432
0.403506
0.401044
0.39919
0.398183
0.398331
0.399905
0.403043
0.407728
0.41367
0.420377
0.427159
0.433188
0.437731
0.440055
0.439618
0.436126
0.429608
0.420413
0.4092
0.39693
0.384783
0.373967
0.365609
0.360584
0.359432
0.362231
0.368521
0.377376
0.387521
0.397466
0.4058
0.411448
0.413863
0.413116
0.409853
0.405142
0.400216
0.396163
0.393767
0.393334
0.394737
0.397545
0.401091
0.404685
0.407737
0.409823
0.410782
0.410693
0.409856
0.408695
0.40767
0.40719
0.407533
0.408807
0.410956
0.413879
0.417411
0.42145
0.425885
0.430618
0.435504
0.440364
0.44493
0.448908
0.452043
0.454108
0.454852
0.45409
0.451696
0.447598
0.44186
0.434752
0.426719
0.418328
0.410061
0.402227
0.394889
0.387891
0.38104
0.374228
0.36753
0.361224
0.355708
0.351444
0.348865
0.348274
0.349802
0.353425
0.358996
0.366212
0.374745
0.384204
0.394159
0.404178
0.413844
0.422759
0.430555
0.436861
0.441384
0.443955
0.444509
0.443102
0.439846
0.434929
0.428617
0.421208
0.413103
0.404793
0.396828
0.389812
0.384374
0.380998
0.380079
0.381822
0.386139
0.392543
0.400224
0.408186
0.415499
0.421458
0.425686
0.428114
0.42889
0.428318
0.426725
0.424514
0.422078
0.419759
0.417874
0.416581
0.415855
0.415544
0.41547
0.415445
0.415344
0.415152
0.414874
0.414582
0.414391
0.414429
0.414765
0.415448
0.416411
0.417461
0.418265
0.418396
0.417458
0.415136
0.411282
0.405998
0.399633
0.392764
0.386114
0.380449
0.376441
0.374533
0.374885
0.377376
0.381647
0.387135
0.393167
0.39897
0.403733
0.406751
0.407561
0.406095
0.402747
0.398308
0.393832
0.390435
0.389044
0.390266
0.394256
0.400695
0.408911
0.417934
0.426747
0.434447
0.440402
0.444271
0.44604
0.445942
0.444352
0.44168
0.438236
0.434235
0.429748
0.424823
0.419545
0.414069
0.40865
0.403672
0.399592
0.396812
0.395605
0.396064
0.39804
0.401144
0.404808
0.408415
0.4114
0.413308
0.413901
0.413126
0.411092
0.408004
0.404141
0.399846
0.39548
0.391421
0.388002
0.385631
0.384666
0.385405
0.388072
0.392739
0.399291
0.407407
0.416516
0.425844
0.43455
0.441842
0.447136
0.450012
0.450196
0.447541
0.442057
0.433947
0.423725
0.412242
0.400685
0.390418
0.382791
0.378759
0.37876
0.382591
0.389507
0.398387
0.408035
0.417361
0.425496
0.431817
0.4359
0.437478
0.436422
0.43277
0.426783
0.41893
0.409905
0.400537
0.391682
0.38408
0.378258
0.374511
0.372927
0.373381
0.375592
0.379143
0.383554
0.38834
0.393118
0.397666
0.40194
0.406063
0.410164
0.414387
0.418768
0.423218
0.427506
0.431306
0.434258
0.436017
0.436257
0.434767
0.431466
0.426431
0.41991
0.412312
0.40421
0.396258
0.38916
0.383606
0.380167
0.379145
0.380454
0.383656
0.388004
0.392631
0.396767
0.399887
0.401817
0.402693
0.40289
0.402938
0.403404
0.404764
0.40729
0.410956
0.415491
0.420453
0.425351
0.429751
0.433325
0.435812
0.436999
0.43671
0.434757
0.4311
0.425812
0.419227
0.4119
0.404596
0.398233
0.393623
0.391375
0.391673
0.394222
0.398311
0.403061
0.407583
0.411183
0.413416
0.414131
0.413436
0.411597
0.408999
0.406045
0.403131
0.40056
0.398604
0.397495
0.397446
0.398571
0.40091
0.404316
0.40852
0.413065
0.417448
0.421106
0.42355
0.424475
0.423807
0.421717
0.418508
0.414555
0.410357
0.406467
0.403454
0.401794
0.401823
0.403583
0.406885
0.411281
0.416224
0.421138
0.42554
0.429047
0.431436
0.432662
0.43282
0.432106
0.43076
0.428895
0.42645
0.423325
0.419442
0.414828
0.409686
0.404401
0.399463
0.395279
0.392078
0.389882
0.388497
0.387621
0.387005
0.386503
0.386141
0.386046
0.386486
0.387732
0.389996
0.393369
0.397754
0.40287
0.408336
0.413717
0.418581
0.422526
0.425243
0.426512
0.426216
0.424389
0.421189
0.416881
0.411855
0.4066
0.401627
0.397405
0.394251
0.392359
0.391851
0.392759
0.395043
0.398626
0.403329
0.408876
0.414818
0.420608
0.425659
0.429413
0.431478
0.431654
0.430032
0.426888
0.422567
0.417492
0.412056
0.406622
0.401513
0.397039
0.393514
0.391183
0.390135
0.390287
0.39129
0.392623
0.393703
0.39396
0.392994
0.390702
0.387371
0.383668
0.380546
0.379054
0.380076
0.384166
0.391408
0.401359
0.413142
0.425568
0.437341
0.44725
0.454332
0.458061
0.458405
0.455771
0.450946
0.444869
0.438441
0.432385
0.427121
0.422824
0.419512
0.417141
0.415655
0.414968
0.414911
0.415174
0.415255
0.414613
0.412689
0.409091
0.403643
0.396471
0.387968
0.378833
0.369965
0.362273
0.356531
0.353277
0.352707
0.354807
0.359378
0.366116
0.37466
0.384642
0.395669
0.407342
0.419258
0.430935
0.441845
0.451353
0.458789
0.46356
0.465245
0.463638
0.458802
0.450999
0.440741
0.428694
0.415659
0.402591
0.390492
0.380369
0.373158
0.369567
0.369872
0.373861
0.380878
0.389954
0.400054
0.410199
0.419564
0.427455
0.43337
0.436979
0.438118
0.436863
0.43348
0.428391
0.422086
0.415071
0.407824
0.40085
0.394693
0.38983
0.386662
0.385401
0.386058
0.388461
0.392252
0.39705
0.402529
0.408467
0.414718
0.421172
0.427657
0.433883
0.804322
0.799784
0.785638
0.762128
0.730153
0.691451
0.648713
0.605269
0.564769
0.530421
0.504508
0.48815
0.481356
0.483244
0.492235
0.506245
0.522882
0.539797
0.554984
0.566968
0.574895
0.57839
0.577583
0.572999
0.565562
0.556557
0.547443
0.539717
0.534829
0.533925
0.537705
0.546225
0.5588
0.574102
0.59044
0.606123
0.619701
0.630147
0.63702
0.640462
0.641079
0.63974
0.637514
0.63536
0.63409
0.634134
0.635567
0.638038
0.640971
0.64357
0.6449
0.643983
0.64006
0.632808
0.622464
0.609873
0.596281
0.583034
0.571387
0.562316
0.556504
0.554326
0.55602
0.561621
0.570994
0.583592
0.598386
0.613889
0.628329
0.640022
0.647721
0.650834
0.649499
0.644542
0.637307
0.629331
0.62201
0.616366
0.612752
0.610984
0.610494
0.610557
0.610484
0.609774
0.608173
0.605634
0.602184
0.597937
0.593253
0.588817
0.585698
0.584974
0.587384
0.592928
0.600657
0.608904
0.615678
0.619129
0.617922
0.61146
0.5999
0.58409
0.565398
0.545577
0.526561
0.510264
0.498369
0.492158
0.492437
0.499405
0.512486
0.530522
0.551952
0.575091
0.598362
0.620389
0.640006
0.656271
0.668466
0.676048
0.678697
0.676439
0.669768
0.659605
0.647287
0.634337
0.622206
0.611983
0.604319
0.599524
0.597648
0.598539
0.601942
0.607332
0.613917
0.620727
0.626739
0.631055
0.632966
0.632005
0.627987
0.620937
0.611276
0.599799
0.587657
0.5762
0.566813
0.560508
0.557704
0.558232
0.561332
0.565901
0.57085
0.575443
0.579604
0.583837
0.588873
0.595151
0.602524
0.610279
0.617551
0.623785
0.62904
0.633788
0.638677
0.644019
0.649691
0.655217
0.659972
0.663285
0.664671
0.663891
0.660815
0.655433
0.64776
0.637838
0.625801
0.611934
0.596738
0.580982
0.565698
0.552087
0.541292
0.534245
0.53156
0.533459
0.539837
0.550142
0.563327
0.577877
0.591915
0.60342
0.610548
0.612009
0.607431
0.597629
0.584538
0.570861
0.559552
0.553007
0.552565
0.558319
0.569259
0.583728
0.599778
0.615544
0.629453
0.640332
0.647614
0.651432
0.652485
0.651704
0.6499
0.647656
0.645525
0.644186
0.644204
0.645784
0.648351
0.650586
0.650888
0.647976
0.641431
0.631703
0.620109
0.608357
0.598054
0.590405
0.586085
0.585256
0.587647
0.592613
0.599167
0.606107
0.612156
0.616201
0.617328
0.614937
0.608803
0.599313
0.587407
0.574532
0.562464
0.553071
0.548002
0.548293
0.554104
0.564567
0.577917
0.591916
0.604373
0.613661
0.618905
0.62012
0.617978
0.613554
0.608037
0.602436
0.597413
0.593289
0.590103
0.587823
0.586441
0.586068
0.586845
0.588898
0.592261
0.596738
0.601865
0.607008
0.611525
0.614992
0.617343
0.618826
0.619929
0.621045
0.622189
0.623051
0.623186
0.62234
0.62059
0.618302
0.615999
0.614062
0.612724
0.611951
0.611558
0.611242
0.610669
0.609677
0.608243
0.606436
0.604416
0.602353
0.60044
0.598804
0.597449
0.596228
0.594905
0.593284
0.591302
0.589135
0.587126
0.585467
0.584123
0.582878
0.581521
0.580015
0.578597
0.577586
0.577269
0.577815
0.579207
0.581347
0.584137
0.587521
0.591366
0.59538
0.599012
0.601521
0.602143
0.600297
0.595769
0.58875
0.579806
0.569839
0.55997
0.551492
0.545731
0.543739
0.546088
0.552717
0.563058
0.576136
0.590812
0.605877
0.620263
0.633124
0.643948
0.652542
0.658894
0.663087
0.66521
0.665305
0.663395
0.659473
0.653586
0.645914
0.636832
0.62704
0.617531
0.609411
0.603676
0.600821
0.600624
0.602219
0.604386
0.605998
0.606338
0.605193
0.602742
0.599326
0.595321
0.591042
0.58676
0.582712
0.579201
0.57665
0.575572
0.576613
0.580416
0.587294
0.59699
0.608547
0.620407
0.630855
0.638377
0.642047
0.641682
0.637859
0.631577
0.624041
0.616189
0.608563
0.601275
0.594249
0.587469
0.581049
0.575257
0.570397
0.566629
0.563889
0.56204
0.560974
0.560778
0.561529
0.563212
0.565718
0.568799
0.572364
0.576481
0.581215
0.586561
0.592303
0.598035
0.603363
0.608099
0.612386
0.616643
0.621471
0.627311
0.634163
0.641549
0.648653
0.654514
0.658166
0.658714
0.655433
0.647906
0.636299
0.621441
0.60477
0.588187
0.573596
0.562735
0.557084
0.557789
0.565321
0.579155
0.597612
0.618165
0.638104
0.655187
0.667956
0.67566
0.678066
0.6753
0.667591
0.655253
0.638755
0.618903
0.597068
0.575152
0.555491
0.540263
0.531067
0.528672
0.532875
0.542796
0.556953
0.573408
0.589998
0.604528
0.615028
0.620138
0.619326
0.612905
0.602066
0.588746
0.575336
0.564347
0.557851
0.556937
0.561562
0.570634
0.582528
0.595596
0.608539
0.620529
0.631202
0.640588
0.648888
0.656305
0.662754
0.667743
0.670486
0.670138
0.665983
0.657832
0.646022
0.631445
0.615399
0.599485
0.585454
0.575023
0.569625
0.570104
0.576478
0.587812
0.602329
0.617615
0.631088
0.640485
0.644294
0.642028
0.634254
0.622343
0.608211
0.59393
0.581414
0.572106
0.566693
0.565138
0.566934
0.571485
0.578226
0.586739
0.596551
0.606895
0.616703
0.624765
0.629902
0.631271
0.628561
0.622113
0.612854
0.602243
0.591962
0.583714
0.578747
0.577458
0.579343
0.583301
0.587953
0.591944
0.594113
0.593703
0.590477
0.584707
0.577141
0.568813
0.560835
0.554155
0.549553
0.547719
0.549248
0.55449
0.563396
0.575253
0.588831
0.602702
0.615754
0.627521
0.638182
0.648136
0.657343
0.66512
0.670464
0.67261
0.671263
0.666578
0.658991
0.649103
0.637512
0.624993
0.612271
0.600059
0.588896
0.579269
0.571687
0.566686
0.564814
0.566492
0.571748
0.580127
0.590686
0.602047
0.612687
0.621044
0.625794
0.626066
0.621619
0.612924
0.601121
0.587791
0.57472
0.563552
0.555573
0.551526
0.551576
0.555518
0.562976
0.573505
0.586476
0.600941
0.615562
0.628678
0.638684
0.64435
0.645121
0.641194
0.633477
0.623452
0.612731
0.60275
0.594565
0.588717
0.58524
0.583833
0.584043
0.585385
0.587516
0.590174
0.59318
0.596354
0.599459
0.60224
0.604407
0.60579
0.606277
0.605865
0.604541
0.602383
0.599586
0.596366
0.592979
0.589697
0.586775
0.584443
0.58292
0.58246
0.583303
0.585656
0.589462
0.594432
0.599975
0.605384
0.610116
0.614029
0.617426
0.620901
0.625038
0.629979
0.635204
0.639816
0.642844
0.643623
0.642024
0.638214
0.632232
0.623916
0.613168
0.600315
0.586248
0.572173
0.559254
0.548448
0.540494
0.535938
0.535135
0.538111
0.544598
0.554033
0.565674
0.578687
0.592183
0.605194
0.616773
0.626226
0.633299
0.638084
0.640843
0.641751
0.640827
0.63801
0.633359
0.627244
0.620476
0.614126
0.609309
0.606877
0.607147
0.609815
0.614018
0.618642
0.62267
0.625489
0.627017
0.627561
0.627615
0.627534
0.627402
0.626971
0.625719
0.622968
0.618122
0.610896
0.601445
0.590414
0.578882
0.568169
0.559538
0.553933
0.551805
0.55312
0.557421
0.564013
0.572114
0.580927
0.589673
0.597639
0.604201
0.608829
0.611192
0.611223
0.609099
0.6052
0.600049
0.594219
0.588301
0.582742
0.577877
0.573854
0.570695
0.568486
0.567556
0.568449
0.571676
0.577297
0.584696
0.592704
0.599937
0.605247
0.607994
0.608112
0.606006
0.602343
0.597859
0.593167
0.588665
0.584668
0.58156
0.57975
0.579711
0.581779
0.585972
0.591875
0.598733
0.605643
0.611784
0.61666
0.620111
0.622293
0.623603
0.62436
0.624732
0.624641
0.623843
0.62208
0.619303
0.61582
0.612165
0.609022
0.606954
0.60619
0.6065
0.607237
0.607581
0.606784
0.604454
0.600683
0.596092
0.59157
0.588093
0.586465
0.587087
0.589848
0.594222
0.599341
0.604223
0.607952
0.609815
0.609395
0.606626
0.60179
0.595509
0.588658
0.582225
0.577152
0.574203
0.573732
0.575638
0.579459
0.584453
0.589799
0.594799
0.598917
0.601829
0.603331
0.60332
0.601721
0.598545
0.593832
0.587802
0.580925
0.573879
0.567481
0.562452
0.559237
0.557945
0.558427
0.560532
0.564218
0.569625
0.576876
0.585914
0.596312
0.607198
0.617508
0.62623
0.632623
0.636486
0.638105
0.638272
0.638019
0.638322
0.639729
0.642194
0.645083
0.647536
0.648879
0.648883
0.647797
0.646172
0.644501
0.643067
0.641712
0.639851
0.636543
0.630755
0.62179
0.609671
0.595259
0.580073
0.566007
0.554987
0.548478
0.547195
0.550984
0.558757
0.568729
0.578784
0.586994
0.591906
0.592775
0.589586
0.582983
0.574052
0.564059
0.554163
0.545343
0.538301
0.533575
0.531632
0.532826
0.537322
0.544917
0.554966
0.566511
0.578525
0.590142
0.600861
0.610481
0.619076
0.626876
0.634172
0.641144
0.647778
0.653821
0.65877
0.661947
0.662678
0.660417
0.654803
0.64564
0.633069
0.61768
0.600645
0.583853
0.569612
0.560224
0.557231
0.561072
0.571085
0.58584
0.603507
0.622183
0.640037
0.655494
0.667324
0.674785
0.677604
0.675934
0.670241
0.661278
0.650097
0.637916
0.626017
0.615504
0.607083
0.600824
0.596213
0.592386
0.588468
0.583878
0.578339
0.57186
0.564627
0.556794
0.548505
0.539916
0.531184
0.522491
0.513977
0.505667
0.497637
0.490279
0.484574
0.482105
0.484578
0.493219
0.508239
0.528693
0.552703
0.577837
0.601757
0.622591
0.639179
0.651093
0.65852
0.662039
0.662448
0.66062
0.657388
0.653392
0.649022
0.644352
0.639146
0.633078
0.625927
0.617867
0.609496
0.601714
0.595412
0.591282
0.589591
0.590209
0.592645
0.596158
0.599968
0.60342
0.606031
0.607656
0.608515
0.609067
0.609747
0.610821
0.612304
0.613906
0.615182
0.61571
0.615196
0.613554
0.610967
0.607879
0.605007
0.603164
0.603087
0.605092
0.608904
0.61365
0.618057
0.620873
0.621221
0.618853
0.614055
0.607623
0.600545
0.59382
0.588286
0.584507
0.582697
0.582693
0.584065
0.586196
0.588389
0.589936
0.590233
0.588917
0.586001
0.581914
0.577419
0.573441
0.570815
0.570123
0.57164
0.575295
0.580678
0.58705
0.59338
0.804098
0.800845
0.789564
0.771002
0.746991
0.72016
0.693467
0.669539
0.650152
0.636098
0.627354
0.623504
0.624129
0.628887
0.637403
0.649257
0.663914
0.68062
0.698444
0.716239
0.732674
0.746249
0.755531
0.759366
0.757075
0.748591
0.734536
0.716331
0.696119
0.676614
0.660666
0.650752
0.648392
0.653769
0.665766
0.682223
0.700485
0.717966
0.732515
0.742679
0.747681
0.747451
0.742542
0.734012
0.723256
0.711775
0.701264
0.693475
0.689956
0.691777
0.69912
0.711238
0.726562
0.743049
0.758632
0.771571
0.780634
0.785277
0.785461
0.781652
0.774691
0.765672
0.75557
0.745107
0.734606
0.724125
0.713653
0.703305
0.693442
0.68464
0.677506
0.672608
0.670329
0.67069
0.673257
0.677163
0.681257
0.684377
0.68561
0.68452
0.681199
0.676242
0.670566
0.665148
0.660726
0.657649
0.655788
0.654798
0.654314
0.654229
0.654801
0.656695
0.660816
0.668053
0.67897
0.693522
0.711075
0.730401
0.749898
0.767865
0.78276
0.793448
0.799374
0.80064
0.798011
0.792516
0.785225
0.776974
0.76825
0.759289
0.750175
0.740882
0.731357
0.721471
0.711072
0.700124
0.688862
0.677702
0.667265
0.658205
0.651134
0.646399
0.644038
0.643653
0.644605
0.646233
0.648156
0.650515
0.654086
0.660034
0.669529
0.68322
0.700844
0.72124
0.742676
0.76325
0.781079
0.794323
0.801285
0.800512
0.790986
0.772419
0.745664
0.713105
0.678558
0.646977
0.623148
0.610085
0.608266
0.616125
0.631091
0.650386
0.67151
0.692472
0.711985
0.729388
0.744254
0.755966
0.763556
0.766161
0.76358
0.756678
0.747323
0.737815
0.72998
0.724652
0.72162
0.720026
0.718749
0.716676
0.712802
0.706394
0.697117
0.685188
0.671378
0.657125
0.6443
0.634897
0.630598
0.632448
0.640546
0.653982
0.670996
0.689432
0.707316
0.723152
0.736061
0.745647
0.751846
0.754708
0.754389
0.751149
0.745391
0.73763
0.728555
0.718853
0.70931
0.700698
0.693751
0.689135
0.687271
0.688197
0.691712
0.69762
0.705675
0.715471
0.726402
0.737547
0.747925
0.756644
0.763133
0.767164
0.768658
0.767425
0.762934
0.754624
0.742439
0.727323
0.711365
0.697404
0.688056
0.684904
0.687823
0.695078
0.70396
0.71171
0.716394
0.717312
0.715095
0.711308
0.707742
0.705785
0.705925
0.707765
0.710288
0.712296
0.712943
0.712017
0.709916
0.707238
0.704548
0.702174
0.700055
0.697974
0.695681
0.692982
0.689812
0.686283
0.682724
0.679661
0.677731
0.677522
0.679339
0.683187
0.688577
0.694607
0.700127
0.703998
0.705328
0.703791
0.699762
0.69437
0.6892
0.685928
0.685862
0.689756
0.697665
0.709143
0.723284
0.738785
0.754051
0.767476
0.777639
0.783615
0.784987
0.781814
0.774529
0.763991
0.751527
0.738962
0.728334
0.721346
0.718827
0.720344
0.724283
0.728383
0.73054
0.729246
0.723881
0.714656
0.702554
0.689183
0.676479
0.666483
0.660669
0.659391
0.66176
0.666223
0.671329
0.676172
0.680543
0.684683
0.689054
0.693985
0.699182
0.703588
0.705803
0.704723
0.700245
0.693423
0.685899
0.679387
0.675113
0.673771
0.675683
0.680828
0.688709
0.698269
0.70813
0.71688
0.723388
0.727094
0.728031
0.726845
0.724444
0.72166
0.718931
0.716197
0.713262
0.710304
0.708149
0.707989
0.710713
0.716264
0.723423
0.730266
0.734741
0.735402
0.731619
0.72366
0.712575
0.699873
0.687264
0.676258
0.668019
0.663386
0.662919
0.666986
0.675579
0.688204
0.703801
0.720883
0.737693
0.752422
0.763333
0.769066
0.768989
0.763608
0.754608
0.744509
0.735741
0.729794
0.727044
0.727035
0.72888
0.731505
0.73371
0.734405
0.732658
0.727987
0.72045
0.710645
0.699553
0.688206
0.677541
0.668655
0.663233
0.663567
0.671237
0.685293
0.702284
0.718261
0.730423
0.737472
0.739155
0.735862
0.72861
0.71909
0.709529
0.702354
0.699541
0.702044
0.709485
0.720256
0.731981
0.742149
0.748714
0.750403
0.746831
0.738566
0.726986
0.71407
0.702012
0.692701
0.687397
0.686531
0.689818
0.696391
0.705015
0.714352
0.723273
0.731134
0.737897
0.743968
0.749719
0.755062
0.759175
0.760826
0.75899
0.753196
0.743551
0.730672
0.715422
0.698852
0.682147
0.666408
0.652566
0.641363
0.633554
0.630344
0.633278
0.643517
0.660638
0.682281
0.705133
0.726308
0.743923
0.756697
0.76359
0.763837
0.757516
0.745681
0.730174
0.713328
0.697614
0.685135
0.67727
0.674388
0.675887
0.680604
0.687314
0.695015
0.702964
0.710537
0.717119
0.722291
0.725877
0.727994
0.728887
0.728718
0.727515
0.725099
0.72136
0.716439
0.71075
0.704899
0.699435
0.694827
0.691606
0.690249
0.691134
0.694512
0.700522
0.70913
0.72009
0.732705
0.745835
0.757742
0.766383
0.769765
0.766368
0.755545
0.737874
0.715304
0.691117
0.669544
0.654716
0.649348
0.65379
0.665953
0.682304
0.699221
0.714033
0.725432
0.73328
0.738183
0.740893
0.74196
0.741598
0.739696
0.73607
0.730609
0.723422
0.714987
0.706035
0.697458
0.690095
0.68461
0.681383
0.680452
0.681681
0.684749
0.689266
0.694793
0.700769
0.70641
0.710748
0.71286
0.712199
0.70888
0.703725
0.698038
0.693187
0.690252
0.689701
0.691288
0.694311
0.69792
0.701456
0.704642
0.707584
0.710657
0.714437
0.71958
0.726481
0.735204
0.745282
0.755569
0.764463
0.770357
0.771971
0.768831
0.76135
0.750391
0.736918
0.721659
0.705059
0.687607
0.670126
0.653919
0.640625
0.631737
0.628173
0.630144
0.637188
0.648425
0.662776
0.679014
0.6957
0.711388
0.724708
0.734556
0.740228
0.741415
0.738203
0.731032
0.720556
0.707692
0.693715
0.680412
0.669901
0.664124
0.664234
0.670093
0.680404
0.693226
0.706618
0.71898
0.729033
0.735749
0.738323
0.736558
0.731374
0.724882
0.720033
0.719382
0.723806
0.732125
0.741826
0.75029
0.755423
0.755802
0.750575
0.739508
0.723527
0.705162
0.688165
0.676121
0.670829
0.671621
0.676263
0.682479
0.688962
0.695472
0.702365
0.70997
0.718221
0.7266
0.734512
0.741709
0.748571
0.755896
0.764166
0.773018
0.781095
0.786699
0.788303
0.785098
0.77705
0.764752
0.749346
0.73243
0.715804
0.701185
0.689949
0.682846
0.679903
0.680391
0.682978
0.686145
0.688669
0.689896
0.68974
0.688372
0.685956
0.682515
0.677883
0.671926
0.664797
0.657303
0.650939
0.647554
0.648751
0.655159
0.666133
0.679916
0.694374
0.707592
0.71828
0.725794
0.729734
0.729779
0.725766
0.718044
0.70772
0.696788
0.687641
0.682301
0.681682
0.685556
0.692773
0.701719
0.710818
0.718871
0.725276
0.730105
0.733832
0.737176
0.740694
0.744549
0.748391
0.751459
0.752895
0.752107
0.749109
0.744509
0.739423
0.735084
0.732607
0.732636
0.735244
0.739878
0.745521
0.750822
0.754326
0.754799
0.751529
0.74465
0.734969
0.723612
0.711625
0.699755
0.688348
0.67769
0.668281
0.661079
0.657308
0.658006
0.663524
0.673243
0.68584
0.699666
0.713012
0.724227
0.731912
0.73502
0.733054
0.726321
0.71588
0.70336
0.690508
0.678917
0.669855
0.664215
0.662375
0.664066
0.668399
0.674189
0.680453
0.686713
0.693183
0.700596
0.709901
0.721844
0.736543
0.753254
0.770417
0.786052
0.798244
0.805567
0.80723
0.803126
0.7937
0.779753
0.762308
0.742423
0.721298
0.700164
0.680464
0.663883
0.652223
0.646942
0.648581
0.656363
0.668323
0.681888
0.694694
0.705339
0.713569
0.719955
0.725043
0.728737
0.730378
0.729411
0.725896
0.720606
0.714714
0.709438
0.705646
0.703602
0.703046
0.703223
0.703066
0.701424
0.697409
0.690603
0.681295
0.670433
0.659531
0.65035
0.644336
0.642247
0.643953
0.648541
0.654777
0.661406
0.667421
0.672281
0.675879
0.678788
0.681988
0.686664
0.693418
0.701701
0.709916
0.716214
0.719431
0.719663
0.718258
0.717344
0.719128
0.725319
0.736499
0.751962
0.769918
0.78801
0.804114
0.816707
0.824932
0.828356
0.826722
0.819835
0.807591
0.790159
0.768183
0.742968
0.716521
0.691209
0.669125
0.651282
0.637342
0.626214
0.61703
0.609922
0.605985
0.60664
0.612932
0.625143
0.642694
0.664308
0.688262
0.712719
0.736106
0.757179
0.775113
0.789344
0.799388
0.804795
0.805358
0.801111
0.79256
0.780619
0.766358
0.750905
0.735275
0.72034
0.706822
0.695269
0.686
0.679136
0.674497
0.671814
0.6709
0.671691
0.674143
0.677884
0.681956
0.684901
0.685053
0.681145
0.672694
0.660206
0.645127
0.629571
0.616087
0.607127
0.604439
0.608563
0.618718
0.633196
0.650057
0.667634
0.684832
0.701094
0.716187
0.730099
0.742918
0.754807
0.765877
0.776016
0.784796
0.791569
0.795592
0.796204
0.793151
0.786624
0.777247
0.765993
0.753859
0.741605
0.72955
0.717763
0.706424
0.696013
0.687073
0.679788
0.673705
0.667684
0.660368
0.650913
0.639457
0.627591
0.618051
0.613874
0.617242
0.628752
0.64721
0.670044
0.694092
0.716303
0.734273
0.746694
0.75332
0.754816
0.752414
0.747497
0.741405
0.735164
0.729426
0.724467
0.720206
0.716635
0.71383
0.712012
0.711371
0.711882
0.713235
0.714844
0.716075
0.716346
0.715163
0.712296
0.707913
0.702532
0.696786
0.691103
0.685723
0.680806
0.676673
0.673896
0.673198
0.675106
0.67984
0.687146
0.696305
0.706382
0.716464
0.725875
0.734331
0.741841
0.748609
0.754718
0.759972
0.763863
0.765762
0.765131
0.761579
0.754992
0.745567
0.733924
0.721052
0.708036
0.69574
0.684941
0.676445
0.6713
0.670603
0.674882
0.68369
0.695632
0.708805
0.721323
0.731734
0.739116
0.743157
0.743947
0.74189
0.737581
0.731633
0.724626
0.717021
0.709201
0.701465
0.694043
0.687163
0.681011
0.675917
0.672582
0.672017
0.674979
0.681385
0.690119
0.699674
0.70889
0.717193
0.724329
0.730099
0.734169
0.736008
0.735223
0.731696
0.725748
0.718195
0.710096
0.702664
0.696859
0.693288
0.692088
0.693073
0.695867
0.804093
0.806989
0.808405
0.808316
0.806393
0.802028
0.794541
0.78351
0.769113
0.752305
0.734709
0.718265
0.704689
0.69496
0.689049
0.686124
0.685108
0.685282
0.686714
0.690133
0.696476
0.706246
0.71916
0.734207
0.749954
0.764903
0.77761
0.786841
0.791749
0.792022
0.788089
0.781148
0.773007
0.765556
0.76024
0.757731
0.757951
0.760468
0.765146
0.772406
0.782842
0.79667
0.813232
0.83095
0.847767
0.861671
0.871061
0.874858
0.872519
0.864129
0.850264
0.832046
0.810951
0.788704
0.766963
0.746873
0.728939
0.713424
0.701023
0.693145
0.691197
0.695464
0.704615
0.716097
0.727179
0.735989
0.742288
0.747299
0.75281
0.759925
0.768316
0.776539
0.782857
0.785889
0.785029
0.780303
0.772157
0.761231
0.748248
0.734018
0.719638
0.70672
0.697162
0.692799
0.694928
0.704029
0.719663
0.740509
0.764547
0.789479
0.812944
0.832624
0.846482
0.853018
0.851559
0.842356
0.826514
0.805882
0.78273
0.759598
0.739088
0.723538
0.714765
0.713826
0.720706
0.734156
0.751868
0.770938
0.788427
0.801987
0.810294
0.813075
0.811146
0.806044
0.799478
0.792684
0.786041
0.779238
0.771862
0.764038
0.756661
0.751029
0.74819
0.748331
0.750779
0.754465
0.758284
0.761526
0.763809
0.765026
0.765274
0.76475
0.763723
0.762377
0.760512
0.757621
0.753024
0.746311
0.737917
0.729411
0.723234
0.721923
0.726816
0.737274
0.750903
0.764496
0.77509
0.780752
0.781047
0.777172
0.771373
0.766136
0.763415
0.76443
0.769826
0.779758
0.793654
0.810121
0.827183
0.842483
0.853809
0.859479
0.858722
0.851652
0.8393
0.823338
0.805533
0.787258
0.769281
0.751771
0.734582
0.717573
0.700951
0.685499
0.672691
0.664663
0.663834
0.672154
0.689811
0.714302
0.741118
0.765798
0.785491
0.79917
0.806803
0.808827
0.805899
0.799015
0.789671
0.779664
0.770719
0.764091
0.760136
0.758525
0.758574
0.759675
0.761728
0.765008
0.769954
0.77675
0.785287
0.795022
0.805136
0.814632
0.822459
0.827576
0.829026
0.826183
0.81885
0.807449
0.793164
0.777854
0.763575
0.751878
0.743276
0.737285
0.73291
0.729152
0.72554
0.722225
0.719714
0.718545
0.719094
0.721398
0.725201
0.730023
0.735134
0.739753
0.743371
0.745963
0.748173
0.751054
0.755596
0.762176
0.770305
0.77897
0.787
0.793529
0.798135
0.800966
0.802576
0.803701
0.804988
0.806707
0.808673
0.810473
0.811756
0.812476
0.812919
0.813265
0.813313
0.812402
0.809665
0.80441
0.796603
0.786915
0.776579
0.766879
0.758759
0.752478
0.747696
0.743793
0.740503
0.738309
0.738464
0.742161
0.749297
0.757976
0.765494
0.769781
0.770103
0.76692
0.761352
0.754692
0.748094
0.742553
0.738961
0.738105
0.740473
0.746149
0.754758
0.765607
0.777803
0.79031
0.802006
0.811786
0.818801
0.822656
0.823398
0.821476
0.817393
0.811573
0.80436
0.795964
0.786488
0.77582
0.763651
0.749589
0.733518
0.71618
0.699597
0.686798
0.680688
0.682664
0.692004
0.706236
0.722355
0.737873
0.751371
0.762496
0.771676
0.779765
0.78759
0.795601
0.803566
0.81063
0.815598
0.817644
0.816816
0.814354
0.81235
0.81287
0.816997
0.824257
0.832773
0.840026
0.843706
0.842378
0.835686
0.824113
0.808541
0.789865
0.768941
0.746869
0.725253
0.706135
0.691546
0.682856
0.680216
0.682735
0.688908
0.697133
0.705954
0.714217
0.721158
0.726315
0.729586
0.731214
0.73163
0.731388
0.731122
0.731521
0.733301
0.737125
0.743451
0.752426
0.763901
0.777478
0.792559
0.808299
0.82349
0.836582
0.845888
0.850044
0.848475
0.841822
0.831736
0.820441
0.809851
0.801013
0.794035
0.788484
0.783807
0.779305
0.773946
0.766669
0.756749
0.744419
0.730776
0.717627
0.707107
0.701239
0.701517
0.708407
0.721023
0.737169
0.753884
0.768244
0.778169
0.782832
0.782658
0.779001
0.77387
0.769442
0.767738
0.770366
0.778189
0.791029
0.807663
0.825948
0.843191
0.856694
0.864196
0.864319
0.856757
0.842155
0.821831
0.797421
0.77069
0.743355
0.716935
0.692593
0.670962
0.652367
0.637275
0.626683
0.622062
0.624931
0.636243
0.655791
0.682023
0.712212
0.743132
0.771662
0.79536
0.812672
0.823039
0.826696
0.824359
0.817019
0.805827
0.791959
0.77667
0.761277
0.747157
0.735649
0.72791
0.724758
0.726629
0.733477
0.744695
0.75908
0.774809
0.789705
0.801699
0.809275
0.811671
0.808882
0.801375
0.789869
0.775444
0.759775
0.745186
0.734086
0.728415
0.72916
0.736335
0.749026
0.765541
0.783412
0.799671
0.811268
0.815811
0.812116
0.800658
0.783703
0.7649
0.748247
0.736802
0.731865
0.732893
0.738282
0.746141
0.755019
0.764178
0.773483
0.782978
0.792364
0.800824
0.807052
0.80981
0.808519
0.803607
0.796461
0.78891
0.782465
0.77783
0.774979
0.773421
0.772477
0.771405
0.769415
0.765949
0.760937
0.754899
0.748613
0.742751
0.737535
0.732928
0.729018
0.72622
0.725137
0.726169
0.729335
0.7343
0.740525
0.747327
0.754048
0.760227
0.765721
0.770814
0.776117
0.782431
0.790424
0.800459
0.812301
0.825084
0.837295
0.847147
0.852974
0.853601
0.848496
0.837935
0.822847
0.804768
0.785615
0.767339
0.751618
0.739648
0.731992
0.728532
0.728457
0.730589
0.733668
0.736835
0.739711
0.742268
0.744752
0.747591
0.751254
0.756083
0.7619
0.767912
0.772812
0.775135
0.77369
0.768009
0.758571
0.746735
0.734368
0.723164
0.714101
0.707467
0.703367
0.702166
0.704385
0.710314
0.719524
0.730688
0.741925
0.751323
0.757314
0.759075
0.756761
0.751531
0.745556
0.741649
0.742712
0.750791
0.766221
0.787336
0.811057
0.833796
0.852539
0.865271
0.870925
0.869114
0.85995
0.843993
0.822296
0.796481
0.768708
0.741574
0.717767
0.699636
0.688749
0.685468
0.689141
0.698416
0.711574
0.726782
0.742172
0.755922
0.766296
0.771859
0.771822
0.766247
0.756179
0.743665
0.731474
0.722587
0.719468
0.723464
0.734427
0.750942
0.770744
0.791347
0.810545
0.82662
0.838518
0.845618
0.847631
0.844445
0.836274
0.823718
0.807637
0.788944
0.768523
0.747349
0.726753
0.708404
0.694145
0.685606
0.683803
0.68887
0.699982
0.715419
0.732794
0.749592
0.763692
0.773865
0.77996
0.782829
0.783856
0.784476
0.78572
0.787973
0.790939
0.79404
0.796666
0.798491
0.799463
0.799815
0.799856
0.799871
0.799996
0.799994
0.799175
0.796451
0.79062
0.780978
0.767792
0.752515
0.737532
0.72548
0.71825
0.716377
0.718955
0.724066
0.729502
0.733435
0.735011
0.73462
0.733635
0.733923
0.736988
0.743359
0.752485
0.763196
0.774229
0.784532
0.793323
0.800096
0.804679
0.807234
0.80826
0.808376
0.808182
0.808019
0.807919
0.80769
0.807186
0.806338
0.805127
0.803241
0.799851
0.793937
0.784775
0.7725
0.758318
0.744414
0.73375
0.729639
0.734611
0.748823
0.769423
0.791945
0.812246
0.827455
0.835951
0.837128
0.8312
0.819061
0.802276
0.782842
0.762829
0.744052
0.727928
0.715425
0.707036
0.702794
0.702406
0.705483
0.711739
0.721053
0.733376
0.748544
0.765853
0.783842
0.800486
0.813861
0.822691
0.82656
0.825689
0.820674
0.812224
0.801006
0.787575
0.772488
0.756375
0.73998
0.724023
0.709165
0.696031
0.685247
0.677425
0.673022
0.672333
0.675511
0.682361
0.692438
0.705167
0.720103
0.736989
0.755472
0.774937
0.794229
0.811733
0.825694
0.834676
0.837768
0.834696
0.825791
0.81205
0.795219
0.777641
0.761973
0.750782
0.745978
0.748256
0.756694
0.768913
0.782044
0.793662
0.802418
0.807966
0.810708
0.811334
0.810639
0.809256
0.807459
0.805083
0.801601
0.796453
0.789314
0.780472
0.77089
0.762073
0.755348
0.751591
0.75115
0.754018
0.759739
0.76724
0.774875
0.780856
0.783706
0.782661
0.777572
0.76871
0.75642
0.741079
0.723183
0.703685
0.684129
0.666639
0.653555
0.647057
0.648691
0.658837
0.676549
0.699773
0.72589
0.752388
0.777239
0.798907
0.816287
0.828785
0.836527
0.840376
0.841672
0.841768
0.841446
0.840836
0.839483
0.836653
0.83174
0.824428
0.81463
0.802252
0.787357
0.77036
0.752488
0.736082
0.724141
0.71907
0.721551
0.730323
0.742913
0.756577
0.768948
0.778306
0.783657
0.784773
0.782033
0.776362
0.768876
0.760686
0.752804
0.746023
0.740876
0.737387
0.73516
0.733626
0.732338
0.731134
0.730113
0.729621
0.730238
0.73282
0.738368
0.747443
0.759581
0.773199
0.786269
0.797107
0.804788
0.809249
0.811176
0.811693
0.812013
0.81303
0.814931
0.817096
0.818272
0.817219
0.813292
0.806655
0.79807
0.788341
0.777894
0.766758
0.754757
0.741917
0.728675
0.715806
0.704339
0.695293
0.689431
0.687197
0.68856
0.693132
0.700283
0.709335
0.719604
0.730398
0.740808
0.749815
0.756352
0.759623
0.759357
0.756018
0.750773
0.745138
0.740535
0.737907
0.737547
0.739214
0.742229
0.745607
0.748466
0.750301
0.751194
0.751695
0.75263
0.754915
0.759302
0.766159
0.775439
0.786428
0.797845
0.808152
0.815862
0.819977
0.820022
0.816022
0.808445
0.798024
0.78583
0.773324
0.762386
0.755041
0.752755
0.755863
0.763538
0.774306
0.786639
0.799276
0.811043
0.820756
0.827188
0.829354
0.826768
0.819648
0.808642
0.794569
0.778303
0.760739
0.742998
0.726584
0.713209
0.704383
0.701129
0.70367
0.711362
0.722858
0.736401
0.750382
0.763566
0.775182
0.784775
0.792063
0.796749
0.798368
0.796413
0.790525
0.780587
0.766835
0.74993
0.730931
0.711356
0.693062
0.678145
0.668518
0.665266
0.668179
0.675743
0.685597
0.695225
0.702735
0.707336
0.709494
0.710693
0.712767
0.717148
0.724222
0.733317
0.743066
0.752111
0.759597
0.765328
0.769757
0.773742
0.778289
0.784091
0.79119
0.798953
0.806285
0.812188
0.816285
0.819169
0.822214
0.827019
0.83459
0.845048
0.857692
0.871233
0.884013
0.894135
0.899856
