1.19039
1.1575
1.10253
1.02723
0.934275
0.827831
0.71361
0.598761
0.491401
0.399585
0.329985
0.286625
0.270145
0.277891
0.304751
0.344361
0.390328
0.437082
0.480344
0.51724
0.546219
0.566841
0.579531
0.5853
0.585613
0.582118
0.576501
0.570371
0.565175
0.562009
0.561593
0.564255
0.569938
0.578313
0.588709
0.600405
0.612652
0.624758
0.636136
0.646278
0.654835
0.661476
0.665893
0.667863
0.667157
0.663648
0.657322
0.648469
0.637748
0.626171
0.61503
0.605698
0.599443
0.597264
0.599652
0.606478
0.61699
0.630058
0.644248
0.658069
0.670137
0.679387
0.68507
0.686816
0.684587
0.678754
0.66999
0.659229
0.647473
0.635654
0.624439
0.614147
0.604845
0.596432
0.588881
0.582404
0.577498
0.574844
0.575035
0.578192
0.583787
0.590677
0.597538
0.603419
0.607993
0.611483
0.614379
0.617098
0.619679
0.621834
0.622985
0.622584
0.620288
0.616042
0.610147
0.60307
0.595352
0.587464
0.579884
0.573032
0.567324
0.563154
0.560966
0.561096
0.563716
0.56878
0.57601
0.584881
0.594773
0.605037
0.615076
0.624475
0.633018
0.640582
0.647049
0.652279
0.656052
0.658137
0.658351
0.656559
0.65281
0.647427
0.640833
0.633649
0.626488
0.619947
0.614423
0.610088
0.606906
0.604699
0.603164
0.601972
0.600825
0.599597
0.598312
0.597234
0.596836
0.597662
0.600131
0.604432
0.610334
0.617145
0.623908
0.629525
0.633046
0.633834
0.631741
0.627149
0.620777
0.613569
0.606411
0.599824
0.594009
0.588756
0.583608
0.578173
0.572335
0.566378
0.560992
0.557174
0.55595
0.558099
0.563996
0.573532
0.586123
0.600867
0.61674
0.632705
0.647881
0.661585
0.67329
0.682708
0.689646
0.693984
0.695602
0.694534
0.690859
0.684783
0.676589
0.66662
0.655239
0.642702
0.629222
0.615027
0.600417
0.585868
0.571997
0.559527
0.549125
0.541315
0.536371
0.534289
0.534853
0.537693
0.542429
0.548717
0.556247
0.564752
0.573994
0.583739
0.593698
0.603617
0.613249
0.622394
0.63103
0.639195
0.647
0.654533
0.661825
0.668764
0.675073
0.680334
0.684121
0.685978
0.685596
0.682673
0.67702
0.668611
0.657678
0.644813
0.630777
0.616459
0.60275
0.590372
0.579874
0.571643
0.566026
0.563428
0.564123
0.568075
0.574924
0.583934
0.594121
0.604491
0.614077
0.622066
0.62784
0.630956
0.631252
0.628828
0.624019
0.617345
0.609558
0.601458
0.59382
0.587235
0.582196
0.579059
0.578127
0.579617
0.583597
0.589988
0.59847
0.608389
0.61899
0.629512
0.639274
0.647779
0.654819
0.660423
0.664644
0.667559
0.669151
0.66928
0.667672
0.664056
0.658293
0.650517
0.641078
0.630602
0.619859
0.609549
0.600239
0.592284
0.58578
0.580551
0.576382
0.573034
0.570299
0.568205
0.566971
0.566953
0.568595
0.572258
0.578118
0.586011
0.595372
0.60541
0.615112
0.623413
0.629387
0.632479
0.632578
0.630122
0.625949
0.621035
0.616308
0.612404
0.609616
0.607926
0.607176
0.607137
0.607582
0.608325
0.609274
0.610448
0.611909
0.613731
0.61593
0.618444
0.6211
0.6235
0.625129
0.625415
0.623899
0.620279
0.614617
0.607441
0.599593
0.592153
0.586199
0.582577
0.581729
0.583681
0.587964
0.593792
0.600115
0.605905
0.610367
0.613069
0.614088
0.613917
0.613299
0.612988
0.613556
0.615259
0.61815
0.622058
0.626663
0.631513
0.636071
0.639739
0.641889
0.641909
0.639407
0.634344
0.627022
0.618194
0.608923
0.600508
0.594182
0.590918
0.591172
0.594834
0.60128
0.609443
0.618067
0.625891
0.631856
0.635155
0.635389
0.632551
0.627001
0.619306
0.61022
0.600427
0.590563
0.58122
0.572995
0.566598
0.562791
0.562259
0.565469
0.572536
0.583163
0.596638
0.611991
0.628034
0.643465
0.657029
0.667662
0.67456
0.677249
0.675661
0.670143
0.661445
0.650617
0.638862
0.627354
0.617059
0.608686
0.602643
0.598974
0.597483
0.597693
0.598961
0.600448
0.601283
0.600793
0.598621
0.594817
0.589758
0.584107
0.578623
0.573962
0.570666
0.569059
0.569306
0.571503
0.575652
0.581714
0.589493
0.598695
0.608929
0.619648
0.630234
0.639981
0.648186
0.654336
0.658038
0.65918
0.657882
0.654479
0.649514
0.643586
0.637375
0.631523
0.626567
0.622762
0.620163
0.618613
0.617718
0.616954
0.615703
0.613423
0.609719
0.604539
0.598097
0.590919
0.583872
0.577998
0.574317
0.573581
0.576088
0.581495
0.588927
0.59706
0.60456
0.610447
0.6143
0.61641
0.617677
0.619267
0.622171
0.626721
0.632565
0.638844
0.644568
0.649035
0.65189
0.653008
0.652515
0.650586
0.647329
0.642927
0.637649
0.631792
0.625822
0.620021
0.614599
0.609649
0.605259
0.601567
0.598786
0.597275
0.597497
0.599857
0.604565
0.611593
0.620506
0.630566
0.640739
0.649782
0.656597
0.660082
0.659427
0.654189
0.644411
0.63062
0.613799
0.595395
0.577175
0.56095
0.548414
0.540876
0.539148
0.543347
0.552782
0.566064
0.581282
0.596199
0.6087
0.617172
0.620795
0.619674
0.61478
0.607714
0.600324
0.594245
0.590651
0.590001
0.592105
0.596318
0.601636
0.607028
0.611606
0.614735
0.616173
0.61604
0.614784
0.613043
0.611506
0.610785
0.6113
0.613211
0.616434
0.620818
0.626117
0.632175
0.638827
0.645926
0.653256
0.660546
0.667395
0.673362
0.678065
0.681162
0.682279
0.681136
0.677545
0.671397
0.66279
0.652128
0.640079
0.627492
0.615092
0.603341
0.592333
0.581837
0.571561
0.561343
0.551294
0.541835
0.533563
0.527167
0.523298
0.522411
0.524703
0.530137
0.538494
0.549318
0.562118
0.576306
0.591238
0.606267
0.620766
0.634139
0.645833
0.655291
0.662076
0.665933
0.666764
0.664654
0.659769
0.652393
0.642926
0.631813
0.619654
0.607189
0.595242
0.584718
0.576561
0.571497
0.570119
0.572733
0.579209
0.588815
0.600336
0.61228
0.623249
0.632187
0.638528
0.642171
0.643335
0.642477
0.640087
0.636772
0.633117
0.629639
0.62681
0.624872
0.623783
0.623316
0.623205
0.623167
0.623016
0.622728
0.622311
0.621874
0.621587
0.621643
0.622148
0.623172
0.624616
0.626191
0.627397
0.627594
0.626187
0.622704
0.616923
0.608997
0.59945
0.589147
0.579171
0.570674
0.564661
0.5618
0.562328
0.566064
0.57247
0.580703
0.58975
0.598454
0.605599
0.610127
0.611342
0.609142
0.60412
0.597461
0.590748
0.585652
0.583567
0.5854
0.591384
0.601042
0.613366
0.626901
0.64012
0.651671
0.660603
0.666407
0.66906
0.668913
0.666529
0.66252
0.657354
0.651353
0.644623
0.637235
0.629317
0.621104
0.612976
0.605508
0.599387
0.595217
0.593407
0.594096
0.59706
0.601716
0.607212
0.612622
0.6171
0.619962
0.620852
0.619689
0.616637
0.612006
0.606211
0.599769
0.59322
0.587131
0.582004
0.578447
0.576999
0.578108
0.582107
0.589109
0.598937
0.611111
0.624773
0.638765
0.651825
0.662764
0.670704
0.675018
0.675294
0.671311
0.663086
0.65092
0.635587
0.618364
0.601028
0.585627
0.574187
0.568138
0.568141
0.573887
0.584261
0.59758
0.612053
0.626041
0.638244
0.647725
0.653849
0.656217
0.654634
0.649156
0.640175
0.628396
0.614858
0.600805
0.587523
0.576121
0.567386
0.561767
0.55939
0.560072
0.563387
0.568715
0.575332
0.58251
0.589678
0.596499
0.60291
0.609095
0.615246
0.621581
0.628152
0.634826
0.64126
0.646959
0.651387
0.654025
0.654385
0.65215
0.647199
0.639646
0.629866
0.618467
0.606316
0.594387
0.583741
0.575408
0.57025
0.568718
0.57068
0.575484
0.582006
0.588947
0.59515
0.59983
0.602725
0.60404
0.604335
0.604407
0.605105
0.607146
0.610935
0.616434
0.623236
0.63068
0.638027
0.644627
0.649987
0.653718
0.655499
0.655065
0.652136
0.64665
0.638718
0.628841
0.61785
0.606895
0.59735
0.590434
0.587062
0.58751
0.591332
0.597467
0.604591
0.611374
0.616775
0.620124
0.621197
0.620154
0.617396
0.613499
0.609067
0.604697
0.60084
0.597907
0.596243
0.59617
0.597856
0.601365
0.606475
0.612779
0.619597
0.626173
0.631659
0.635326
0.636713
0.635711
0.632575
0.627762
0.621833
0.615536
0.609701
0.605181
0.602691
0.602734
0.605375
0.610327
0.616922
0.624335
0.631707
0.63831
0.643571
0.647153
0.648993
0.64923
0.648158
0.64614
0.643342
0.639675
0.634988
0.629163
0.622242
0.614529
0.606601
0.599195
0.592918
0.588118
0.584823
0.582745
0.581432
0.580508
0.579755
0.579212
0.579069
0.579729
0.581597
0.584994
0.590054
0.59663
0.604304
0.612504
0.620576
0.627871
0.633789
0.637864
0.639769
0.639324
0.636583
0.631784
0.625321
0.617783
0.6099
0.602441
0.596107
0.591376
0.588539
0.587777
0.589139
0.592565
0.597939
0.604994
0.613314
0.622227
0.630912
0.638488
0.644119
0.647217
0.647481
0.645049
0.640332
0.63385
0.626238
0.618084
0.609933
0.602269
0.595558
0.590271
0.586775
0.585202
0.58543
0.586934
0.588934
0.590554
0.590939
0.589491
0.586053
0.581057
0.575502
0.570819
0.568581
0.570115
0.576249
0.587111
0.602039
0.619712
0.638352
0.656012
0.670875
0.681498
0.687092
0.687608
0.683656
0.676419
0.667303
0.657661
0.648577
0.640681
0.634235
0.629268
0.625711
0.623483
0.622452
0.622366
0.622761
0.622883
0.62192
0.619034
0.613637
0.605464
0.594707
0.581953
0.568249
0.554947
0.543409
0.534797
0.529915
0.52906
0.53221
0.539068
0.549174
0.561989
0.576963
0.593503
0.611013
0.628887
0.646402
0.662768
0.67703
0.688184
0.695341
0.697868
0.695457
0.688203
0.676498
0.661112
0.643041
0.623489
0.603887
0.585737
0.570554
0.559736
0.55435
0.554807
0.560791
0.571316
0.584931
0.600082
0.615299
0.629346
0.641182
0.650055
0.655468
0.657177
0.655294
0.65022
0.642587
0.633129
0.622606
0.611736
0.601275
0.592039
0.584744
0.579992
0.578101
0.579087
0.582692
0.588378
0.595575
0.603793
0.6127
0.622078
0.631758
0.641486
0.650825
1.20648
1.19968
1.17846
1.14319
1.09523
1.03718
0.973069
0.907904
0.847153
0.795631
0.756762
0.732226
0.722034
0.724866
0.738353
0.759368
0.784323
0.809696
0.832476
0.850452
0.862343
0.867586
0.866375
0.859498
0.848343
0.834835
0.821165
0.809576
0.802243
0.800888
0.806557
0.819337
0.838199
0.861153
0.88566
0.909184
0.929552
0.94522
0.955529
0.960692
0.961619
0.95961
0.956271
0.953041
0.951135
0.951201
0.95335
0.957057
0.961456
0.965356
0.967351
0.965975
0.960089
0.949212
0.933696
0.914809
0.894421
0.87455
0.85708
0.843474
0.834756
0.831488
0.834029
0.842432
0.856491
0.875388
0.89758
0.920834
0.942493
0.960034
0.971582
0.976252
0.974249
0.966813
0.95596
0.943996
0.933016
0.924549
0.919127
0.916476
0.915741
0.915836
0.915726
0.914662
0.91226
0.908451
0.903276
0.896906
0.88988
0.883225
0.878547
0.877461
0.881075
0.889392
0.900985
0.913355
0.923517
0.928694
0.926884
0.91719
0.899851
0.876135
0.848097
0.818365
0.789842
0.765397
0.747553
0.738237
0.738656
0.749108
0.768729
0.795783
0.827928
0.862636
0.897543
0.930583
0.960009
0.984406
1.0027
1.01407
1.01805
1.01466
1.00465
0.989407
0.970931
0.951506
0.933309
0.917974
0.906479
0.899285
0.896472
0.897809
0.902914
0.910998
0.920876
0.93109
0.940109
0.946582
0.949448
0.948008
0.941981
0.931405
0.916914
0.899698
0.881485
0.8643
0.850219
0.840762
0.836556
0.837348
0.841998
0.848852
0.856275
0.863165
0.869407
0.875756
0.88331
0.892727
0.903785
0.915418
0.926326
0.935677
0.943559
0.950681
0.958016
0.966028
0.974537
0.982826
0.989959
0.994927
0.997007
0.995836
0.991223
0.983149
0.97164
0.956758
0.938701
0.917902
0.895106
0.871473
0.848547
0.828131
0.811937
0.801368
0.79734
0.800188
0.809756
0.825213
0.84499
0.866815
0.887872
0.905131
0.915822
0.918013
0.911146
0.896443
0.876807
0.856291
0.839328
0.829511
0.828847
0.837478
0.853888
0.875592
0.899667
0.923316
0.944179
0.960499
0.971421
0.977149
0.978727
0.977556
0.97485
0.971484
0.968288
0.966279
0.966306
0.968675
0.972526
0.975879
0.976332
0.971964
0.962146
0.947555
0.930163
0.912536
0.897081
0.885608
0.879127
0.877885
0.881471
0.88892
0.898751
0.90916
0.918235
0.924302
0.925992
0.922406
0.913205
0.89897
0.88111
0.861798
0.843696
0.829606
0.822003
0.822439
0.831156
0.84685
0.866875
0.887874
0.906559
0.920492
0.928357
0.930179
0.926966
0.920331
0.912056
0.903655
0.89612
0.889934
0.885154
0.881734
0.879661
0.879102
0.880267
0.883347
0.888391
0.895107
0.902798
0.910512
0.917287
0.922487
0.926014
0.92824
0.929893
0.931568
0.933283
0.934577
0.934779
0.93351
0.930885
0.927453
0.923999
0.921093
0.919086
0.917927
0.917336
0.916863
0.916003
0.914515
0.912364
0.909654
0.906624
0.903529
0.900661
0.898207
0.896174
0.894342
0.892357
0.889926
0.886952
0.883702
0.880689
0.8782
0.876185
0.874317
0.872282
0.870023
0.867895
0.866379
0.865903
0.866722
0.868811
0.87202
0.876205
0.881281
0.88705
0.893069
0.898519
0.902281
0.903214
0.900446
0.893653
0.883125
0.869708
0.854759
0.839955
0.827238
0.818596
0.815609
0.819132
0.829076
0.844586
0.864204
0.886219
0.908816
0.930395
0.949685
0.965922
0.978813
0.988341
0.994631
0.997815
0.997958
0.995092
0.989209
0.980379
0.96887
0.955248
0.94056
0.926297
0.914117
0.905513
0.901231
0.900937
0.903329
0.906579
0.908998
0.909506
0.907789
0.904114
0.898989
0.892982
0.886564
0.88014
0.874068
0.868801
0.864975
0.863358
0.86492
0.870625
0.880942
0.895485
0.912821
0.93061
0.946283
0.957566
0.96307
0.962524
0.956788
0.947366
0.936061
0.924284
0.912844
0.901912
0.891373
0.881203
0.871574
0.862886
0.855595
0.849944
0.845834
0.84306
0.841461
0.841168
0.842293
0.844819
0.848577
0.853198
0.858546
0.864722
0.871822
0.879842
0.888455
0.897053
0.905044
0.912148
0.91858
0.924965
0.932207
0.940966
0.951245
0.962324
0.97298
0.981771
0.987249
0.988071
0.983149
0.97186
0.954448
0.932161
0.907155
0.882281
0.860394
0.844103
0.835627
0.836684
0.847981
0.868733
0.896418
0.927247
0.957155
0.982781
1.00193
1.01349
1.0171
1.01295
1.00139
0.98288
0.958132
0.928355
0.895603
0.862728
0.833236
0.810395
0.796601
0.793008
0.799313
0.814194
0.83543
0.860111
0.884997
0.906793
0.922542
0.930206
0.928989
0.919358
0.9031
0.883119
0.863004
0.846521
0.836777
0.835406
0.842343
0.855951
0.873791
0.893393
0.912809
0.930794
0.946803
0.960882
0.973332
0.984457
0.994132
1.00161
1.00573
1.00521
0.998974
0.986749
0.969033
0.947167
0.923099
0.899228
0.878181
0.862535
0.854437
0.855156
0.864716
0.881718
0.903494
0.926423
0.946633
0.960728
0.966441
0.963042
0.951381
0.933514
0.912316
0.890895
0.872121
0.858158
0.85004
0.847707
0.850401
0.857227
0.867338
0.880108
0.894827
0.910342
0.925055
0.937147
0.944853
0.946907
0.942842
0.933169
0.919281
0.903365
0.887943
0.875572
0.86812
0.866186
0.869015
0.874951
0.881929
0.887915
0.89117
0.890555
0.885716
0.877061
0.865712
0.85322
0.841252
0.831233
0.82433
0.821578
0.823872
0.831735
0.845093
0.862879
0.883246
0.904054
0.92363
0.941281
0.957274
0.972204
0.986015
0.99768
1.0057
1.00892
1.00689
0.999866
0.988486
0.973655
0.956269
0.937489
0.918407
0.900088
0.883344
0.868904
0.857531
0.85003
0.847221
0.849739
0.857622
0.87019
0.886029
0.903071
0.91903
0.931565
0.938692
0.9391
0.932429
0.919386
0.901681
0.881686
0.862081
0.845329
0.83336
0.827289
0.827364
0.833277
0.844464
0.860257
0.879713
0.901412
0.923342
0.943017
0.958026
0.966525
0.967682
0.961791
0.950216
0.935178
0.919097
0.904125
0.891847
0.883076
0.877859
0.875749
0.876064
0.878077
0.881273
0.885261
0.88977
0.894531
0.899189
0.90336
0.906611
0.908684
0.909416
0.908797
0.906812
0.903574
0.89938
0.894549
0.889468
0.884545
0.880163
0.876664
0.874379
0.873689
0.874955
0.878484
0.884193
0.891647
0.899962
0.908075
0.915174
0.921043
0.926139
0.931351
0.937556
0.944968
0.952805
0.959724
0.964266
0.965434
0.963036
0.957321
0.948349
0.935874
0.919752
0.900473
0.879372
0.85826
0.838881
0.822673
0.810741
0.803907
0.802702
0.807166
0.816898
0.831049
0.848511
0.868031
0.888275
0.907792
0.925159
0.939339
0.949949
0.957125
0.961264
0.962627
0.96124
0.957015
0.950038
0.940865
0.930714
0.921188
0.913964
0.910315
0.91072
0.914723
0.921027
0.927963
0.934004
0.938233
0.940525
0.941341
0.941422
0.941301
0.941102
0.940456
0.938578
0.934452
0.927184
0.916344
0.902168
0.885621
0.868323
0.852254
0.839308
0.830899
0.827707
0.829679
0.836131
0.846019
0.858171
0.87139
0.884509
0.896459
0.906302
0.913243
0.916788
0.916835
0.913649
0.9078
0.900073
0.891328
0.882451
0.874113
0.866816
0.860781
0.856042
0.852729
0.851334
0.852674
0.857514
0.865945
0.877044
0.889055
0.899905
0.907871
0.911991
0.912169
0.90901
0.903514
0.896788
0.889751
0.882997
0.877002
0.87234
0.869624
0.869566
0.872669
0.878959
0.887813
0.898099
0.908464
0.917676
0.92499
0.930166
0.933439
0.935405
0.93654
0.937098
0.936962
0.935765
0.933119
0.928954
0.923729
0.918248
0.913533
0.910431
0.909285
0.909751
0.910856
0.911371
0.910176
0.906681
0.901024
0.894138
0.887355
0.882139
0.879698
0.88063
0.884773
0.891333
0.899012
0.906334
0.911928
0.914722
0.914093
0.90994
0.902685
0.893263
0.882987
0.873337
0.865728
0.861304
0.860599
0.863457
0.869189
0.87668
0.884698
0.892199
0.898376
0.902744
0.904997
0.904981
0.902581
0.897818
0.890748
0.881704
0.871388
0.860818
0.851221
0.843679
0.838855
0.836918
0.837641
0.840798
0.846327
0.854438
0.865314
0.878871
0.894468
0.910797
0.926262
0.939345
0.948934
0.954729
0.957158
0.957408
0.957029
0.957483
0.959594
0.963291
0.967624
0.971304
0.973319
0.973325
0.971696
0.969258
0.966752
0.964601
0.962567
0.959777
0.954814
0.946132
0.932685
0.914506
0.892888
0.87011
0.84901
0.832481
0.822716
0.820793
0.826476
0.838135
0.853093
0.868176
0.88049
0.887859
0.889163
0.88438
0.874474
0.861078
0.846088
0.831245
0.818014
0.807451
0.800363
0.797448
0.799239
0.805982
0.817376
0.832449
0.849766
0.867787
0.885213
0.901292
0.915721
0.928615
0.940314
0.951258
0.961716
0.971667
0.980731
0.988154
0.992921
0.994017
0.990625
0.982204
0.96846
0.949603
0.926519
0.900968
0.87578
0.854418
0.840336
0.835846
0.841608
0.856628
0.87876
0.90526
0.933274
0.960055
0.983241
1.00099
1.01218
1.01641
1.0139
1.00536
0.991917
0.975146
0.956874
0.939026
0.923256
0.910625
0.901236
0.894319
0.888579
0.882702
0.875817
0.867508
0.85779
0.84694
0.835192
0.822758
0.809873
0.796776
0.783736
0.770966
0.758501
0.746455
0.735419
0.726861
0.723158
0.726868
0.739829
0.762358
0.793039
0.829055
0.866755
0.902635
0.933887
0.958768
0.976639
0.98778
0.993058
0.993672
0.990931
0.986083
0.980088
0.973533
0.966528
0.958718
0.949617
0.93889
0.9268
0.914245
0.902571
0.893117
0.886924
0.884387
0.885314
0.888968
0.894237
0.899953
0.905131
0.909046
0.911484
0.912772
0.913601
0.91462
0.916231
0.918456
0.920858
0.922773
0.923565
0.922795
0.920331
0.91645
0.911818
0.907511
0.904747
0.904631
0.907637
0.913356
0.920475
0.927085
0.931309
0.931832
0.92828
0.921083
0.911434
0.900818
0.890731
0.882429
0.876761
0.874045
0.874039
0.876097
0.879294
0.882584
0.884904
0.88535
0.883375
0.879001
0.872871
0.866128
0.860161
0.856223
0.855185
0.857459
0.862942
0.871018
0.880575
0.890069
1.20615
1.20127
1.18435
1.1565
1.12049
1.08024
1.0402
1.00431
0.975229
0.954147
0.94103
0.935256
0.936194
0.94333
0.956105
0.973885
0.995871
1.02093
1.04767
1.07436
1.09901
1.11937
1.1333
1.13905
1.13561
1.12289
1.1018
1.0745
1.04418
1.01492
0.990999
0.976128
0.972587
0.980654
0.998649
1.02333
1.05073
1.07695
1.09877
1.11402
1.12152
1.12118
1.11381
1.10102
1.08488
1.06766
1.0519
1.04021
1.03493
1.03767
1.04868
1.06686
1.08984
1.11457
1.13795
1.15736
1.17095
1.17792
1.17819
1.17248
1.16204
1.14851
1.13336
1.11766
1.10191
1.08619
1.07048
1.05496
1.04016
1.02696
1.01626
1.00891
1.00549
1.00603
1.00989
1.01574
1.02189
1.02657
1.02842
1.02678
1.0218
1.01436
1.00585
0.997723
0.991089
0.986473
0.983683
0.982196
0.981471
0.981344
0.982201
0.985043
0.991224
1.00208
1.01846
1.04028
1.06661
1.0956
1.12485
1.1518
1.17414
1.19017
1.19906
1.20096
1.19702
1.18877
1.17784
1.16546
1.15237
1.13893
1.12526
1.11132
1.09703
1.08221
1.06661
1.05019
1.03329
1.01655
1.0009
0.987307
0.976701
0.969599
0.966057
0.965479
0.966907
0.969349
0.972233
0.975773
0.981129
0.990051
1.00429
1.02483
1.05127
1.08186
1.11401
1.14488
1.17162
1.19148
1.20193
1.20077
1.18648
1.15863
1.1185
1.06966
1.01784
0.970466
0.934721
0.915128
0.912399
0.924187
0.946637
0.975579
1.00727
1.03871
1.06798
1.09408
1.11638
1.13395
1.14533
1.14924
1.14537
1.13502
1.12098
1.10672
1.09497
1.08698
1.08243
1.08004
1.07812
1.07501
1.0692
1.05959
1.04567
1.02778
1.00707
0.985687
0.966451
0.952345
0.945898
0.948672
0.96082
0.980974
1.00649
1.03415
1.06097
1.08473
1.10409
1.11847
1.12777
1.13206
1.13158
1.12672
1.11809
1.10645
1.09283
1.07828
1.06396
1.05105
1.04063
1.0337
1.03091
1.0323
1.03757
1.04643
1.05851
1.07321
1.0896
1.10632
1.12189
1.13497
1.1447
1.15075
1.15299
1.15114
1.1444
1.13194
1.11366
1.09098
1.06705
1.04611
1.03208
1.02736
1.03173
1.04262
1.05594
1.06756
1.07459
1.07597
1.07264
1.06696
1.06161
1.05868
1.05889
1.06165
1.06543
1.06844
1.06941
1.06802
1.06487
1.06086
1.05682
1.05326
1.05008
1.04696
1.04352
1.03947
1.03472
1.02942
1.02409
1.01949
1.0166
1.01628
1.01901
1.02478
1.03287
1.04191
1.05019
1.056
1.05799
1.05569
1.04964
1.04155
1.0338
1.02889
1.02879
1.03463
1.0465
1.06371
1.08493
1.10818
1.13108
1.15121
1.16646
1.17542
1.17748
1.17272
1.16179
1.14599
1.12729
1.10844
1.0925
1.08202
1.07824
1.08052
1.08642
1.09257
1.09581
1.09387
1.08582
1.07198
1.05383
1.03377
1.01472
0.999725
0.991003
0.989087
0.99264
0.999335
1.00699
1.01426
1.02081
1.02702
1.03358
1.04098
1.04877
1.05538
1.0587
1.05708
1.05037
1.04013
1.02885
1.01908
1.01267
1.01066
1.01352
1.02124
1.03306
1.0474
1.0622
1.07532
1.08508
1.09064
1.09205
1.09027
1.08667
1.08249
1.0784
1.0743
1.06989
1.06546
1.06222
1.06198
1.06607
1.0744
1.08514
1.0954
1.10211
1.1031
1.09743
1.08549
1.06886
1.04981
1.0309
1.01439
1.00203
0.99508
0.994379
1.00048
1.01337
1.03231
1.0557
1.08132
1.10654
1.12863
1.145
1.1536
1.15348
1.14541
1.13191
1.11676
1.10361
1.09469
1.09057
1.09055
1.09332
1.09726
1.10056
1.10161
1.09899
1.09198
1.08067
1.06597
1.04933
1.03231
1.01631
1.00298
0.994849
0.995351
1.00686
1.02794
1.05343
1.07739
1.09563
1.10621
1.10873
1.10379
1.09292
1.07864
1.06429
1.05353
1.04931
1.05307
1.06423
1.08038
1.09797
1.11322
1.12307
1.1256
1.12025
1.10785
1.09048
1.0711
1.05302
1.03905
1.0311
1.0298
1.03473
1.04459
1.05752
1.07153
1.08491
1.0967
1.10685
1.11595
1.12458
1.13259
1.13876
1.14124
1.13849
1.12979
1.11533
1.09601
1.07313
1.04828
1.02322
0.999612
0.978849
0.962044
0.950331
0.945516
0.949917
0.965276
0.990957
1.02342
1.0577
1.08946
1.11588
1.13505
1.14538
1.14576
1.13627
1.11852
1.09526
1.06999
1.04642
1.0277
1.01591
1.01158
1.01383
1.02091
1.03097
1.04252
1.05445
1.06581
1.07568
1.08344
1.08882
1.09199
1.09333
1.09308
1.09127
1.08765
1.08204
1.07466
1.06613
1.05735
1.04915
1.04224
1.03741
1.03537
1.0367
1.04177
1.05078
1.0637
1.08014
1.09906
1.11875
1.13661
1.14957
1.15465
1.14955
1.13332
1.10681
1.07296
1.03668
1.00432
0.982074
0.974022
0.980685
0.998929
1.02346
1.04883
1.07105
1.08815
1.09992
1.10727
1.11134
1.11294
1.1124
1.10954
1.10411
1.09591
1.08513
1.07248
1.05905
1.04619
1.03514
1.02692
1.02207
1.02068
1.02252
1.02712
1.0339
1.04219
1.05115
1.05961
1.06612
1.06929
1.0683
1.06332
1.05559
1.04706
1.03978
1.03538
1.03455
1.03693
1.04147
1.04688
1.05218
1.05696
1.06138
1.06598
1.07166
1.07937
1.08972
1.10281
1.11792
1.13335
1.14669
1.15554
1.15796
1.15325
1.14202
1.12559
1.10538
1.08249
1.05759
1.03141
1.00519
0.980878
0.960937
0.947605
0.94226
0.945216
0.955782
0.972638
0.994164
1.01852
1.04355
1.06708
1.08706
1.10183
1.11034
1.11212
1.1073
1.09655
1.08083
1.06154
1.04057
1.02062
1.00485
0.996186
0.996351
1.00514
1.02061
1.03984
1.05993
1.07847
1.09355
1.10362
1.10748
1.10484
1.09706
1.08732
1.08005
1.07907
1.08571
1.09819
1.11274
1.12544
1.13313
1.1337
1.12586
1.10926
1.08529
1.05774
1.03225
1.01418
1.00624
1.00743
1.01439
1.02372
1.03344
1.04321
1.05355
1.06496
1.07733
1.0899
1.10177
1.11256
1.12286
1.13384
1.14625
1.15953
1.17164
1.18005
1.18245
1.17765
1.16558
1.14713
1.12402
1.09864
1.07371
1.05178
1.03492
1.02427
1.01985
1.02059
1.02447
1.02922
1.033
1.03484
1.03461
1.03256
1.02893
1.02377
1.01682
1.00789
0.997195
0.985955
0.976408
0.971331
0.973126
0.982738
0.999199
1.01987
1.04156
1.06139
1.07742
1.08869
1.0946
1.09467
1.08865
1.07707
1.06158
1.04518
1.03146
1.02345
1.02252
1.02833
1.03916
1.05258
1.06623
1.07831
1.08791
1.09516
1.10075
1.10576
1.11104
1.11682
1.12259
1.12719
1.12934
1.12816
1.12366
1.11676
1.10913
1.10263
1.09891
1.09895
1.10287
1.10982
1.11828
1.12623
1.13149
1.1322
1.12729
1.11697
1.10245
1.08542
1.06744
1.04963
1.03252
1.01653
1.00242
0.991618
0.985961
0.987009
0.995285
1.00986
1.02876
1.0495
1.06952
1.08634
1.09787
1.10253
1.09958
1.08948
1.07382
1.05504
1.03576
1.01838
1.00478
0.996323
0.993562
0.996099
1.0026
1.01128
1.02068
1.03007
1.03977
1.05089
1.06485
1.08277
1.10482
1.12988
1.15563
1.17908
1.19737
1.20835
1.21085
1.20469
1.19055
1.16963
1.14346
1.11363
1.08195
1.05025
1.0207
0.995825
0.978335
0.970414
0.972872
0.984545
1.00248
1.02283
1.04204
1.05801
1.07035
1.07993
1.08756
1.09311
1.09557
1.09412
1.08884
1.08091
1.07207
1.06416
1.05847
1.0554
1.05457
1.05483
1.0546
1.05214
1.04611
1.03591
1.02194
1.00565
0.989296
0.975525
0.966504
0.963371
0.965929
0.972811
0.982165
0.992109
1.00113
1.00842
1.01382
1.01818
1.02298
1.03
1.04013
1.05255
1.06487
1.07432
1.07915
1.07949
1.07739
1.07602
1.07869
1.08798
1.10475
1.12794
1.15488
1.18201
1.20617
1.22506
1.2374
1.24253
1.24008
1.22975
1.21139
1.18524
1.15228
1.11445
1.07478
1.03681
1.00369
0.976923
0.956014
0.939321
0.925544
0.914884
0.908977
0.909961
0.919399
0.937714
0.964041
0.996462
1.03239
1.06908
1.10416
1.13577
1.16267
1.18402
1.19908
1.20719
1.20804
1.20167
1.18884
1.17093
1.14954
1.12636
1.10291
1.08051
1.06023
1.0429
1.029
1.0187
1.01175
1.00772
1.00635
1.00754
1.01121
1.01683
1.02293
1.02735
1.02758
1.02172
1.00904
0.990309
0.967691
0.944357
0.92413
0.91069
0.906659
0.912845
0.928076
0.949795
0.975085
1.00145
1.02725
1.05164
1.07428
1.09515
1.11438
1.13221
1.14882
1.16402
1.17719
1.18735
1.19339
1.19431
1.18973
1.17994
1.16587
1.14899
1.13079
1.11241
1.09433
1.07664
1.05964
1.04402
1.03061
1.01968
1.01056
1.00153
0.990553
0.976369
0.959186
0.941387
0.927076
0.920812
0.925862
0.943128
0.970814
1.00507
1.04114
1.07445
1.10141
1.12004
1.12998
1.13222
1.12862
1.12125
1.11211
1.10275
1.09414
1.0867
1.08031
1.07495
1.07075
1.06802
1.06706
1.06782
1.06985
1.07227
1.07411
1.07452
1.07274
1.06844
1.06187
1.0538
1.04518
1.03665
1.02859
1.02121
1.01501
1.01084
1.0098
1.01266
1.01976
1.03072
1.04446
1.05957
1.0747
1.08881
1.1015
1.11276
1.12291
1.13208
1.13996
1.14579
1.14864
1.1477
1.14237
1.13249
1.11835
1.10089
1.08158
1.06205
1.04361
1.02741
1.01467
1.00695
1.0059
1.01232
1.02554
1.04345
1.06321
1.08198
1.0976
1.10867
1.11474
1.11592
1.11283
1.10637
1.09745
1.08694
1.07553
1.0638
1.0522
1.04106
1.03074
1.02152
1.01387
1.00887
1.00803
1.01247
1.02208
1.03518
1.04951
1.06334
1.07579
1.08649
1.09515
1.10125
1.10401
1.10283
1.09754
1.08862
1.07729
1.06514
1.054
1.04529
1.03993
1.03813
1.03961
1.0438
1.20614
1.21048
1.21261
1.21247
1.20959
1.20304
1.19181
1.17526
1.15367
1.12846
1.10206
1.0774
1.05703
1.04244
1.03357
1.02919
1.02766
1.02792
1.03007
1.0352
1.04471
1.05937
1.07874
1.10131
1.12493
1.14735
1.16642
1.18026
1.18762
1.18803
1.18213
1.17172
1.15951
1.14833
1.14036
1.1366
1.13693
1.1407
1.14772
1.15861
1.17426
1.195
1.21985
1.24642
1.27165
1.29251
1.30659
1.31229
1.30878
1.29619
1.2754
1.24807
1.21643
1.18306
1.15044
1.12031
1.09341
1.07014
1.05153
1.03972
1.0368
1.0432
1.05692
1.07415
1.09077
1.10398
1.11343
1.12095
1.12922
1.13989
1.15247
1.16481
1.17429
1.17883
1.17754
1.17045
1.15824
1.14185
1.12237
1.10103
1.07946
1.06008
1.04574
1.0392
1.04239
1.05604
1.07949
1.11076
1.14682
1.18422
1.21942
1.24894
1.26972
1.27953
1.27734
1.26353
1.23977
1.20882
1.17409
1.1394
1.10863
1.08531
1.07215
1.07074
1.08106
1.10123
1.1278
1.15641
1.18264
1.20298
1.21544
1.21961
1.21672
1.20907
1.19922
1.18903
1.17906
1.16886
1.15779
1.14606
1.13499
1.12654
1.12228
1.1225
1.12617
1.1317
1.13743
1.14229
1.14571
1.14754
1.14791
1.14712
1.14558
1.14357
1.14077
1.13643
1.12954
1.11947
1.10688
1.09412
1.08485
1.08288
1.09022
1.10591
1.12635
1.14674
1.16264
1.17113
1.17157
1.16576
1.15706
1.1492
1.14512
1.14664
1.15474
1.16964
1.19048
1.21518
1.24077
1.26372
1.28071
1.28922
1.28808
1.27748
1.25895
1.23501
1.2083
1.18089
1.15392
1.12766
1.10187
1.07636
1.05143
1.02825
1.00904
0.996994
0.99575
1.00823
1.03472
1.07145
1.11168
1.1487
1.17824
1.19876
1.2102
1.21324
1.20885
1.19852
1.18451
1.1695
1.15608
1.14614
1.1402
1.13779
1.13786
1.13951
1.14259
1.14751
1.15493
1.16512
1.17793
1.19253
1.2077
1.22195
1.23369
1.24136
1.24354
1.23927
1.22828
1.21117
1.18975
1.16678
1.14536
1.12782
1.11491
1.10593
1.09936
1.09373
1.08831
1.08334
1.07957
1.07782
1.07864
1.0821
1.0878
1.09503
1.1027
1.10963
1.11506
1.11894
1.12226
1.12658
1.13339
1.14326
1.15546
1.16846
1.1805
1.19029
1.1972
1.20145
1.20386
1.20555
1.20748
1.21006
1.21301
1.21571
1.21763
1.21871
1.21938
1.2199
1.21997
1.2186
1.2145
1.20662
1.1949
1.18037
1.16487
1.15032
1.13814
1.12872
1.12154
1.11569
1.11075
1.10746
1.1077
1.11324
1.12395
1.13696
1.14824
1.15467
1.15515
1.15038
1.14203
1.13204
1.12214
1.11383
1.10844
1.10716
1.11071
1.11922
1.13214
1.14841
1.1667
1.18546
1.20301
1.21768
1.2282
1.23398
1.2351
1.23221
1.22609
1.21736
1.20654
1.19395
1.17973
1.16373
1.14548
1.12438
1.10028
1.07427
1.0494
1.0302
1.02103
1.024
1.03801
1.05935
1.08353
1.10681
1.12706
1.14374
1.15751
1.16965
1.18139
1.1934
1.20535
1.21594
1.2234
1.22647
1.22522
1.22153
1.21853
1.21931
1.2255
1.23639
1.24916
1.26004
1.26556
1.26357
1.25353
1.23617
1.21281
1.1848
1.15341
1.1203
1.08788
1.0592
1.03732
1.02428
1.02032
1.0241
1.03336
1.0457
1.05893
1.07133
1.08174
1.08947
1.09438
1.09682
1.09744
1.09708
1.09668
1.09728
1.09995
1.10569
1.11518
1.12864
1.14585
1.16622
1.18884
1.21245
1.23523
1.25487
1.26883
1.27507
1.27271
1.26273
1.2476
1.23066
1.21478
1.20152
1.19105
1.18273
1.17571
1.16896
1.16092
1.15
1.13512
1.11663
1.09616
1.07644
1.06066
1.05186
1.05228
1.06261
1.08153
1.10575
1.13083
1.15237
1.16725
1.17425
1.17399
1.1685
1.1608
1.15416
1.15161
1.15555
1.16728
1.18654
1.21149
1.23892
1.26479
1.28504
1.29629
1.29648
1.28514
1.26323
1.23275
1.19613
1.15604
1.11503
1.0754
1.03889
1.00644
0.97855
0.955913
0.940025
0.933093
0.937397
0.954364
0.983687
1.02303
1.06832
1.1147
1.15749
1.19304
1.21901
1.23456
1.24004
1.23654
1.22553
1.20874
1.18794
1.165
1.14192
1.12074
1.10347
1.09187
1.08714
1.08994
1.10022
1.11704
1.13862
1.16221
1.18456
1.20255
1.21391
1.21751
1.21332
1.20206
1.1848
1.16317
1.13966
1.11778
1.10113
1.09262
1.09374
1.1045
1.12354
1.14831
1.17512
1.19951
1.2169
1.22372
1.21817
1.20099
1.17555
1.14735
1.12237
1.1052
1.0978
1.09934
1.10742
1.11921
1.13253
1.14627
1.16022
1.17447
1.18855
1.20124
1.21058
1.21472
1.21278
1.20541
1.19469
1.18337
1.1737
1.16674
1.16247
1.16013
1.15872
1.15711
1.15412
1.14892
1.14141
1.13235
1.12292
1.11413
1.1063
1.09939
1.09353
1.08933
1.08771
1.08925
1.094
1.10145
1.11079
1.12099
1.13107
1.14034
1.14858
1.15622
1.16418
1.17365
1.18564
1.20069
1.21845
1.23763
1.25594
1.27072
1.27946
1.2804
1.27274
1.2569
1.23427
1.20715
1.17842
1.15101
1.12743
1.10947
1.09799
1.0928
1.09269
1.09588
1.1005
1.10525
1.10957
1.1134
1.11713
1.12139
1.12688
1.13412
1.14285
1.15187
1.15922
1.1627
1.16054
1.15201
1.13786
1.1201
1.10155
1.08475
1.07115
1.0612
1.05505
1.05325
1.05658
1.06547
1.07929
1.09603
1.11289
1.12698
1.13597
1.13861
1.13514
1.1273
1.11833
1.11247
1.11407
1.12619
1.14933
1.181
1.21658
1.25069
1.27881
1.29791
1.30639
1.30367
1.28992
1.26599
1.23344
1.19472
1.15306
1.11236
1.07665
1.04945
1.03312
1.0282
1.03371
1.04762
1.06736
1.09017
1.11326
1.13388
1.14944
1.15779
1.15773
1.14937
1.13427
1.1155
1.09721
1.08388
1.0792
1.0852
1.10164
1.12641
1.15612
1.18702
1.21582
1.23993
1.25778
1.26843
1.27145
1.26667
1.25441
1.23558
1.21146
1.18342
1.15278
1.12102
1.09013
1.06261
1.04122
1.02841
1.02571
1.0333
1.04997
1.07313
1.09919
1.12439
1.14554
1.1608
1.16994
1.17424
1.17578
1.17671
1.17858
1.18196
1.18641
1.19106
1.195
1.19774
1.1992
1.19972
1.19978
1.19981
1.19999
1.19999
1.19876
1.19468
1.18593
1.17147
1.15169
1.12877
1.1063
1.08822
1.07738
1.07457
1.07843
1.0861
1.09425
1.10015
1.10252
1.10193
1.10045
1.10089
1.10548
1.11504
1.12873
1.14479
1.16134
1.1768
1.18998
1.20014
1.20702
1.21085
1.21239
1.21256
1.21227
1.21203
1.21188
1.21154
1.21078
1.20951
1.20769
1.20486
1.19978
1.19091
1.17716
1.15875
1.13748
1.11662
1.10063
1.09446
1.10192
1.12323
1.15413
1.18792
1.21837
1.24118
1.25393
1.25569
1.2468
1.22859
1.20341
1.17426
1.14424
1.11608
1.09189
1.07314
1.06055
1.05419
1.05361
1.05822
1.06761
1.08158
1.10006
1.12282
1.14878
1.17576
1.20073
1.22079
1.23404
1.23984
1.23853
1.23101
1.21834
1.20151
1.18136
1.15873
1.13456
1.10997
1.08603
1.06375
1.04405
1.02787
1.01614
1.00953
1.0085
1.01327
1.02354
1.03866
1.05775
1.08016
1.10548
1.13321
1.16241
1.19134
1.2176
1.23854
1.25201
1.25665
1.25204
1.23869
1.21808
1.19283
1.16646
1.14296
1.12617
1.11897
1.12238
1.13504
1.15337
1.17307
1.19049
1.20363
1.21195
1.21606
1.217
1.21596
1.21388
1.21119
1.20763
1.2024
1.19468
1.18397
1.17071
1.15634
1.14311
1.13302
1.12739
1.12672
1.13103
1.13961
1.15086
1.16231
1.17128
1.17556
1.17399
1.16636
1.15307
1.13463
1.11162
1.08477
1.05553
1.02619
0.999958
0.980332
0.970586
0.973037
0.988256
1.01482
1.04966
1.08884
1.12858
1.16586
1.19836
1.22443
1.24318
1.25479
1.26056
1.26251
1.26265
1.26217
1.26125
1.25923
1.25498
1.24761
1.23664
1.22195
1.20338
1.18104
1.15554
1.12873
1.10412
1.08621
1.0786
1.08233
1.09548
1.11437
1.13487
1.15342
1.16746
1.17549
1.17716
1.17305
1.16454
1.15331
1.14103
1.12921
1.11904
1.11131
1.10608
1.10274
1.10044
1.09851
1.0967
1.09517
1.09443
1.09536
1.09923
1.10755
1.12117
1.13937
1.1598
1.1794
1.19566
1.20718
1.21387
1.21676
1.21754
1.21802
1.21954
1.2224
1.22564
1.22741
1.22583
1.21994
1.20998
1.1971
1.18251
1.16684
1.15014
1.13214
1.11287
1.09301
1.07371
1.05651
1.04294
1.03415
1.0308
1.03284
1.0397
1.05042
1.064
1.07941
1.0956
1.11121
1.12472
1.13453
1.13943
1.13904
1.13403
1.12616
1.11771
1.1108
1.10686
1.10632
1.10882
1.11334
1.11841
1.1227
1.12545
1.12679
1.12754
1.12894
1.13237
1.13895
1.14924
1.16316
1.17964
1.19677
1.21223
1.22379
1.22997
1.23003
1.22403
1.21267
1.19704
1.17874
1.15999
1.14358
1.13256
1.12913
1.13379
1.14531
1.16146
1.17996
1.19891
1.21656
1.23113
1.24078
1.24403
1.24015
1.22947
1.21296
1.19185
1.16745
1.14111
1.1145
1.08988
1.06981
1.05657
1.05169
1.05551
1.06704
1.08429
1.1046
1.12557
1.14535
1.16277
1.17716
1.18809
1.19512
1.19755
1.19462
1.18579
1.17088
1.15025
1.1249
1.0964
1.06703
1.03959
1.01722
1.00278
0.997899
1.00227
1.01361
1.0284
1.04284
1.0541
1.061
1.06424
1.06604
1.06915
1.07572
1.08633
1.09998
1.1146
1.12817
1.1394
1.14799
1.15464
1.16061
1.16743
1.17614
1.18678
1.19843
1.20943
1.21828
1.22443
1.22875
1.23332
1.24053
1.25189
1.26757
1.28654
1.30685
1.32602
1.3412
1.34978
