-6.65046
-6.64754
-6.62974
-6.61937
-6.60933
-6.59929
-6.59314
-6.58957
-6.5873
-6.58567
-6.58276
-6.58179
-6.58049
-6.57888
-6.57953
-6.57986
-6.57954
-6.57792
-6.57857
-6.57857
-6.57663
-6.5763
-6.57922
-6.58019
-6.57986
-6.57824
-6.57792
-6.57889
-6.58115
-6.58245
-6.58407
-6.58342
-6.58342
-6.58213
-6.58051
-6.58051
-6.58083
-6.58148
-6.58051
-6.57986
-6.58083
-6.58083
-6.58245
-6.58537
-6.58537
-6.58569
-6.58537
-6.58537
-6.58602
-6.58666
-6.58602
-6.58342
-6.58375
-6.58245
-6.5844
-6.58569
-6.58796
-6.58504
-6.58602
-6.58634
-6.58602
-6.58764
-6.58537
-6.5844
-6.58408
-6.58634
-6.58505
-6.58375
-6.58343
-6.58213
-6.58342
-6.58181
-6.58181
-6.58278
-6.58278
-6.58148
-6.58148
-6.58083
-6.58083
-6.58245
-6.58213
-6.58213
-6.58472
-6.58246
-6.58408
-6.5844
-6.58343
-6.58375
-6.58472
-6.58278
-6.5844
-6.58376
-6.58343
-6.58117
-6.58246
-6.58214
-6.58084
-6.58343
-6.58246
-6.58473
-6.58311
-6.58278
-6.58116
-6.58084
-6.58052
-6.58052
-6.5789
-6.58019
-6.5789
-6.57922
-6.58052
-6.58181
-6.58343
-6.58343
-6.58441
-6.58344
-6.58279
-6.58603
-6.58668
-6.58635
-6.58668
-6.58603
-6.5857
-6.58732
-6.58765
-6.587
-6.5857
-6.58441
-6.58376
-6.58344
-6.58344
-6.58473
-6.58344
-6.58441
-6.58408
-6.58311
-6.58182
-6.58085
-6.57955
-6.58279
-6.58311
-6.58441
-6.58473
-6.58344
-6.58247
-6.58376
-6.58279
-6.58506
-6.58538
-6.58473
-6.58441
-6.58474
-6.58376
-6.58312
-6.58279
-6.57955
-6.57826
-6.57794
-6.57599
-6.57696
-6.57664
-6.57793
-6.57664
-6.57696
-6.57664
-6.57761
-6.57761
-6.57794
-6.57955
-6.58053
-6.57923
-6.5815
-6.58441
-6.58538
-6.58571
-6.58668
-6.58603
-6.58635
-6.58603
-6.58571
-6.58506
-6.58506
-6.58538
-6.58765
-6.58344
-6.58312
-6.5815
-6.58052
-6.58085
-6.58279
-6.58538
-6.58635
-6.58764
-6.58797
-6.587
-6.58829
-6.58603
-6.5857
-6.58441
-6.58473
-6.58376
-6.58149
-6.58376
-6.58441
-6.58409
-6.58312
-6.58409
-6.58506
-6.5857
-6.58506
-6.58408
-6.587
-6.58732
-6.58829
-6.58732
-6.5857
-6.587
-6.58764
-6.58635
-6.58505
-6.58473
-6.58311
-6.58279
-6.58473
-6.58408
-6.58473
-6.58538
-6.5857
-6.5844
-6.58278
-6.58408
-6.58343
-6.58537
-6.5844
-6.58473
-6.58699
-6.58667
-6.58602
-6.5857
-6.587
-6.58603
-6.58505
-6.58538
-6.58376
-6.58408
-6.58246
-6.58214
-6.58246
-6.58149
-6.58052
-6.58246
-6.58279
-6.58117
-6.58279
-6.58246
-6.58376
-6.58344
-6.58149
-6.58182
-6.58214
-6.58343
-6.58181
-6.58279
-6.58311
-6.58441
-6.58246
-6.58117
-6.58278
-6.58375
-6.58343
-6.58246
-6.58051
-6.58213
-6.58019
-6.57922
-6.58019
-6.58408
-6.58537
-6.58602
-6.58181
-6.57954
-6.5789
-6.57825
-6.57987
-6.57987
-6.57889
-6.57825
-6.5789
-6.57857
-6.58181
-6.58214
-6.58311
-6.58278
-6.58408
-6.58699
-6.58828
-6.58699
-6.58537
-6.58764
-6.58829
-6.58602
-6.58505
-6.58472
-6.58505
-6.58537
-6.58602
-6.58537
-6.58408
-6.58408
-6.58408
-6.5844
-6.58149
-6.58343
-6.58408
-6.58343
-6.58214
-6.58052
-6.57825
-6.58019
-6.57954
-6.58051
-6.58019
-6.58116
-6.57987
-6.58019
-6.58084
-6.58084
-6.58408
-6.58538
-6.58699
-6.58667
-6.58829
-6.58861
-6.58796
-6.58796
-6.58926
-6.59055
-6.58764
-6.58537
-6.5857
-6.5857
-6.58473
-6.58376
-6.58408
-6.58278
-6.58343
-6.58181
-6.58084
-6.58278
-6.58375
-6.58311
-6.58278
-6.58375
-6.58246
-6.58343
-6.58052
-6.58084
-6.58052
-6.58085
-6.58085
-6.58182
-6.58117
-6.58085
-6.57858
-6.57858
-6.58052
-6.58117
-6.57891
-6.57923
-6.5815
-6.58247
-6.58344
-6.58182
-6.58214
-6.58214
-6.58214
-6.58312
-6.58344
-6.58279
-6.58279
-6.58279
-6.58279
-6.58344
-6.58214
-6.58279
-6.58311
-6.58182
-6.58149
-6.58117
-6.58149
-6.58344
-6.58246
-6.58376
-6.58376
-6.58473
-6.58635
-6.58603
-6.58538
-6.58506
-6.58247
-6.58279
-6.58473
-6.5857
-6.58408
-6.58344
-6.58279
-6.58279
-6.58441
-6.58473
-6.58538
-6.58279
-6.58311
-6.58441
-6.58441
-6.58505
-6.58732
-6.58667
-6.58441
-6.58408
-6.58344
-6.58182
-6.58117
-6.57923
-6.57793
-6.5789
-6.58182
-6.58279
-6.58246
-6.58181
-6.58084
-6.58181
-6.58311
-6.58311
-6.58343
-6.58214
-6.58343
-6.58278
-6.58214
-6.58311
-6.5844
-6.58505
-6.58537
-6.58408
-6.58278
-6.58375
-6.58375
-6.58375
-6.58505
-6.5844
-6.58181
-6.58019
-6.58181
-6.58149
-6.58213
-6.58116
-6.58311
-6.58473
-6.58505
-6.58473
-6.5844
-6.58311
-6.58181
-6.58246
-6.58472
-6.58311
-6.58116
-6.58181
-6.57922
-6.5776
-6.57728
-6.5789
-6.57955
-6.5789
-6.57663
-6.57663
-6.57501
-6.57275
-6.57501
-6.57566
-6.57955
-6.57923
-6.58052
-6.5802
-6.58344
-6.58473
-6.58635
-6.587
-6.58538
-6.58538
-6.58538
-6.5857
-6.58408
-6.58505
-6.58441
-6.5857
-6.58473
-6.58602
-6.5857
-6.58473
-6.58279
-6.58214
-6.58052
-6.58085
-6.57858
-6.57988
-6.58149
-6.58246
-6.58084
-6.5802
-6.58052
-6.5802
-6.58214
-6.58408
-6.58279
-6.58376
-6.58279
-6.58246
-6.58182
-6.58279
-6.58376
-6.58214
-6.58214
-6.58117
-6.5815
-6.58182
-6.58085
-6.58311
-6.58344
-6.58344
-6.58376
-6.58538
-6.58765
-6.587
-6.58733
-6.58798
-6.58668
-6.58442
-6.58506
-6.58344
-6.58053
-6.58021
-6.5815
-6.5828
-6.58312
-6.5828
-6.58215
-6.58247
-6.58182
-6.58215
-6.58085
-6.58053
-6.57988
-6.57923
-6.57955
-6.58117
-6.58085
-6.58117
-6.57955
-6.57923
-6.5802
-6.57988
-6.57955
-6.5802
-6.58053
-6.58214
-6.58279
-6.58085
-6.57956
-6.57956
-6.57956
-6.58053
-6.58312
-6.58344
-6.5815
-6.58085
-6.57923
-6.57858
-6.57956
-6.57826
-6.57729
-6.57826
-6.57632
-6.57632
-6.576
-6.57502
-6.57664
-6.57794
-6.57762
-6.57826
-6.57956
-6.58247
-6.58086
-6.58086
-6.5815
-6.58247
-6.58247
-6.58183
-6.58085
-6.5815
-6.58215
-6.5815
-6.5828
-6.58312
-6.58733
-6.587
-6.58474
-6.58312
-6.58409
-6.58636
-6.58603
-6.58603
-6.58506
-6.58377
-6.58377
-6.58506
-6.58603
-6.58506
-6.58474
-6.5815
-6.58117
-6.5802
-6.57988
-6.57955
-6.58117
-6.58214
-6.58182
-6.58311
-6.58117
-6.58214
-6.58149
-6.58084
-6.58149
-6.57826
-6.58085
-6.58052
-6.58149
-6.58311
-6.58343
-6.58279
-6.58149
-6.58278
-6.58473
-6.5844
-6.58311
-6.58311
-6.58278
-6.58343
-6.58408
-6.58343
-6.58537
-6.58505
-6.58829
-6.58699
-6.58505
-6.58602
-6.58635
-6.58311
-6.58246
-6.5844
-6.58343
-6.58343
-6.58376
-6.5844
-6.58538
-6.58635
-6.58667
-6.58602
-6.58441
-6.58538
-6.58603
-6.58506
-6.58344
-6.58409
-6.58279
-6.58052
-6.5802
-6.57988
-6.5802
-6.5802
-6.58182
-6.58311
-6.58311
-6.58408
-6.587
-6.58829
-6.58926
-6.58894
-6.58829
-6.58764
-6.58603
-6.58667
-6.58506
-6.58603
-6.587
-6.58635
-6.58797
-6.58894
-6.58765
-6.58797
-6.58765
-6.587
-6.58667
-6.58441
-6.58473
-6.58505
-6.58343
-6.58311
-6.58441
-6.58506
-6.58441
-6.58441
-6.58376
-6.58312
-6.58344
-6.58118
-6.57956
-6.57956
-6.57794
-6.57794
-6.57697
-6.57632
-6.57826
-6.57697
-6.57794
-6.57891
-6.57956
-6.5802
-6.58118
-6.5815
-6.58182
-6.58247
-6.58215
-6.58215
-6.58247
-6.58474
-6.58377
-6.58409
-6.58506
-6.58441
-6.58474
-6.58312
-6.58312
-6.58377
-6.58344
-6.58571
-6.58798
-6.58992
-6.58733
-6.58798
-6.58538
-6.58409
-6.58312
-6.58377
-6.58409
-6.58344
-6.58182
-6.58182
-6.57923
-6.57762
-6.57859
-6.58021
-6.5815
-6.58085
-6.57988
-6.57923
-6.57859
-6.57956
-6.57988
-6.5802
-6.58182
-6.5828
-6.58085
-6.5802
-6.58021
-6.57988
-6.58021
-6.57891
-6.58118
-6.58247
-6.58377
-6.58635
-6.5883
-6.58797
-6.587
-6.58603
-6.587
-6.58506
-6.58473
-6.58441
-6.58409
-6.58506
-6.587
-6.58797
-6.587
-6.587
-6.58636
-6.58506
-6.58344
-6.58538
-6.58506
-6.58311
-6.58344
-6.58506
-6.58247
-6.58182
-6.58344
-6.58376
-6.58376
-6.58409
-6.58506
-6.58603
-6.58571
-6.58473
-6.58214
-6.58311
-6.58344
-6.58473
-6.58635
-6.58603
-6.58538
-6.58635
-6.58505
-6.58279
-6.58408
-6.58409
-6.58279
-6.58247
-6.58311
-6.58247
-6.58214
-6.58247
-6.58279
-6.58344
-6.58441
-6.58441
-6.58376
-6.5857
-6.58538
-6.5857
-6.58602
-6.58343
-6.58343
-6.58279
-6.58311
-6.58408
-6.58441
-6.58473
-6.58635
-6.58344
-6.58182
-6.58182
-6.58149
-6.58343
-6.58441
-6.58441
-6.5857
-6.58473
-6.58538
-6.58344
-6.58279
-6.58214
-6.58214
-6.58085
-6.58247
-6.58506
-6.58376
-6.58344
-6.58409
-6.58376
-6.58344
-6.58279
-6.58311
-6.58344
-6.58344
-6.58344
-6.58441
-6.58441
-6.58376
-6.58279
-6.58344
-6.58279
-6.58376
-6.58215
-6.58053
-6.5802
-6.5789
-6.5789
-6.57826
-6.5789
-6.57825
-6.57858
-6.5789
-6.57696
-6.57664
-6.57826
-6.57987
-6.58117
-6.58182
-6.57955
-6.57955
-6.58117
-6.58214
-6.58052
-6.58052
-6.57955
-6.58084
-6.57987
-6.57793
-6.57858
-6.58052
-6.58117
-6.58279
-6.58409
-6.58474
-6.58571
-6.58603
-6.58668
-6.58668
-6.587
-6.58668
-6.58376
-6.58344
-6.58182
-6.5802
-6.57988
-6.57793
-6.57955
-6.57988
-6.57923
-6.57826
-6.57729
-6.57761
-6.57697
-6.57697
-6.57697
-6.576
-6.57664
-6.57567
-6.57697
-6.57794
-6.57891
-6.57826
-6.57664
-6.57729
-6.57891
-6.57664
-6.57891
-6.5802
-6.58085
-6.58053
-6.5802
-6.5815
-6.58441
-6.58474
-6.58571
-6.58312
-6.5828
-6.58279
-6.58344
-6.58053
-6.58085
-6.58053
-6.58182
-6.58182
-6.58182
-6.58117
-6.58117
-6.5802
-6.57923
-6.57664
-6.57891
-6.57924
-6.57891
-6.57859
-6.57924
-6.58053
-6.58151
-6.58215
-6.58377
-6.5841
-6.58539
-6.58507
-6.58312
-6.5815
-6.58215
-6.58248
-6.58247
-6.58247
-6.58183
-6.5828
-6.58215
-6.58053
-6.58183
-6.58215
-6.58345
-6.58474
-6.58409
-6.58409
-6.58183
-6.58183
-6.03358
-6.0339
-6.03131
-6.0284
-6.02904
-6.02807
-6.02774
-6.02742
-6.02579
-6.02773
-6.02676
-6.02514
-6.02709
-6.02515
-6.02482
-6.02256
-6.02289
-6.02289
-6.02321
-6.02354
-6.02354
-6.02224
-6.02095
-6.0203
-6.02159
-6.02062
-6.01932
-6.02159
-6.02288
-6.02288
-6.0258
-6.02418
-6.02644
-6.0258
-6.02645
-6.02742
-6.02645
-6.02677
-6.02839
-6.02904
-6.03001
-6.02839
-6.02677
-6.02612
-6.02709
-6.02709
-6.02644
-6.02645
-6.02774
-6.0258
-6.02645
-6.02774
-6.02807
-6.03066
-6.03066
-6.02968
-6.02612
-6.02709
-6.02741
-6.02935
-6.03033
-6.03065
-6.03033
-6.03098
-6.02903
-6.03001
-6.03065
-6.03001
-6.02775
-6.02807
-6.02775
-6.02742
-6.02807
-6.02807
-6.02839
-6.02871
-6.0313
-6.03033
-6.02677
-6.02903
-6.02871
-6.02547
-6.0245
-6.02353
-6.02223
-6.02385
-6.02418
-6.02579
-6.02644
-6.02676
-6.02547
-6.02579
-6.02676
-6.02676
-6.02515
-6.02806
-6.02839
-6.02709
-6.02839
-6.02774
-6.02839
-6.02774
-6.02806
-6.02903
-6.02774
-6.02676
-6.02773
-6.02644
-6.02806
-6.02935
-6.02773
-6.02774
-6.03033
-6.03195
-6.03098
-6.03001
-6.02968
-6.02936
-6.03033
-6.03001
-6.03163
-6.03131
-6.03163
-6.03163
-6.0313
-6.03033
-6.03195
-6.03292
-6.03227
-6.02968
-6.02871
-6.02903
-6.02677
-6.02774
-6.02515
-6.02515
-6.02515
-6.02548
-6.02677
-6.02709
-6.02677
-6.02677
-6.02742
-6.02709
-6.02547
-6.0245
-6.02709
-6.02482
-6.02482
-6.02321
-6.02321
-6.02386
-6.0271
-6.02775
-6.02936
-6.03033
-6.03001
-6.02904
-6.02968
-6.03033
-6.03001
-6.02969
-6.03033
-6.03033
-6.0326
-6.0326
-6.0313
-6.03098
-6.02872
-6.02904
-6.0271
-6.02645
-6.02807
-6.0271
-6.02613
-6.02581
-6.02354
-6.02419
-6.02387
-6.02322
-6.02289
-6.02257
-6.02095
-6.02257
-6.02354
-6.02419
-6.02516
-6.02516
-6.02548
-6.02549
-6.02581
-6.02614
-6.02582
-6.02582
-6.02614
-6.02549
-6.02516
-6.02516
-6.02419
-6.02418
-6.02613
-6.02678
-6.02516
-6.02451
-6.02452
-6.02354
-6.02452
-6.02905
-6.02872
-6.02905
-6.03067
-6.03261
-6.03164
-6.03196
-6.03228
-6.03228
-6.03196
-6.03034
-6.03066
-6.03293
-6.0339
-6.03228
-6.03131
-6.03163
-6.02904
-6.02677
-6.0271
-6.02742
-6.02645
-6.02613
-6.02678
-6.02678
-6.02645
-6.02678
-6.02807
-6.02645
-6.0271
-6.0271
-6.0271
-6.02807
-6.02807
-6.02839
-6.02775
-6.0271
-6.02548
-6.02871
-6.02904
-6.02645
-6.02548
-6.02775
-6.02873
-6.02711
-6.02549
-6.02743
-6.02581
-6.02711
-6.02937
-6.02872
-6.02872
-6.02872
-6.02872
-6.02905
-6.0297
-6.03099
-6.02873
-6.02775
-6.02614
-6.02549
-6.02517
-6.02517
-6.02452
-6.02743
-6.02711
-6.02711
-6.02841
-6.02647
-6.02679
-6.02517
-6.02582
-6.02452
-6.0242
-6.02549
-6.02517
-6.02517
-6.02355
-6.02452
-6.02323
-6.0229
-6.02517
-6.02646
-6.0242
-6.02452
-6.02711
-6.02873
-6.0297
-6.0297
-6.03035
-6.03132
-6.03132
-6.03132
-6.03068
-6.03035
-6.03067
-6.03003
-6.03067
-6.02808
-6.02906
-6.02744
-6.02906
-6.02841
-6.02906
-6.02809
-6.02809
-6.02582
-6.02679
-6.02356
-6.02388
-6.02777
-6.02518
-6.02485
-6.02615
-6.02712
-6.02647
-6.02712
-6.02809
-6.0255
-6.02744
-6.02582
-6.02582
-6.02517
-6.0242
-6.0242
-6.02517
-6.02647
-6.02582
-6.02582
-6.0255
-6.0255
-6.02615
-6.02712
-6.02712
-6.02745
-6.02777
-6.02906
-6.03068
-6.02971
-6.03003
-6.02841
-6.02874
-6.02971
-6.03197
-6.03197
-6.03132
-6.03068
-6.03133
-6.03068
-6.02971
-6.02874
-6.02809
-6.02744
-6.02712
-6.0255
-6.0255
-6.0268
-6.02939
-6.02939
-6.02744
-6.02485
-6.02356
-6.02517
-6.02517
-6.02485
-6.02647
-6.02582
-6.02712
-6.02647
-6.02809
-6.02777
-6.03004
-6.03068
-6.03165
-6.02971
-6.02939
-6.02842
-6.02745
-6.02809
-6.0255
-6.02518
-6.02485
-6.02583
-6.02485
-6.02356
-6.02388
-6.02388
-6.02356
-6.02453
-6.02485
-6.02453
-6.02421
-6.02485
-6.02485
-6.02583
-6.0255
-6.02615
-6.02647
-6.0268
-6.02518
-6.0255
-6.02453
-6.02324
-6.02291
-6.02259
-6.02453
-6.02454
-6.02551
-6.02551
-6.02648
-6.02745
-6.02615
-6.02615
-6.02777
-6.02971
-6.02712
-6.0268
-6.02647
-6.02582
-6.02582
-6.02614
-6.02453
-6.02356
-6.0255
-6.0268
-6.02939
-6.02777
-6.02842
-6.02712
-6.02648
-6.02745
-6.02745
-6.02745
-6.02745
-6.02842
-6.02939
-6.02939
-6.03068
-6.03035
-6.02841
-6.02582
-6.02518
-6.02647
-6.0255
-6.02615
-6.02616
-6.02389
-6.02292
-6.02357
-6.02259
-6.02356
-6.02162
-6.02388
-6.02323
-6.02356
-6.02356
-6.02324
-6.02518
-6.02518
-6.0268
-6.02648
-6.02842
-6.02972
-6.03198
-6.03198
-6.03134
-6.02972
-6.02972
-6.03037
-6.03102
-6.02972
-6.0294
-6.02907
-6.02972
-6.02907
-6.02842
-6.02745
-6.02777
-6.02453
-6.02453
-6.02389
-6.02356
-6.02745
-6.02778
-6.02552
-6.02487
-6.02487
-6.02519
-6.02487
-6.02454
-6.02648
-6.02778
-6.02454
-6.0268
-6.02551
-6.02454
-6.02713
-6.02778
-6.0281
-6.02778
-6.02681
-6.02681
-6.02714
-6.02487
-6.02487
-6.0239
-6.02584
-6.02649
-6.02681
-6.02713
-6.02778
-6.0281
-6.02745
-6.02713
-6.02843
-6.02843
-6.03037
-6.02778
-6.02617
-6.02584
-6.02487
-6.02552
-6.02617
-6.02552
-6.02552
-6.02519
-6.02487
-6.0239
-6.02422
-6.02584
-6.02616
-6.02746
-6.0294
-6.02941
-6.03005
-6.0307
-6.02941
-6.03038
-6.03006
-6.03232
-6.03135
-6.03135
-6.03135
-6.02844
-6.03038
-6.03265
-6.032
-6.03102
-6.0307
-6.03135
-6.0307
-6.02973
-6.02875
-6.02843
-6.02875
-6.02973
-6.02875
-6.02713
-6.02714
-6.02681
-6.02779
-6.02746
-6.02779
-6.02746
-6.02843
-6.02876
-6.02973
-6.0307
-6.03005
-6.02908
-6.02908
-6.02746
-6.02713
-6.02616
-6.02519
-6.02649
-6.02681
-6.02487
-6.02131
-6.02196
-6.02455
-6.02293
-6.02422
-6.02649
-6.02713
-6.02648
-6.02648
-6.02486
-6.02616
-6.02551
-6.02551
-6.02486
-6.02454
-6.02616
-6.0281
-6.0281
-6.02713
-6.02422
-6.02551
-6.02778
-6.02907
-6.03102
-6.0294
-6.02681
-6.02681
-6.02584
-6.02551
-6.02422
-6.02389
-6.02486
-6.02648
-6.02486
-6.02389
-6.02422
-6.02487
-6.02519
-6.02422
-6.02584
-6.02583
-6.02551
-6.02551
-6.02486
-6.02486
-6.02486
-6.02616
-6.02648
-6.02583
-6.0281
-6.02551
-6.02551
-6.02551
-6.02454
-6.02357
-6.02357
-6.0226
-6.02292
-6.02454
-6.02422
-6.02389
-6.02583
-6.02551
-6.02616
-6.02648
-6.02713
-6.02324
-6.02292
-6.02422
-6.02681
-6.02681
-6.02778
-6.02875
-6.02811
-6.03005
-6.02972
-6.03069
-6.03005
-6.03037
-6.02778
-6.02486
-6.02519
-6.02325
-6.02422
-6.02583
-6.02324
-6.02292
-6.02421
-6.02486
-6.02648
-6.0281
-6.02778
-6.02745
-6.02939
-6.0281
-6.0281
-6.02745
-6.02842
-6.02842
-6.02907
-6.02713
-6.02551
-6.02583
-6.02615
-6.02712
-6.0268
-6.02842
-6.02745
-6.02745
-6.02615
-6.02583
-6.02616
-6.02551
-6.02389
-6.02389
-6.02389
-6.02389
-6.02292
-6.02292
-6.02454
-6.02616
-6.02518
-6.02486
-6.02518
-6.02551
-6.02583
-6.02648
-6.02648
-6.0281
-6.02745
-6.02745
-6.02939
-6.02745
-6.02583
-6.02551
-6.02486
-6.02648
-6.02778
-6.02713
-6.02551
-6.02745
-6.0281
-6.02842
-6.02745
-6.02583
-6.02745
-6.02583
-6.02486
-6.02518
-6.0255
-6.02388
-6.02486
-6.02259
-6.02227
-6.02291
-6.02194
-6.02291
-6.02032
-6.02226
-6.02421
-6.02356
-6.02388
-6.02194
-6.02356
-6.0255
-6.02517
-6.02647
-6.02517
-6.02582
-6.02615
-6.02744
-6.02906
-6.02582
-6.02777
-6.02582
-6.02712
-6.02647
-6.0242
-6.02355
-6.02355
-6.02291
-6.02258
-6.02291
-6.02582
-6.02615
-6.02485
-6.02485
-6.02517
-6.02582
-6.02485
-6.02355
-6.02485
-6.02647
-6.02614
-6.02647
-6.02647
-6.02647
-6.02517
-6.0242
-6.02453
-6.02356
-6.02388
-6.02518
-6.0255
-6.02615
-6.02712
-6.02809
-6.02874
-6.03133
-6.03133
-6.03068
-6.03036
-6.02971
-6.02874
-6.02582
-6.02582
-6.0255
-6.02679
-6.0255
-6.02744
-6.02777
-6.02906
-6.02842
-6.02745
-6.02907
-6.02712
-6.02647
-6.02485
-6.0255
-6.02744
-6.02906
-6.02744
-6.02809
-6.02874
-6.03004
-6.03068
-6.03101
-6.03068
-6.03004
-6.02971
-6.02971
-6.03133
-6.03133
-6.02907
-6.03004
-6.03004
-6.03069
-6.02907
-6.02939
-6.02939
-6.02841
-6.02615
-6.0242
-6.02388
-6.02356
-6.02388
-6.02356
-6.02324
-6.02292
-6.02486
-6.02389
-6.02453
-6.02323
-6.02485
-6.02582
-6.02615
-6.02485
-6.02453
-6.02323
-6.02226
-6.02388
-6.02485
-6.02485
-6.02388
-6.02259
-6.02323
-6.0255
-6.0268
-6.02744
-6.02874
-6.02906
-6.02874
-6.03003
-6.02939
-6.03004
-6.02939
-6.02874
-6.02907
-6.03004
-6.03069
-6.03004
-6.02972
-6.03068
-6.03036
-6.02971
-6.02939
-6.02906
-6.02809
-6.02809
-6.0281
-6.02907
-6.02875
-6.03134
-6.03328
-6.03166
-6.03134
-6.03166
-6.03198
-6.02972
-6.03069
-6.02809
-6.02874
-6.02841
-6.02809
-6.02906
-6.03036
-6.02971
-6.02841
-6.02841
-6.02647
-6.02777
-6.0255
-6.02647
-6.0255
-6.02421
-6.02582
-6.02388
-6.02388
-6.02097
-6.02
-6.02064
-6.02226
-6.02161
-6.01934
-6.02161
-6.02258
-6.02226
-6.02323
-6.02356
-6.02486
-6.02745
-6.02551
-6.02583
-6.02648
-6.02809
-6.02809
-6.02809
-6.02647
-6.02777
-6.02842
-6.02777
-6.02647
-6.02842
-6.02777
-6.03004
-6.02971
-6.02906
-6.02874
-6.02809
-6.02582
-6.02582
-6.02518
-6.02777
-6.02809
-6.02906
-6.02841
-6.02874
-6.02906
-6.02712
-6.02518
-6.02712
-6.02582
-6.0268
-6.02647
-6.02518
-6.02518
-6.02615
-6.02679
-6.02712
-6.02971
-6.02938
-6.02906
-6.02938
-6.03003
-6.03036
-6.03036
-6.03068
-6.03133
-6.02809
-6.02939
-6.02485
-6.02226
-6.02356
-6.02388
-6.02453
-6.02258
-6.02323
-6.0242
-6.02388
-6.02291
-6.02356
-6.02485
-6.02421
-6.02421
-6.02453
-6.02582
-6.02453
-6.02518
-6.02356
-6.02388
-6.0255
-6.02517
-6.02647
-6.02647
-6.02874
-5.71721
-5.71397
-5.71429
-5.71332
-5.71202
-5.71332
-5.71234
-5.71364
-5.71364
-5.71429
-5.71364
-5.71332
-5.71396
-5.71591
-5.71591
-5.71688
-5.72044
-5.71979
-5.71753
-5.71688
-5.71721
-5.71688
-5.71721
-5.71786
-5.71624
-5.71689
-5.71494
-5.71429
-5.71655
-5.71429
-5.7159
-5.71655
-5.71687
-5.7146
-5.71461
-5.71493
-5.71558
-5.71429
-5.71461
-5.71526
-5.71429
-5.71526
-5.71331
-5.71299
-5.71331
-5.71331
-5.71298
-5.71492
-5.7146
-5.71492
-5.71525
-5.71493
-5.71525
-5.71752
-5.71623
-5.71688
-5.71623
-5.71817
-5.71882
-5.71979
-5.72011
-5.72011
-5.72205
-5.72173
-5.71978
-5.71687
-5.71428
-5.71363
-5.7146
-5.71169
-5.71169
-5.71233
-5.71072
-5.70942
-5.71136
-5.71331
-5.71428
-5.7159
-5.71752
-5.7172
-5.7172
-5.71622
-5.71655
-5.71622
-5.71622
-5.7159
-5.71622
-5.71525
-5.71525
-5.71363
-5.71137
-5.71331
-5.71622
-5.71622
-5.7146
-5.71492
-5.71525
-5.71525
-5.7159
-5.7159
-5.7159
-5.71623
-5.71623
-5.71493
-5.7159
-5.7172
-5.71687
-5.71525
-5.7172
-5.71558
-5.71493
-5.71461
-5.71655
-5.71784
-5.71687
-5.71687
-5.7172
-5.71752
-5.71622
-5.71687
-5.71525
-5.71622
-5.71784
-5.71719
-5.71525
-5.71654
-5.71622
-5.71654
-5.71719
-5.71784
-5.71848
-5.71848
-5.71881
-5.71784
-5.71817
-5.71881
-5.71687
-5.71785
-5.71655
-5.71785
-5.71656
-5.71591
-5.7172
-5.7172
-5.71654
-5.71557
-5.71427
-5.71524
-5.71524
-5.71492
-5.7159
-5.71881
-5.71719
-5.71784
-5.71493
-5.71298
-5.71266
-5.71298
-5.71234
-5.71266
-5.71331
-5.71654
-5.71525
-5.71881
-5.71978
-5.71621
-5.71816
-5.71719
-5.7146
-5.7146
-5.71492
-5.71525
-5.71492
-5.71395
-5.71395
-5.71136
-5.71168
-5.71103
-5.71135
-5.70973
-5.71071
-5.71168
-5.712
-5.7133
-5.71395
-5.71362
-5.71589
-5.71557
-5.7133
-5.71492
-5.71816
-5.71557
-5.71589
-5.71816
-5.71978
-5.71945
-5.71913
-5.71686
-5.71492
-5.7133
-5.71459
-5.71297
-5.71589
-5.71621
-5.71816
-5.71751
-5.71751
-5.71881
-5.71783
-5.71654
-5.71557
-5.71557
-5.7133
-5.71427
-5.71525
-5.71428
-5.71298
-5.71201
-5.71168
-5.71135
-5.71038
-5.71264
-5.71329
-5.71265
-5.71362
-5.712
-5.71168
-5.71103
-5.71103
-5.71167
-5.71264
-5.71459
-5.71297
-5.71523
-5.71038
-5.71232
-5.71394
-5.71458
-5.71717
-5.71814
-5.71782
-5.71588
-5.71458
-5.71458
-5.71329
-5.71426
-5.71264
-5.71232
-5.71232
-5.71135
-5.71232
-5.71394
-5.71232
-5.71297
-5.71491
-5.71621
-5.71621
-5.71427
-5.71427
-5.71362
-5.71427
-5.71492
-5.71427
-5.71427
-5.71783
-5.71815
-5.71621
-5.71944
-5.7188
-5.71847
-5.72009
-5.72042
-5.71977
-5.72074
-5.72042
-5.7201
-5.72009
-5.72268
-5.72301
-5.72268
-5.72009
-5.71847
-5.71879
-5.71912
-5.71912
-5.71912
-5.72074
-5.71783
-5.71977
-5.71847
-5.71588
-5.71588
-5.71814
-5.71685
-5.7149
-5.71458
-5.71491
-5.71491
-5.71459
-5.71491
-5.71718
-5.71523
-5.71491
-5.71426
-5.71491
-5.71491
-5.71329
-5.71297
-5.71103
-5.712
-5.712
-5.71426
-5.71329
-5.71426
-5.71491
-5.71653
-5.7162
-5.71718
-5.71782
-5.71685
-5.71426
-5.71264
-5.71199
-5.71264
-5.71134
-5.71329
-5.71588
-5.71393
-5.71361
-5.7149
-5.71587
-5.71587
-5.71717
-5.71652
-5.71717
-5.71329
-5.7149
-5.7149
-5.71393
-5.71296
-5.71231
-5.71328
-5.71296
-5.71554
-5.71684
-5.71587
-5.71651
-5.71554
-5.71749
-5.71781
-5.71781
-5.72073
-5.71976
-5.71815
-5.72009
-5.72203
-5.72204
-5.72106
-5.72041
-5.71976
-5.71911
-5.71911
-5.71749
-5.71911
-5.71717
-5.71717
-5.71847
-5.71847
-5.71976
-5.71879
-5.7175
-5.71653
-5.71588
-5.7162
-5.71588
-5.7162
-5.71426
-5.71458
-5.71426
-5.71393
-5.71556
-5.71556
-5.71265
-5.71265
-5.71329
-5.7175
-5.7188
-5.71912
-5.71847
-5.71944
-5.71879
-5.71879
-5.71879
-5.7188
-5.71847
-5.71751
-5.71653
-5.71718
-5.71685
-5.71685
-5.71879
-5.71653
-5.71523
-5.71555
-5.71588
-5.71458
-5.71361
-5.71555
-5.7162
-5.71718
-5.7175
-5.71621
-5.71653
-5.71782
-5.71977
-5.71944
-5.71815
-5.71588
-5.71588
-5.71427
-5.71427
-5.71556
-5.71362
-5.71524
-5.71362
-5.71394
-5.71426
-5.71523
-5.71361
-5.71426
-5.71426
-5.71394
-5.71329
-5.71394
-5.71686
-5.71912
-5.71815
-5.7188
-5.71977
-5.7201
-5.71848
-5.71815
-5.71653
-5.71653
-5.71588
-5.71555
-5.71523
-5.71523
-5.71491
-5.7175
-5.71718
-5.71782
-5.71653
-5.7188
-5.71815
-5.71783
-5.71847
-5.71912
-5.71912
-5.71847
-5.71783
-5.71977
-5.71783
-5.7175
-5.71621
-5.71783
-5.71912
-5.71653
-5.71815
-5.71653
-5.71588
-5.71685
-5.71782
-5.71879
-5.71814
-5.71717
-5.71685
-5.71394
-5.71556
-5.71685
-5.71524
-5.71556
-5.71653
-5.71556
-5.71523
-5.71684
-5.71393
-5.71425
-5.71199
-5.71296
-5.71329
-5.71167
-5.71329
-5.71394
-5.71362
-5.71426
-5.71426
-5.71588
-5.7162
-5.71653
-5.7175
-5.71911
-5.72009
-5.72073
-5.7162
-5.71587
-5.71587
-5.71911
-5.71781
-5.71781
-5.71684
-5.71716
-5.71652
-5.71522
-5.71652
-5.71684
-5.71522
-5.7149
-5.71588
-5.71685
-5.71846
-5.71879
-5.71717
-5.71717
-5.71328
-5.71263
-5.71458
-5.71587
-5.71684
-5.71684
-5.71781
-5.71716
-5.71684
-5.71522
-5.71652
-5.71523
-5.71523
-5.71685
-5.71782
-5.7162
-5.7162
-5.71556
-5.71653
-5.71717
-5.71523
-5.7162
-5.71426
-5.71555
-5.71458
-5.71458
-5.71264
-5.71037
-5.70907
-5.71199
-5.71264
-5.71264
-5.71199
-5.71231
-5.71264
-5.71232
-5.71394
-5.7162
-5.71782
-5.71782
-5.71815
-5.71685
-5.71458
-5.7149
-5.71555
-5.71717
-5.71846
-5.71976
-5.72073
-5.71943
-5.71846
-5.71749
-5.71782
-5.71621
-5.71362
-5.71426
-5.71588
-5.71621
-5.71653
-5.7162
-5.71652
-5.71555
-5.7162
-5.71653
-5.7175
-5.71621
-5.71588
-5.71491
-5.71362
-5.71329
-5.71394
-5.71264
-5.71361
-5.71231
-5.71361
-5.71425
-5.71393
-5.71523
-5.71555
-5.71523
-5.71652
-5.71814
-5.71944
-5.72073
-5.72009
-5.71976
-5.72073
-5.7217
-5.72171
-5.72171
-5.72041
-5.72009
-5.71977
-5.71718
-5.71426
-5.71458
-5.71491
-5.71361
-5.71329
-5.71458
-5.71394
-5.71685
-5.71555
-5.7162
-5.71718
-5.71491
-5.71588
-5.71524
-5.71006
-5.71103
-5.712
-5.71329
-5.71621
-5.71686
-5.71524
-5.71588
-5.7162
-5.71588
-5.7162
-5.71685
-5.71458
-5.71491
-5.71362
-5.71362
-5.71426
-5.71556
-5.71297
-5.71135
-5.71265
-5.71297
-5.71459
-5.71556
-5.71782
-5.71782
-5.72041
-5.72268
-5.72236
-5.72139
-5.72236
-5.72366
-5.72107
-5.72107
-5.71945
-5.71718
-5.7175
-5.71718
-5.7175
-5.7175
-5.71653
-5.71653
-5.71362
-5.71329
-5.71167
-5.71297
-5.71329
-5.71329
-5.71362
-5.71297
-5.71459
-5.71233
-5.71362
-5.71395
-5.7133
-5.7133
-5.71589
-5.71621
-5.71621
-5.7133
-5.71362
-5.71459
-5.71492
-5.71556
-5.71556
-5.71588
-5.71653
-5.7175
-5.71815
-5.71654
-5.71622
-5.71622
-5.71525
-5.71492
-5.71557
-5.71686
-5.71589
-5.71686
-5.71589
-5.71459
-5.71427
-5.71524
-5.7133
-5.71298
-5.7133
-5.71136
-5.71265
-5.71233
-5.71265
-5.71298
-5.71589
-5.71556
-5.71556
-5.71751
-5.71913
-5.72107
-5.72302
-5.72528
-5.72269
-5.71946
-5.71784
-5.71589
-5.71395
-5.71362
-5.71071
-5.71071
-5.71038
-5.71232
-5.71265
-5.71167
-5.712
-5.71362
-5.7146
-5.71428
-5.7146
-5.71492
-5.71525
-5.71363
-5.71363
-5.71363
-5.71298
-5.71363
-5.71524
-5.71718
-5.71751
-5.71621
-5.71718
-5.71653
-5.71556
-5.71524
-5.71492
-5.71524
-5.71492
-5.71362
-5.71201
-5.71103
-5.71039
-5.71233
-5.71297
-5.71427
-5.71427
-5.71394
-5.71492
-5.71427
-5.71492
-5.71363
-5.71201
-5.71265
-5.71395
-5.71427
-5.71395
-5.71362
-5.71428
-5.7146
-5.71395
-5.71525
-5.7146
-5.71589
-5.71395
-5.71621
-5.71492
-5.71816
-5.71751
-5.71622
-5.71589
-5.71784
-5.71848
-5.71784
-5.71881
-5.71751
-5.71751
-5.71622
-5.71622
-5.71492
-5.71621
-5.71556
-5.71459
-5.71589
-5.71459
-5.7133
-5.71427
-5.71556
-5.71459
-5.71491
-5.71426
-5.71329
-5.71265
-5.71297
-5.7133
-5.71492
-5.71621
-5.71718
-5.71557
-5.71557
-5.71524
-5.71686
-5.71362
-5.71427
-5.71589
-5.71523
-5.71491
-5.71329
-5.71556
-5.71556
-5.71588
-5.71685
-5.7162
-5.7162
-5.7162
-5.7175
-5.71782
-5.71782
-5.71621
-5.71491
-5.71556
-5.71491
-5.71362
-5.71524
-5.71524
-5.71394
-5.71232
-5.71232
-5.71167
-5.71167
-5.71167
-5.71361
-5.71329
-5.71329
-5.71394
-5.71523
-5.71491
-5.71361
-5.71329
-5.71491
-5.71556
-5.7162
-5.71588
-5.71458
-5.71523
-5.71653
-5.7175
-5.71426
-5.71329
-5.71523
-5.71685
-5.71718
-5.71718
-5.71879
-5.71814
-5.71782
-5.71426
-5.71458
-5.71458
-5.71555
-5.71361
-5.71458
-5.71329
-5.71362
-5.71297
-5.71264
-5.71264
-5.71328
-5.71361
-5.71199
-5.71296
-5.71264
-5.71232
-5.71232
-5.71297
-5.71394
-5.71329
-5.71297
-5.71297
-5.71394
-5.71297
-5.71458
-5.71523
-5.71458
-5.71394
-5.7162
-5.7162
-5.71685
-5.71556
-5.71718
-5.71588
-5.71523
-5.71588
-5.71524
-5.71686
-5.71459
-5.71491
-5.71588
-5.71491
-5.71556
-5.71685
-5.71588
-5.71653
-5.71653
-5.71426
-5.71361
-5.71523
-5.71362
-5.71459
-5.71718
-5.71621
-5.71459
-5.71523
-5.71459
-5.71524
-5.71588
-5.71524
-5.71621
-5.71686
-5.71653
-5.71686
-5.71686
-5.71815
-5.71847
-5.71491
-5.7175
-5.71847
-5.71782
-5.71879
-5.71814
-5.71458
-5.7149
-5.71296
-5.71426
-5.7162
-5.7175
-5.71685
-5.71718
-5.71718
-5.71815
-5.71847
-5.71783
-5.71783
-5.71621
-5.71653
-5.71588
-5.71394
-5.71491
-5.71297
-5.71329
-5.71426
-5.71426
-5.71426
-5.71264
-5.71135
-5.71005
-5.71232
-5.71103
-5.70973
-5.70941
-5.70876
-5.70973
-5.70973
-5.712
-5.71168
-5.71265
-5.712
-5.71232
-5.71232
-5.71394
-5.71329
-5.71361
-5.71426
-5.71394
-5.55795
-5.55892
-5.55763
-5.55633
-5.55601
-5.55698
-5.55763
-5.55828
-5.55925
-5.55957
-5.56087
-5.55925
-5.55925
-5.55989
-5.55827
-5.55795
-5.55698
-5.55633
-5.55601
-5.55471
-5.55439
-5.55342
-5.55407
-5.55407
-5.55472
-5.55763
-5.5586
-5.55828
-5.55958
-5.55925
-5.55893
-5.55698
-5.55698
-5.55698
-5.55795
-5.55665
-5.55666
-5.55892
-5.55795
-5.55892
-5.55925
-5.55989
-5.5586
-5.55795
-5.55763
-5.55796
-5.56087
-5.56087
-5.55925
-5.55893
-5.55893
-5.5599
-5.55795
-5.55601
-5.55536
-5.5586
-5.55665
-5.55795
-5.55665
-5.55697
-5.55697
-5.55665
-5.55503
-5.55503
-5.55601
-5.55633
-5.55795
-5.5573
-5.5573
-5.55827
-5.55601
-5.55504
-5.55504
-5.55666
-5.55763
-5.55957
-5.55957
-5.56054
-5.55925
-5.56248
-5.56216
-5.55859
-5.55665
-5.5573
-5.55665
-5.55568
-5.55471
-5.55536
-5.55504
-5.55698
-5.55795
-5.55828
-5.55861
-5.5612
-5.56314
-5.56379
-5.56314
-5.56314
-5.56184
-5.56151
-5.5628
-5.56507
-5.56571
-5.56539
-5.56151
-5.56054
-5.5573
-5.55601
-5.55148
-5.55116
-5.55407
-5.55601
-5.55731
-5.5586
-5.5586
-5.56151
-5.55892
-5.5586
-5.5573
-5.55989
-5.56119
-5.56086
-5.56183
-5.56086
-5.56054
-5.55892
-5.5586
-5.55925
-5.55989
-5.55925
-5.56054
-5.56022
-5.56022
-5.55989
-5.56054
-5.55925
-5.55957
-5.55892
-5.55925
-5.55795
-5.55925
-5.56054
-5.55892
-5.55989
-5.55763
-5.55925
-5.55958
-5.55763
-5.55699
-5.55698
-5.55698
-5.55698
-5.55827
-5.56086
-5.55924
-5.55859
-5.55471
-5.55697
-5.55762
-5.55762
-5.55795
-5.55536
-5.55342
-5.55439
-5.55698
-5.55892
-5.56183
-5.56345
-5.56086
-5.56054
-5.56086
-5.55956
-5.56053
-5.56183
-5.56345
-5.56377
-5.5615
-5.55923
-5.55729
-5.55827
-5.55957
-5.56087
-5.56022
-5.56216
-5.56216
-5.56183
-5.56345
-5.56474
-5.56604
-5.56474
-5.56409
-5.56312
-5.56086
-5.55956
-5.55989
-5.56021
-5.56085
-5.56118
-5.56085
-5.5615
-5.56183
-5.55988
-5.56021
-5.55924
-5.56021
-5.56183
-5.56054
-5.55956
-5.55892
-5.55891
-5.55988
-5.56021
-5.55794
-5.55762
-5.55956
-5.55859
-5.55924
-5.55794
-5.55826
-5.55988
-5.55956
-5.55859
-5.55794
-5.55794
-5.55859
-5.55794
-5.55729
-5.55697
-5.55729
-5.55632
-5.55664
-5.55859
-5.55794
-5.55859
-5.55826
-5.56085
-5.56086
-5.56183
-5.56086
-5.56085
-5.56183
-5.56183
-5.56215
-5.56247
-5.56247
-5.5615
-5.56021
-5.55858
-5.55761
-5.55794
-5.55891
-5.55923
-5.55923
-5.55923
-5.56085
-5.5602
-5.5602
-5.55664
-5.55858
-5.55956
-5.55988
-5.56118
-5.56409
-5.56506
-5.56214
-5.55988
-5.55956
-5.56053
-5.56021
-5.55891
-5.55891
-5.56021
-5.55826
-5.55859
-5.56053
-5.56215
-5.56053
-5.55988
-5.56085
-5.56182
-5.56053
-5.56247
-5.56183
-5.56021
-5.56118
-5.56086
-5.56053
-5.55989
-5.55956
-5.55988
-5.55956
-5.55891
-5.56021
-5.56085
-5.56247
-5.56247
-5.56345
-5.56377
-5.56474
-5.56474
-5.56441
-5.56571
-5.56474
-5.56377
-5.56442
-5.56507
-5.5641
-5.56507
-5.56475
-5.56216
-5.56086
-5.56054
-5.55859
-5.55859
-5.55762
-5.55827
-5.55827
-5.55956
-5.56021
-5.55989
-5.56021
-5.56053
-5.56086
-5.56151
-5.56054
-5.56086
-5.56216
-5.5586
-5.55827
-5.55989
-5.55762
-5.55827
-5.55698
-5.55697
-5.55535
-5.55341
-5.55535
-5.55632
-5.55535
-5.55535
-5.55633
-5.55665
-5.5573
-5.55504
-5.55504
-5.55504
-5.55569
-5.55374
-5.55439
-5.55568
-5.5573
-5.55763
-5.55925
-5.55957
-5.56151
-5.56054
-5.55989
-5.56022
-5.56087
-5.55989
-5.55828
-5.5586
-5.55699
-5.55796
-5.5599
-5.55925
-5.55893
-5.55925
-5.55925
-5.56054
-5.56087
-5.56151
-5.56346
-5.56508
-5.56411
-5.56508
-5.56605
-5.56572
-5.5654
-5.56475
-5.56248
-5.5628
-5.5628
-5.56442
-5.56475
-5.56443
-5.56281
-5.56152
-5.56152
-5.56087
-5.56119
-5.56119
-5.56151
-5.56183
-5.56118
-5.56053
-5.55762
-5.55762
-5.55795
-5.55698
-5.55763
-5.55828
-5.56022
-5.55731
-5.55828
-5.56054
-5.55989
-5.55924
-5.56086
-5.56086
-5.56053
-5.55794
-5.55859
-5.55859
-5.55729
-5.55729
-5.55794
-5.55696
-5.55632
-5.55535
-5.55632
-5.55729
-5.55827
-5.55762
-5.55795
-5.55925
-5.55925
-5.55925
-5.56022
-5.56054
-5.55892
-5.55957
-5.56151
-5.56086
-5.55859
-5.55989
-5.56021
-5.56021
-5.55924
-5.56053
-5.55956
-5.55665
-5.55956
-5.56021
-5.55989
-5.55892
-5.55989
-5.55989
-5.55957
-5.56086
-5.56118
-5.56021
-5.56118
-5.56215
-5.56215
-5.55988
-5.55988
-5.55891
-5.55924
-5.55892
-5.55957
-5.56054
-5.55957
-5.56151
-5.56086
-5.56151
-5.5628
-5.56182
-5.56344
-5.56182
-5.56053
-5.56183
-5.5628
-5.5615
-5.55956
-5.56118
-5.5628
-5.56345
-5.5628
-5.56151
-5.56216
-5.56313
-5.56248
-5.56248
-5.5615
-5.56345
-5.5628
-5.56086
-5.56086
-5.55989
-5.55859
-5.55859
-5.55762
-5.55924
-5.55891
-5.55956
-5.56086
-5.56183
-5.56183
-5.56085
-5.56247
-5.55923
-5.55988
-5.56117
-5.56215
-5.5602
-5.56053
-5.56053
-5.55923
-5.55988
-5.56053
-5.5602
-5.55891
-5.55761
-5.55794
-5.55794
-5.55891
-5.55826
-5.5615
-5.55859
-5.56021
-5.55891
-5.55891
-5.55859
-5.55664
-5.5547
-5.55632
-5.55631
-5.55534
-5.55729
-5.55761
-5.55696
-5.55729
-5.55599
-5.55632
-5.55729
-5.55729
-5.55729
-5.55793
-5.55729
-5.55696
-5.55858
-5.55891
-5.55923
-5.55956
-5.56053
-5.56021
-5.56053
-5.55956
-5.55891
-5.55956
-5.55696
-5.55826
-5.55632
-5.55858
-5.55891
-5.55988
-5.55859
-5.55891
-5.55924
-5.55827
-5.55892
-5.55859
-5.55956
-5.55762
-5.556
-5.55632
-5.55761
-5.55761
-5.55826
-5.55826
-5.55859
-5.56021
-5.5628
-5.56507
-5.56345
-5.56313
-5.5628
-5.56442
-5.5628
-5.56409
-5.56506
-5.56376
-5.56149
-5.56084
-5.5602
-5.55922
-5.55923
-5.55988
-5.55891
-5.56053
-5.56182
-5.55988
-5.55826
-5.55891
-5.55729
-5.55697
-5.55632
-5.55664
-5.55761
-5.55728
-5.55857
-5.55825
-5.55696
-5.55728
-5.55664
-5.55664
-5.55535
-5.55696
-5.55826
-5.55826
-5.55955
-5.55955
-5.55728
-5.55696
-5.55469
-5.55566
-5.55922
-5.55955
-5.55825
-5.5576
-5.55987
-5.56019
-5.56148
-5.56116
-5.56084
-5.5589
-5.55761
-5.55826
-5.55794
-5.55729
-5.55891
-5.56052
-5.56117
-5.56052
-5.56149
-5.56149
-5.55987
-5.55793
-5.56085
-5.56085
-5.56052
-5.55955
-5.55631
-5.55566
-5.55825
-5.55631
-5.55599
-5.55631
-5.55534
-5.5547
-5.55502
-5.55502
-5.55242
-5.55242
-5.5521
-5.55404
-5.55469
-5.55761
-5.55729
-5.55761
-5.55599
-5.55599
-5.55696
-5.55696
-5.55631
-5.55696
-5.55729
-5.55923
-5.55793
-5.55826
-5.55891
-5.55923
-5.56215
-5.55891
-5.56117
-5.56117
-5.5602
-5.56052
-5.56117
-5.5602
-5.55987
-5.56052
-5.56085
-5.55987
-5.55696
-5.55664
-5.55567
-5.55534
-5.55696
-5.5576
-5.55695
-5.55889
-5.55792
-5.55857
-5.56117
-5.56085
-5.56279
-5.56182
-5.55923
-5.56117
-5.56053
-5.55923
-5.55793
-5.55566
-5.55437
-5.55469
-5.55631
-5.55566
-5.55501
-5.55728
-5.55534
-5.55696
-5.55534
-5.55599
-5.55761
-5.55955
-5.55631
-5.55793
-5.55761
-5.55826
-5.55923
-5.5589
-5.55858
-5.55793
-5.55729
-5.55826
-5.55696
-5.55663
-5.55761
-5.5602
-5.55922
-5.56052
-5.5589
-5.5576
-5.5576
-5.55793
-5.55858
-5.55663
-5.55664
-5.55631
-5.55534
-5.55664
-5.55858
-5.56052
-5.55987
-5.56182
-5.56311
-5.56182
-5.5602
-5.55988
-5.55826
-5.55664
-5.55632
-5.55761
-5.55599
-5.55534
-5.55534
-5.55437
-5.55825
-5.5602
-5.56052
-5.5615
-5.56182
-5.55988
-5.5615
-5.56506
-5.5628
-5.56182
-5.56215
-5.56117
-5.5602
-5.56085
-5.56021
-5.56053
-5.56085
-5.55923
-5.56085
-5.56214
-5.56506
-5.56441
-5.56409
-5.56571
-5.56798
-5.56798
-5.56604
-5.56312
-5.5628
-5.56086
-5.55956
-5.55762
-5.55794
-5.55697
-5.55503
-5.55503
-5.556
-5.55535
-5.55567
-5.55664
-5.55535
-5.55794
-5.55729
-5.55762
-5.55827
-5.55763
-5.55892
-5.56054
-5.56022
-5.56151
-5.56021
-5.56021
-5.56183
-5.56118
-5.56054
-5.56054
-5.55989
-5.56184
-5.55957
-5.56086
-5.55957
-5.56054
-5.55892
-5.55989
-5.56151
-5.56215
-5.56183
-5.5615
-5.55924
-5.56021
-5.56054
-5.55859
-5.55859
-5.55827
-5.55762
-5.55924
-5.55827
-5.55536
-5.556
-5.55665
-5.55697
-5.55891
-5.55794
-5.55762
-5.55697
-5.55503
-5.55632
-5.55827
-5.55892
-5.55859
-5.56021
-5.56118
-5.56086
-5.5615
-5.56345
-5.56345
-5.56183
-5.56021
-5.55989
-5.55956
-5.56118
-5.56183
-5.55988
-5.55859
-5.55956
-5.56053
-5.55859
-5.55924
-5.56151
-5.56086
-5.55794
-5.55956
-5.55892
-5.55859
-5.55795
-5.55989
-5.56215
-5.55956
-5.5615
-5.56021
-5.55956
-5.55924
-5.55956
-5.56086
-5.55827
-5.55924
-5.55827
-5.55989
-5.55892
-5.56022
-5.56183
-5.56054
-5.55989
-5.55859
-5.55665
-5.55665
-5.55697
-5.55373
-5.55697
-5.55568
-5.55697
-5.55859
-5.56216
-5.55924
-5.56021
-5.55989
-5.55859
-5.55924
-5.55956
-5.55859
-5.55859
-5.5586
-5.55892
-5.5573
-5.5586
-5.55601
-5.55763
-5.55698
-5.55601
-5.55471
-5.55503
-5.55503
-5.55276
-5.55503
-5.55567
-5.55729
-5.55794
-5.55859
-5.55762
-5.55892
-5.55827
-5.55924
-5.55924
-5.55795
-5.5586
-5.55795
-5.55536
-5.5573
-5.55697
-5.55568
-5.55471
-5.556
-5.55632
-5.55859
-5.55891
-5.55762
-5.55762
-5.55568
-5.55697
-5.55633
-5.55665
-5.55471
-5.55665
-5.55536
-5.5573
-5.5573
-5.55763
-5.5586
-5.55827
-5.5573
-5.55827
-5.55665
-5.55892
-5.55729
-5.55859
-5.55826
-5.56053
-5.55924
-5.56183
-5.56345
-5.56281
-5.56216
-5.56086
-5.55859
-5.55891
-5.55891
-5.55762
-5.55568
-5.556
-5.55471
-5.55762
-5.55633
-5.55762
-5.55924
-5.55795
-5.55795
-5.5573
-5.55795
-5.55892
-5.56086
-5.55892
-5.55957
-5.56118
-5.56183
-5.56248
-5.5641
-5.5641
-5.5641
-5.5628
-5.56378
-5.56313
