-7.84084
-7.80504
-7.73227
-7.6466
-7.54361
-7.42712
-7.30675
-7.18833
-7.0787
-6.98526
-6.91274
-6.86841
-6.85064
-6.85677
-6.88428
-6.92422
-6.96986
-7.015
-7.05891
-7.09581
-7.12285
-7.14314
-7.15875
-7.16549
-7.16547
-7.16036
-7.15442
-7.14926
-7.14633
-7.14446
-7.14566
-7.14768
-7.15336
-7.16044
-7.16922
-7.18091
-7.19349
-7.20624
-7.21665
-7.22614
-7.23567
-7.24231
-7.24835
-7.25323
-7.25253
-7.24934
-7.24269
-7.23384
-7.22376
-7.21283
-7.20105
-7.18912
-7.18319
-7.17972
-7.18405
-7.19217
-7.20495
-7.2151
-7.23027
-7.24441
-7.25616
-7.26702
-7.27044
-7.27122
-7.26866
-7.2651
-7.25503
-7.24298
-7.2309
-7.21778
-7.20786
-7.19595
-7.18665
-7.17921
-7.17166
-7.16389
-7.15898
-7.15568
-7.15587
-7.16065
-7.16592
-7.17281
-7.18226
-7.18588
-7.19207
-7.19588
-7.19781
-7.20085
-7.2044
-7.20462
-7.20739
-7.20634
-7.20372
-7.19721
-7.19261
-7.18521
-7.17619
-7.1709
-7.16234
-7.15776
-7.15043
-7.14594
-7.14213
-7.14193
-7.14423
-7.1493
-7.15491
-7.16507
-7.17367
-7.18426
-7.1956
-7.20629
-7.21645
-7.22402
-7.23146
-7.23572
-7.23884
-7.24417
-7.24503
-7.24291
-7.23949
-7.23346
-7.22654
-7.22097
-7.21413
-7.20694
-7.20013
-7.1945
-7.19067
-7.18814
-7.1866
-7.1867
-7.18426
-7.18401
-7.1824
-7.18035
-7.17865
-7.17851
-7.17968
-7.18722
-7.19345
-7.20155
-7.20864
-7.21296
-7.21551
-7.2176
-7.21453
-7.21221
-7.20616
-7.1983
-7.19082
-7.18456
-7.17777
-7.17187
-7.1664
-7.15773
-7.15059
-7.14431
-7.13698
-7.13414
-7.13259
-7.13603
-7.14063
-7.15049
-7.16276
-7.17848
-7.19435
-7.21064
-7.22744
-7.24211
-7.25252
-7.26421
-7.27406
-7.27937
-7.28131
-7.28121
-7.27689
-7.27114
-7.26262
-7.25233
-7.2403
-7.22776
-7.2146
-7.20268
-7.18386
-7.16898
-7.15349
-7.14005
-7.12997
-7.12411
-7.12175
-7.12064
-7.1225
-7.12566
-7.12943
-7.13701
-7.14227
-7.15045
-7.1584
-7.16847
-7.17746
-7.18511
-7.19701
-7.2068
-7.21512
-7.22231
-7.23109
-7.23959
-7.24753
-7.25382
-7.25916
-7.26733
-7.27144
-7.27427
-7.27292
-7.26838
-7.26402
-7.25626
-7.24403
-7.22987
-7.21551
-7.19957
-7.18554
-7.1751
-7.16395
-7.15637
-7.1514
-7.14913
-7.14853
-7.15086
-7.159
-7.16737
-7.1795
-7.18889
-7.19881
-7.20906
-7.21451
-7.21698
-7.21695
-7.21583
-7.21004
-7.2024
-7.19493
-7.18522
-7.1779
-7.1697
-7.16433
-7.16152
-7.15962
-7.16014
-7.16606
-7.17277
-7.17964
-7.19118
-7.20145
-7.21327
-7.22271
-7.22927
-7.23664
-7.24256
-7.24808
-7.24937
-7.25194
-7.25239
-7.25208
-7.24652
-7.23946
-7.2333
-7.22483
-7.21403
-7.20232
-7.19006
-7.18237
-7.17247
-7.165
-7.16074
-7.16046
-7.15841
-7.15632
-7.15002
-7.14652
-7.14585
-7.14684
-7.15212
-7.15798
-7.16491
-7.17362
-7.18431
-7.19369
-7.20523
-7.21152
-7.21559
-7.21536
-7.2142
-7.21294
-7.20932
-7.2033
-7.19778
-7.19725
-7.19621
-7.1932
-7.19219
-7.19231
-7.19337
-7.19465
-7.19647
-7.19728
-7.19781
-7.20001
-7.20252
-7.2055
-7.20499
-7.20856
-7.20949
-7.20733
-7.20242
-7.19513
-7.18569
-7.17979
-7.1717
-7.16671
-7.16277
-7.16289
-7.16355
-7.16815
-7.17463
-7.18096
-7.18998
-7.19574
-7.20006
-7.20076
-7.20221
-7.20191
-7.20095
-7.20152
-7.20452
-7.2087
-7.2097
-7.21204
-7.21721
-7.22177
-7.22447
-7.22565
-7.22599
-7.22219
-7.21778
-7.20883
-7.19904
-7.19171
-7.18426
-7.17729
-7.1737
-7.17493
-7.17729
-7.18471
-7.18996
-7.19891
-7.20641
-7.2127
-7.216
-7.21721
-7.21372
-7.20785
-7.19789
-7.1888
-7.18095
-7.17173
-7.16013
-7.15222
-7.14809
-7.14526
-7.1457
-7.14729
-7.15468
-7.16531
-7.17878
-7.19511
-7.21147
-7.22626
-7.23982
-7.25046
-7.25735
-7.26069
-7.2578
-7.25293
-7.24456
-7.23243
-7.22036
-7.20852
-7.19855
-7.19212
-7.18511
-7.18273
-7.18124
-7.18242
-7.18531
-7.18647
-7.18666
-7.18585
-7.18109
-7.17761
-7.17449
-7.16981
-7.16271
-7.1574
-7.15346
-7.15185
-7.15371
-7.15623
-7.16103
-7.1645
-7.17261
-7.1831
-7.19334
-7.2047
-7.21755
-7.22665
-7.23259
-7.23842
-7.24147
-7.241
-7.23905
-7.23371
-7.22745
-7.22249
-7.21919
-7.21431
-7.20903
-7.20458
-7.201
-7.20043
-7.20083
-7.20006
-7.19914
-7.19556
-7.19315
-7.18732
-7.18023
-7.17402
-7.16827
-7.16305
-7.15969
-7.15766
-7.15887
-7.16525
-7.17268
-7.18081
-7.18961
-7.19485
-7.19611
-7.1966
-7.19949
-7.20075
-7.20431
-7.20789
-7.21567
-7.22357
-7.22962
-7.23376
-7.23629
-7.23612
-7.23433
-7.23304
-7.23205
-7.22603
-7.21881
-7.2136
-7.20504
-7.19762
-7.19188
-7.18855
-7.18481
-7.18047
-7.17542
-7.17391
-7.17251
-7.1726
-7.17958
-7.18726
-7.20005
-7.20979
-7.22126
-7.22998
-7.24003
-7.24481
-7.24578
-7.24119
-7.22979
-7.216
-7.19918
-7.1811
-7.16126
-7.146
-7.13282
-7.12658
-7.12388
-7.12937
-7.13848
-7.1508
-7.16407
-7.17834
-7.18922
-7.19802
-7.19938
-7.19955
-7.19627
-7.19018
-7.18117
-7.17444
-7.17117
-7.1702
-7.17424
-7.1804
-7.18442
-7.19079
-7.19439
-7.1972
-7.19799
-7.19883
-7.19854
-7.19518
-7.19365
-7.19196
-7.1928
-7.19503
-7.19728
-7.20393
-7.20956
-7.21561
-7.22259
-7.23131
-7.2409
-7.24755
-7.25472
-7.26134
-7.26475
-7.26558
-7.26734
-7.26458
-7.25807
-7.2516
-7.24429
-7.23492
-7.2232
-7.21029
-7.19724
-7.18581
-7.17416
-7.16399
-7.15241
-7.14187
-7.13117
-7.12107
-7.11312
-7.10834
-7.10415
-7.10358
-7.10426
-7.10937
-7.1187
-7.1292
-7.14167
-7.15651
-7.17176
-7.18841
-7.20356
-7.21499
-7.22539
-7.23485
-7.24163
-7.24646
-7.24988
-7.2481
-7.24127
-7.23325
-7.22216
-7.2104
-7.19921
-7.18545
-7.17253
-7.16298
-7.15288
-7.14782
-7.14611
-7.14776
-7.15585
-7.16675
-7.17795
-7.19054
-7.20281
-7.21466
-7.21939
-7.22303
-7.22484
-7.22495
-7.22256
-7.2186
-7.21397
-7.21114
-7.20896
-7.20637
-7.20658
-7.20643
-7.21053
-7.21017
-7.20775
-7.20585
-7.2064
-7.20823
-7.20762
-7.20767
-7.20721
-7.20694
-7.20838
-7.21125
-7.21343
-7.21265
-7.21092
-7.2042
-7.1981
-7.1892
-7.17933
-7.1687
-7.16034
-7.15281
-7.14648
-7.14491
-7.1435
-7.1482
-7.15396
-7.16155
-7.17124
-7.17671
-7.18645
-7.19065
-7.19284
-7.19225
-7.18756
-7.18025
-7.17224
-7.16844
-7.16829
-7.1698
-7.17449
-7.18415
-7.19615
-7.21033
-7.2242
-7.2351
-7.24598
-7.25146
-7.25735
-7.25591
-7.25158
-7.24854
-7.2437
-7.23446
-7.22708
-7.22164
-7.21275
-7.20454
-7.19673
-7.18991
-7.18476
-7.18156
-7.18008
-7.18012
-7.18147
-7.18709
-7.19324
-7.19768
-7.20054
-7.20405
-7.20364
-7.20021
-7.19684
-7.19188
-7.18641
-7.17997
-7.17504
-7.17024
-7.16512
-7.16253
-7.164
-7.1664
-7.17137
-7.17805
-7.18723
-7.19875
-7.2108
-7.22544
-7.23688
-7.24879
-7.2577
-7.26137
-7.26326
-7.26025
-7.25073
-7.23889
-7.22323
-7.20536
-7.1877
-7.17003
-7.15892
-7.15319
-7.15158
-7.157
-7.16867
-7.18264
-7.19646
-7.21045
-7.22201
-7.23084
-7.23729
-7.23739
-7.23419
-7.22871
-7.21811
-7.20633
-7.19182
-7.17712
-7.16578
-7.15309
-7.14532
-7.14067
-7.13895
-7.14028
-7.14456
-7.15022
-7.15716
-7.16498
-7.17183
-7.17865
-7.18538
-7.19383
-7.19901
-7.20567
-7.21321
-7.21924
-7.226
-7.23008
-7.23451
-7.23779
-7.23783
-7.23786
-7.23518
-7.22957
-7.2172
-7.20644
-7.1917
-7.17848
-7.16686
-7.15917
-7.15434
-7.15216
-7.1525
-7.15731
-7.16124
-7.16656
-7.17374
-7.18004
-7.18423
-7.18489
-7.18422
-7.18364
-7.18369
-7.1867
-7.19082
-7.19664
-7.20506
-7.21348
-7.21888
-7.22483
-7.23019
-7.2336
-7.2357
-7.23398
-7.23331
-7.22912
-7.22248
-7.21519
-7.20615
-7.19487
-7.18435
-7.17646
-7.17406
-7.17257
-7.17607
-7.18188
-7.18868
-7.19643
-7.20378
-7.2081
-7.2082
-7.20716
-7.20375
-7.19856
-7.19251
-7.19008
-7.1859
-7.18102
-7.17968
-7.18122
-7.18032
-7.18318
-7.18991
-7.19654
-7.20336
-7.21026
-7.21672
-7.22136
-7.22242
-7.22045
-7.21472
-7.21088
-7.20527
-7.20027
-7.19605
-7.19121
-7.18807
-7.18908
-7.19043
-7.19312
-7.20101
-7.20842
-7.2145
-7.22078
-7.22669
-7.22962
-7.23114
-7.2317
-7.23095
-7.22958
-7.22775
-7.22408
-7.21875
-7.21487
-7.20762
-7.20023
-7.19263
-7.18263
-7.17635
-7.1709
-7.16793
-7.16683
-7.16584
-7.16524
-7.1661
-7.16265
-7.16089
-7.16155
-7.16309
-7.16843
-7.17446
-7.18104
-7.19001
-7.19724
-7.20596
-7.21131
-7.21658
-7.22001
-7.22191
-7.22017
-7.21905
-7.21684
-7.20908
-7.20122
-7.19399
-7.1862
-7.17954
-7.17417
-7.17165
-7.17121
-7.17257
-7.176
-7.18235
-7.1894
-7.19708
-7.20502
-7.21435
-7.22128
-7.22788
-7.22936
-7.22801
-7.22525
-7.21924
-7.21275
-7.20449
-7.19699
-7.18819
-7.18085
-7.17446
-7.16723
-7.16341
-7.16346
-7.1653
-7.1681
-7.17075
-7.17011
-7.17049
-7.17066
-7.1682
-7.16158
-7.15602
-7.15037
-7.14942
-7.14999
-7.15418
-7.16569
-7.18256
-7.20088
-7.22114
-7.2401
-7.25561
-7.2672
-7.27312
-7.27428
-7.27033
-7.26342
-7.25398
-7.24142
-7.23202
-7.2225
-7.21444
-7.20914
-7.20364
-7.20304
-7.20233
-7.2016
-7.20102
-7.20017
-7.19953
-7.196
-7.19061
-7.18243
-7.1707
-7.1586
-7.14392
-7.13191
-7.12135
-7.1137
-7.10818
-7.1057
-7.1095
-7.11797
-7.12581
-7.1409
-7.15717
-7.17435
-7.19154
-7.20909
-7.2279
-7.24718
-7.26177
-7.27389
-7.27846
-7.28066
-7.27825
-7.27165
-7.25703
-7.24196
-7.22357
-7.20531
-7.18571
-7.16756
-7.15173
-7.14091
-7.13455
-7.13404
-7.13743
-7.15023
-7.16417
-7.17899
-7.19389
-7.20858
-7.22172
-7.23156
-7.23762
-7.24095
-7.23939
-7.23561
-7.22765
-7.21625
-7.20411
-7.19389
-7.18375
-7.17451
-7.16722
-7.16182
-7.1609
-7.16124
-7.16322
-7.17021
-7.17773
-7.18724
-7.19744
-7.20617
-7.21585
-7.22331
-7.23265
-7.24006
-7.23358
-7.20977
-7.17159
-7.12427
-7.06525
-7.00081
-6.93532
-6.87295
-6.82337
-6.78352
-6.75737
-6.74912
-6.75001
-6.76318
-6.78193
-6.80721
-6.83258
-6.85569
-6.87399
-6.88588
-6.88983
-6.88732
-6.8798
-6.86993
-6.85545
-6.84049
-6.83116
-6.82512
-6.82377
-6.83235
-6.84351
-6.86464
-6.88695
-6.91211
-6.9366
-6.956
-6.97199
-6.98392
-6.98973
-6.99163
-6.988
-6.98304
-6.97916
-6.97823
-6.97829
-6.9798
-6.9835
-6.9892
-6.99115
-6.9938
-6.99372
-6.98816
-6.97987
-6.96435
-6.94449
-6.92054
-6.90164
-6.88449
-6.87283
-6.86508
-6.86214
-6.86436
-6.87341
-6.88552
-6.90539
-6.92823
-6.95084
-6.97024
-6.9881
-6.99933
-7.00367
-7.00232
-6.99488
-6.98435
-6.97271
-6.96431
-6.95488
-6.94589
-6.94551
-6.94445
-6.94131
-6.94023
-6.93819
-6.93449
-6.9323
-6.92745
-6.9227
-6.91632
-6.90999
-6.90402
-6.90325
-6.90784
-6.91616
-6.92613
-6.94142
-6.9519
-6.95579
-6.95527
-6.94493
-6.92824
-6.90387
-6.87616
-6.8474
-6.81758
-6.79216
-6.77529
-6.76468
-6.76671
-6.77846
-6.79646
-6.82352
-6.85826
-6.89458
-6.92852
-6.96059
-6.98969
-7.01377
-7.03303
-7.04408
-7.04968
-7.04596
-7.03628
-7.02103
-7.00223
-6.98183
-6.96526
-6.95089
-6.93875
-6.92896
-6.92518
-6.92684
-6.92968
-6.93874
-6.94603
-6.95624
-6.96526
-6.97206
-6.97622
-6.9751
-6.96875
-6.95818
-6.94433
-6.92679
-6.90696
-6.8888
-6.87731
-6.86559
-6.86138
-6.86056
-6.86521
-6.87271
-6.88337
-6.89091
-6.89877
-6.90609
-6.91332
-6.92176
-6.93347
-6.94575
-6.95634
-6.96536
-6.97389
-6.98101
-6.99061
-6.99863
-7.00584
-7.01381
-7.01867
-7.02397
-7.02411
-7.02229
-7.01929
-7.01025
-6.99777
-6.98256
-6.96224
-6.94209
-6.91897
-6.89469
-6.87144
-6.8507
-6.83289
-6.82394
-6.82088
-6.82437
-6.83491
-6.85037
-6.87047
-6.8923
-6.91368
-6.93127
-6.94164
-6.94383
-6.93728
-6.92193
-6.90197
-6.88145
-6.86351
-6.8537
-6.85498
-6.86425
-6.87905
-6.90011
-6.92418
-6.94686
-6.9687
-6.98955
-7.00015
-7.0062
-7.00939
-7.01016
-7.00649
-7.00344
-7.00057
-6.99856
-6.99826
-6.99901
-7.00319
-7.00881
-7.01024
-7.00425
-6.99346
-6.97919
-6.95921
-6.93931
-6.92418
-6.91303
-6.90558
-6.90401
-6.90825
-6.9157
-6.9252
-6.93594
-6.94631
-6.95076
-6.95309
-6.94951
-6.94031
-6.92704
-6.90918
-6.89019
-6.87144
-6.8567
-6.84748
-6.85115
-6.86019
-6.8733
-6.89236
-6.91563
-6.93529
-6.9476
-6.95385
-6.95761
-6.95278
-6.94744
-6.94143
-6.93238
-6.92484
-6.91866
-6.91388
-6.91078
-6.90936
-6.91009
-6.90899
-6.9111
-6.91453
-6.9206
-6.92796
-6.93568
-6.94181
-6.94992
-6.95313
-6.95535
-6.9583
-6.95803
-6.96007
-6.95975
-6.9606
-6.95803
-6.95508
-6.95295
-6.94917
-6.94626
-6.94264
-6.94245
-6.94056
-6.93977
-6.94117
-6.94098
-6.93656
-6.93417
-6.93374
-6.93226
-6.93036
-6.92791
-6.92652
-6.92566
-6.92368
-6.92125
-6.91763
-6.91405
-6.91136
-6.90823
-6.90686
-6.9024
-6.90134
-6.89746
-6.89695
-6.89479
-6.89496
-6.89481
-6.8969
-6.89784
-6.903
-6.90484
-6.91093
-6.92083
-6.92369
-6.92713
-6.92936
-6.92757
-6.92013
-6.91024
-6.8978
-6.88026
-6.86739
-6.85306
-6.84441
-6.84078
-6.84333
-6.85327
-6.86976
-6.89067
-6.91204
-6.93464
-6.95589
-6.97519
-6.99207
-7.00594
-7.01546
-7.02208
-7.02558
-7.02702
-7.02577
-7.01892
-7.01041
-6.99728
-6.98399
-6.97027
-6.95827
-6.94609
-6.93684
-6.93191
-6.93226
-6.93401
-6.93629
-6.93774
-6.9376
-6.93523
-6.93123
-6.92449
-6.91848
-6.91336
-6.90953
-6.90345
-6.89624
-6.88983
-6.88691
-6.89009
-6.8958
-6.90579
-6.92195
-6.93864
-6.95773
-6.97276
-6.98566
-6.99084
-6.99256
-6.98747
-6.97902
-6.96577
-6.95367
-6.94126
-6.92936
-6.91947
-6.9067
-6.89675
-6.88774
-6.88142
-6.8748
-6.86939
-6.86694
-6.86535
-6.86473
-6.86682
-6.86967
-6.87311
-6.8774
-6.8834
-6.88958
-6.89765
-6.90534
-6.91461
-6.92353
-6.93184
-6.93733
-6.94408
-6.9495
-6.95544
-6.96388
-6.97384
-6.98686
-6.99751
-7.00728
-7.01276
-7.01455
-7.0106
-6.99801
-6.9806
-6.95993
-6.93687
-6.9094
-6.88719
-6.87057
-6.86145
-6.8625
-6.87413
-6.89326
-6.91997
-6.95275
-6.98395
-7.01217
-7.02971
-7.04191
-7.04422
-7.03943
-7.02883
-7.01033
-6.98558
-6.9558
-6.92402
-6.89212
-6.86262
-6.84107
-6.82696
-6.82142
-6.82513
-6.83937
-6.8619
-6.88561
-6.91115
-6.93295
-6.94643
-6.95313
-6.95256
-6.94195
-6.92666
-6.90474
-6.88689
-6.86976
-6.86033
-6.85896
-6.86558
-6.88113
-6.89897
-6.92019
-6.93929
-6.95922
-6.97652
-6.99287
-7.00531
-7.01579
-7.02385
-7.03133
-7.0361
-7.03622
-7.02869
-7.01614
-6.9981
-6.97688
-6.95217
-6.92765
-6.90563
-6.8903
-6.87897
-6.87969
-6.8886
-6.90528
-6.93095
-6.9542
-6.97215
-6.9856
-6.99131
-6.98824
-6.97625
-6.95806
-6.9388
-6.91867
-6.89666
-6.88496
-6.87555
-6.87224
-6.87753
-6.88501
-6.89544
-6.90789
-6.92164
-6.93715
-6.95219
-6.96202
-6.96972
-6.9708
-6.96868
-6.95966
-6.94609
-6.9305
-6.91573
-6.90367
-6.89557
-6.89332
-6.89744
-6.90338
-6.9123
-6.9157
-6.91734
-6.9164
-6.91059
-6.90258
-6.89188
-6.87874
-6.86677
-6.85643
-6.8492
-6.84548
-6.84809
-6.85758
-6.87126
-6.89034
-6.91265
-6.93346
-6.95368
-6.97198
-6.98668
-7.00258
-7.01607
-7.03
-7.03705
-7.04027
-7.03825
-7.0283
-7.01887
-7.0063
-6.98826
-6.96851
-6.9491
-6.93143
-6.91404
-6.89863
-6.88628
-6.87846
-6.87598
-6.87946
-6.88638
-6.89732
-6.91316
-6.92988
-6.94682
-6.95903
-6.96648
-6.96656
-6.96086
-6.94814
-6.93141
-6.91238
-6.89213
-6.87441
-6.86244
-6.85475
-6.8545
-6.85944
-6.86966
-6.88674
-6.90653
-6.92628
-6.94465
-6.96497
-6.98257
-6.98945
-6.9919
-6.98828
-6.97735
-6.96166
-6.94558
-6.92899
-6.91801
-6.90859
-6.90337
-6.90061
-6.9006
-6.90424
-6.90938
-6.91336
-6.9169
-6.91875
-6.9247
-6.93114
-6.93569
-6.9397
-6.93881
-6.9356
-6.93362
-6.92941
-6.92489
-6.91877
-6.91336
-6.90941
-6.90665
-6.90153
-6.89827
-6.89791
-6.89982
-6.90367
-6.90841
-6.91748
-6.9258
-6.93359
-6.94068
-6.94591
-6.951
-6.95621
-6.96371
-6.97145
-6.97864
-6.98782
-6.98978
-6.99095
-6.98855
-6.98186
-6.97192
-6.95944
-6.94235
-6.9234
-6.90391
-6.88248
-6.86277
-6.84851
-6.83625
-6.83006
-6.82918
-6.8343
-6.84014
-6.85397
-6.87273
-6.89484
-6.91508
-6.93557
-6.95391
-6.96744
-6.98
-6.98685
-6.99196
-6.99267
-6.99161
-6.98479
-6.9749
-6.96605
-6.95396
-6.9454
-6.9398
-6.93356
-6.93364
-6.93894
-6.94589
-6.95445
-6.96211
-6.96601
-6.96798
-6.97074
-6.96952
-6.9694
-6.96855
-6.96888
-6.967
-6.96352
-6.95431
-6.94185
-6.928
-6.91177
-6.89545
-6.87905
-6.86772
-6.85834
-6.85515
-6.85583
-6.86196
-6.87217
-6.88368
-6.89528
-6.9084
-6.92035
-6.93019
-6.93616
-6.93971
-6.94137
-6.9398
-6.93298
-6.92493
-6.91651
-6.90796
-6.89995
-6.8933
-6.88726
-6.88414
-6.88018
-6.87878
-6.88207
-6.88496
-6.89178
-6.90255
-6.91392
-6.92638
-6.93565
-6.93912
-6.93767
-6.93646
-6.93161
-6.92521
-6.9172
-6.90883
-6.90445
-6.89817
-6.89448
-6.89475
-6.89817
-6.90284
-6.91267
-6.92069
-6.93073
-6.94059
-6.94693
-6.95308
-6.95376
-6.95767
-6.96075
-6.96066
-6.96084
-6.9577
-6.95668
-6.95445
-6.9489
-6.94472
-6.93871
-6.93625
-6.93543
-6.93719
-6.93992
-6.9372
-6.93794
-6.93251
-6.92814
-6.92061
-6.91156
-6.90569
-6.90325
-6.90354
-6.90736
-6.91424
-6.92483
-6.93248
-6.93678
-6.93957
-6.93926
-6.93576
-6.92753
-6.91681
-6.90783
-6.8998
-6.89187
-6.88777
-6.88706
-6.88992
-6.89436
-6.90088
-6.90923
-6.91576
-6.92226
-6.92792
-6.9305
-6.93113
-6.9297
-6.92591
-6.91949
-6.91303
-6.90272
-6.8915
-6.88158
-6.87339
-6.86759
-6.86274
-6.86347
-6.8663
-6.87312
-6.87994
-6.89276
-6.90664
-6.92353
-6.93921
-6.95371
-6.96841
-6.97606
-6.9812
-6.98201
-6.98291
-6.98447
-6.98654
-6.98704
-6.99138
-6.99636
-7.00134
-7.004
-7.00433
-7.00238
-6.99929
-6.99646
-6.99431
-6.9939
-6.99111
-6.98388
-6.97617
-6.96273
-6.9452
-6.92196
-6.8995
-6.8784
-6.86089
-6.84886
-6.845
-6.85036
-6.86169
-6.87698
-6.89174
-6.90373
-6.91078
-6.91402
-6.90827
-6.89901
-6.88431
-6.87094
-6.85707
-6.84416
-6.8323
-6.82489
-6.82068
-6.8215
-6.82986
-6.84223
-6.8573
-6.87365
-6.89037
-6.90845
-6.92679
-6.94252
-6.95606
-6.96905
-6.98032
-6.99045
-7.0017
-7.01012
-7.01819
-7.02231
-7.02276
-7.01969
-7.01224
-6.99915
-6.97964
-6.95623
-6.93165
-6.90614
-6.88413
-6.86972
-6.86491
-6.8697
-6.88472
-6.90686
-6.93433
-6.96202
-6.99139
-7.01652
-7.03265
-7.04352
-7.04807
-7.04589
-7.03508
-7.0226
-7.00324
-6.98561
-6.96744
-6.95135
-6.93969
-6.93159
-6.92403
-6.91699
-6.91112
-6.90229
-6.89527
-6.88329
-6.87341
-6.86069
-6.84696
-6.8357
-6.82066
-6.80762
-6.79193
-6.7785
-6.7671
-6.75768
-6.74847
-6.7425
-6.74848
-6.76241
-6.78462
-6.81627
-6.85261
-6.89161
-6.93008
-6.95939
-6.9846
-7.00311
-7.01587
-7.02115
-7.02177
-7.01741
-7.01385
-7.0085
-7.0013
-6.993
-6.98714
-6.97739
-6.96893
-6.95651
-6.94331
-6.93131
-6.92121
-6.91275
-6.91021
-6.91049
-6.91673
-6.92233
-6.92901
-6.93354
-6.93778
-6.94054
-6.93989
-6.93878
-6.94174
-6.94205
-6.94525
-6.94733
-6.94795
-6.94874
-6.94894
-6.94713
-6.94357
-6.94153
-6.9369
-6.93381
-6.93401
-6.93767
-6.94371
-6.95083
-6.95776
-6.96264
-6.95992
-6.95767
-6.94594
-6.9337
-6.92437
-6.91461
-6.90696
-6.89934
-6.89728
-6.89824
-6.89998
-6.9022
-6.90614
-6.90976
-6.90956
-6.90758
-6.90353
-6.8987
-6.89066
-6.88534
-6.87978
-6.87907
-6.88296
-6.88812
-6.89749
-6.90705
-6.91881
-6.92336
-6.91524
-6.89864
-6.86982
-6.83251
-6.79356
-6.75254
-6.71795
-6.68887
-6.66843
-6.65467
-6.64857
-6.65016
-6.65924
-6.67201
-6.69077
-6.71631
-6.74072
-6.76519
-6.79124
-6.81622
-6.83626
-6.85051
-6.85691
-6.85185
-6.83977
-6.81675
-6.78879
-6.76073
-6.72921
-6.7069
-6.69268
-6.68946
-6.69526
-6.71326
-6.73827
-6.76631
-6.79124
-6.81339
-6.82928
-6.83581
-6.83644
-6.82713
-6.81401
-6.79819
-6.78097
-6.76488
-6.75514
-6.74953
-6.75259
-6.76393
-6.78178
-6.80509
-6.83209
-6.85417
-6.87423
-6.88718
-6.89608
-6.89701
-6.89227
-6.88215
-6.86862
-6.85541
-6.83939
-6.82169
-6.80305
-6.78476
-6.76859
-6.75476
-6.73865
-6.72795
-6.72125
-6.71621
-6.71546
-6.72125
-6.72905
-6.73617
-6.74247
-6.74594
-6.74398
-6.73899
-6.73059
-6.72239
-6.71395
-6.70731
-6.70237
-6.69991
-6.69745
-6.69672
-6.69498
-6.69357
-6.69835
-6.70744
-6.7183
-6.73306
-6.75521
-6.78186
-6.81085
-6.84074
-6.8677
-6.89004
-6.9064
-6.91529
-6.91589
-6.91292
-6.90597
-6.89471
-6.88071
-6.86957
-6.85451
-6.84019
-6.82593
-6.81358
-6.80005
-6.78348
-6.76706
-6.75049
-6.73407
-6.71712
-6.70418
-6.69195
-6.68582
-6.6839
-6.68267
-6.68216
-6.68589
-6.68845
-6.69232
-6.69832
-6.70789
-6.72278
-6.74331
-6.77008
-6.7997
-6.83218
-6.86369
-6.88849
-6.90933
-6.91848
-6.91861
-6.90303
-6.87454
-6.8357
-6.78685
-6.73438
-6.68603
-6.64899
-6.63037
-6.62764
-6.63911
-6.66253
-6.69439
-6.72446
-6.75655
-6.7829
-6.80706
-6.82904
-6.84693
-6.85767
-6.8619
-6.85868
-6.85156
-6.83623
-6.82553
-6.81475
-6.80319
-6.80059
-6.79723
-6.79272
-6.78961
-6.78412
-6.77484
-6.7606
-6.74173
-6.72102
-6.69704
-6.67813
-6.66338
-6.65725
-6.65841
-6.67153
-6.69265
-6.7185
-6.74745
-6.77492
-6.79835
-6.81999
-6.83404
-6.84107
-6.84699
-6.84974
-6.84229
-6.83398
-6.8246
-6.81261
-6.79773
-6.78309
-6.76791
-6.75554
-6.747
-6.7455
-6.74527
-6.75346
-6.76264
-6.77667
-6.79071
-6.80711
-6.82513
-6.83972
-6.8515
-6.86027
-6.86631
-6.86629
-6.86541
-6.85965
-6.84621
-6.82664
-6.80299
-6.77873
-6.75746
-6.74246
-6.74
-6.74503
-6.75526
-6.76956
-6.77957
-6.78627
-6.787
-6.78367
-6.77864
-6.77426
-6.77326
-6.77186
-6.77688
-6.77581
-6.78077
-6.78335
-6.78261
-6.78205
-6.779
-6.77464
-6.76914
-6.76466
-6.76154
-6.75681
-6.75373
-6.74736
-6.74174
-6.7364
-6.73084
-6.72892
-6.73022
-6.73133
-6.73775
-6.74778
-6.75812
-6.7664
-6.77027
-6.77226
-6.76931
-6.76391
-6.75647
-6.74807
-6.74316
-6.74662
-6.75278
-6.7627
-6.78316
-6.80372
-6.82665
-6.85117
-6.87163
-6.88623
-6.89617
-6.8979
-6.89282
-6.88189
-6.86867
-6.8503
-6.83112
-6.81259
-6.80049
-6.79703
-6.79963
-6.80554
-6.8117
-6.81655
-6.8117
-6.80559
-6.79046
-6.76971
-6.74965
-6.73286
-6.71657
-6.70591
-6.70367
-6.70755
-6.71424
-6.72158
-6.72917
-6.73799
-6.74226
-6.74849
-6.75524
-6.76368
-6.77029
-6.772
-6.77005
-6.76139
-6.75213
-6.74084
-6.73334
-6.72596
-6.72492
-6.72843
-6.73777
-6.74927
-6.76458
-6.78002
-6.79217
-6.79934
-6.80328
-6.80404
-6.80291
-6.79801
-6.79578
-6.79427
-6.78823
-6.7835
-6.78036
-6.7781
-6.77785
-6.78324
-6.79092
-6.8023
-6.80868
-6.81702
-6.81801
-6.81136
-6.79845
-6.78118
-6.76309
-6.74385
-6.72993
-6.71887
-6.71095
-6.71089
-6.71602
-6.73086
-6.75012
-6.77352
-6.80206
-6.8263
-6.84678
-6.86509
-6.87563
-6.87552
-6.86647
-6.85232
-6.83652
-6.82272
-6.8138
-6.80806
-6.80967
-6.81049
-6.81443
-6.81903
-6.82008
-6.81875
-6.81077
-6.79817
-6.78249
-6.76521
-6.74851
-6.73219
-6.71918
-6.70911
-6.70993
-6.72111
-6.74187
-6.76898
-6.79295
-6.80828
-6.81885
-6.82203
-6.8213
-6.81171
-6.79775
-6.78276
-6.77297
-6.7681
-6.77186
-6.78302
-6.79918
-6.81644
-6.83073
-6.8396
-6.84278
-6.8371
-6.8247
-6.80927
-6.78763
-6.76825
-6.7546
-6.74697
-6.74438
-6.74834
-6.76014
-6.77373
-6.7887
-6.80241
-6.81291
-6.82338
-6.83378
-6.84435
-6.85204
-6.85691
-6.85712
-6.85437
-6.84406
-6.82959
-6.81157
-6.78675
-6.76351
-6.73684
-6.71355
-6.69311
-6.67728
-6.66394
-6.65978
-6.66418
-6.67921
-6.70425
-6.73736
-6.77455
-6.80858
-6.83403
-6.85384
-6.86515
-6.86585
-6.85475
-6.83667
-6.81179
-6.78652
-6.7623
-6.74325
-6.73113
-6.72681
-6.72874
-6.7384
-6.74815
-6.76035
-6.77098
-6.7846
-6.79383
-6.80126
-6.80729
-6.81111
-6.81245
-6.81155
-6.8091
-6.80742
-6.79987
-6.79216
-6.78233
-6.77517
-6.76827
-6.75877
-6.75556
-6.7519
-6.75258
-6.75862
-6.7686
-6.78249
-6.79828
-6.81623
-6.8356
-6.85055
-6.86513
-6.8715
-6.86479
-6.84888
-6.82334
-6.78851
-6.7519
-6.72116
-6.696
-6.68827
-6.69267
-6.71189
-6.73674
-6.7605
-6.78434
-6.80209
-6.81354
-6.82154
-6.8256
-6.82882
-6.8286
-6.82607
-6.8216
-6.81503
-6.80522
-6.79321
-6.77525
-6.76206
-6.75101
-6.74602
-6.73989
-6.73849
-6.73936
-6.74429
-6.75042
-6.75741
-6.76767
-6.77646
-6.78135
-6.78419
-6.78417
-6.78017
-6.77405
-6.76584
-6.75695
-6.75254
-6.74783
-6.74957
-6.75604
-6.76275
-6.76903
-6.77381
-6.77919
-6.78315
-6.7885
-6.79459
-6.80624
-6.81803
-6.83315
-6.8502
-6.86452
-6.87174
-6.87416
-6.8688
-6.85855
-6.84276
-6.82061
-6.79869
-6.77185
-6.74696
-6.71977
-6.69546
-6.67357
-6.65797
-6.65133
-6.6572
-6.66842
-6.68528
-6.70615
-6.73084
-6.75619
-6.7794
-6.801
-6.81804
-6.82816
-6.82994
-6.82545
-6.8134
-6.79542
-6.77644
-6.75612
-6.73779
-6.72331
-6.71594
-6.71708
-6.72457
-6.73907
-6.75733
-6.77775
-6.79468
-6.80717
-6.81789
-6.82337
-6.82105
-6.81359
-6.80353
-6.79657
-6.79462
-6.80191
-6.81471
-6.83024
-6.84164
-6.84902
-6.84862
-6.83948
-6.82255
-6.79923
-6.77038
-6.74586
-6.72649
-6.71985
-6.72169
-6.72833
-6.73895
-6.749
-6.75844
-6.77007
-6.7831
-6.79677
-6.81063
-6.82186
-6.83233
-6.84359
-6.85555
-6.86795
-6.88123
-6.89206
-6.90014
-6.90222
-6.89482
-6.87984
-6.86171
-6.83893
-6.81226
-6.787
-6.76636
-6.74886
-6.74112
-6.73541
-6.73679
-6.74164
-6.74413
-6.74889
-6.75008
-6.74467
-6.74358
-6.74093
-6.73707
-6.73303
-6.72474
-6.71243
-6.70184
-6.69261
-6.68721
-6.68933
-6.69959
-6.71378
-6.73478
-6.75518
-6.775
-6.79168
-6.80425
-6.80757
-6.80602
-6.8013
-6.79004
-6.77617
-6.76074
-6.74928
-6.74127
-6.74294
-6.75102
-6.76152
-6.77397
-6.78859
-6.80196
-6.80898
-6.81622
-6.82019
-6.82294
-6.82854
-6.834
-6.84009
-6.84469
-6.84588
-6.84469
-6.83728
-6.83006
-6.82081
-6.8156
-6.8122
-6.81225
-6.81648
-6.82279
-6.83287
-6.83856
-6.84511
-6.84615
-6.84059
-6.83027
-6.81834
-6.80163
-6.78365
-6.76293
-6.74614
-6.73113
-6.71734
-6.70718
-6.70152
-6.70289
-6.71182
-6.72737
-6.74691
-6.76604
-6.78573
-6.80256
-6.81311
-6.81745
-6.81515
-6.80635
-6.78971
-6.7719
-6.75165
-6.73297
-6.71905
-6.71156
-6.70686
-6.70907
-6.7159
-6.72264
-6.73333
-6.7424
-6.75243
-6.76387
-6.78074
-6.79833
-6.82038
-6.84739
-6.87475
-6.90015
-6.92038
-6.93363
-6.93354
-6.92414
-6.90839
-6.88552
-6.85741
-6.82726
-6.79266
-6.76095
-6.73108
-6.70815
-6.69098
-6.68209
-6.68487
-6.69817
-6.71708
-6.73711
-6.75664
-6.77293
-6.7856
-6.79356
-6.80119
-6.80673
-6.80855
-6.80774
-6.80409
-6.79809
-6.78958
-6.78037
-6.77565
-6.77194
-6.77013
-6.77008
-6.76952
-6.76738
-6.76103
-6.74953
-6.73395
-6.71668
-6.69968
-6.68785
-6.67948
-6.67764
-6.6802
-6.68675
-6.69708
-6.70638
-6.71605
-6.72205
-6.72582
-6.73084
-6.73693
-6.74427
-6.75407
-6.76618
-6.77915
-6.78892
-6.7931
-6.79474
-6.79199
-6.79191
-6.79264
-6.80419
-6.81967
-6.8461
-6.87239
-6.89823
-6.92207
-6.9429
-6.95588
-6.96037
-6.95889
-6.94727
-6.9289
-6.90146
-6.86849
-6.82937
-6.79099
-6.75238
-6.71828
-6.69281
-6.67061
-6.65262
-6.63981
-6.63045
-6.62357
-6.62487
-6.63366
-6.65101
-6.67669
-6.70943
-6.74569
-6.78399
-6.82037
-6.85295
-6.87824
-6.89958
-6.91432
-6.92405
-6.92166
-6.91593
-6.90473
-6.88616
-6.86445
-6.83965
-6.81847
-6.79607
-6.77611
-6.75975
-6.7452
-6.73491
-6.72795
-6.72522
-6.72417
-6.72536
-6.72742
-6.73174
-6.73849
-6.74227
-6.7412
-6.73696
-6.72428
-6.70425
-6.68001
-6.65668
-6.6358
-6.62236
-6.61833
-6.62646
-6.64137
-6.66308
-6.68902
-6.71669
-6.74216
-6.76526
-6.78757
-6.81006
-6.82993
-6.84841
-6.8647
-6.87861
-6.89243
-6.90388
-6.91089
-6.90857
-6.90302
-6.89517
-6.88272
-6.86617
-6.84797
-6.8312
-6.81247
-6.79446
-6.77389
-6.7586
-6.74519
-6.73523
-6.72417
-6.71611
-6.70384
-6.68999
-6.67215
-6.65403
-6.63971
-6.63409
-6.63947
-6.65512
-6.68378
-6.71771
-6.75346
-6.78678
-6.81438
-6.83398
-6.84327
-6.84519
-6.84159
-6.83518
-6.82507
-6.81733
-6.80937
-6.80128
-6.79424
-6.79116
-6.78695
-6.78487
-6.78261
-6.785
-6.78573
-6.7875
-6.79
-6.78976
-6.7896
-6.78303
-6.77678
-6.76968
-6.76009
-6.75221
-6.74544
-6.73709
-6.73154
-6.72737
-6.72406
-6.72627
-6.73499
-6.74433
-6.75905
-6.77675
-6.7909
-6.8034
-6.81673
-6.82735
-6.83815
-6.84796
-6.85519
-6.862
-6.8655
-6.86423
-6.85923
-6.84935
-6.8365
-6.81936
-6.79649
-6.77955
-6.76208
-6.74523
-6.73346
-6.72509
-6.72048
-6.72723
-6.7385
-6.75771
-6.77941
-6.79949
-6.81446
-6.82585
-6.83191
-6.83407
-6.83131
-6.8242
-6.81527
-6.80315
-6.79206
-6.77968
-6.76614
-6.75598
-6.74371
-6.73481
-6.72814
-6.72314
-6.72229
-6.72511
-6.73343
-6.74523
-6.76183
-6.77436
-6.78552
-6.7959
-6.80391
-6.81099
-6.81375
-6.81483
-6.80922
-6.80127
-6.78929
-6.77746
-6.76632
-6.75923
-6.75322
-6.75175
-6.75387
-6.75774
-6.76409
-6.7694
-6.77024
-6.76881
-6.7656
-6.76002
-6.74944
-6.73354
-6.71292
-6.68803
-6.66293
-6.63664
-6.61628
-6.60233
-6.59185
-6.58714
-6.58464
-6.58426
-6.58608
-6.58991
-6.5991
-6.61279
-6.63281
-6.65538
-6.67965
-6.70498
-6.72502
-6.73854
-6.7472
-6.74728
-6.74106
-6.7287
-6.71649
-6.70531
-6.69831
-6.69325
-6.69358
-6.69962
-6.70567
-6.71753
-6.73351
-6.7549
-6.77845
-6.80438
-6.82928
-6.85046
-6.86746
-6.87316
-6.86803
-6.85512
-6.83432
-6.80797
-6.77438
-6.73907
-6.7058
-6.67891
-6.65006
-6.62808
-6.60818
-6.59669
-6.59377
-6.59984
-6.61195
-6.62918
-6.64678
-6.66031
-6.67138
-6.67825
-6.68651
-6.69816
-6.70848
-6.71985
-6.72932
-6.73549
-6.73517
-6.73003
-6.71781
-6.70239
-6.68162
-6.66351
-6.64161
-6.61867
-6.60239
-6.5965
-6.59904
-6.61172
-6.6342
-6.66612
-6.70186
-6.7412
-6.77737
-6.80722
-6.82833
-6.84072
-6.84048
-6.82732
-6.80291
-6.77196
-6.73593
-6.70091
-6.67144
-6.65037
-6.63786
-6.63613
-6.64256
-6.66177
-6.6851
-6.71242
-6.73412
-6.75414
-6.76951
-6.77563
-6.77403
-6.76767
-6.75782
-6.75054
-6.73798
-6.72746
-6.7151
-6.70595
-6.69618
-6.68741
-6.68412
-6.68336
-6.68671
-6.69062
-6.69603
-6.70154
-6.70561
-6.70679
-6.70845
-6.70734
-6.7058
-6.70346
-6.70131
-6.69568
-6.68911
-6.67839
-6.66613
-6.65207
-6.6441
-6.64342
-6.64914
-6.66581
-6.68399
-6.706
-6.72221
-6.72876
-6.72856
-6.72274
-6.71404
-6.70618
-6.70339
-6.7075
-6.71398
-6.72823
-6.74519
-6.77216
-6.7984
-6.82135
-6.83866
-6.84458
-6.8415
-6.83187
-6.81593
-6.79392
-6.77013
-6.74434
-6.71478
-6.68819
-6.66273
-6.63592
-6.61196
-6.59008
-6.57248
-6.56076
-6.55725
-6.56746
-6.59201
-6.62972
-6.67124
-6.70956
-6.73845
-6.76092
-6.77236
-6.77508
-6.7723
-6.76327
-6.75055
-6.73424
-6.72017
-6.70926
-6.70106
-6.69735
-6.69775
-6.69972
-6.70345
-6.70869
-6.71578
-6.72662
-6.73976
-6.75242
-6.76791
-6.78118
-6.7939
-6.80319
-6.80407
-6.79884
-6.78719
-6.77009
-6.74963
-6.72699
-6.7033
-6.68543
-6.67447
-6.66451
-6.6586
-6.65167
-6.64657
-6.64322
-6.63913
-6.6364
-6.63658
-6.64004
-6.64639
-6.65297
-6.65999
-6.6666
-6.67235
-6.67527
-6.6789
-6.68517
-6.69133
-6.70185
-6.71372
-6.72931
-6.74136
-6.75212
-6.75806
-6.7623
-6.76569
-6.76738
-6.76963
-6.77253
-6.77548
-6.77721
-6.77784
-6.7773
-6.77699
-6.77783
-6.77888
-6.77784
-6.77373
-6.76585
-6.75576
-6.74058
-6.72507
-6.70696
-6.69672
-6.68827
-6.68143
-6.67687
-6.67484
-6.67252
-6.66984
-6.67312
-6.6835
-6.69749
-6.70845
-6.71358
-6.71407
-6.71059
-6.70029
-6.69063
-6.68267
-6.67598
-6.66897
-6.66704
-6.67156
-6.68105
-6.69266
-6.71088
-6.72853
-6.74567
-6.76419
-6.77854
-6.78874
-6.79387
-6.79466
-6.7921
-6.78565
-6.77627
-6.76675
-6.7548
-6.74221
-6.7262
-6.70892
-6.68815
-6.66502
-6.63901
-6.61381
-6.59591
-6.58577
-6.58776
-6.60242
-6.62442
-6.64763
-6.67188
-6.6918
-6.7059
-6.71837
-6.73018
-6.73998
-6.75199
-6.76297
-6.77421
-6.78167
-6.78603
-6.78544
-6.78142
-6.77873
-6.77984
-6.78635
-6.79789
-6.8097
-6.8209
-6.82772
-6.82216
-6.8118
-6.79606
-6.77044
-6.74307
-6.71039
-6.67728
-6.64323
-6.61261
-6.59267
-6.58061
-6.57568
-6.57946
-6.58969
-6.60235
-6.61623
-6.62636
-6.63677
-6.64451
-6.65006
-6.65056
-6.65183
-6.65277
-6.65399
-6.65491
-6.6592
-6.66526
-6.67669
-6.68918
-6.70574
-6.72643
-6.7497
-6.77234
-6.79351
-6.81348
-6.82582
-6.83302
-6.83261
-6.82199
-6.80653
-6.78991
-6.77402
-6.76206
-6.75192
-6.74424
-6.73917
-6.73403
-6.72502
-6.71508
-6.70117
-6.68235
-6.66156
-6.64119
-6.62314
-6.61466
-6.61508
-6.62703
-6.64628
-6.67018
-6.69364
-6.71389
-6.72877
-6.73512
-6.73518
-6.72969
-6.72232
-6.71599
-6.71279
-6.71608
-6.7249
-6.74416
-6.76944
-6.7959
-6.82241
-6.84332
-6.85651
-6.85378
-6.84341
-6.82377
-6.79264
-6.75537
-6.7169
-6.67589
-6.63594
-6.59683
-6.56503
-6.53714
-6.5132
-6.49732
-6.49103
-6.49436
-6.51068
-6.53903
-6.57936
-6.62561
-6.67297
-6.71512
-6.75099
-6.77825
-6.7938
-6.79929
-6.79676
-6.78607
-6.76766
-6.7475
-6.72651
-6.70278
-6.67933
-6.66336
-6.65207
-6.64734
-6.64918
-6.66075
-6.6766
-6.69527
-6.72178
-6.74477
-6.76244
-6.77283
-6.7774
-6.77321
-6.76163
-6.74566
-6.72435
-6.69987
-6.67896
-6.66328
-6.65477
-6.65362
-6.66438
-6.68245
-6.70755
-6.73403
-6.75907
-6.77744
-6.78329
-6.77968
-6.76185
-6.73706
-6.71015
-6.68419
-6.66864
-6.65962
-6.65987
-6.66925
-6.68201
-6.69403
-6.70583
-6.7214
-6.73726
-6.75199
-6.76404
-6.77209
-6.77687
-6.77591
-6.76789
-6.75717
-6.74487
-6.73715
-6.72954
-6.72333
-6.72099
-6.7186
-6.7157
-6.71271
-6.70654
-6.70064
-6.69126
-6.68248
-6.67498
-6.66813
-6.66122
-6.65438
-6.6518
-6.64694
-6.64913
-6.65518
-6.66359
-6.67099
-6.68152
-6.6916
-6.69957
-6.70846
-6.71675
-6.72438
-6.73255
-6.74325
-6.75862
-6.77639
-6.79654
-6.81421
-6.83222
-6.83805
-6.84061
-6.83166
-6.81581
-6.79286
-6.76379
-6.73312
-6.70732
-6.68374
-6.66481
-6.65527
-6.65041
-6.64965
-6.65317
-6.65649
-6.66157
-6.66685
-6.67069
-6.67441
-6.67932
-6.68417
-6.69109
-6.70143
-6.71077
-6.71845
-6.72226
-6.72106
-6.71222
-6.69839
-6.67966
-6.66046
-6.6443
-6.62812
-6.61946
-6.61137
-6.61183
-6.61548
-6.62535
-6.63787
-6.65494
-6.67212
-6.68525
-6.69489
-6.69721
-6.6947
-6.68492
-6.67433
-6.66879
-6.67168
-6.6838
-6.70759
-6.73927
-6.77518
-6.8109
-6.84161
-6.86298
-6.86984
-6.8668
-6.85273
-6.83041
-6.79624
-6.75881
-6.71812
-6.67612
-6.63814
-6.6103
-6.59332
-6.58743
-6.59294
-6.6075
-6.62627
-6.6507
-6.67508
-6.69376
-6.70771
-6.7167
-6.71503
-6.70634
-6.69059
-6.67214
-6.65482
-6.64116
-6.63778
-6.64344
-6.6586
-6.6837
-6.71275
-6.74366
-6.77116
-6.79689
-6.81603
-6.82669
-6.831
-6.82622
-6.8117
-6.79254
-6.76615
-6.73908
-6.71201
-6.68057
-6.64838
-6.62021
-6.60109
-6.5886
-6.58719
-6.59447
-6.61081
-6.63203
-6.6568
-6.68265
-6.70347
-6.71809
-6.72885
-6.73477
-6.73695
-6.73723
-6.74007
-6.74345
-6.74628
-6.74899
-6.75584
-6.75858
-6.75972
-6.75927
-6.7561
-6.75547
-6.75825
-6.7563
-6.75475
-6.75099
-6.74127
-6.72616
-6.70671
-6.68379
-6.65872
-6.64064
-6.62947
-6.6286
-6.63312
-6.6437
-6.65154
-6.65776
-6.65851
-6.65792
-6.65741
-6.65784
-6.66179
-6.672
-6.68601
-6.70402
-6.71928
-6.73506
-6.74889
-6.75938
-6.76916
-6.76976
-6.77356
-6.77373
-6.77247
-6.77255
-6.77305
-6.77173
-6.77065
-6.77003
-6.76854
-6.76474
-6.75674
-6.74755
-6.73283
-6.71409
-6.69444
-6.67422
-6.65758
-6.65335
-6.65984
-6.68181
-6.7153
-6.74876
-6.78116
-6.803
-6.81316
-6.81687
-6.80732
-6.78782
-6.76135
-6.72993
-6.69861
-6.67077
-6.6482
-6.6288
-6.61557
-6.61147
-6.60895
-6.61518
-6.62295
-6.63757
-6.65767
-6.68237
-6.70509
-6.7337
-6.75834
-6.77905
-6.79327
-6.79874
-6.79711
-6.78894
-6.77562
-6.75976
-6.73832
-6.71537
-6.69217
-6.67016
-6.64526
-6.62427
-6.60295
-6.58547
-6.57374
-6.56746
-6.56707
-6.5699
-6.58018
-6.59497
-6.61309
-6.63679
-6.66406
-6.69373
-6.72228
-6.75316
-6.78071
-6.80036
-6.81222
-6.81653
-6.8103
-6.79533
-6.77439
-6.75044
-6.72245
-6.6983
-6.68151
-6.67333
-6.68064
-6.69524
-6.71389
-6.73456
-6.75232
-6.76351
-6.77345
-6.78113
-6.7798
-6.77778
-6.77603
-6.77236
-6.76783
-6.76325
-6.75488
-6.7445
-6.73156
-6.71557
-6.70396
-6.69516
-6.69245
-6.69114
-6.69512
-6.70532
-6.71884
-6.73029
-6.73732
-6.73868
-6.73679
-6.72721
-6.71263
-6.69225
-6.66956
-6.64175
-6.61056
-6.58122
-6.55596
-6.53568
-6.52626
-6.52968
-6.5436
-6.57276
-6.60695
-6.64646
-6.68685
-6.72348
-6.75728
-6.78497
-6.8034
-6.8163
-6.82078
-6.82272
-6.82448
-6.82335
-6.82179
-6.81976
-6.81487
-6.80945
-6.79621
-6.78281
-6.76295
-6.74158
-6.71446
-6.68862
-6.66563
-6.64836
-6.64043
-6.64383
-6.65472
-6.67458
-6.6954
-6.71202
-6.72605
-6.73376
-6.73478
-6.73229
-6.72281
-6.70867
-6.69703
-6.68585
-6.67601
-6.67023
-6.66402
-6.66036
-6.65741
-6.65354
-6.65302
-6.65344
-6.65335
-6.65395
-6.65944
-6.66873
-6.68202
-6.70088
-6.72325
-6.74285
-6.75749
-6.76739
-6.77376
-6.77633
-6.77872
-6.77985
-6.77943
-6.78099
-6.78521
-6.78794
-6.78442
-6.77918
-6.77149
-6.75796
-6.74046
-6.7264
-6.70905
-6.69073
-6.67082
-6.6529
-6.63586
-6.61607
-6.60444
-6.59436
-6.59036
-6.59208
-6.59926
-6.61128
-6.62227
-6.63865
-6.65387
-6.6711
-6.68364
-6.69474
-6.70127
-6.69957
-6.69392
-6.68475
-6.67436
-6.66745
-6.66383
-6.66005
-6.66579
-6.66902
-6.67538
-6.68129
-6.68761
-6.68603
-6.68776
-6.68883
-6.69097
-6.69819
-6.7088
-6.72175
-6.73824
-6.75536
-6.77115
-6.7811
-6.78856
-6.78604
-6.78166
-6.76965
-6.75304
-6.73345
-6.71502
-6.69861
-6.68532
-6.68416
-6.68947
-6.7026
-6.7194
-6.73855
-6.75654
-6.77548
-6.7894
-6.80003
-6.80328
-6.7981
-6.78807
-6.77091
-6.74721
-6.72475
-6.69808
-6.67018
-6.64458
-6.62581
-6.6129
-6.61028
-6.61442
-6.62466
-6.64191
-6.66028
-6.68255
-6.70167
-6.71942
-6.73187
-6.74475
-6.75048
-6.75485
-6.75192
-6.74341
-6.72948
-6.70852
-6.6822
-6.65467
-6.62369
-6.59851
-6.57451
-6.56136
-6.55616
-6.5628
-6.57285
-6.59023
-6.60629
-6.61691
-6.62316
-6.6251
-6.62463
-6.62806
-6.63464
-6.64395
-6.65565
-6.6706
-6.68288
-6.69702
-6.70432
-6.71226
-6.71985
-6.72538
-6.73408
-6.74408
-6.75638
-6.76835
-6.77915
-6.78335
-6.78832
-6.7945
-6.80236
-6.81436
-6.83167
-6.85063
-6.87095
-6.88882
-6.90498
-6.91291
