1	nan	0
1	nan	0
1	nan	0
1	nan	0
1	nan	0
1	0	0
1	0	0
1	0	0
1	0	0
1	0	0
1	0	0
1	0	0
1	0	0
1	0	0
1	0	0
1	0	0
1	0	0
1	0	0
1	0	0
1	0	0
1	0	0
1	0	0
1	0	0
1	0	0
1	0	0
1	0	0
1	0	0
1	0	0
1	0	0
1	0	0
1	0	0
1	0	0
1	0	0
1	0	0
1	0	0
1	0	0
1	0	0
1	0	0
1	0	0
1	0.00290323	0
1	0.0466061	0
1	0.271941	0
1	0.936111	0
1	2.12346	0
1	3.38862	0
1	4.2341	0
1	4.5006	0
1	4.21927	0
1	3.40104	0
1	2.52075	0
1	1.70296	0
1	1.06988	0
1	0.604407	0
1	0.334607	0
1	0.168138	0
1	0.0836333	0
1	0.052	0
1	0.0457813	0
1	0.0624478	0
1	0.0993913	0
1	0.178648	0
1	0.279068	0
1	0.427053	0
1	0.58641	0
1	0.753358	0
1	0.866506	0
1	0.929553	0
1	0.877227	0
1	0.758703	0
1	0.609871	0
1	0.437604	0
1	0.306531	0
1	0.216297	0
1	0.187019	0
1	0.246019	0
1	0.418345	0
1	0.724786	0
1	1.1459	0
1	1.66205	0
1	2.13435	0
1	2.48669	0
1	2.59537	0
1	2.4312	0
1	2.08568	0
1	1.6052	0
1	1.14419	0
1	0.768909	0
1	0.526822	0
1	0.427827	0
1	0.448536	0
1	0.570551	0
1	0.7311	0
1	0.880834	0
1	0.976467	0
1	0.983635	0
1	0.873966	0
1	0.749096	0
1	0.626652	0
1	0.550843	0
1	0.563085	0
2	nan	0.0137128
2	nan	0.0137128
2	nan	0.0137128
2	nan	0.0137128
2	nan	0.0137128
2	0	0.0137128
2	0	0.0137128
2	0	0.0137128
2	0	0.0137128
2	0	0.0137128
2	0	0.0137128
2	0	0.0137128
2	0	0.0137128
2	0	0.0137128
2	0	0.0137128
2	0	0.0137128
2	0	0.0137128
2	0	0.0137128
2	0	0.0137128
2	0	0.0137128
2	0	0.0137128
2	0	0.0137128
2	0	0.0137128
2	0	0.0137128
2	0	0.0137128
2	0	0.0137128
2	0	0.0137128
2	0	0.0137128
2	0	0.0137128
2	0	0.0137128
2	0	0.0137128
2	0	0.0137128
2	0	0.0137128
2	0	0.0137128
2	0	0.0137128
2	0	0.0137128
2	0	0.0137128
2	0	0.0137128
2	0	0.0137128
2	0.00312903	0.0137128
2	0.0446364	0.0137128
2	0.263853	0.0137128
2	0.910583	0.0137128
2	2.11408	0.0137128
2	3.36864	0.0137128
2	4.266	0.0137128
2	4.52635	0.0137128
2	4.2288	0.0137128
2	3.4235	0.0137128
2	2.53421	0.0137128
2	1.70416	0.0137128
2	1.0641	0.0137128
2	0.60163	0.0137128
2	0.32475	0.0137128
2	0.163466	0.0137128
2	0.0771167	0.0137128
2	0.0465968	0.0137128
2	0.0394063	0.0137128
2	0.0572239	0.0137128
2	0.0962899	0.0137128
2	0.174803	0.0137128
2	0.276822	0.0137128
2	0.426553	0.0137128
2	0.592167	0.0137128
2	0.751198	0.0137128
2	0.873301	0.0137128
2	0.937753	0.0137128
2	0.884864	0.0137128
2	0.767121	0.0137128
2	0.613935	0.0137128
2	0.436448	0.0137128
2	0.301745	0.0137128
2	0.208446	0.0137128
2	0.179202	0.0137128
2	0.236794	0.0137128
2	0.407518	0.0137128
2	0.708893	0.0137128
2	1.13601	0.0137128
2	1.64436	0.0137128
2	2.13375	0.0137128
2	2.50985	0.0137128
2	2.62928	0.0137128
2	2.46628	0.0137128
2	2.10341	0.0137128
2	1.61374	0.0137128
2	1.14014	0.0137128
2	0.759196	0.0137128
2	0.509959	0.0137128
2	0.407787	0.0137128
2	0.440771	0.0137128
2	0.561769	0.0137128
2	0.727756	0.0137128
2	0.883724	0.0137128
2	0.979874	0.0137128
2	0.995588	0.0137128
2	0.880385	0.0137128
2	0.752198	0.0137128
2	0.623586	0.0137128
2	0.548973	0.0137128
2	0.549372	0.0137128
3	nan	0.00815632
3	nan	0.00815632
3	nan	0.00815632
3	nan	0.00815632
3	nan	0.00815632
3	0	0.00815632
3	0	0.00815632
3	0	0.00815632
3	0	0.00815632
3	0	0.00815632
3	0	0.00815632
3	0	0.00815632
3	0	0.00815632
3	0	0.00815632
3	0	0.00815632
3	0	0.00815632
3	0	0.00815632
3	0	0.00815632
3	0	0.00815632
3	0	0.00815632
3	0	0.00815632
3	0	0.00815632
3	0	0.00815632
3	0	0.00815632
3	0	0.00815632
3	0	0.00815632
3	0	0.00815632
3	0	0.00815632
3	0	0.00815632
3	0	0.00815632
3	0	0.00815632
3	0	0.00815632
3	0	0.00815632
3	0	0.00815632
3	0	0.00815632
3	0	0.00815632
3	0	0.00815632
3	0	0.00815632
3	0	0.00815632
3	0.00316129	0.00815632
3	0.043697	0.00815632
3	0.262804	0.00815632
3	0.919407	0.00815632
3	2.10838	0.00815632
3	3.37728	0.00815632
3	4.2562	0.00815632
3	4.52074	0.00815632
3	4.2333	0.00815632
3	3.42546	0.00815632
3	2.52794	0.00815632
3	1.70315	0.00815632
3	1.05696	0.00815632
3	0.606099	0.00815632
3	0.327429	0.00815632
3	0.164471	0.00815632
3	0.0801778	0.00815632
3	0.0479032	0.00815632
3	0.0411771	0.00815632
3	0.0577811	0.00815632
3	0.0995362	0.00815632
3	0.176826	0.00815632
3	0.280594	0.00815632
3	0.424658	0.00815632
3	0.594675	0.00815632
3	0.750453	0.00815632
3	0.868972	0.00815632
3	0.933035	0.00815632
3	0.879303	0.00815632
3	0.763846	0.00815632
3	0.610186	0.00815632
3	0.437569	0.00815632
3	0.304136	0.00815632
3	0.21136	0.00815632
3	0.183038	0.00815632
3	0.239757	0.00815632
3	0.4116	0.00815632
3	0.71047	0.00815632
3	1.13958	0.00815632
3	1.64815	0.00815632
3	2.14118	0.00815632
3	2.5024	0.00815632
3	2.61703	0.00815632
3	2.45314	0.00815632
3	2.09954	0.00815632
3	1.61061	0.00815632
3	1.14351	0.00815632
3	0.76489	0.00815632
3	0.51363	0.00815632
3	0.410276	0.00815632
3	0.441843	0.00815632
3	0.563671	0.00815632
3	0.728533	0.00815632
3	0.884597	0.00815632
3	0.981226	0.00815632
3	0.989639	0.00815632
3	0.880598	0.00815632
3	0.754516	0.00815632
3	0.62667	0.00815632
3	0.55071	0.00815632
3	0.551333	0.00815632
4	nan	0.00584559
4	nan	0.00584559
4	nan	0.00584559
4	nan	0.00584559
4	nan	0.00584559
4	0	0.00584559
4	0	0.00584559
4	0	0.00584559
4	0	0.00584559
4	0	0.00584559
4	0	0.00584559
4	0	0.00584559
4	0	0.00584559
4	0	0.00584559
4	0	0.00584559
4	0	0.00584559
4	0	0.00584559
4	0	0.00584559
4	0	0.00584559
4	0	0.00584559
4	0	0.00584559
4	0	0.00584559
4	0	0.00584559
4	0	0.00584559
4	0	0.00584559
4	0	0.00584559
4	0	0.00584559
4	0	0.00584559
4	0	0.00584559
4	0	0.00584559
4	0	0.00584559
4	0	0.00584559
4	0	0.00584559
4	0	0.00584559
4	0	0.00584559
4	0	0.00584559
4	0	0.00584559
4	0	0.00584559
4	0	0.00584559
4	0.00296774	0.00584559
4	0.0438788	0.00584559
4	0.262162	0.00584559
4	0.918222	0.00584559
4	2.10074	0.00584559
4	3.36636	0.00584559
4	4.25878	0.00584559
4	4.52847	0.00584559
4	4.24343	0.00584559
4	3.43317	0.00584559
4	2.53001	0.00584559
4	1.70247	0.00584559
4	1.05776	0.00584559
4	0.603546	0.00584559
4	0.323509	0.00584559
4	0.162991	0.00584559
4	0.0783583	0.00584559
4	0.0473306	0.00584559
4	0.0405313	0.00584559
4	0.0567313	0.00584559
4	0.0986739	0.00584559
4	0.176761	0.00584559
4	0.278884	0.00584559
4	0.423849	0.00584559
4	0.595346	0.00584559
4	0.750938	0.00584559
4	0.873036	0.00584559
4	0.932388	0.00584559
4	0.880614	0.00584559
4	0.765412	0.00584559
4	0.610672	0.00584559
4	0.438979	0.00584559
4	0.303786	0.00584559
4	0.209188	0.00584559
4	0.180029	0.00584559
4	0.238748	0.00584559
4	0.410023	0.00584559
4	0.709571	0.00584559
4	1.13758	0.00584559
4	1.64608	0.00584559
4	2.14336	0.00584559
4	2.50346	0.00584559
4	2.61708	0.00584559
4	2.46198	0.00584559
4	2.10235	0.00584559
4	1.6119	0.00584559
4	1.14299	0.00584559
4	0.764507	0.00584559
4	0.510247	0.00584559
4	0.409233	0.00584559
4	0.438631	0.00584559
4	0.562497	0.00584559
4	0.727672	0.00584559
4	0.885252	0.00584559
4	0.982281	0.00584559
4	0.989482	0.00584559
4	0.880787	0.00584559
4	0.754562	0.00584559
4	0.626917	0.00584559
4	0.548676	0.00584559
4	0.55038	0.00584559
5	nan	0.00486501
5	nan	0.00486501
5	nan	0.00486501
5	nan	0.00486501
5	nan	0.00486501
5	0	0.00486501
5	0	0.00486501
5	0	0.00486501
5	0	0.00486501
5	0	0.00486501
5	0	0.00486501
5	0	0.00486501
5	0	0.00486501
5	0	0.00486501
5	0	0.00486501
5	0	0.00486501
5	0	0.00486501
5	0	0.00486501
5	0	0.00486501
5	0	0.00486501
5	0	0.00486501
5	0	0.00486501
5	0	0.00486501
5	0	0.00486501
5	0	0.00486501
5	0	0.00486501
5	0	0.00486501
5	0	0.00486501
5	0	0.00486501
5	0	0.00486501
5	0	0.00486501
5	0	0.00486501
5	0	0.00486501
5	0	0.00486501
5	0	0.00486501
5	0	0.00486501
5	0	0.00486501
5	0	0.00486501
5	0	0.00486501
5	0.00303226	0.00486501
5	0.0436364	0.00486501
5	0.264235	0.00486501
5	0.921589	0.00486501
5	2.09986	0.00486501
5	3.36929	0.00486501
5	4.2678	0.00486501
5	4.51534	0.00486501
5	4.23892	0.00486501
5	3.43051	0.00486501
5	2.52671	0.00486501
5	1.70338	0.00486501
5	1.0582	0.00486501
5	0.6072	0.00486501
5	0.324557	0.00486501
5	0.164469	0.00486501
5	0.0796467	0.00486501
5	0.0461226	0.00486501
5	0.0399625	0.00486501
5	0.0562507	0.00486501
5	0.0993565	0.00486501
5	0.177268	0.00486501
5	0.280016	0.00486501
5	0.425263	0.00486501
5	0.593349	0.00486501
5	0.752928	0.00486501
5	0.873455	0.00486501
5	0.930574	0.00486501
5	0.877559	0.00486501
5	0.764475	0.00486501
5	0.611471	0.00486501
5	0.439642	0.00486501
5	0.304629	0.00486501
5	0.209156	0.00486501
5	0.18045	0.00486501
5	0.23846	0.00486501
5	0.409596	0.00486501
5	0.713007	0.00486501
5	1.14135	0.00486501
5	1.64738	0.00486501
5	2.14213	0.00486501
5	2.49766	0.00486501
5	2.61306	0.00486501
5	2.45988	0.00486501
5	2.10381	0.00486501
5	1.61216	0.00486501
5	1.14295	0.00486501
5	0.76647	0.00486501
5	0.512762	0.00486501
5	0.410912	0.00486501
5	0.439916	0.00486501
5	0.562651	0.00486501
5	0.72645	0.00486501
5	0.88344	0.00486501
5	0.980081	0.00486501
5	0.987911	0.00486501
5	0.880809	0.00486501
5	0.753876	0.00486501
5	0.629246	0.00486501
5	0.549483	0.00486501
5	0.55216	0.00486501
6	nan	0.00578374
6	nan	0.00578374
6	nan	0.00578374
6	nan	0.00578374
6	nan	0.00578374
6	0	0.00578374
6	0	0.00578374
6	0	0.00578374
6	0	0.00578374
6	0	0.00578374
6	0	0.00578374
6	0	0.00578374
6	0	0.00578374
6	0	0.00578374
6	0	0.00578374
6	0	0.00578374
6	0	0.00578374
6	0	0.00578374
6	0	0.00578374
6	0	0.00578374
6	0	0.00578374
6	0	0.00578374
6	0	0.00578374
6	0	0.00578374
6	0	0.00578374
6	0	0.00578374
6	0	0.00578374
6	0	0.00578374
6	0	0.00578374
6	0	0.00578374
6	0	0.00578374
6	0	0.00578374
6	0	0.00578374
6	0	0.00578374
6	0	0.00578374
6	0	0.00578374
6	0	0.00578374
6	0	0.00578374
6	2.22222e-05	0.00578374
6	0.00302151	0.00578374
6	0.0439192	0.00578374
6	0.264735	0.00578374
6	0.919833	0.00578374
6	2.09388	0.00578374
6	3.36099	0.00578374
6	4.26618	0.00578374
6	4.52325	0.00578374
6	4.24764	0.00578374
6	3.43964	0.00578374
6	2.53228	0.00578374
6	1.70125	0.00578374
6	1.05392	0.00578374
6	0.603728	0.00578374
6	0.322738	0.00578374
6	0.1635	0.00578374
6	0.0791222	0.00578374
6	0.0445806	0.00578374
6	0.0389583	0.00578374
6	0.0551841	0.00578374
6	0.0981546	0.00578374
6	0.175869	0.00578374
6	0.279543	0.00578374
6	0.423456	0.00578374
6	0.595406	0.00578374
6	0.75507	0.00578374
6	0.875414	0.00578374
6	0.932047	0.00578374
6	0.880352	0.00578374
6	0.765637	0.00578374
6	0.610982	0.00578374
6	0.440889	0.00578374
6	0.30281	0.00578374
6	0.208106	0.00578374
6	0.178804	0.00578374
6	0.23633	0.00578374
6	0.407379	0.00578374
6	0.711	0.00578374
6	1.13908	0.00578374
6	1.64598	0.00578374
6	2.14233	0.00578374
6	2.50337	0.00578374
6	2.62015	0.00578374
6	2.46436	0.00578374
6	2.1042	0.00578374
6	1.61279	0.00578374
6	1.14172	0.00578374
6	0.763697	0.00578374
6	0.510096	0.00578374
6	0.408269	0.00578374
6	0.438458	0.00578374
6	0.560308	0.00578374
6	0.725656	0.00578374
6	0.884513	0.00578374
6	0.981487	0.00578374
6	0.989775	0.00578374
6	0.884466	0.00578374
6	0.754911	0.00578374
6	0.626634	0.00578374
6	0.5462	0.00578374
6	0.547956	0.00578374
7	nan	0.00488821
7	nan	0.00488821
7	nan	0.00488821
7	nan	0.00488821
7	nan	0.00488821
7	0	0.00488821
7	0	0.00488821
7	0	0.00488821
7	0	0.00488821
7	0	0.00488821
7	0	0.00488821
7	0	0.00488821
7	0	0.00488821
7	0	0.00488821
7	0	0.00488821
7	0	0.00488821
7	0	0.00488821
7	0	0.00488821
7	0	0.00488821
7	0	0.00488821
7	0	0.00488821
7	0	0.00488821
7	0	0.00488821
7	0	0.00488821
7	0	0.00488821
7	0	0.00488821
7	0	0.00488821
7	0	0.00488821
7	0	0.00488821
7	0	0.00488821
7	0	0.00488821
7	0	0.00488821
7	0	0.00488821
7	0	0.00488821
7	0	0.00488821
7	0	0.00488821
7	0	0.00488821
7	0	0.00488821
7	1.90476e-05	0.00488821
7	0.00307834	0.00488821
7	0.044026	0.00488821
7	0.263496	0.00488821
7	0.918341	0.00488821
7	2.09228	0.00488821
7	3.36176	0.00488821
7	4.26327	0.00488821
7	4.5307	0.00488821
7	4.24965	0.00488821
7	3.43962	0.00488821
7	2.52974	0.00488821
7	1.69929	0.00488821
7	1.05379	0.00488821
7	0.603339	0.00488821
7	0.32424	0.00488821
7	0.163813	0.00488821
7	0.0798571	0.00488821
7	0.0443364	0.00488821
7	0.038808	0.00488821
7	0.055484	0.00488821
7	0.0976398	0.00488821
7	0.175191	0.00488821
7	0.280818	0.00488821
7	0.42341	0.00488821
7	0.596421	0.00488821
7	0.753139	0.00488821
7	0.874916	0.00488821
7	0.931049	0.00488821
7	0.880711	0.00488821
7	0.766148	0.00488821
7	0.612442	0.00488821
7	0.441774	0.00488821
7	0.301571	0.00488821
7	0.207573	0.00488821
7	0.178536	0.00488821
7	0.236043	0.00488821
7	0.405886	0.00488821
7	0.709283	0.00488821
7	1.13878	0.00488821
7	1.6469	0.00488821
7	2.14335	0.00488821
7	2.5019	0.00488821
7	2.62109	0.00488821
7	2.46626	0.00488821
7	2.10713	0.00488821
7	1.61415	0.00488821
7	1.14178	0.00488821
7	0.763391	0.00488821
7	0.509335	0.00488821
7	0.407301	0.00488821
7	0.437602	0.00488821
7	0.559811	0.00488821
7	0.725736	0.00488821
7	0.884747	0.00488821
7	0.98063	0.00488821
7	0.989704	0.00488821
7	0.884475	0.00488821
7	0.755287	0.00488821
7	0.627184	0.00488821
7	0.546352	0.00488821
7	0.547933	0.00488821
8	nan	0.00455592
8	nan	0.00455592
8	nan	0.00455592
8	nan	0.00455592
8	nan	0.00455592
8	0	0.00455592
8	0	0.00455592
8	0	0.00455592
8	0	0.00455592
8	0	0.00455592
8	0	0.00455592
8	0	0.00455592
8	0	0.00455592
8	0	0.00455592
8	0	0.00455592
8	0	0.00455592
8	0	0.00455592
8	0	0.00455592
8	0	0.00455592
8	0	0.00455592
8	0	0.00455592
8	0	0.00455592
8	0	0.00455592
8	0	0.00455592
8	0	0.00455592
8	0	0.00455592
8	0	0.00455592
8	0	0.00455592
8	0	0.00455592
8	0	0.00455592
8	0	0.00455592
8	0	0.00455592
8	0	0.00455592
8	0	0.00455592
8	0	0.00455592
8	0	0.00455592
8	0	0.00455592
8	0	0.00455592
8	1.66667e-05	0.00455592
8	0.00306452	0.00455592
8	0.0439167	0.00455592
8	0.265066	0.00455592
8	0.921174	0.00455592
8	2.09543	0.00455592
8	3.36491	0.00455592
8	4.26044	0.00455592
8	4.52733	0.00455592
8	4.2457	0.00455592
8	3.43442	0.00455592
8	2.52654	0.00455592
8	1.69888	0.00455592
8	1.05459	0.00455592
8	0.605153	0.00455592
8	0.326866	0.00455592
8	0.165151	0.00455592
8	0.0809042	0.00455592
8	0.0450363	0.00455592
8	0.0394297	0.00455592
8	0.0562836	0.00455592
8	0.0990036	0.00455592
8	0.175961	0.00455592
8	0.281442	0.00455592
8	0.42275	0.00455592
8	0.597792	0.00455592
8	0.752284	0.00455592
8	0.873413	0.00455592
8	0.928374	0.00455592
8	0.878736	0.00455592
8	0.765159	0.00455592
8	0.61172	0.00455592
8	0.442245	0.00455592
8	0.302212	0.00455592
8	0.208173	0.00455592
8	0.180226	0.00455592
8	0.237886	0.00455592
8	0.407991	0.00455592
8	0.712703	0.00455592
8	1.1411	0.00455592
8	1.64762	0.00455592
8	2.14175	0.00455592
8	2.49846	0.00455592
8	2.61572	0.00455592
8	2.46304	0.00455592
8	2.10236	0.00455592
8	1.61304	0.00455592
8	1.14281	0.00455592
8	0.76549	0.00455592
8	0.513188	0.00455592
8	0.409738	0.00455592
8	0.43983	0.00455592
8	0.560423	0.00455592
8	0.726452	0.00455592
8	0.883899	0.00455592
8	0.978241	0.00455592
8	0.988016	0.00455592
8	0.88456	0.00455592
8	0.755178	0.00455592
8	0.628377	0.00455592
8	0.548286	0.00455592
8	0.549617	0.00455592
9	nan	0.00401895
9	nan	0.00401895
9	nan	0.00401895
9	nan	0.00401895
9	nan	0.00401895
9	0	0.00401895
9	0	0.00401895
9	0	0.00401895
9	0	0.00401895
9	0	0.00401895
9	0	0.00401895
9	0	0.00401895
9	0	0.00401895
9	0	0.00401895
9	0	0.00401895
9	0	0.00401895
9	0	0.00401895
9	0	0.00401895
9	0	0.00401895
9	0	0.00401895
9	0	0.00401895
9	0	0.00401895
9	0	0.00401895
9	0	0.00401895
9	0	0.00401895
9	0	0.00401895
9	0	0.00401895
9	0	0.00401895
9	0	0.00401895
9	0	0.00401895
9	0	0.00401895
9	0	0.00401895
9	0	0.00401895
9	0	0.00401895
9	0	0.00401895
9	0	0.00401895
9	0	0.00401895
9	0	0.00401895
9	2.96296e-05	0.00401895
9	0.00292473	0.00401895
9	0.0435084	0.00401895
9	0.265438	0.00401895
9	0.921043	0.00401895
9	2.09526	0.00401895
9	3.36372	0.00401895
9	4.26228	0.00401895
9	4.52693	0.00401895
9	4.2446	0.00401895
9	3.43535	0.00401895
9	2.52661	0.00401895
9	1.70073	0.00401895
9	1.05326	0.00401895
9	0.604428	0.00401895
9	0.326881	0.00401895
9	0.165544	0.00401895
9	0.0809778	0.00401895
9	0.0453226	0.00401895
9	0.0392535	0.00401895
9	0.056325	0.00401895
9	0.0991659	0.00401895
9	0.175728	0.00401895
9	0.281336	0.00401895
9	0.423219	0.00401895
9	0.597385	0.00401895
9	0.752005	0.00401895
9	0.873076	0.00401895
9	0.928933	0.00401895
9	0.879641	0.00401895
9	0.765236	0.00401895
9	0.611496	0.00401895
9	0.441236	0.00401895
9	0.302186	0.00401895
9	0.208262	0.00401895
9	0.18081	0.00401895
9	0.238366	0.00401895
9	0.407117	0.00401895
9	0.713188	0.00401895
9	1.13842	0.00401895
9	1.6464	0.00401895
9	2.14298	0.00401895
9	2.49881	0.00401895
9	2.61697	0.00401895
9	2.46425	0.00401895
9	2.10256	0.00401895
9	1.61361	0.00401895
9	1.14212	0.00401895
9	0.765223	0.00401895
9	0.513323	0.00401895
9	0.409148	0.00401895
9	0.439618	0.00401895
9	0.560553	0.00401895
9	0.725939	0.00401895
9	0.884247	0.00401895
9	0.978185	0.00401895
9	0.988788	0.00401895
9	0.884402	0.00401895
9	0.754689	0.00401895
9	0.628956	0.00401895
9	0.548101	0.00401895
9	0.549707	0.00401895
10	nan	0.0039349
10	nan	0.0039349
10	nan	0.0039349
10	nan	0.0039349
10	nan	0.0039349
10	0	0.0039349
10	0	0.0039349
10	0	0.0039349
10	0	0.0039349
10	0	0.0039349
10	0	0.0039349
10	0	0.0039349
10	0	0.0039349
10	0	0.0039349
10	0	0.0039349
10	0	0.0039349
10	0	0.0039349
10	0	0.0039349
10	0	0.0039349
10	0	0.0039349
10	0	0.0039349
10	0	0.0039349
10	0	0.0039349
10	0	0.0039349
10	0	0.0039349
10	0	0.0039349
10	0	0.0039349
10	0	0.0039349
10	0	0.0039349
10	0	0.0039349
10	0	0.0039349
10	0	0.0039349
10	0	0.0039349
10	0	0.0039349
10	0	0.0039349
10	0	0.0039349
10	0	0.0039349
10	0	0.0039349
10	2.66667e-05	0.0039349
10	0.00298065	0.0039349
10	0.0441758	0.0039349
10	0.266982	0.0039349
10	0.924756	0.0039349
10	2.10143	0.0039349
10	3.36586	0.0039349
10	4.26038	0.0039349
10	4.5196	0.0039349
10	4.23568	0.0039349
10	3.43449	0.0039349
10	2.52314	0.0039349
10	1.69896	0.0039349
10	1.05576	0.0039349
10	0.607074	0.0039349
10	0.328379	0.0039349
10	0.1669	0.0039349
10	0.0820567	0.0039349
10	0.0456839	0.0039349
10	0.0402844	0.0039349
10	0.0572418	0.0039349
10	0.0997275	0.0039349
10	0.176285	0.0039349
10	0.282644	0.0039349
10	0.424442	0.0039349
10	0.596692	0.0039349
10	0.750691	0.0039349
10	0.871318	0.0039349
10	0.926299	0.0039349
10	0.878764	0.0039349
10	0.764101	0.0039349
10	0.612024	0.0039349
10	0.441623	0.0039349
10	0.302967	0.0039349
10	0.209192	0.0039349
10	0.182448	0.0039349
10	0.240742	0.0039349
10	0.410327	0.0039349
10	0.716579	0.0039349
10	1.14005	0.0039349
10	1.64806	0.0039349
10	2.14092	0.0039349
10	2.49355	0.0039349
10	2.60757	0.0039349
10	2.45935	0.0039349
10	2.10039	0.0039349
10	1.61413	0.0039349
10	1.14474	0.0039349
10	0.767095	0.0039349
10	0.516621	0.0039349
10	0.411071	0.0039349
10	0.441808	0.0039349
10	0.561886	0.0039349
10	0.725866	0.0039349
10	0.883598	0.0039349
10	0.977211	0.0039349
10	0.98714	0.0039349
10	0.883997	0.0039349
10	0.754324	0.0039349
10	0.629924	0.0039349
10	0.548858	0.0039349
10	0.551307	0.0039349
