1	-0.7416	-0.7416	0
2	-0.73632	-0.73896	0.00264
3	-0.74328	-0.7404	0.00209685
4	-0.732	-0.7383	0.00257068
5	-0.73496	-0.737632	0.0021003
6	-0.75448	-0.74044	0.00329024
7	-0.74576	-0.7412	0.00288275
8	-0.73488	-0.74041	0.00261855
9	-0.73984	-0.740347	0.00231021
10	-0.74984	-0.741296	0.00227396
11	-0.74648	-0.741767	0.00211017
12	-0.73408	-0.741127	0.00203004
13	-0.7368	-0.740794	0.00189679
14	-0.75032	-0.741474	0.00188331
15	-0.7564	-0.742469	0.00201595
16	-0.746	-0.74269	0.00189862
17	-0.7372	-0.742367	0.00181244
18	-0.74152	-0.74232	0.00170943
19	-0.73904	-0.742147	0.00162615
20	-0.74144	-0.742112	0.00154311
21	-0.74408	-0.742206	0.00147078
22	-0.7288	-0.741596	0.001529
23	-0.73848	-0.741461	0.00146728
24	-0.74464	-0.741593	0.00141104
25	-0.73232	-0.741222	0.00140334
26	-0.75536	-0.741766	0.0014538
27	-0.73968	-0.741689	0.00140105
28	-0.74504	-0.741809	0.00135538
29	-0.7508	-0.742119	0.00134406
30	-0.75224	-0.742456	0.0013416
31	-0.73672	-0.742271	0.00131073
32	-0.73128	-0.741928	0.00131476
33	-0.74944	-0.742155	0.00129447
34	-0.73544	-0.741958	0.00127126
35	-0.7396	-0.74189	0.00123624
36	-0.74672	-0.742024	0.00120888
37	-0.74192	-0.742022	0.00117575
38	-0.74584	-0.742122	0.0011488
39	-0.75416	-0.742431	0.00116075
40	-0.738	-0.74232	0.00113676
41	-0.73968	-0.742256	0.00111056
42	-0.75256	-0.742501	0.00111122
43	-0.74584	-0.742579	0.00108784
44	-0.7452	-0.742638	0.0010645
45	-0.7388	-0.742553	0.00104407
46	-0.7612	-0.742958	0.00109864
47	-0.74408	-0.742982	0.00107527
48	-0.72856	-0.742682	0.00109468
49	-0.73536	-0.742532	0.00108247
50	-0.73784	-0.742438	0.00106474
51	-0.74624	-0.742513	0.00104631
52	-0.7404	-0.742472	0.0010268
53	-0.73376	-0.742308	0.00102056
54	-0.73912	-0.742249	0.00100322
55	-0.74352	-0.742272	0.000985085
56	-0.73856	-0.742206	0.000969603
57	-0.74088	-0.742182	0.000952725
58	-0.72952	-0.741964	0.000961274
59	-0.73528	-0.741851	0.000951608
60	-0.74192	-0.741852	0.000935615
61	-0.75376	-0.742047	0.000940629
62	-0.74992	-0.742174	0.000934005
63	-0.74968	-0.742293	0.00092675
64	-0.73768	-0.742221	0.000914998
65	-0.7408	-0.742199	0.000901076
66	-0.74496	-0.742241	0.000888304
67	-0.73264	-0.742098	0.000886603
68	-0.74032	-0.742072	0.000873859
69	-0.74416	-0.742102	0.000861633
70	-0.73376	-0.741983	0.000857555
71	-0.74536	-0.74203	0.000846728
72	-0.73408	-0.74192	0.000842155
73	-0.72872	-0.741739	0.000849995
74	-0.74656	-0.741804	0.000840957
75	-0.74632	-0.741865	0.00083185
76	-0.75152	-0.741992	0.000830606
77	-0.72776	-0.741807	0.000840325
78	-0.74904	-0.741899	0.000834649
79	-0.7572	-0.742093	0.000846472
80	-0.75008	-0.742193	0.000841765
81	-0.73936	-0.742158	0.000832043
82	-0.74456	-0.742187	0.000822356
83	-0.74832	-0.742261	0.000815741
84	-0.7476	-0.742325	0.000808473
85	-0.75104	-0.742427	0.000805458
86	-0.72504	-0.742225	0.00082131
87	-0.73656	-0.74216	0.000814422
88	-0.73072	-0.74203	0.000815542
89	-0.73896	-0.741996	0.000807064
90	-0.74824	-0.742065	0.000801057
91	-0.74544	-0.742102	0.000793073
92	-0.74256	-0.742107	0.000784421
93	-0.74728	-0.742163	0.000777932
94	-0.75296	-0.742277	0.000778136
95	-0.7484	-0.742342	0.000772594
96	-0.73448	-0.74226	0.000768878
97	-0.75416	-0.742383	0.000770736
98	-0.74136	-0.742372	0.000762903
99	-0.73384	-0.742286	0.000760059
100	-0.73952	-0.742258	0.000752929
