1	0.383449	0.383449	0
2	0.427359	0.405404	0.021955
3	0.416601	0.409136	0.0132138
4	0.411429	0.409709	0.00936114
5	0.400843	0.407936	0.00746475
6	0.376233	0.402652	0.00806646
7	0.362904	0.396974	0.00887247
8	0.423011	0.400228	0.00834465
9	0.386756	0.398731	0.00750998
10	0.382802	0.397138	0.00690344
11	0.429116	0.400045	0.00688792
12	0.405485	0.400499	0.00630411
13	0.439989	0.403537	0.0065464
14	0.404131	0.403579	0.00606094
15	0.403149	0.40355	0.0056425
16	0.394268	0.40297	0.00530986
17	0.450402	0.40576	0.00571509
18	0.423079	0.406722	0.00547347
19	0.383523	0.405501	0.00531942
20	0.366926	0.403573	0.00540247
21	0.384116	0.402646	0.00522163
22	0.44115	0.404396	0.0052773
23	0.374027	0.403076	0.00521264
24	0.375912	0.401944	0.00511745
25	0.382631	0.401172	0.00496891
26	0.412339	0.401601	0.00479326
27	0.382399	0.40089	0.00466682
28	0.438866	0.402246	0.00469714
29	0.4713	0.404627	0.00511971
30	0.465441	0.406654	0.0053454
31	0.362324	0.405224	0.00536421
32	0.467336	0.407165	0.00554471
33	0.373428	0.406143	0.00547044
34	0.365932	0.40496	0.00543729
35	0.469616	0.406808	0.0055935
36	0.387902	0.406283	0.00546122
37	0.417066	0.406574	0.00531956
38	0.382453	0.405939	0.00521644
39	0.417283	0.40623	0.00508924
40	0.356245	0.404981	0.00511537
41	0.414907	0.405223	0.00499491
42	0.341435	0.403704	0.00510565
43	0.388839	0.403358	0.00499747
44	0.367681	0.402547	0.00494944
45	0.470429	0.404056	0.00506792
46	0.41296	0.404249	0.0049603
47	0.431717	0.404834	0.00488867
48	0.333366	0.403345	0.005012
49	0.42003	0.403685	0.00492044
50	0.372178	0.403055	0.00486204
51	0.425626	0.403498	0.00478626
52	0.443784	0.404273	0.00475682
53	0.44188	0.404982	0.00471985
54	0.379321	0.404507	0.00465594
55	0.396354	0.404359	0.00457291
56	0.364604	0.403649	0.00454627
57	0.38948	0.4034	0.00447271
58	0.383083	0.40305	0.00440886
59	0.409693	0.403163	0.00433495
60	0.436803	0.403723	0.00429881
61	0.410388	0.403832	0.00422916
62	0.383746	0.403508	0.00417299
63	0.357111	0.402772	0.00417174
64	0.419457	0.403033	0.0041143
65	0.348996	0.402201	0.00413494
66	0.410023	0.40232	0.00407354
67	0.452509	0.403069	0.00408161
68	0.374272	0.402645	0.00404337
69	0.398453	0.402585	0.0039848
70	0.463939	0.403461	0.00402408
71	0.376021	0.403075	0.00398578
72	0.393875	0.402947	0.00393211
73	0.396515	0.402859	0.00387887
74	0.409767	0.402952	0.00382723
75	0.406279	0.402997	0.00377612
76	0.390897	0.402837	0.0037295
77	0.346149	0.402101	0.00375365
78	0.362298	0.401591	0.00374019
79	0.414411	0.401753	0.00369611
80	0.36009	0.401232	0.00368658
81	0.444498	0.401767	0.00367976
82	0.381315	0.401517	0.00364316
83	0.405387	0.401564	0.0035993
84	0.464102	0.402308	0.00363329
85	0.448568	0.402852	0.0036313
86	0.423773	0.403096	0.00359706
87	0.4032	0.403097	0.00355548
88	0.372693	0.402751	0.00353178
89	0.316323	0.40178	0.00362439
90	0.396304	0.401719	0.00358441
91	0.421696	0.401939	0.0035516
92	0.408229	0.402007	0.00351345
93	0.401624	0.402003	0.00347546
94	0.419775	0.402192	0.00344349
95	0.408664	0.40226	0.00340773
96	0.421221	0.402458	0.00337782
97	0.429474	0.402736	0.0033544
98	0.450673	0.403226	0.00335584
99	0.412175	0.403316	0.003323
100	0.398937	0.403272	0.00328989
