1	6.88236	6.88236	0
2	6.13592	6.50914	0.373219
3	7.83733	6.95187	0.492383
4	7.08846	6.98602	0.349838
5	5.62286	6.71339	0.384396
6	6.80076	6.72795	0.314196
7	7.4675	6.8336	0.285789
8	5.71909	6.69429	0.284016
9	4.92838	6.49807	0.31818
10	6.60259	6.50853	0.284781
11	6.8243	6.53723	0.259189
12	6.40114	6.52589	0.236877
13	6.90674	6.55519	0.219856
14	6.64922	6.5619	0.203658
15	8.11665	6.66555	0.216078
16	5.54903	6.59577	0.213829
17	7.94194	6.67496	0.215904
18	4.94979	6.57912	0.224991
19	6.52678	6.57636	0.212838
20	6.1827	6.55668	0.202873
21	6.79505	6.56803	0.193304
22	6.54423	6.56695	0.184311
23	4.88503	6.49382	0.190694
24	5.69021	6.46034	0.185621
25	6.79779	6.47383	0.178552
26	6.91116	6.49065	0.17237
27	6.74697	6.50015	0.166134
28	8.52899	6.57261	0.175725
29	8.58987	6.64217	0.183272
30	7.17775	6.66002	0.177955
31	5.71749	6.62962	0.174784
32	5.76587	6.60262	0.171373
33	7.41318	6.62719	0.167905
34	6.01448	6.60917	0.163885
35	6.15832	6.59628	0.159654
36	5.54019	6.56695	0.157905
37	5.81752	6.54669	0.154908
38	7.26743	6.56566	0.151965
39	6.27558	6.55822	0.148204
40	5.95352	6.5431	0.14524
41	7.06347	6.5558	0.142221
42	7.79695	6.58535	0.141904
43	6.35909	6.58009	0.138665
44	6.93684	6.58819	0.135719
45	7.7645	6.61433	0.135219
46	9.18842	6.67029	0.143599
47	8.01166	6.69883	0.14338
48	5.5315	6.67451	0.142452
49	5.43528	6.64922	0.141788
50	4.29227	6.60208	0.146703
51	4.92404	6.56918	0.147514
52	6.73356	6.57234	0.144684
53	6.28274	6.56688	0.142033
54	6.48038	6.56528	0.139387
55	5.3683	6.54351	0.138549
56	6.3424	6.53992	0.1361
57	4.77844	6.50902	0.137216
58	7.00465	6.51756	0.1351
59	4.6163	6.48534	0.136645
60	7.31756	6.49921	0.135062
61	7.08762	6.50885	0.13318
62	6.92343	6.51554	0.131184
63	7.73615	6.53492	0.130531
64	4.81775	6.50809	0.131247
65	5.62042	6.49443	0.129932
66	4.47977	6.4639	0.131539
67	5.23886	6.44562	0.130845
68	6.33577	6.444	0.128916
69	6.72884	6.44813	0.127101
70	6.87284	6.4542	0.125419
71	5.91032	6.44654	0.123877
72	5.1184	6.42809	0.12353
73	4.25966	6.39839	0.125395
74	4.94964	6.37881	0.125228
75	7.63002	6.39549	0.124669
76	6.6896	6.39936	0.123078
77	5.34514	6.38567	0.122238
78	5.4464	6.37363	0.121261
79	8.4451	6.39985	0.122554
80	6.18476	6.39716	0.121042
81	4.8829	6.37847	0.120991
82	6.33204	6.3779	0.119508
83	7.21074	6.38794	0.118485
84	7.20518	6.39767	0.11747
85	9.39619	6.43294	0.121321
86	5.60914	6.42336	0.120284
87	6.07832	6.4194	0.11896
88	5.1552	6.40503	0.118474
89	6.18331	6.40254	0.117162
90	6.52549	6.40391	0.115861
91	6.3635	6.40346	0.114582
92	6.18027	6.40104	0.113355
93	6.68571	6.4041	0.112172
94	6.26773	6.40265	0.110981
95	4.97044	6.38757	0.110837
96	6.3123	6.38679	0.109679
97	9.03429	6.41408	0.111922
98	6.05958	6.41046	0.110833
99	6.95741	6.41599	0.109847
100	5.46469	6.40647	0.109158
