1	0.00972	0.00972	0
2	0.01816	0.01394	0.00422
3	-0.09692	-0.0230133	0.0370336
4	-0.10064	-0.04242	0.0325939
5	-0.05072	-0.04408	0.0253016
6	0.09136	-0.0215067	0.0305996
7	-0.0378	-0.0238343	0.0259659
8	-0.16292	-0.04122	0.0284242
9	-0.0526	-0.0424844	0.0250997
10	-0.147	-0.052936	0.0247635
11	0.11148	-0.0379891	0.0269285
12	-0.05428	-0.0393467	0.0246197
13	-0.10092	-0.0440831	0.0231368
14	-0.12836	-0.0501029	0.0222503
15	-0.06316	-0.0509733	0.0207322
16	0.03036	-0.04589	0.0200484
17	0.15776	-0.0339106	0.0223194
18	-0.0596	-0.0353378	0.0210913
19	0.022	-0.03232	0.0201773
20	-0.00312	-0.03086	0.0191975
21	-0.06428	-0.0324514	0.0183297
22	-0.05076	-0.0332836	0.0174964
23	-0.00176	-0.031913	0.0167745
24	-0.0316	-0.0319	0.0160604
25	0.09348	-0.0268848	0.0162004
26	0.14076	-0.0204369	0.0168475
27	0.08992	-0.0163496	0.0167189
28	-0.06548	-0.0181043	0.016206
29	0.12584	-0.0131407	0.016406
30	0.0552	-0.0108627	0.0160126
31	-0.10232	-0.0138129	0.015766
32	-0.07572	-0.0157475	0.0153874
33	0.04576	-0.0138836	0.0150299
34	0.03544	-0.0124329	0.0146531
35	-0.1092	-0.0151977	0.0144944
36	0.13476	-0.0110322	0.014689
37	-0.03924	-0.0117946	0.0143068
38	-0.059	-0.0130368	0.0139806
39	-0.06284	-0.0143138	0.0136771
40	0.03848	-0.012994	0.013396
41	0.14896	-0.0090439	0.0136492
42	-0.08468	-0.0108448	0.0134415
43	0.0498	-0.00943442	0.0132007
44	0.0052	-0.00910182	0.0129015
45	-0.10692	-0.0112756	0.0127975
46	-0.25672	-0.0166113	0.0136061
47	-0.10028	-0.0183915	0.0134319
48	-0.04556	-0.0189575	0.0131613
49	-0.01712	-0.01892	0.01289
50	0.01728	-0.018196	0.0126503
51	0.03624	-0.0171286	0.0124456
52	0.0128	-0.0165531	0.0122175
53	-0.01324	-0.0164906	0.0119849
54	-0.01188	-0.0164052	0.0117612
55	-0.00812	-0.0162545	0.0115463
56	-0.03344	-0.0165614	0.0113424
57	0.0326	-0.0156989	0.011175
58	0.03824	-0.014769	0.01102
59	0.00292	-0.0144692	0.0108357
60	0.059	-0.0132447	0.0107237
61	-0.02444	-0.0134282	0.0105481
62	0.04216	-0.0125316	0.0104152
63	-0.09596	-0.0138559	0.0103337
64	-0.06076	-0.0145887	0.0101974
65	0.02952	-0.0139102	0.0100622
66	-0.04756	-0.01442	0.00992165
67	0.03696	-0.0136531	0.00980248
68	-0.01588	-0.0136859	0.00965731
69	0.05864	-0.0126377	0.00957387
70	0.00936	-0.0123234	0.00944134
71	-0.12636	-0.0139296	0.00944498
72	0.02084	-0.0134467	0.00932539
73	0.04928	-0.0125874	0.00923681
74	0.04208	-0.0118486	0.00914104
75	0.0076	-0.0115893	0.00902206
76	0.03092	-0.01103	0.00892011
77	-0.04828	-0.0115138	0.00881678
78	0.03744	-0.0108862	0.00872562
79	0.04376	-0.0101944	0.00864218
80	-0.03332	-0.0104835	0.00853837
81	0.1112	-0.00898123	0.00856507
82	0.10944	-0.00753707	0.00858235
83	0.00948	-0.00733205	0.0084808
84	0.14464	-0.00552286	0.00857232
85	0.05076	-0.00486071	0.00849671
86	0.02984	-0.00445721	0.00840702
87	-0.04032	-0.00486943	0.00832004
88	0.12592	-0.00338318	0.00835815
89	0.10224	-0.0021964	0.00834849
90	-0.0474	-0.00269867	0.00827047
91	0.05116	-0.00210681	0.00820047
92	-0.15864	-0.00380826	0.00828738
93	-0.19968	-0.00591441	0.00846402
94	-0.05992	-0.00648894	0.00839318
95	0.03948	-0.00600505	0.00831844
96	0.029	-0.00564042	0.00823941
97	0.08436	-0.00471258	0.00820664
98	-0.07696	-0.0054498	0.00815586
99	-0.19192	-0.00733333	0.00828987
100	-0.10048	-0.0082648	0.00825925
