1	5.04233	5.04233	0
2	5.0276	5.03497	0.00736667
3	5.31933	5.12976	0.0948843
4	5.33407	5.18083	0.0843235
5	4.51213	5.04709	0.148838
6	5.18653	5.07033	0.123728
7	4.78593	5.0297	0.112184
8	4.57367	4.9727	0.112643
9	4.12233	4.87821	0.1371
10	4.1696	4.80735	0.141628
11	4.3796	4.76847	0.133879
12	5.83747	4.85755	0.151235
13	5.4644	4.90423	0.146739
14	5.05847	4.91525	0.1363
15	4.75893	4.90483	0.127316
16	4.51493	4.88046	0.121561
17	4.4288	4.85389	0.117236
18	4.3824	4.8277	0.113593
19	4.4792	4.80935	0.109002
20	5.42433	4.8401	0.107884
21	3.9754	4.79893	0.110571
22	5.82253	4.84545	0.115236
23	5.0944	4.85628	0.110642
24	5.43253	4.88029	0.108619
25	3.72773	4.83419	0.113928
26	6.25073	4.88867	0.122268
27	4.69953	4.88166	0.117861
28	4.5442	4.86961	0.114212
29	4.4508	4.85517	0.111145
30	4.76307	4.8521	0.10742
31	5.35007	4.86816	0.105132
32	5.14547	4.87683	0.102162
33	4.21267	4.8567	0.101042
34	4.06887	4.83353	0.100727
35	5.11713	4.84163	0.0981416
36	4.69947	4.83769	0.0954582
37	4.805	4.8368	0.0928466
38	5.2874	4.84866	0.0911449
39	4.566	4.84141	0.0890724
40	4.345	4.829	0.0876996
41	4.23033	4.8144	0.0867712
42	4.49887	4.80689	0.0850126
43	4.98513	4.81103	0.0831155
44	4.26847	4.7987	0.0821355
45	5.1882	4.80736	0.0807547
46	4.7796	4.80675	0.0789819
47	4.85487	4.80778	0.07729
48	5.09347	4.81373	0.0758964
49	3.6344	4.78966	0.0781307
50	4.29233	4.77971	0.0771957
51	4.65613	4.77729	0.0757057
52	5.22873	4.78597	0.0747414
53	4.93113	4.78871	0.0733688
54	4.45327	4.7825	0.0722648
55	5.3034	4.79197	0.0715681
56	4.64313	4.78931	0.0703288
57	5.56873	4.80299	0.0704242
58	4.6922	4.80108	0.0692257
59	5.52553	4.81336	0.0691413
60	4.14647	4.80224	0.0688818
61	4.34547	4.79475	0.0681558
62	6.07427	4.81539	0.0701518
63	4.55087	4.81119	0.0691568
64	4.592	4.80777	0.0681538
65	3.08393	4.78125	0.0721482
66	4.2742	4.77356	0.0714608
67	5.02847	4.77737	0.0704888
68	4.72033	4.77653	0.0694496
69	4.74173	4.77603	0.0684375
70	3.6748	4.76029	0.069263
71	4.49667	4.75658	0.0683814
72	5.18187	4.76249	0.0676832
73	3.9658	4.75157	0.0676359
74	5.0444	4.75553	0.0668329
75	5.0848	4.75992	0.0660817
76	5.4648	4.7692	0.0658627
77	4.59313	4.76691	0.0650419
78	3.70667	4.75332	0.0656258
79	3.84747	4.74185	0.0657966
80	3.78707	4.72991	0.0660561
81	3.90593	4.71974	0.0660238
82	4.77487	4.72041	0.0652172
83	5.06247	4.72454	0.0645583
84	5.5434	4.73428	0.0645258
85	5.16033	4.7393	0.0639588
86	4.44453	4.73587	0.0633036
87	4.68653	4.7353	0.0625743
88	4.6012	4.73378	0.0618779
89	5.61273	4.74365	0.0619707
90	4.2958	4.73868	0.06148
91	5.82893	4.75066	0.0619698
92	4.6174	4.74921	0.0613096
93	4.71787	4.74887	0.0606477
94	5.1892	4.75356	0.0601817
95	4.81827	4.75424	0.0595487
96	4.3786	4.75033	0.0590549
97	3.7964	4.74049	0.0592646
98	4.88047	4.74192	0.0586741
99	4.06373	4.73507	0.058481
100	5.27627	4.74048	0.0581457
