1	0.10316	0.10316	0
2	0.13248	0.11782	0.01466
3	0.13176	0.122467	0.00965557
4	0.1154	0.1207	0.00705238
5	0.08784	0.114128	0.00854593
6	0.08864	0.10988	0.00816909
7	0.013	0.09604	0.0154665
8	0.05444	0.09084	0.0143684
9	0.13372	0.0956044	0.0135378
10	0.0144	0.087484	0.0145794
11	0.08224	0.0870073	0.0131962
12	0.06728	0.0853633	0.0121581
13	0.16512	0.0914985	0.0127561
14	0.11796	0.0933886	0.0119601
15	0.04768	0.0903413	0.0115437
16	0.0536	0.088045	0.0110396
17	-0.01944	0.0817224	0.0121454
18	0.07016	0.08108	0.0114688
19	0.08208	0.0811326	0.0108485
20	0.11796	0.082974	0.0104553
21	0.05124	0.0814629	0.0100591
22	0.15528	0.0848182	0.0101609
23	0.09136	0.0851026	0.00971328
24	0.08592	0.0851367	0.00929982
25	0.01128	0.0821824	0.00939657
26	0.16444	0.0853462	0.00956623
27	-0.00076	0.082157	0.0097419
28	0.08412	0.0822271	0.00938779
29	0.094	0.0826331	0.00906738
30	0.15104	0.0849133	0.00905183
31	0.15948	0.0873187	0.00907939
32	0.04816	0.086095	0.00887584
33	0.12184	0.0871782	0.0086706
34	-0.0034	0.0845141	0.0088235
35	0.13316	0.085904	0.0086797
36	0.09792	0.0862378	0.00844175
37	0.08756	0.0862735	0.00821051
38	0.15148	0.0879895	0.00817367
39	0.08712	0.0879672	0.00796136
40	0.1066	0.088433	0.00777375
41	0.12836	0.0894068	0.00764406
42	0.09028	0.0894276	0.00745987
43	0.08228	0.0892614	0.00728621
44	0.03484	0.0880245	0.00722534
45	0.1014	0.0883218	0.0070692
46	0.08536	0.0882574	0.00691412
47	0.1066	0.0886477	0.00677666
48	0.12696	0.0894458	0.00668182
49	0.052	0.0886816	0.0065885
50	0.13284	0.0895648	0.00651552
51	0.10168	0.0898024	0.00639091
52	0.1526	0.09101	0.0063821
53	0.05956	0.0904166	0.00628858
54	0.157	0.0916496	0.00629301
55	0.16092	0.0929091	0.00630461
56	0.12052	0.0934021	0.00621061
57	0.1086	0.0936688	0.0061065
58	0.069	0.0932434	0.00601535
59	0.00572	0.09176	0.00609577
60	0.12172	0.0922593	0.00601408
61	0.06512	0.0918144	0.00593138
62	0.14152	0.0926161	0.00588974
63	0.09764	0.0926959	0.00579605
64	0.05512	0.0921087	0.0057349
65	0.03644	0.0912523	0.00571057
66	0.08356	0.0911358	0.00562459
67	0.0574	0.0906322	0.00556284
68	0.10868	0.0908976	0.00548684
69	0.02576	0.0899536	0.00548853
70	0.0616	0.0895486	0.0054247
71	0.082	0.0894423	0.00534881
72	0.08312	0.0893544	0.00527473
73	-0.01516	0.0879227	0.00539539
74	0.06584	0.0876243	0.00533034
75	0.10856	0.0879035	0.00526619
76	0.12752	0.0884247	0.00522252
77	0.05572	0.088	0.00517172
78	0.05464	0.0875723	0.00512287
79	0.07728	0.087442	0.00505928
80	-0.0596	0.085604	0.00532304
81	0.0434	0.085083	0.00528267
82	0.06612	0.0848517	0.00522298
83	0.13012	0.0853971	0.00518841
84	0.10228	0.0855981	0.00513021
85	0.13684	0.0862009	0.00510521
86	0.06104	0.0859084	0.00505398
87	0.07184	0.0857467	0.00499816
88	0.1044	0.0859586	0.00494558
89	0.04708	0.0855218	0.00490918
90	0.12084	0.0859142	0.00487016
91	0.19008	0.0870589	0.0049505
92	0.10748	0.0872809	0.00490142
93	0.148	0.0879338	0.0048922
94	0.11736	0.0882468	0.00484998
95	0.05664	0.0879141	0.00481018
96	0.08308	0.0878638	0.00476008
97	0.01648	0.0871278	0.00476788
98	0.04476	0.0866955	0.00473874
99	0.10824	0.0869131	0.00469568
100	0.15872	0.0876312	0.00470362
