1	-0.703263	-0.703263	0
2	-0.69001	-0.696636	0.0066268
3	-0.691435	-0.694903	0.00420048
4	-0.696068	-0.695194	0.00298444
5	-0.684797	-0.693115	0.00310937
6	-0.688493	-0.692344	0.00265308
7	-0.67826	-0.690332	0.00301264
8	-0.682929	-0.689407	0.00276829
9	-0.687234	-0.689165	0.00245331
10	-0.689568	-0.689206	0.00219467
11	-0.686365	-0.688947	0.00200189
12	-0.692466	-0.689241	0.00185083
13	-0.688982	-0.689221	0.00170263
14	-0.692359	-0.689445	0.00159219
15	-0.682234	-0.688964	0.00155827
16	-0.683552	-0.688626	0.00149636
17	-0.682011	-0.688237	0.00145845
18	-0.681963	-0.687888	0.00141852
19	-0.680522	-0.687501	0.00139668
20	-0.692519	-0.687751	0.00134856
21	-0.677585	-0.687267	0.00137105
22	-0.695586	-0.687645	0.00136083
23	-0.684627	-0.687514	0.00130692
24	-0.692438	-0.687719	0.00126799
25	-0.677746	-0.68732	0.00127998
26	-0.694649	-0.687602	0.00126165
27	-0.675185	-0.687142	0.00129822
28	-0.677522	-0.686799	0.00129732
29	-0.67844	-0.686511	0.00128454
30	-0.686781	-0.68652	0.00124101
31	-0.69535	-0.686804	0.00123365
32	-0.683763	-0.686709	0.00119825
33	-0.690197	-0.686815	0.00116617
34	-0.677372	-0.686537	0.00116494
35	-0.680423	-0.686363	0.00114458
36	-0.682038	-0.686243	0.0011188
37	-0.689751	-0.686337	0.00109226
38	-0.68631	-0.686337	0.00106313
39	-0.682302	-0.686233	0.00104067
40	-0.689332	-0.686311	0.00101727
41	-0.676327	-0.686067	0.00102159
42	-0.688526	-0.686126	0.00099869
43	-0.687726	-0.686163	0.000975897
44	-0.682137	-0.686071	0.00095784
45	-0.686188	-0.686074	0.000936317
46	-0.686507	-0.686083	0.000915784
47	-0.688132	-0.686127	0.000897147
48	-0.696859	-0.686351	0.000906271
49	-0.6832	-0.686286	0.000889909
50	-0.687137	-0.686303	0.000872095
51	-0.679074	-0.686162	0.000866499
52	-0.695932	-0.686349	0.000870199
53	-0.688551	-0.686391	0.000854633
54	-0.68274	-0.686323	0.000841378
55	-0.697778	-0.686532	0.000851793
56	-0.69673	-0.686714	0.000856042
57	-0.694892	-0.686857	0.000853042
58	-0.68146	-0.686764	0.000843355
59	-0.681554	-0.686676	0.000833627
60	-0.676354	-0.686504	0.000837474
61	-0.694182	-0.68663	0.000833194
62	-0.69187	-0.686714	0.000823992
63	-0.686513	-0.686711	0.000810814
64	-0.682462	-0.686645	0.000800801
65	-0.676169	-0.686484	0.000804689
66	-0.675991	-0.686325	0.000808193
67	-0.684988	-0.686305	0.000796289
68	-0.680974	-0.686226	0.000788399
69	-0.679395	-0.686127	0.000783171
70	-0.684912	-0.68611	0.000772097
71	-0.68084	-0.686036	0.000764755
72	-0.688942	-0.686076	0.000755139
73	-0.682177	-0.686023	0.000746636
74	-0.689797	-0.686074	0.000738241
75	-0.691771	-0.68615	0.000732282
76	-0.69711	-0.686294	0.000736835
77	-0.693114	-0.686382	0.000732578
78	-0.678693	-0.686284	0.000729814
79	-0.675546	-0.686148	0.000733226
80	-0.690648	-0.686204	0.000726184
81	-0.684228	-0.68618	0.000717578
82	-0.689002	-0.686214	0.000709608
83	-0.686122	-0.686213	0.000701008
84	-0.689326	-0.68625	0.000693602
85	-0.688337	-0.686275	0.000685833
86	-0.685781	-0.686269	0.000677836
87	-0.674797	-0.686137	0.000682852
88	-0.686968	-0.686146	0.000675114
89	-0.688942	-0.686178	0.000668224
90	-0.687617	-0.686194	0.000660951
91	-0.705242	-0.686403	0.000686344
92	-0.67655	-0.686296	0.00068724
93	-0.68864	-0.686321	0.000680277
94	-0.692107	-0.686383	0.00067581
95	-0.680013	-0.686316	0.000672012
96	-0.689262	-0.686346	0.000665683
97	-0.68337	-0.686316	0.000659499
98	-0.687295	-0.686326	0.000652811
99	-0.689045	-0.686353	0.000646767
100	-0.690294	-0.686393	0.000641478
