1	0.425281	0.425281	0
2	0.414628	0.419955	0.00532648
3	0.384473	0.408127	0.0122205
4	0.381031	0.401353	0.0109799
5	0.355421	0.392167	0.0125191
6	0.417491	0.396387	0.0110589
7	0.326152	0.386354	0.0137124
8	0.385893	0.386296	0.0118754
9	0.356744	0.383013	0.0109758
10	0.366233	0.381335	0.00995944
11	0.395235	0.382598	0.00909685
12	0.434755	0.386945	0.00937291
13	0.357509	0.384681	0.0089142
14	0.377991	0.384203	0.00826676
15	0.370493	0.383289	0.00775002
16	0.40228	0.384476	0.00734601
17	0.386211	0.384578	0.00690113
18	0.385665	0.384638	0.00650673
19	0.383453	0.384576	0.00615506
20	0.391464	0.38492	0.00584935
21	0.370478	0.384232	0.00560619
22	0.364831	0.383351	0.00541755
23	0.398861	0.384025	0.00522039
24	0.37143	0.3835	0.00502562
25	0.361035	0.382602	0.00490345
26	0.408575	0.383601	0.00481583
27	0.417024	0.384838	0.00479652
28	0.336262	0.383104	0.00493692
29	0.43399	0.384858	0.00507654
30	0.336133	0.383234	0.00516634
31	0.40738	0.384013	0.00505725
32	0.392526	0.384279	0.00490388
33	0.395558	0.384621	0.00476523
34	0.36273	0.383977	0.00466757
35	0.405188	0.384583	0.00457259
36	0.38556	0.38461	0.00444384
37	0.36922	0.384194	0.00434204
38	0.378198	0.384036	0.00422918
39	0.351409	0.3832	0.0042034
40	0.363958	0.382719	0.00412512
41	0.392297	0.382952	0.00403002
42	0.353642	0.382255	0.00399433
43	0.350394	0.381514	0.00397009
44	0.381402	0.381511	0.00387881
45	0.398191	0.381882	0.00380971
46	0.437212	0.383085	0.00391531
47	0.368887	0.382782	0.00384299
48	0.381882	0.382764	0.00376213
49	0.3767	0.38264	0.00368662
50	0.381529	0.382618	0.00361221
51	0.394327	0.382847	0.00354811
52	0.376125	0.382718	0.00348161
53	0.376909	0.382608	0.00341704
54	0.385882	0.382669	0.00335371
55	0.411238	0.383188	0.0033329
56	0.361415	0.3828	0.00329585
57	0.376289	0.382685	0.00323953
58	0.396059	0.382916	0.00319153
59	0.404242	0.383277	0.00315772
60	0.360245	0.382894	0.00312829
61	0.407887	0.383303	0.00310374
62	0.363266	0.38298	0.00307033
63	0.352702	0.3825	0.00305919
64	0.378036	0.38243	0.00301182
65	0.344598	0.381848	0.0030217
66	0.379773	0.381816	0.00297573
67	0.321479	0.380916	0.00306621
68	0.404341	0.38126	0.00304036
69	0.368643	0.381077	0.00300155
70	0.331449	0.380368	0.00304213
71	0.366061	0.380167	0.00300574
72	0.390195	0.380306	0.00296697
73	0.34698	0.37985	0.00296144
74	0.384989	0.379919	0.00292197
75	0.372439	0.379819	0.00288448
76	0.367149	0.379653	0.00285115
77	0.35735	0.379363	0.00282874
78	0.358967	0.379102	0.00280446
79	0.36306	0.378899	0.00277617
80	0.336179	0.378365	0.00279277
81	0.375326	0.378327	0.00275833
82	0.392124	0.378495	0.00272968
83	0.410595	0.378882	0.00272418
84	0.393197	0.379052	0.00269695
85	0.434071	0.3797	0.00274251
86	0.352308	0.379381	0.00272908
87	0.412102	0.379757	0.00272362
88	0.374097	0.379693	0.00269326
89	0.352686	0.37939	0.00268006
90	0.34432	0.379	0.00267861
91	0.370478	0.378906	0.00265067
92	0.404486	0.379184	0.0026364
93	0.335612	0.378716	0.00264965
94	0.364076	0.37856	0.00262593
95	0.356326	0.378326	0.00260866
96	0.330486	0.377828	0.00262901
97	0.364689	0.377692	0.00260529
98	0.422152	0.378146	0.00261817
99	0.353723	0.377899	0.00260331
100	0.403186	0.378152	0.00258952
