7.42809
7.42621
7.42458
7.42322
7.42212
7.4213
7.42075
7.42049
7.42051
7.42083
7.42145
7.42236
7.42359
7.42512
7.42697
7.42912
7.43159
7.43438
7.43749
7.44092
7.44468
7.44877
7.45318
7.45793
7.463
7.46841
7.47414
7.48021
7.4866
7.49332
7.50037
7.50775
7.51545
7.52348
7.53182
7.54049
7.54948
7.55878
7.56839
7.57831
7.58853
7.59906
7.60988
7.621
7.63241
7.6441
7.65607
7.66831
7.68082
7.69359
7.70662
7.7199
7.73342
7.74719
7.76118
7.77539
7.78983
7.80447
7.81932
7.83437
7.84961
7.86502
7.88061
7.89637
7.91229
7.92836
7.94457
7.96092
7.97739
7.99397
8.01066
8.02744
8.04431
8.06125
8.07826
8.09533
8.11244
8.12959
8.14675
8.16392
8.18109
8.19825
8.21539
8.23248
8.24952
8.2665
8.28341
8.30022
8.31694
8.33353
8.34999
8.3663
8.38244
8.39841
8.41419
8.42976
8.44511
8.46021
8.47506
8.48964
8.50392
8.51791
8.53157
8.54489
8.55786
8.57046
8.58268
8.59449
8.60589
8.61685
8.62737
8.63743
8.64702
8.65613
8.66475
8.67285
8.68044
8.6875
8.69403
8.70001
8.70543
8.7103
8.7146
8.71833
8.72148
8.72405
8.72604
8.72745
8.72827
8.72852
8.72819
8.72729
8.72582
8.72377
8.72116
8.718
8.71429
8.71004
8.70526
8.69996
8.69416
8.68787
8.68109
8.67385
8.66616
8.65802
8.64947
8.64051
8.63116
8.62145
8.61138
8.60097
8.59025
8.57924
8.56795
8.55642
8.54466
8.53268
8.52052
8.5082
8.49574
8.48316
8.47049
8.45775
8.44497
8.43216
8.41936
8.40657
8.39383
8.38116
8.36858
8.35611
8.34378
8.33161
8.31961
8.30782
8.29625
8.28492
8.27386
8.26309
8.25262
8.24248
8.23267
8.22323
8.21417
8.2055
8.19724
8.1894
8.182
8.17506
8.16858
8.16258
8.15707
8.15205
8.14755
8.14355
8.14008
8.13714
8.13473
8.13286
8.13152
8.13073
8.13047
8.13076
8.13159
8.13295
8.13485
8.13728
8.14023
8.1437
8.14767
8.15213
8.15709
8.16253
8.16842
8.17477
8.18156
8.18877
8.19638
8.20439
8.21275
8.22147
8.23052
8.23988
8.24953
8.25944
8.2696
8.27999
8.29056
8.30131
8.31221
8.32323
8.33435
8.34555
8.35679
8.36805
8.3793
8.39052
8.40169
8.41277
8.42374
8.43458
8.44526
8.45576
8.46604
8.4761
8.4859
8.49541
8.50462
8.51351
8.52204
8.53022
8.538
8.54537
8.55232
8.55883
8.56489
8.57047
8.57556
8.58016
8.58425
8.58782
8.59086
8.59337
8.59533
8.59675
8.59762
8.59793
8.59768
8.59688
8.59552
8.59361
8.59114
8.58813
8.58458
8.58049
8.57588
8.57074
8.5651
8.55897
8.55234
8.54525
8.5377
8.52971
8.52128
8.51244
8.50321
8.49359
8.48361
8.47329
8.46265
8.4517
8.44047
8.42898
8.41724
8.40529
8.39313
8.3808
8.36832
8.3557
8.34297
8.33016
8.31728
8.30436
8.29141
8.27846
8.26554
8.25265
8.23984
8.22711
8.21448
8.20198
8.18963
8.17744
8.16542
8.15361
8.14201
8.13064
8.11951
8.10865
8.09806
8.08776
8.07777
8.06808
8.05872
8.0497
8.04102
8.0327
8.02474
8.01716
8.00996
8.00314
7.99671
7.99068
7.98504
7.9798
7.97496
7.97053
7.9665
7.96286
7.95963
7.9568
7.95436
7.9523
7.95064
7.94935
7.94844
7.9479
7.94773
7.94791
7.94843
7.9493
7.9505
7.95203
7.95387
7.95603
7.95848
7.96122
7.96425
7.96754
7.9711
7.9749
7.97895
7.98323
7.98773
7.99243
7.99734
8.00245
8.00774
8.0132
8.01883
8.02461
8.03054
8.0366
8.0428
8.04912
8.05556
8.0621
8.06874
8.07547
8.08229
8.08918
8.09615
8.10319
8.11028
8.11742
8.1246
8.13183
8.13908
8.14637
8.15368
8.161
8.16833
8.17567
8.183
8.19031
8.19761
8.20489
8.21215
8.21937
8.22655
8.23368
8.24077
8.24779
8.25476
8.26165
8.26846
8.27519
8.28184
8.28838
8.29483
8.30116
8.30738
8.31347
8.31944
8.32526
8.33093
8.33646
8.34183
8.34703
8.35207
8.35694
8.36162
8.36613
8.37045
8.37457
8.3785
8.38223
8.38575
8.38906
8.39217
8.39506
8.39774
8.4002
8.40245
8.40447
8.40628
8.40787
8.40924
8.41039
8.41133
8.41205
8.41256
8.41286
8.41295
8.41284
8.41253
8.41203
8.41134
8.41046
8.40941
8.40817
8.40678
8.40521
8.4035
8.40163
8.39962
8.39747
8.3952
8.39281
8.3903
8.38769
8.38499
8.38219
8.37932
8.37636
8.37334
8.37025
8.3671
8.36391
8.36067
8.3574
8.3541
8.35077
8.34742
8.34406
8.34069
8.33732
8.33394
8.33056
8.32719
8.32383
8.32047
8.31713
8.3138
8.31048
8.30719
8.3039
8.30063
8.29738
8.29414
8.29091
8.28769
8.28448
8.28128
8.27809
8.27491
8.27173
8.26855
8.26537
8.26219
8.25899
8.25579
8.25256
8.24931
8.24604
8.24274
8.2394
8.23602
8.2326
8.22912
8.2256
8.22201
8.21835
8.21463
8.21083
8.20695
8.20299
8.19894
8.1948
8.19056
8.18622
8.18176
8.1772
8.17252
8.16772
8.1628
8.15775
8.15257
8.14726
8.14181
8.13623
8.1305
8.12463
8.11861
8.11245
8.10614
8.09969
8.0931
8.08635
8.07947
8.07244
8.06526
8.05795
8.0505
8.04291
8.03518
8.02733
8.01935
8.01124
8.00302
7.99468
7.98624
7.97769
7.96904
7.9603
7.95147
7.94256
7.93358
7.92452
7.91541
7.90625
7.89705
7.88781
7.87854
7.86926
7.85996
7.85067
7.84138
7.83211
7.82287
7.81366
7.8045
7.79539
7.78634
7.77737
7.76848
7.7597
7.75101
7.74245
7.734
7.72569
7.71753
7.70952
7.70167
7.694
7.68651
7.67921
7.67211
7.66521
7.65854
7.65208
7.64586
7.63987
7.63413
7.62865
7.62342
7.61845
7.61376
7.60934
7.6052
7.60134
7.59776
7.59447
7.59147
7.58876
7.58635
7.58424
7.58242
7.58089
7.57967
7.57874
7.57811
7.57777
7.57772
7.57795
7.57846
7.57926
7.58033
7.58167
7.58328
7.58515
7.58728
7.58965
7.59227
7.59513
7.59822
7.60153
7.60506
7.6088
7.61275
7.61689
7.62122
7.62572
7.63041
7.63526
7.64027
7.64543
7.65074
7.65619
7.66177
7.66746
7.67328
7.67921
7.68523
7.69135
7.69756
7.70386
7.71023
7.71668
7.7232
7.72978
7.73643
7.74313
7.74989
7.7567
7.76355
7.77044
7.77737
7.78434
7.79134
7.79837
7.80543
7.81252
7.81964
7.82678
7.83394
7.84113
7.84833
7.85555
7.86278
7.87003
7.87729
7.88456
7.89184
7.89911
7.90638
7.91365
7.92091
7.92816
7.9354
7.9426
7.94979
7.95695
7.96408
7.97117
7.97822
7.98522
7.99217
7.99906
8.00588
8.01262
8.0193
8.02588
8.03237
8.03877
8.04505
8.05123
8.05729
8.06322
8.06902
8.07468
8.0802
8.08556
8.09077
8.09581
8.10067
8.10535
8.10985
8.11416
8.11828
8.12219
8.12591
8.1294
8.13269
8.13576
8.13861
8.14125
8.14364
8.14582
8.14776
8.14949
8.15098
8.15225
8.1533
8.15412
8.15471
8.15508
8.15523
8.15517
8.15489
8.1544
8.15369
8.15279
8.15168
8.15038
8.14889
8.14721
8.14536
8.14333
8.14112
8.13876
8.13624
8.13357
8.13075
8.1278
8.1247
8.12148
8.11813
8.11467
8.1111
8.10742
8.10364
8.09977
8.09581
8.09176
8.08764
8.08343
8.07916
8.07482
8.07041
8.06594
8.06142
8.05684
8.0522
8.04752
8.04279
8.03802
8.03321
8.02835
8.02346
8.01854
8.01358
8.00858
8.00355
7.99849
7.99339
7.98826
7.9831
7.97791
7.97269
7.96744
7.96218
7.95688
7.95155
7.9462
7.94083
7.93544
7.93002
7.9246
7.91917
7.91373
7.90828
7.90284
7.8974
7.89198
7.88657
7.88118
7.87582
7.87049
7.86521
7.85997
7.85479
7.84967
7.84462
7.83966
7.83478
7.82999
7.8253
7.82072
7.81626
7.81193
7.80773
7.80367
7.79975
7.796
7.7924
7.78898
7.78573
7.78266
7.77978
7.77709
7.7746
7.77232
7.77024
7.76837
7.76672
7.76529
7.76408
7.7631
7.76234
7.7618
7.76149
7.76141
7.76154
7.76189
7.76247
7.76327
7.76429
7.76553
7.76697
7.76863
7.77049
7.77254
7.77479
7.77723
7.77986
7.78266
7.78563
7.78878
7.79208
7.79553
7.79913
7.80286
7.80673
7.81072
7.81483
7.81904
7.82336
7.82776
7.83225
7.83681
7.84145
7.84614
7.85089
7.85568
7.8605
7.86536
7.87023
7.87512
7.88002
7.88491
7.88979
7.89466
7.89949
7.90431
7.90908
7.91382
7.91851
7.92315
7.92774
7.93227
7.93673
7.94112
7.94543
7.94966
7.95381
7.95788
7.96186
7.96574
7.96955
7.97326
7.97687
7.98039
7.98382
7.98714
7.99036
7.99348
7.99649
7.99941
8.00222
8.00493
8.00754
8.01005
8.01245
8.01476
8.01697
8.01908
8.02109
8.023
8.02482
8.02655
8.02818
8.02972
8.03117
8.03252
8.03378
8.03496
8.03605
8.03706
8.03799
8.03883
8.0396
8.0403
8.04091
8.04146
8.04195
8.04237
8.04273
8.04304
8.04329
8.04349
8.04364
8.04374
8.0438
8.04383
8.04383
8.04381
8.04377
8.04372
8.04367
8.04362
8.04357
8.04353
8.04352
8.04353
8.04357
8.04365
8.04379
8.04399
8.04426
8.04461
8.04505
8.04558
8.04622
8.04698
8.04787
8.04889
8.05006
8.05138
8.05288
8.05456
8.05643
8.05849
8.06076
8.06325
8.06597
8.06893
8.07213
8.07558
8.07931
8.0833
8.08757
8.09213
8.09699
8.10214
8.1076
8.11337
8.11946
8.12587
8.13259
8.13964
8.14702
8.15471
8.16274
8.17108
8.17975
8.18875
8.19805
8.20767
8.2176
8.22782
8.23834
8.24913
8.26021
8.27155
8.28315
8.295
8.30708
8.31938
8.33188
8.34458
8.35744
8.37047
8.38364
8.39695
8.41036
8.42388
8.43747
8.45112
8.46481
8.47851
8.49222
8.50591
8.51956
8.53315
8.54666
8.56007
8.57337
8.58652
8.59953
8.61236
8.625
8.63743
8.64963
8.66159
8.67329
8.68472
8.69585
8.70668
8.71718
8.72735
8.73717
8.74662
8.7557
8.7644
8.7727
8.7806
8.78809
8.79516
8.8018
8.80801
8.81378
8.81911
8.82398
8.82841
8.83239
8.8359
8.83897
8.84158
8.84373
8.84543
8.84668
8.84749
8.84785
8.84777
8.84725
8.84631
8.84494
8.84315
8.84095
8.83834
8.83535
8.83196
8.82819
8.82405
8.81955
8.81469
8.80948
8.80394
8.79808
8.7919
8.78542
8.77863
8.77157
8.76423
8.75663
8.74878
8.74068
8.73235
8.72381
8.71505
8.70608
8.69691
8.68756
8.67804
8.66834
8.65849
8.64849
8.63835
8.62807
8.61766
8.60713
8.59649
8.58575
8.5749
8.56396
8.55294
8.54184
8.53066
8.51941
8.5081
8.49673
8.4853
8.47383
8.46232
8.45078
8.4392
8.4276
8.41598
8.40435
8.39271
8.38106
8.36941
8.35777
8.34614
8.33452
8.32293
8.31136
8.29982
8.28832
8.27686
8.26545
8.25409
8.2428
8.23157
8.22042
8.20934
8.19834
8.18743
8.17661
8.16588
8.15526
8.14474
8.13433
8.12404
8.11386
8.1038
8.09388
8.08408
8.07441
8.06489
8.0555
8.04625
8.03714
8.02817
8.01935
8.01067
8.00213
7.99373
7.98548
7.97737
7.9694
7.96157
7.95387
7.94631
7.93888
7.93157
7.9244
7.91736
7.91043
7.90362
7.89693
7.89035
7.88387
7.87749
7.8712
7.86501
7.85892
7.85291
7.84699
7.84115
7.83539
7.8297
7.82409
7.81854
7.81307
7.80766
7.80232
7.79705
7.79185
7.78673
7.78167
7.77668
7.77177
7.76692
7.76216
7.75748
7.75289
7.74839
7.74399
7.7397
7.73551
7.73145
7.7275
7.72369
7.72001
7.71647
7.7131
7.70988
7.70684
7.70397
7.7013
7.69883
7.69656
7.69451
7.69268
7.69109
7.68973
7.68862
7.68776
7.68717
7.68686
7.68683
7.68708
7.68764
7.68851
7.68968
7.69117
7.69299
7.69513
7.6976
7.70041
7.70355
7.70703
7.71086
7.71503
7.71955
7.72441
7.72963
7.73519
7.74109
7.74735
7.75395
7.76089
7.76816
7.77578
7.78372
7.79199
7.80059
7.8095
7.81872
7.82825
7.83808
7.84819
7.85859
7.86926
7.8802
7.89139
7.90282
7.91448
7.92638
7.93848
7.95079
7.96328
7.97595
7.98878
8.00177
8.0149
8.02814
8.0415
8.05494
8.06847
8.08206
8.09571
8.10938
8.12308
8.13679
8.15048
8.16415
8.17777
8.19133
8.20481
8.2182
8.23147
8.24461
8.25761
8.27046
8.28313
8.2956
8.30786
8.31988
8.33167
8.34319
8.35445
8.3654
8.37605
8.38638
8.39637
8.40601
8.41529
8.42418
8.4327
8.44081
8.4485
8.45577
8.46261
8.46901
8.47496
8.48046
8.48548
8.49004
8.49413
8.49773
8.50085
8.50349
8.50564
8.50731
8.50849
8.50918
8.50939
8.50912
8.50836
8.50714
8.50545
8.50329
8.50068
8.49762
8.49412
8.4902
8.48585
8.48109
8.47594
8.4704
8.46449
8.45821
8.45159
8.44464
8.43737
8.42979
8.42192
8.41376
8.40535
8.39669
8.38779
8.37868
8.36936
8.35986
8.35018
8.34035
8.33038
8.32028
8.31007
8.29976
8.28937
8.27891
8.26839
8.25783
8.24725
8.23664
8.22603
8.21543
8.20485
8.19429
8.18377
8.17329
8.16288
8.15253
8.14225
8.13206
8.12195
8.11194
8.10203
8.09223
8.08254
8.07297
8.06353
8.05421
8.04501
8.03595
8.02703
8.01824
8.0096
8.0011
7.99274
7.98453
7.97646
7.96855
7.96077
7.95313
7.94565
7.93831
7.93112
7.92408
7.91718
7.91042
7.9038
7.89733
7.89099
7.8848
7.87874
7.87282
7.86704
7.8614
7.85588
7.85051
7.84527
7.84016
7.83518
7.83033
7.82562
7.82104
7.81658
7.81226
7.80806
7.80398
7.80003
7.79621
7.79252
7.78895
7.7855
7.78217
7.77897
7.7759
7.77295
7.77014
7.76744
7.76488
7.76245
7.76014
7.75796
7.75591
7.75399
7.75219
7.75053
7.74899
7.74759
7.74631
7.74517
7.74415
7.74326
7.74249
7.74185
7.74133
7.74094
7.74068
7.74053
7.74051
7.74062
7.74085
7.74119
7.74165
7.74222
7.74291
7.74371
7.74463
7.74565
7.74679
7.74802
7.74936
7.75079
7.75233
7.75395
7.75567
7.75747
7.75936
7.76133
7.76338
7.76551
7.7677
7.76997
7.7723
7.77469
7.77712
7.7796
7.78212
7.78468
7.78726
7.78987
7.7925
7.79514
7.79778
7.80043
7.80307
7.8057
7.80832
7.8109
7.81345
7.81596
7.81842
7.82083
7.82318
7.82546
7.82767
7.8298
7.83184
7.83379
7.83565
7.8374
7.83903
7.84055
7.84194
7.84321
7.84434
7.84534
7.8462
7.84692
7.8475
7.84792
7.84819
7.84831
7.84828
7.84809
7.84774
7.84723
7.84657
7.84575
7.84478
7.84365
7.84236
7.84092
7.83934
7.83761
7.83574
7.83373
7.83159
7.82933
7.82695
7.82446
7.82185
7.81915
7.81635
7.81345
7.81048
7.80744
7.80433
7.80116
7.79794
7.79467
7.79136
7.78803
7.78467
7.78129
7.77789
7.77449
7.7711
7.76771
7.76434
7.761
7.75768
7.75439
7.75114
7.74794
7.74478
7.74168
7.73863
7.73565
7.73272
7.72987
7.7271
7.72441
7.7218
7.71927
7.71683
7.71448
7.71222
7.71006
7.70801
7.70605
7.7042
7.70245
7.7008
7.69926
7.69783
7.69651
7.6953
7.69421
7.69323
7.69236
7.69162
7.691
7.6905
7.69013
7.6899
7.6898
7.68984
7.69003
7.69036
7.69083
7.69146
7.69225
7.6932
7.6943
7.69558
7.69703
7.69865
7.70047
7.70247
7.70467
7.70707
7.70967
7.71248
7.71551
7.71875
7.72223
7.72594
7.72988
7.73406
7.73849
7.74318
7.74812
7.75333
7.7588
7.76455
7.77057
7.77686
7.78344
7.7903
7.79745
7.80488
7.81261
7.82064
7.82896
7.83758
7.8465
7.85572
7.86523
7.87504
7.88514
7.89554
7.90623
7.91721
7.92847
7.94001
7.95183
7.96392
7.97627
7.98888
8.00174
8.01485
8.02819
8.04176
8.05555
8.06955
8.08374
8.09812
8.11268
8.12741
8.14229
8.1573
8.17244
8.18769
8.20305
8.21848
8.23398
8.24954
8.26513
8.28075
8.29637
8.31199
8.32757
8.34312
8.35861
8.37402
8.38933
8.40453
8.41961
8.43453
8.4493
8.46388
8.47827
8.49244
8.50639
8.52009
8.53353
8.5467
8.55957
8.57214
8.58439
8.5963
8.60786
8.61906
8.62988
8.64032
8.65035
8.65997
8.66917
8.67794
8.68626
8.69413
8.70155
8.70849
8.71497
8.72096
8.72647
8.7315
8.73603
8.74007
8.74362
8.74666
8.7492
8.75124
8.75278
8.75382
8.75437
8.75444
8.75401
8.75311
8.75174
8.7499
8.7476
8.74485
8.74165
8.73803
8.73398
8.72952
8.72465
8.71939
8.71375
8.70775
8.70138
8.69468
8.68765
8.68031
8.67267
8.66475
8.65656
8.64812
8.63945
8.63055
8.62145
8.61216
8.6027
8.59308
8.58332
8.57344
8.56345
8.55336
8.5432
8.53298
8.52271
8.5124
8.50207
8.49174
8.48142
8.47112
8.46086
8.45064
8.44049
8.43041
8.42041
8.4105
8.4007
8.39101
8.38144
8.37201
8.36271
8.35356
8.34456
8.33572
8.32705
8.31855
8.31023
8.3021
8.29415
8.28639
8.27883
8.27147
8.2643
8.25733
8.25056
8.244
8.23764
8.23149
8.22555
8.21982
8.2143
8.209
8.20391
8.19903
8.19437
8.18992
8.18568
8.18165
8.17783
8.17423
8.17083
8.16764
8.16466
8.1619
8.15934
8.157
8.15486
8.15294
8.15122
8.14972
8.14843
8.14735
8.14648
8.14583
8.14539
8.14516
8.14516
8.14536
8.14579
8.14643
8.1473
8.1484
8.14972
8.15126
8.15304
8.15503
8.15725
8.1597
8.16238
8.16528
8.16842
8.17177
8.17536
8.17916
8.18318
8.18742
8.19187
8.19652
8.20137
8.20642
8.21165
8.21706
8.22264
8.22838
8.23428
8.24032
8.24648
8.25275
8.25913
8.2656
8.27214
8.27874
8.28538
8.29205
8.29873
8.30539
8.31203
8.31863
8.32516
8.3316
8.33796
8.34419
8.3503
8.35626
8.36205
8.36766
8.37309
8.3783
8.3833
8.38806
8.39259
8.39686
8.40088
8.40464
8.40813
8.41135
8.41429
8.41697
8.41936
8.42149
8.42334
8.42493
8.42627
8.42735
8.42818
8.42878
8.42914
8.42928
8.42922
8.42894
8.42848
8.42783
8.42701
8.42602
8.42487
8.42358
8.42215
8.42059
8.41892
8.41714
8.41525
8.41327
8.4112
8.40904
8.40681
8.40451
8.40214
8.39969
8.39718
8.3946
8.39196
8.38926
8.38649
8.38366
8.38076
8.37779
8.37476
8.37165
8.36847
8.3652
8.36186
8.35843
8.3549
8.35128
8.34755
8.34371
8.33975
8.33568
8.33148
8.32714
8.32267
8.31804
8.31327
8.30834
8.30324
8.29797
8.29253
8.2869
8.28109
8.27509
8.26889
8.26249
8.25588
8.24907
8.24204
8.2348
8.22735
8.21968
8.2118
8.2037
8.19538
8.18684
8.17809
8.16912
8.15994
8.15055
8.14095
8.13116
8.12118
8.11101
8.10067
8.09015
8.07946
8.06863
8.05764
8.04652
8.03528
8.02393
8.01247
8.00092
7.98929
7.9776
7.96585
7.95405
7.94224
7.9304
7.91856
7.90673
7.89493
7.88317
7.87146
7.85981
7.84823
7.83675
7.82537
7.8141
7.80296
7.79196
7.78111
7.77043
7.75991
7.74959
7.73945
7.72953
7.71982
7.71033
7.70107
7.69205
7.68327
7.67475
7.66648
7.65847
7.65073
7.64326
7.63606
7.62914
7.6225
7.61615
7.61007
7.60427
7.59877
7.59355
7.58862
7.58397
7.57961
7.57552
7.57172
7.56819
7.56493
7.56195
7.55922
7.55676
7.55454
7.55258
7.55086
7.54938
7.54813
7.54711
7.54631
7.54573
7.54535
7.54518
7.54519
7.5454
7.54579
7.54636
7.5471
7.548
7.54906
7.55026
7.55161
7.5531
7.55473
7.55649
7.55837
7.56037
7.56249
7.56472
7.56706
7.56949
7.57203
7.57466
7.57738
7.5802
7.5831
7.58609
7.58917
7.59233
7.59558
7.59891
7.60233
7.60583
7.60941
7.61308
7.61684
7.62069
7.62462
7.62863
7.63274
7.63694
7.64124
7.64563
7.65012
7.6547
7.65939
7.66418
7.66908
7.67408
7.67919
7.6844
7.68973
7.69517
7.70071
7.70637
7.71213
7.71801
7.72399
7.73007
7.73626
7.74255
7.74895
7.75545
7.76204
7.76873
7.77552
7.7824
7.78936
7.7964
7.80353
7.81073
7.81799
7.82531
7.8327
7.84014
7.84764
7.85518
7.86276
7.87037
7.87801
7.88569
7.89338
7.90109
7.9088
7.91652
7.92424
7.93195
7.93966
7.94735
7.95503
7.96269
7.97033
7.97794
7.98552
7.99306
8.00057
8.00805
8.01548
8.02287
8.03021
8.03751
8.04475
8.05194
8.05907
8.06614
8.07316
8.08012
8.08701
8.09384
8.1006
8.10728
8.1139
8.12044
8.12691
8.1333
8.13961
8.14583
8.15196
8.15801
8.16396
8.16982
8.17558
8.18124
8.1868
8.19225
8.19759
8.20282
8.20792
8.21291
8.21776
8.22248
8.22707
8.23151
8.23581
8.23996
8.24395
8.2478
8.25148
8.25501
8.25837
8.26156
8.26459
8.26745
8.27013
8.27265
8.27499
8.27716
8.27916
8.28097
8.28261
8.28408
8.28538
8.2865
8.28745
8.28823
8.28883
8.28928
8.28956
8.28968
8.28964
8.28945
8.2891
8.2886
8.28795
8.28716
8.28622
8.28514
8.28392
8.28256
8.28108
8.27947
8.27773
8.27587
8.2739
8.27181
8.26961
8.26729
8.26488
8.26235
8.25972
8.257
8.25418
8.25127
8.24827
8.24519
8.24202
8.23877
8.23544
8.23204
8.22856
8.22501
8.22139
8.2177
8.21395
8.21013
8.20625
8.20231
8.19831
8.19427
8.19017
8.18602
8.18183
8.1776
8.17332
8.169
8.16464
8.16025
8.15581
8.15134
8.14684
8.14231
8.13775
8.13316
8.12855
8.12391
8.11925
8.11457
8.10987
8.10515
8.10042
8.09566
8.0909
8.08612
8.08132
8.07651
8.07169
8.06686
8.06203
8.05719
8.05233
8.04747
8.0426
8.03772
8.03283
8.02795
8.02306
8.01816
8.01327
8.00837
8.00346
7.99856
7.99365
7.98875
7.98384
7.97893
7.97403
7.96913
7.96424
7.95935
7.95447
7.9496
7.94475
7.9399
7.93507
7.93026
7.92547
7.9207
7.91596
7.91124
7.90655
7.90189
7.89727
7.89269
7.88814
7.88363
7.87918
7.87478
7.87043
7.86615
7.86193
7.85777
7.85368
7.84967
7.84573
7.84189
7.83812
7.83445
7.83088
7.82741
7.82404
7.82078
7.81763
7.8146
7.81169
7.8089
7.80625
7.80373
7.80135
7.79911
7.79702
7.79507
7.79328
7.79163
7.79015
7.78882
7.78766
7.78665
7.78581
7.78514
7.78465
7.78432
7.78417
7.7842
7.78441
7.78479
7.78534
7.78608
7.78699
7.78809
7.78937
7.79082
7.79246
7.79428
7.79627
7.79844
7.80079
7.80331
7.80601
7.80889
7.81194
7.81516
7.81855
7.8221
7.82583
7.82972
7.83377
7.83798
7.84234
7.84686
7.85152
7.85633
7.86129
7.86639
7.87163
7.877
7.8825
7.88813
7.89388
7.89975
7.90574
7.91184
7.91804
7.92434
7.93074
7.93723
7.94382
7.95048
7.95723
7.96405
7.97095
7.9779
7.98491
7.99198
7.99911
8.00627
8.01347
8.02071
8.02798
8.03528
8.0426
8.04992
8.05726
8.0646
8.07194
8.07927
8.0866
8.0939
8.10117
8.10841
8.11561
8.12277
8.12989
8.13695
8.14396
8.15091
8.15778
8.16458
8.1713
8.17794
8.1845
8.19095
8.19732
8.20358
8.20974
8.21579
8.22172
8.22754
8.23325
8.23883
8.24428
8.24961
8.25481
8.25988
8.26481
8.26961
8.27428
8.2788
8.28318
8.28741
8.29151
8.29547
8.29929
8.30296
8.3065
8.3099
8.31317
8.3163
8.3193
8.32217
8.32491
8.32753
8.33003
8.33241
8.33467
8.33683
8.33888
8.34083
8.34269
8.34445
8.34612
8.34772
8.34923
8.35068
8.35206
8.35337
8.35463
8.35584
8.35701
8.35812
8.3592
8.36025
8.36127
8.36226
8.36323
8.36419
8.36514
8.36607
8.36701
8.36794
8.36887
8.3698
8.37073
8.37167
8.37263
8.37358
8.37455
8.37553
8.37651
8.37751
8.37852
8.37954
8.38057
8.38161
8.38266
8.3837
8.38476
8.38581
8.38686
8.3879
8.38894
8.38996
8.39097
8.39195
8.39291
8.39384
8.39474
8.3956
8.39642
8.3972
8.39792
8.39859
8.39919
8.39973
8.40019
8.40058
8.40089
8.40111
8.40124
8.40127
8.40121
8.40104
8.40076
8.40037
8.39986
8.39923
8.39847
8.39758
8.39656
8.3954
8.39411
8.39267
8.39108
8.38935
8.38747
8.38543
8.38324
8.3809
8.3784
8.37574
8.37293
8.36995
8.36681
8.36351
8.36005
8.35643
8.35266
8.34872
8.34464
8.34041
8.33603
8.3315
8.32684
8.32205
8.31712
8.31206
8.30689
8.3016
8.2962
8.2907
8.28511
8.27943
8.27368
8.26785
8.26196
8.25601
8.25002
8.24398
8.23792
8.23185
8.22577
8.21969
8.21363
8.20759
8.20158
8.19562
8.18971
8.18386
8.17809
8.1724
8.1668
8.1613
8.15592
8.15065
8.14551
8.1405
8.13564
8.13092
8.12636
8.12196
8.11773
8.11367
8.1098
8.10611
8.1026
8.0993
8.09619
8.09328
8.09057
8.08807
8.08578
8.0837
8.08182
8.08016
8.07871
8.07748
8.07645
8.07563
8.07502
8.07462
8.07443
8.07443
8.07464
8.07503
8.07563
8.0764
8.07737
8.07851
8.07982
8.0813
8.08294
8.08474
8.08669
8.08878
8.09101
8.09337
8.09585
8.09844
8.10114
8.10394
8.10683
8.1098
8.11285
8.11595
8.11912
8.12233
8.12558
8.12885
8.13213
8.13543
8.13872
8.14199
8.14524
8.14846
8.15163
8.15475
8.15781
8.16079
8.16369
8.16651
8.16923
8.17185
8.17435
8.17672
8.17896
8.18106
8.18302
8.18482
8.18647
8.18795
8.18925
8.19038
8.19133
8.19209
8.19266
8.19304
8.19322
8.19319
8.19297
8.19253
8.19189
8.19104
8.18998
8.18871
8.18723
8.18555
8.18367
8.18158
8.17929
8.17681
8.17413
8.17126
8.1682
8.16496
8.16154
8.15794
8.15416
8.15022
8.14612
8.14186
8.13746
8.13291
8.12822
8.1234
8.11845
8.11338
8.1082
8.1029
8.0975
8.092
8.08642
8.08075
8.075
8.06919
8.06331
8.05738
8.05139
8.04536
8.03929
8.03319
8.02705
8.0209
8.01474
8.00856
8.00239
7.99622
7.99006
7.98391
7.97779
7.97168
7.96561
7.95958
7.95359
7.94764
7.94173
7.93589
7.93011
7.9244
7.91875
7.91319
7.90771
7.90231
7.89702
7.89182
7.88672
7.88173
7.87685
7.8721
7.86746
7.86294
7.85855
7.8543
7.85018
7.84621
7.84238
7.8387
7.83518
7.83182
7.82862
7.82559
7.82274
7.82005
7.81755
7.81523
7.81309
7.81115
7.8094
7.80785
7.80649
7.80534
7.8044
7.80366
7.80314
7.80282
7.80273
7.80285
7.80319
7.80376
7.80455
7.80558
7.80683
7.80832
7.81004
7.81199
7.81418
7.81661
7.81928
7.82218
7.82533
7.82871
7.83234
7.83621
7.84032
7.84467
7.84926
7.85409
7.85914
7.86443
7.86995
7.8757
7.88168
7.88789
7.89432
7.90096
7.90781
7.91487
7.92214
7.9296
7.93726
7.9451
7.95312
7.96132
7.96968
7.97819
7.98686
7.99567
8.00461
8.01368
8.02286
8.03214
8.04152
8.05097
8.06049
8.07007
8.0797
8.08936
8.09904
8.10874
8.11843
8.1281
8.13774
8.14733
8.15685
8.16631
8.17568
8.18494
8.19409
8.20311
8.21198
8.22069
8.22922
8.23757
8.24571
8.25363
8.26132
8.26876
8.27594
8.28284
8.28946
8.29577
8.30177
8.30744
8.31277
8.31775
8.32237
8.3266
8.33045
8.3339
8.33694
8.33956
8.34175
8.3435
8.3448
8.34563
8.346
8.3459
8.34531
8.34423
8.34266
8.34059
8.33801
8.33492
8.33131
8.32719
8.32254
8.31737
8.31168
8.30547
8.29874
8.29148
8.2837
8.27539
8.26657
8.25724
8.2474
8.23707
8.22624
8.21492
8.20313
8.19087
8.17816
8.165
8.1514
8.13738
8.12296
8.10813
8.09293
8.07736
8.06144
8.04519
8.02863
8.01178
7.99465
7.97728
7.95969
7.94188
7.92388
7.90573
7.88743
7.86901
7.8505
7.83193
7.81331
7.79467
7.77604
7.75744
7.73889
7.72043
7.70208
7.68385
7.66579
7.64791
7.63024
7.6128
7.59562
7.57872
7.56212
7.54585
7.52993
7.51439
7.49924
7.4845
7.47021
7.45637
7.44302
7.43016
7.41783
7.40602
7.39476
7.38406
7.37394
7.36441
7.35549
7.34718
7.33951
7.33248
7.3261
7.32038
7.31533
7.31096
7.30726
7.30425
7.30193
7.3003
7.29937
7.29913
7.29958
7.30072
7.30256
7.30507
7.30828
7.31216
7.31671
7.32193
7.32781
7.33434
7.34151
7.34931
7.35772
7.36674
7.37635
7.38654
7.39729
7.40859
7.42043
7.43278
7.44564
7.45898
7.47278
7.48703
7.50171
7.5168
7.53228
7.54814
7.56434
7.58088
7.59773
7.61486
7.63226
7.64992
7.6678
7.6859
7.70419
7.72265
7.74127
7.76002
7.77888
7.79783
7.81686
7.83595
7.85509
7.87426
7.89343
7.9126
7.93175
7.95086
7.96991
7.98891
8.00782
8.02664
8.04536
8.06397
8.08245
8.10079
8.11898
8.137
8.15486
8.17253
8.19001
8.2073
8.22437
8.24122
8.25785
8.27423
8.29037
8.30626
8.32188
8.33723
8.3523
8.36707
8.38154
8.39571
8.40955
8.42306
8.43623
8.44905
8.4615
8.47358
8.48528
8.49658
8.50747
8.51795
8.52799
8.53759
8.54674
8.55542
8.56362
8.57134
8.57855
8.58525
8.59143
8.59707
8.60218
8.60675
8.61076
8.61421
8.6171
8.61942
8.62117
8.62235
8.62296
8.62299
8.62245
8.62134
8.61968
8.61745
8.61468
8.61137
8.60752
8.60316
8.59829
8.59293
8.58709
8.5808
8.57406
8.5669
8.55933
8.55138
8.54305
8.53438
8.52539
8.5161
8.50654
8.49672
8.48667
8.47642
8.46598
8.45538
8.44464
8.43379
8.42285
8.41184
8.40078
8.3897
8.37862
8.36756
8.35654
8.34558
8.33471
8.32393
8.31328
8.30276
8.2924
8.28221
8.2722
8.2624
8.25282
8.24346
8.23436
8.22551
8.21694
8.20865
8.20066
8.19297
8.18559
8.17854
8.17182
8.16545
8.15942
8.15374
8.14843
8.14348
8.13892
8.13472
8.13091
8.12747
8.12442
8.12175
8.11946
8.11756
8.11604
8.11491
8.11416
8.11378
8.11378
8.11416
8.11489
8.11599
8.11745
8.11926
8.12141
8.12389
8.12671
8.12984
8.13329
8.13704
8.14108
8.1454
8.14999
8.15484
8.15995
8.16528
8.17083
8.1766
8.18256
8.18871
8.19502
8.20149
8.20811
8.21485
8.22171
8.22867
8.23571
8.24283
8.24999
8.2572
8.26443
8.27167
8.27889
8.28609
8.29326
8.30037
8.30741
8.31437
8.32124
8.328
8.33463
8.34113
8.34747
8.35365
8.35965
8.36546
8.37108
8.37648
8.38166
8.3866
8.3913
8.39574
8.39992
8.40383
8.40746
8.41081
8.41385
8.4166
8.41905
8.42118
8.423
8.42451
8.4257
8.42658
8.42713
8.42736
8.42726
8.42684
8.42609
8.42503
8.42364
8.42194
8.41994
8.41763
8.41502
8.41212
8.40894
8.40547
8.40173
8.39773
8.39348
8.38897
8.38423
8.37926
8.37407
8.36868
8.36308
8.3573
8.35134
8.34522
8.33895
8.33253
8.32599
8.31933
8.31257
8.30571
8.29877
8.29176
8.28469
8.27758
8.27042
8.26325
8.25605
8.24886
8.24168
8.23451
8.22737
8.22028
8.21322
8.20623
8.19931
8.19247
8.18571
8.17905
8.1725
8.16606
8.15974
8.15354
8.14748
8.14157
8.1358
8.13018
8.12472
8.11943
8.1143
8.10934
8.10455
8.09995
8.09553
8.0913
8.08725
8.0834
8.07974
8.07628
8.07301
8.06994
8.06706
8.06437
8.06188
8.05958
8.05747
8.05555
8.05383
8.05229
8.05093
8.04975
8.04875
8.04792
8.04727
8.04677
8.04644
8.04627
8.04625
8.04637
8.04664
8.04704
8.04757
8.04821
8.04897
8.04984
8.05082
8.05189
8.05305
8.0543
8.05563
8.05703
8.05849
8.06002
8.06159
8.06321
8.06486
8.06654
8.06824
8.06996
8.07167
8.07339
8.0751
8.07679
8.07848
8.08014
8.08177
8.08337
8.08493
8.08644
8.08791
8.08931
8.09065
8.09193
8.09313
8.09425
8.0953
8.09626
8.09713
8.09791
8.09859
8.09917
8.09964
8.10001
8.10027
8.10043
8.10048
8.10042
8.10024
8.09996
8.09956
8.09905
8.09843
8.0977
8.09687
8.09594
8.0949
8.09378
8.09256
8.09127
8.08989
8.08843
8.08691
8.08533
8.08369
8.08201
8.08028
8.07852
8.07674
8.07494
8.07315
8.07136
8.06958
8.06784
8.06612
8.06446
8.06285
8.0613
8.05983
8.05845
8.05715
8.05597
8.05489
8.05393
8.05311
8.05241
8.05187
8.05147
8.05124
8.05117
8.05126
8.05153
8.05198
8.05261
8.05342
8.05442
8.0556
8.05697
8.05852
8.06025
8.06217
8.06428
8.06657
8.06903
8.07167
8.07448
8.07746
8.08059
8.08389
8.08734
8.09093
8.09466
8.09852
8.1025
8.1066
8.11081
8.11512
8.11952
8.12401
8.12857
8.1332
8.13789
8.14263
8.1474
8.15221
8.15704
8.16189
8.16674
8.17159
8.17643
8.18124
8.18603
8.19078
8.19549
8.20014
8.20474
8.20926
8.21371
8.21807
8.22235
8.22653
8.23059
8.23455
8.23839
8.2421
8.24567
8.24911
8.25239
8.25552
8.2585
8.2613
8.26393
8.26639
8.26867
8.27076
8.27265
8.27435
8.27585
8.27714
8.27822
8.2791
8.27976
8.2802
8.28041
8.28041
8.28018
8.27973
8.27905
8.27813
8.27699
8.27563
8.27404
8.27223
8.2702
8.26796
8.26551
8.26285
8.25999
8.25694
8.25369
8.25027
8.24667
8.24291
8.23899
8.23493
8.23074
8.22642
8.22199
8.21745
8.21284
8.20814
8.20338
8.19858
8.19374
8.18888
8.18401
8.17915
8.17431
8.1695
8.16474
8.16004
8.15542
8.15089
8.14645
8.14213
8.13793
8.13386
8.12995
8.12619
8.1226
8.11919
8.11596
8.11294
8.11011
8.10749
8.10509
8.1029
8.10094
8.0992
8.09768
8.0964
8.09535
8.09452
8.09391
8.09353
8.09338
8.09343
8.09371
8.09419
8.09487
8.09574
8.0968
8.09804
8.09945
8.10101
8.10273
8.10458
8.10656
8.10867
8.11088
8.11318
8.11556
8.11802
8.12053
8.1231
8.1257
8.12834
8.13098
8.13362
8.13624
8.13885
8.14142
8.14394
8.14641
8.14881
8.15114
8.15338
8.15552
8.15755
8.15947
8.16126
8.16292
8.16443
8.1658
8.16701
8.16805
8.16892
8.16961
8.17012
8.17045
8.17058
8.17051
8.17024
8.16976
8.16908
8.16819
8.16708
8.16575
8.16421
8.16245
8.16046
8.15825
8.15583
8.15318
8.15031
8.14721
8.14389
8.14035
8.13659
8.13261
8.12842
8.12402
8.11941
8.11459
8.10957
8.10435
8.09895
8.09335
8.08757
8.08162
8.07548
8.06918
8.06272
8.05611
8.04935
8.04246
8.03544
8.0283
8.02105
8.01369
8.00625
7.99872
7.99111
7.98344
7.97572
7.96795
7.96015
7.95232
7.94448
7.93664
7.92881
7.92099
7.91321
7.90547
7.89779
7.89017
7.88263
7.87517
7.8678
7.86054
7.8534
7.84639
7.8395
7.83276
7.82618
7.81976
7.81352
7.80745
7.80157
7.79588
7.79038
7.78509
7.78001
7.77516
7.77052
7.76611
7.76194
7.758
7.7543
7.75083
7.74761
7.74462
7.74188
7.73939
7.73714
7.73515
7.73339
7.73188
7.73061
7.72958
7.72878
7.72821
7.72787
7.72776
7.72786
7.72818
7.7287
7.72943
7.73037
7.73149
7.73281
7.73431
7.736
7.73785
7.73987
7.74204
7.74437
7.74684
7.74946
7.7522
7.75507
7.75806
7.76116
7.76437
7.76768
7.77109
7.77459
7.77817
7.78184
7.78558
7.78939
7.79326
7.7972
7.80119
7.80524
7.80933
7.81347
7.81764
7.82185
7.8261
7.83038
7.83469
7.83902
7.84337
7.84775
7.85216
7.85658
7.86102
7.86546
7.86992
7.87438
7.87885
7.88334
7.88784
7.89235
7.89687
7.90139
7.90593
7.91047
7.91503
7.9196
7.92417
7.92876
7.93335
7.93796
7.94258
7.94721
7.95185
7.9565
7.96117
7.96586
7.97056
7.97526
7.97998
7.98472
7.98947
7.99424
7.99903
8.00383
8.00865
8.01348
8.01833
8.0232
8.02808
8.03297
8.03788
8.0428
8.04774
8.05269
8.05766
8.06264
8.06762
8.07262
8.07763
8.08265
8.08768
8.09271
8.09774
8.10278
8.10783
8.11287
8.11791
8.12295
8.12798
8.13301
8.13802
8.14303
8.14802
8.15299
8.15794
8.16287
8.16777
8.17264
8.17747
8.18227
8.18703
8.19174
8.19641
8.20103
8.20559
8.21009
8.21453
8.2189
8.22321
8.22744
8.23159
8.23566
8.23964
8.24353
8.24732
8.25102
8.25461
8.2581
8.26148
8.26475
8.2679
8.27092
8.27382
8.2766
8.27924
8.28175
8.28411
8.28635
8.28844
8.29038
8.29217
8.29382
8.29532
8.29666
8.29786
8.29889
8.29977
8.30048
8.30104
8.30144
8.30168
8.30176
8.30169
8.30146
8.30107
8.30052
8.29982
8.29896
8.29795
8.29679
8.29547
8.29401
8.29241
8.29066
8.28878
8.28675
8.28459
8.2823
8.27989
8.27735
8.27468
8.2719
8.26901
8.266
8.26289
8.25967
8.25635
8.25295
8.24946
8.24589
8.24224
8.23852
8.23473
8.23087
8.22696
8.22301
8.219
8.21495
8.21086
8.20673
8.20258
8.19841
8.19422
8.19001
8.1858
8.18158
8.17737
8.17316
8.16896
8.16476
8.16059
8.15643
8.1523
8.14819
8.14412
8.14009
8.1361
8.13215
8.12824
8.12439
8.12058
8.11683
8.11312
8.10948
8.10589
8.10236
8.09889
8.09548
8.09213
8.08885
8.08564
8.08249
8.0794
8.07639
8.07344
8.07057
8.06776
8.06501
8.06234
8.05974
8.05721
8.05474
8.05234
8.05001
8.04775
8.04555
8.04341
8.04134
8.03934
8.0374
8.03552
8.03371
8.03196
8.03026
8.02863
8.02707
8.02557
8.02413
8.02276
8.02145
8.0202
8.01902
8.01789
8.01684
8.01584
8.0149
8.01403
8.01322
8.01248
8.0118
8.01118
8.01063
8.01014
8.00971
8.00935
8.00904
8.00879
8.0086
8.00847
8.00839
8.00837
8.0084
8.00847
8.0086
8.00876
8.00897
8.00921
8.00948
8.00977
8.01009
8.01043
8.01078
8.01113
8.01148
8.01182
8.01214
8.01244
8.01272
8.01295
8.01314
8.01327
8.01334
8.01335
8.01327
8.01311
8.01285
8.01249
8.01201
8.01142
8.01069
8.00983
8.00883
8.00768
8.00636
8.00489
8.00324
8.00143
7.99943
7.99725
7.99489
7.99234
7.9896
7.98668
7.98357
7.98027
7.97679
7.97312
7.96927
7.96525
7.96107
7.95672
7.95222
7.94757
7.94279
7.93788
7.93285
7.92772
7.92249
7.91719
7.91182
7.90639
7.90092
7.89543
7.88992
7.88442
7.87894
7.8735
7.8681
7.86277
7.85751
7.85235
7.84731
7.84238
7.83759
7.83296
7.82849
7.8242
7.8201
7.81621
7.81254
7.80909
7.80589
7.80294
7.80025
7.79782
7.79566
7.79379
7.7922
7.79091
7.78992
7.78923
7.78885
7.78879
7.78904
7.78962
7.79051
7.79173
7.79327
7.79513
7.79731
7.79981
7.80263
7.80577
7.80922
7.81299
7.81707
7.82145
7.82613
7.83111
7.83638
7.84194
7.84778
7.85389
7.86028
7.86693
7.87384
7.881
7.8884
7.89605
7.90392
7.91202
7.92034
7.92886
7.93759
7.94651
7.95562
7.96491
7.97437
7.98399
7.99377
8.00371
8.01379
8.024
8.03435
8.04482
8.05541
8.06611
8.07692
8.08782
8.09882
8.10991
8.12108
8.13233
8.14366
8.15505
8.1665
8.17801
8.18957
8.20117
8.21282
8.22451
8.23624
8.24799
8.25978
8.27158
8.28341
8.29525
8.3071
8.31896
8.33083
8.3427
8.35457
8.36645
8.37831
8.39017
8.402
8.41382
8.42562
8.43739
8.44913
8.46083
8.4725
8.48413
8.49571
8.50725
8.51873
8.53016
8.54152
8.55282
8.56404
8.57518
8.58625
8.59723
8.60811
8.6189
8.62958
8.64016
8.65063
8.66098
8.6712
8.68129
8.69125
8.70106
8.71073
8.72025
8.7296
8.7388
8.74783
8.75669
8.76536
8.77385
8.78215
8.79026
8.79816
8.80586
8.81335
8.82062
8.82766
8.83447
8.84105
8.84739
8.85349
8.85934
8.86494
8.87029
8.87538
8.88021
8.88477
8.88905
8.89306
8.89679
8.90024
8.9034
8.90627
8.90884
8.91112
8.91309
8.91475
8.91611
8.91717
8.91791
8.91835
8.91847
8.91827
8.91776
8.91693
8.91579
8.91432
8.91254
8.91043
8.90801
8.90527
8.9022
8.89882
8.89512
8.89112
8.8868
8.88217
8.87724
8.87201
8.86648
8.86065
8.85453
8.84812
8.84143
8.83446
8.82723
8.81972
8.81195
8.80393
8.79565
8.78714
8.77838
8.76939
8.76017
8.75074
8.74109
8.73124
8.72118
8.71094
8.7005
8.68989
8.67909
8.66813
8.65701
8.64572
8.63428
8.6227
8.61098
8.59913
8.58715
8.57505
8.56284
8.55051
8.53808
8.52555
8.51292
8.5002
8.48739
8.4745
8.46153
8.4485
8.43539
8.42223
8.409
8.39572
8.38239
8.36902
8.3556
8.34215
8.32866
8.31514
8.3016
8.28803
8.27444
8.26083
8.24721
8.23359
8.21997
8.20635
8.19273
8.17911
8.1655
8.15191
8.13833
8.12477
8.11123
8.09772
8.08424
8.07079
8.05738
8.04402
8.03069
8.01742
8.00419
7.99101
7.97789
7.96483
7.95184
7.9389
7.92604
7.91326
7.90055
7.88792
7.87538
7.86292
7.85056
7.8383
7.82615
7.8141
7.80217
7.79035
7.77866
7.76708
7.75564
7.74434
7.73318
7.72216
7.71131
7.7006
7.69005
7.67968
7.66947
7.65945
7.64961
7.63996
7.63052
7.62128
7.61224
7.60342
7.59482
7.58645
7.5783
7.5704
7.56273
7.55531
7.54815
7.54123
7.53458
7.52818
7.52205
7.51618
7.51059
7.50527
7.50023
7.49547
7.49098
7.48678
7.48286
7.47922
7.47586
7.47277
7.46997
7.46744
7.46518
7.46319
7.46147
7.46001
7.4588
7.45785
7.45715
7.45669
7.45647
7.45648
7.45671
7.45716
7.45783
7.45869
7.45976
7.46101
7.46245
7.46406
7.46583
7.46776
7.46983
7.47205
7.47439
7.47685
7.47942
7.48209
7.48485
7.4877
7.49061
7.49359
7.49663
7.4997
7.50282
7.50596
7.50912
7.51231
7.51549
7.51868
7.52186
7.52503
7.52818
7.53131
7.53442
7.53749
7.54052
7.5435
7.54645
7.54935
7.5522
7.555
7.55775
7.56044
7.56308
7.56566
7.56818
7.57065
7.57306
7.57542
7.57773
7.57997
7.58217
7.58431
7.58639
7.58843
7.59043
7.59237
7.59427
7.59613
7.59795
7.59973
7.60147
7.60318
7.60485
7.6065
7.60811
7.6097
7.61127
7.61281
7.61433
7.61584
7.61733
7.61882
7.62029
7.62175
7.6232
7.62465
7.62609
7.62753
7.62897
7.63041
7.63185
7.6333
7.63476
7.63622
7.6377
7.63919
7.64069
7.64221
7.64374
7.6453
7.64688
7.64848
7.6501
7.65175
7.65343
7.65514
7.65689
7.65868
7.6605
7.66237
7.66429
7.66625
7.66826
7.67032
7.67244
7.67462
7.67686
7.67917
7.68154
7.68397
7.68648
7.68905
7.6917
7.69444
7.69725
7.70014
7.70312
7.70618
7.70933
7.71257
7.71589
7.71931
7.72281
7.72641
7.73009
7.73386
7.73771
7.74165
7.74567
7.74978
7.75397
7.75825
7.76261
7.76704
7.77155
7.77613
7.78078
7.78549
7.79027
7.7951
7.79999
7.80493
7.80992
7.81495
7.82002
7.82513
7.83026
7.83542
7.84059
7.84578
7.85098
7.85618
7.86139
7.86659
7.87178
7.87695
7.88211
7.88725
7.89236
7.89744
7.90249
7.9075
7.91247
7.9174
7.92228
7.9271
7.93187
7.93659
7.94126
7.94586
7.9504
7.95488
7.9593
7.96366
7.96796
7.9722
7.97638
7.9805
7.98455
7.98855
7.99249
7.99638
8.00021
8.00399
8.00772
8.0114
8.01504
8.01864
8.0222
8.02572
8.02922
8.0327
8.03615
8.03959
8.04302
8.04645
8.04987
8.05329
8.05672
8.06016
8.06361
8.06707
8.07056
8.07409
8.07764
8.08122
8.08485
8.08851
8.09223
8.096
8.09982
8.1037
8.10764
8.11165
8.11572
8.11987
8.12408
8.12837
8.13274
8.13718
8.14169
8.14629
8.15096
8.1557
8.16053
8.16543
8.17041
8.17546
8.18058
8.18577
8.19102
8.19633
8.2017
8.20713
8.21261
8.21814
8.22371
8.22932
8.23497
8.24064
8.24634
8.25205
8.25777
8.26349
8.26922
8.27493
8.28062
8.28629
8.29193
8.29753
8.3031
8.30861
8.31407
8.31947
8.32481
8.33007
8.33526
8.34036
8.34537
8.35028
8.35509
8.35978
8.36437
8.36883
8.37318
8.3774
8.38149
8.38544
8.38925
8.39293
8.39646
8.39985
8.40309
8.40619
8.40913
8.41193
8.41457
8.41706
8.41939
8.42156
8.42358
8.42545
8.42717
8.42873
8.43015
8.43142
8.43254
8.43352
8.43436
8.43505
8.43561
8.43602
8.4363
8.43645
8.43647
8.43636
8.43613
8.43577
8.4353
8.43471
8.43399
8.43316
8.43222
8.43118
8.43003
8.42877
8.42741
8.42596
8.42442
8.42278
8.42105
8.41922
8.41731
8.41531
8.41323
8.41106
8.40882
8.40649
8.40408
8.40159
8.39903
8.39639
8.39367
8.39087
8.38799
8.38504
8.38201
8.3789
8.37571
8.37245
8.36911
8.3657
8.3622
8.35862
8.35497
8.35123
8.34742
8.34352
8.33953
8.33546
8.33131
8.32707
8.32275
8.31834
8.31384
8.30925
8.30457
8.29981
8.29495
8.29001
8.28498
8.27987
8.27467
8.26939
8.26403
8.25859
8.25307
8.24748
8.24181
8.23608
8.23027
8.2244
8.21848
8.2125
8.20647
8.2004
8.19428
8.18813
8.18195
8.17574
8.16952
8.16328
8.15703
8.15078
8.14454
8.13832
8.13211
8.12593
8.11978
8.11368
8.10763
8.10162
8.09568
8.0898
8.08399
8.07826
8.07261
8.06705
8.06158
8.05621
8.05095
8.0458
8.04077
8.03585
8.03106
8.02639
8.02185
8.01744
8.01316
8.00902
8.00503
8.00117
7.99746
7.9939
7.99047
7.9872
7.98406
7.98108
7.97824
7.97554
7.97298
7.97057
7.9683
7.96616
7.96417
7.96231
7.96059
7.95899
7.95753
7.9562
7.95499
7.95391
7.95295
7.95211
7.95138
7.95076
7.95025
7.94985
7.94954
7.94933
7.94921
7.94918
7.94924
7.94937
7.94959
7.94988
7.95023
7.95066
7.95114
7.95168
7.95228
7.95292
7.95361
7.95434
7.95511
7.95591
7.95674
7.95759
7.95846
7.95934
7.96023
7.96113
7.96202
7.96291
7.96379
7.96465
7.96549
7.96631
7.96711
7.96787
7.96859
7.96928
7.96992
7.97051
7.97105
7.97154
7.97196
7.97233
7.97263
7.97287
7.97303
7.97312
7.97313
7.97308
7.97294
7.97273
7.97244
7.97207
7.97162
7.97109
7.97048
7.96979
7.96903
7.9682
7.96731
7.96634
7.96531
7.96421
7.96307
7.96187
7.96062
7.95933
7.958
7.95664
7.95525
7.95384
7.95242
7.95099
7.94955
7.94812
7.9467
7.94529
7.94391
7.94257
7.94126
7.94
7.9388
7.93765
7.93657
7.93556
7.93463
7.93379
7.93304
7.93238
7.93184
7.9314
7.93109
7.9309
7.93083
7.9309
7.9311
7.93144
7.93192
7.93254
7.93332
7.93425
7.93533
7.93657
7.93797
7.93953
7.94125
7.94314
7.94519
7.9474
7.94977
7.9523
7.95498
7.95782
7.96081
7.96395
7.96724
7.97067
7.97424
7.97794
7.98178
7.98574
7.98982
7.99402
7.99834
8.00276
8.00727
8.01188
8.01656
8.02133
8.02617
8.03107
8.03603
8.04104
8.04609
8.05119
8.05631
8.06146
8.06663
8.0718
8.07697
8.08213
8.08727
8.09239
8.09748
8.10253
8.10753
8.11248
8.11738
8.1222
8.12696
8.13163
8.13623
8.14073
8.14513
8.14943
8.15363
8.15772
8.16169
8.16555
8.16928
8.17288
8.17635
8.1797
8.18291
8.18599
8.18892
8.19172
8.19438
8.19689
8.19927
8.2015
8.20359
8.20555
8.20736
8.20905
8.2106
8.21202
8.21331
8.21448
8.21553
8.21647
8.21729
8.21801
8.21862
8.21913
8.21954
8.21987
8.22011
8.22028
8.22037
8.2204
8.22036
8.22026
8.22012
8.21992
8.21969
8.21943
8.21913
8.21881
8.21848
8.21813
8.21778
8.21743
8.21708
8.21674
8.21642
8.21611
8.21584
8.21559
8.21538
8.21521
8.21508
8.21499
8.21496
8.21498
8.21506
8.21519
8.21539
8.21565
8.21598
8.21638
8.21685
8.2174
8.21802
8.21872
8.2195
8.22035
8.22129
8.22231
8.22342
8.22461
8.22589
8.22725
8.22869
8.23023
8.23185
8.23355
8.23535
8.23723
8.2392
8.24126
8.2434
8.24563
8.24794
8.25034
8.25283
8.2554
8.25805
8.26078
8.26359
8.26647
8.26944
8.27247
8.27559
8.27878
8.28204
8.28537
8.28878
8.29225
8.29579
8.2994
8.30306
8.30679
8.31057
8.31441
8.3183
8.32225
8.32624
8.33028
8.33437
8.3385
8.34266
8.34686
8.35108
8.35534
8.35963
8.36394
8.36826
8.3726
8.37697
8.38134
8.38572
8.3901
8.39449
8.39887
8.40325
8.40761
8.41194
8.41626
8.42055
8.4248
8.42902
8.43321
8.43735
8.44144
8.44548
8.44946
8.45338
8.45723
8.461
8.46469
8.4683
8.47181
8.47523
8.47854
8.48175
8.48485
8.48783
8.49068
8.4934
8.49598
8.49842
8.50071
8.50284
8.5048
8.5066
8.50822
8.50966
8.5109
8.51195
8.51279
8.51342
8.51384
8.51403
8.514
8.51372
8.51321
8.51244
8.51141
8.51012
8.50856
8.50672
8.50461
8.50221
8.49952
8.49653
8.49324
8.48964
8.48574
8.48152
8.47699
8.47214
8.46696
8.46146
8.45564
8.44949
8.443
8.4362
8.42906
8.4216
8.41381
8.4057
8.39727
8.38851
8.37945
8.37007
8.36039
8.35041
8.34014
8.32957
8.31873
8.30762
8.29624
8.2846
8.27272
8.2606
8.24826
8.2357
8.22294
8.20999
8.19686
8.18356
8.17011
8.15652
8.1428
8.12897
8.11503
8.10101
8.08691
8.07275
8.05856
8.04434
8.0301
8.01587
8.00165
7.98747
7.97334
7.95927
7.94527
7.93137
7.91758
7.9039
7.89037
7.87698
7.86376
7.85071
7.83785
7.8252
7.81276
7.80055
7.78858
7.77686
7.76539
7.7542
7.7433
7.73269
7.72238
7.71239
7.70272
7.69337
7.68436
7.67569
7.66737
7.65941
7.6518
7.64457
7.6377
7.63121
7.6251
7.61937
7.61403
7.60907
7.6045
7.60033
7.59655
7.59315
7.59016
7.58755
7.58534
7.58351
7.58208
7.58104
7.58038
7.5801
7.5802
7.58068
7.58153
7.58275
7.58433
7.58627
7.58858
7.59124
7.59424
7.59758
7.60126
7.60526
7.60959
7.61424
7.61919
7.62445
7.63
7.63584
7.64196
7.64836
7.65502
7.66193
7.66909
7.67648
7.68411
7.69196
7.70002
7.70828
7.71674
7.72537
7.73418
7.74315
7.75226
7.76152
7.7709
7.78039
7.78998
7.79966
7.80941
7.81923
7.8291
7.839
7.84893
7.85886
7.86879
7.8787
7.88858
7.89841
7.90817
7.91785
7.92745
7.93693
7.94629
7.95552
7.9646
7.97351
7.98224
7.99079
7.99913
8.00726
8.01517
8.02284
8.03027
8.03744
8.04435
8.05099
8.05734
8.06342
8.06921
8.0747
8.0799
8.0848
8.08941
8.09372
8.09774
8.10147
8.10492
8.10808
8.11097
8.1136
8.11598
8.11811
8.12002
8.1217
8.12318
8.12447
8.12559
8.12656
8.12738
8.12808
8.12868
8.12919
8.12963
8.13002
8.13038
8.13073
8.13109
8.13148
8.13191
8.13242
8.133
8.1337
8.13451
8.13546
8.13657
8.13785
8.1393
8.14096
8.14283
8.14493
8.14726
8.14984
8.15268
8.15578
8.15916
8.16282
8.16677
8.171
8.17553
8.18036
8.18548
8.1909
8.19662
8.20264
8.20896
8.21558
8.22247
8.22966
8.23712
8.24484
8.25283
8.26106
8.26953
8.27823
8.28714
8.29626
8.30557
8.31506
8.32471
8.33452
8.34445
8.3545
8.36466
8.37489
8.38518
8.39551
8.40586
8.41621
8.42653
8.43681
8.44702
8.45714
8.46714
8.47702
8.48674
8.49627
8.50561
8.51472
8.52359
8.53218
8.54049
8.54848
8.55614
8.56345
8.57038
8.57693
8.58307
8.5888
8.59408
8.59892
8.60328
8.60717
8.61058
8.61349
8.61589
8.61777
8.61914
8.61999
8.62031
8.6201
8.61936
8.61809
8.61629
8.61396
8.6111
8.60773
8.60384
8.59944
8.59453
8.58913
8.58324
8.57687
8.57002
8.56271
8.55494
8.54673
8.53809
8.52902
8.51955
8.50967
8.49941
8.48878
8.47778
8.46643
8.45474
8.44273
8.43041
8.41779
8.40489
8.39173
8.3783
8.36463
8.35073
8.33662
8.32231
8.30781
8.29315
8.27833
8.26337
8.24829
8.23309
8.2178
8.20242
8.18697
8.17147
8.15592
8.14034
8.12474
8.10915
8.09356
8.078
8.06247
8.04699
8.03156
8.01622
8.00095
7.98578
7.97072
7.95578
7.94096
7.92629
7.91176
7.8974
7.8832
7.86918
7.85536
7.84173
7.82832
7.81513
7.80216
7.78944
7.77696
7.76475
7.7528
7.74113
7.72975
7.71867
7.7079
7.69744
7.68731
7.67751
7.66806
7.65896
7.65022
7.64185
7.63386
7.62626
7.61906
7.61226
7.60587
7.59991
7.59438
7.58929
7.58465
7.58047
7.57675
7.5735
7.57073
7.56845
7.56665
7.56536
7.56456
7.56428
7.5645
7.56524
7.5665
7.56828
7.57058
7.57341
7.57676
7.58064
7.58504
7.58996
7.5954
7.60135
7.60782
7.61479
7.62226
7.63022
7.63866
7.64759
7.65698
7.66684
7.67714
7.68788
7.69905
7.71063
7.7226
7.73496
7.7477
7.76078
7.77419
7.78793
7.80196
7.81628
7.83087
7.8457
7.86075
7.87601
7.89146
7.90707
7.92283
7.93871
7.95469
7.97075
7.98687
8.00302
8.0192
8.03538
8.05153
8.06764
8.08369
8.09966
8.11552
8.13126
8.14687
8.16231
8.17758
8.19266
8.20753
8.22218
8.23659
8.25074
8.26463
8.27824
8.29155
8.30457
8.31726
8.32963
8.34167
8.35335
8.36467
8.37563
8.38622
8.39642
8.40623
8.41565
8.42467
8.43329
8.44149
8.44927
8.45663
8.46358
8.47009
8.47618
8.48183
8.48705
8.49183
8.49618
8.50009
8.50356
8.5066
8.50921
8.51138
8.51313
8.51445
8.51534
8.51582
8.51588
8.51553
8.51476
8.5136
8.51205
8.51011
8.5078
8.50512
8.50209
8.49872
8.49501
8.49097
8.48663
8.48198
8.47704
8.47183
8.46635
8.46061
8.45464
8.44844
8.44203
8.43542
8.42863
8.42167
8.41456
8.40731
8.39992
8.39242
8.38482
8.37712
8.36934
8.3615
8.35361
8.34568
8.33771
8.32972
8.32173
8.31372
8.30573
8.29774
8.28977
8.28183
8.27393
8.26606
8.25823
8.25046
8.24274
8.23508
8.22748
8.21994
8.21247
8.20505
8.1977
8.19042
8.1832
8.17603
8.16893
8.16188
8.15488
8.14793
8.14103
8.13417
8.12735
8.12056
8.11379
8.10705
8.10033
8.09362
8.08691
8.08019
8.07348
8.06674
8.05999
8.0532
8.04637
8.03951
8.0326
8.02563
8.0186
8.0115
8.00434
7.99709
7.98976
7.98233
7.97481
7.9672
7.95948
7.95166
7.94374
7.93571
7.92756
7.9193
7.91092
7.90242
7.8938
7.88507
7.87623
7.86728
7.85822
7.84906
7.83979
7.83044
7.82099
7.81146
7.80185
7.79217
7.78242
7.77263
7.76279
7.75291
7.743
7.73308
7.72315
7.71323
7.70332
7.69344
7.68361
7.67384
7.66414
7.65453
7.64502
7.63563
7.62637
7.61725
7.6083
7.59952
7.59092
7.58253
7.57435
7.56641
7.5587
7.55125
7.54407
7.53718
7.53058
7.52429
7.51831
7.51267
7.50737
7.50242
7.49782
7.4936
7.48976
7.4863
7.48324
7.48058
7.47832
7.47648
7.47506
7.47407
7.47351
7.47338
7.47369
7.47443
7.47562
7.47726
7.47934
7.48187
7.48485
7.48828
7.49216
7.49649
7.50127
7.50649
7.51215
7.51827
7.52482
7.53181
7.53923
7.54708
7.55535
7.56405
7.57316
7.58267
7.59258
7.60289
7.61358
7.62466
7.6361
7.64791
7.66006
7.67256
7.68538
7.69853
7.71198
7.72572
7.73974
7.75403
7.76857
7.78336
7.79836
7.81357
7.82898
7.84456
7.8603
7.87618
7.89218
7.90829
7.92449
7.94076
7.95707
7.97342
7.98978
8.00613
8.02247
8.03876
8.05499
8.07115
8.08722
8.10317
8.119
8.13469
8.15021
8.16557
8.18073
8.19569
8.21043
8.22495
8.23922
8.25324
8.26699
8.28047
8.29366
8.30657
8.31918
8.33148
8.34348
8.35516
8.36652
8.37756
8.38827
8.39865
8.4087
8.41843
8.42783
8.43692
8.44568
8.45412
8.46225
8.47007
8.47758
8.48478
8.4917
8.49832
8.50465
8.5107
8.51648
8.52199
8.52724
8.53223
8.53697
8.54145
8.5457
8.5497
8.55346
8.557
8.5603
8.56338
8.56624
8.56888
8.5713
8.5735
8.57548
8.57723
8.57877
8.58008
8.58116
8.58201
8.58262
8.58299
8.58311
8.58297
8.58257
8.5819
8.58094
8.5797
8.57816
8.57632
8.57416
8.57166
8.56884
8.56566
8.56212
8.55822
8.55394
8.54927
8.54421
8.53874
8.53286
8.52657
8.51986
8.51273
8.50516
8.49717
8.48874
8.47989
8.4706
8.46088
8.45074
8.44018
8.42921
8.41783
8.40604
8.39387
8.38132
8.36841
8.35515
8.34156
8.32764
8.31342
8.29892
8.28416
8.26915
8.25391
8.23848
8.22286
8.20709
8.19117
8.17515
8.15903
8.14286
8.12664
8.11041
8.0942
8.07802
8.06189
8.04586
8.02993
8.01413
7.99848
7.98302
7.96775
7.95272
7.93792
7.9234
7.90916
7.89523
7.88164
7.86839
7.8555
7.84299
7.83089
7.8192
7.80794
7.79713
7.78678
7.7769
7.7675
7.75859
7.75018
7.74229
7.73492
7.72807
7.72175
7.71597
7.71073
7.70604
7.7019
7.69831
7.69527
7.69279
7.69086
7.68948
7.68866
7.68838
7.68865
7.68946
7.69082
7.69271
7.69513
7.69806
7.70151
7.70546
7.70991
7.71484
7.72025
7.72613
7.73246
7.73924
7.74646
7.75411
7.76217
7.77064
7.77949
7.78872
7.79831
7.80825
7.81852
7.82911
7.84001
7.85119
7.86266
7.87438
7.88635
7.89855
7.91096
7.92357
7.93635
7.94929
7.96238
7.97559
7.9889
8.0023
8.01578
8.0293
8.04286
8.05644
8.07001
8.08357
8.09708
8.11052
8.12389
8.13717
8.15032
8.16334
8.17621
8.18891
8.20141
8.2137
8.22576
8.23758
8.24913
8.2604
8.27138
8.28204
8.29239
8.30239
8.31203
8.32132
8.33022
8.33874
8.34685
8.35456
8.36186
8.36873
8.37518
8.38119
8.38677
8.39191
8.39662
8.40089
8.40471
8.40811
8.41107
8.4136
8.41571
8.4174
8.41868
8.41956
8.42005
8.42015
8.41988
8.41925
8.41828
8.41697
8.41533
8.41338
8.41112
8.40857
8.40575
8.40268
8.39936
8.39581
8.39205
8.38807
8.38391
8.37956
8.37505
8.37039
8.36559
8.36066
8.35562
8.35048
8.34525
8.33993
8.33454
8.32909
8.32358
8.31803
8.31245
8.30683
8.30119
8.29553
8.28985
8.28416
8.27847
8.27278
8.26708
8.26139
8.25571
8.25005
8.24439
8.23876
8.23314
8.22754
8.22196
8.2164
8.21086
8.20533
8.19982
8.19433
8.18886
8.18341
8.17798
8.17256
8.16716
8.16178
8.15641
8.15106
8.14572
8.14039
8.13507
8.12977
8.12448
8.11921
8.11395
8.10871
8.10349
8.09828
8.0931
8.08793
8.08278
8.07766
8.07256
8.0675
8.06247
8.05747
8.05252
8.04761
8.04275
8.03795
8.0332
8.02851
8.02388
8.01932
8.01483
8.01042
8.00609
8.00184
7.99768
7.99362
7.98967
7.98582
7.98209
7.97848
7.975
7.97166
7.96844
7.96537
7.96245
7.95968
7.95707
7.95461
7.95233
7.95022
7.94829
7.94655
7.945
7.94363
7.94247
7.9415
7.94073
7.94017
7.93982
7.93968
7.93976
7.94005
7.94056
7.9413
7.94226
7.94344
7.94485
7.94648
7.94834
7.95042
7.95272
7.95524
7.95798
7.96094
7.96411
7.96749
7.97108
7.97487
7.97886
7.98303
7.9874
7.99194
7.99665
8.00153
8.00658
8.01177
8.0171
8.02256
8.02815
8.03386
8.03967
8.04558
8.05158
8.05766
8.0638
8.07
8.07625
8.08253
8.08884
8.09516
8.10147
8.10778
8.11406
8.12031
8.12651
8.13265
8.13873
8.14471
8.15061
8.1564
8.16207
8.1676
8.173
8.17824
8.18331
8.18821
8.19292
8.19743
8.20173
8.20581
8.20965
8.21326
8.21662
8.21971
8.22255
8.2251
8.22738
8.22937
8.23106
8.23245
8.23353
8.2343
8.23476
8.23489
8.23469
8.23416
8.23329
8.2321
8.23056
8.22869
8.22649
8.22395
8.22107
8.21787
8.21433
8.21046
8.20627
8.20176
8.19693
8.1918
8.18636
8.18062
8.17459
8.16828
8.1617
8.15485
8.14774
8.14039
8.1328
8.12498
8.11695
8.1087
8.10026
8.09164
8.08285
8.07389
8.06479
8.05554
8.04617
8.03669
8.0271
8.01743
8.00767
7.99786
7.988
7.9781
7.96818
7.95824
7.9483
7.93838
7.92849
7.91863
7.90883
7.8991
7.88945
7.87989
7.87043
7.86109
7.85188
7.84281
7.8339
7.82515
7.81658
7.8082
7.80003
7.79206
7.78432
7.77682
7.76957
7.76257
7.75584
7.74938
7.74321
7.73734
7.73176
7.7265
7.72155
7.71693
7.71263
7.70868
7.70506
7.7018
7.69889
7.69634
7.69415
7.69232
7.69086
7.68976
7.68904
7.68868
7.6887
7.68908
7.68984
7.69097
7.69246
7.69432
7.69653
7.6991
7.70202
7.70528
7.70888
7.71282
7.71708
7.72166
7.72655
7.73175
7.73724
7.74302
7.74907
7.75539
7.76196
7.76877
7.77582
7.78308
7.79054
7.7982
7.80604
7.81405
7.82221
7.83051
7.83893
7.84745
7.85607
7.86477
7.87353
7.88234
7.89118
7.90004
7.9089
7.91775
7.92656
7.93531
7.944
7.95262
7.96113
7.96954
7.97783
7.98597
7.99396
8.00178
8.00942
8.01685
8.02407
8.03106
8.03781
8.0443
8.05053
8.05648
8.06215
8.06752
8.07259
8.07734
8.08177
8.08587
8.08963
8.09306
8.09615
8.09888
8.10127
8.1033
8.10498
8.10632
8.10731
8.10795
8.10825
8.10821
8.10784
8.10715
8.10614
8.10482
8.10321
8.1013
8.09912
8.09668
8.09398
8.09105
8.0879
8.08453
8.08098
8.07725
8.07336
8.06932
8.06516
8.06089
8.05653
8.0521
8.04762
8.04311
8.03857
8.03404
8.02953
8.02506
8.02064
8.01628
8.01202
8.00786
8.00382
7.99991
7.99616
7.99256
7.98914
7.9859
7.98286
7.98003
7.97742
7.97504
7.97288
7.97096
7.96928
7.96785
7.96668
7.96576
7.96509
7.96467
7.96451
7.96459
7.96492
7.96549
7.96629
7.96733
7.96859
7.97007
7.97176
7.97364
7.97571
7.97796
7.98038
7.98295
7.98567
7.98852
7.99148
7.99455
7.9977
8.00093
8.00422
8.00756
8.01093
8.01432
8.01771
8.0211
8.02446
8.02779
8.03107
8.0343
8.03746
8.04054
8.04353
8.04643
8.04922
8.05189
8.05444
8.05686
8.05915
8.0613
8.06331
8.06518
8.0669
8.06847
8.0699
8.07119
8.07232
8.07332
8.07416
8.07486
8.07543
8.07585
8.07613
8.07629
8.07632
8.07622
8.076
8.07567
8.07522
8.07466
8.07401
8.07327
8.07243
8.07152
8.07053
8.06947
8.06835
8.06717
8.06594
8.06466
8.06334
8.06199
8.06061
8.05922
8.05781
8.05639
8.05497
8.05356
8.05217
8.05079
8.04943
8.0481
8.04681
8.04556
8.04435
8.0432
8.0421
8.04106
8.04009
8.0392
8.03839
8.03766
8.03702
8.03647
8.03602
8.03568
8.03544
8.03531
8.03529
8.03539
8.0356
8.03594
8.0364
8.037
8.03772
8.03858
8.03957
8.0407
8.04196
8.04336
8.0449
8.04657
8.04838
8.05032
8.0524
8.05462
8.05696
8.05945
8.06206
8.0648
8.06768
8.07068
8.07381
8.07705
8.08042
8.0839
8.08748
8.09118
8.09497
8.09886
8.10285
8.10692
8.11107
8.11531
8.11961
8.12399
8.12843
8.13292
8.13746
8.14204
8.14665
8.1513
8.15597
8.16066
8.16535
8.17005
8.17474
8.17941
8.18406
8.18868
8.19326
8.1978
8.20229
8.20672
8.21107
8.21536
8.21956
8.22366
8.22766
8.23154
8.2353
8.23893
8.24241
8.24575
8.24893
8.25194
8.25478
8.25744
8.25991
8.26218
8.26426
8.26612
8.26776
8.26917
8.27036
8.2713
8.272
8.27246
8.27265
8.27259
8.27228
8.27169
8.27084
8.26972
8.26832
8.26666
8.26472
8.26251
8.26003
8.25727
8.25424
8.25094
8.24738
8.24356
8.23949
8.23517
8.23061
8.22581
8.22078
8.21554
8.21008
8.20442
8.19856
8.19252
8.18631
8.17994
8.17342
8.16677
8.15999
8.1531
8.14612
8.13904
8.1319
8.12469
8.11744
8.11016
8.10286
8.09555
8.08825
8.08098
8.07375
8.06657
8.05945
8.0524
8.04544
8.03859
8.03185
8.02524
8.01877
8.01245
8.00629
8.00031
7.99452
7.98892
7.98353
7.97835
7.97339
7.96866
7.96417
7.95993
7.95594
7.95222
7.94876
7.94557
7.94267
7.94004
7.93771
7.93567
7.93393
7.93249
7.93135
7.93053
7.93001
7.92982
7.92993
7.93037
7.93113
7.93221
7.93361
7.93533
7.93738
7.93975
7.94244
7.94546
7.9488
7.95245
7.95642
7.96071
7.96531
7.97022
7.97543
7.98094
7.98675
7.99285
7.99923
8.0059
8.01284
8.02004
8.02751
8.03523
8.0432
8.0514
8.05984
8.0685
8.07736
8.08642
8.09568
8.10511
8.11471
8.12447
8.13438
8.14442
8.15458
8.16486
8.17522
8.18567
8.19619
8.20676
8.21737
8.22801
8.23867
8.24932
8.25995
8.27055
8.28111
8.2916
8.30201
8.31233
8.32255
8.33264
8.3426
8.35241
8.36205
8.37151
8.38078
8.38985
8.39869
8.4073
8.41566
8.42377
8.4316
8.43916
8.44642
8.45338
8.46003
8.46635
8.47234
8.47799
8.48329
8.48823
8.49281
8.49702
8.50085
8.50431
8.50738
8.51006
8.51235
8.51425
8.51575
8.51686
8.51757
8.51789
8.51782
8.51735
8.51649
8.51525
8.51363
8.51163
8.50926
8.50653
8.50343
8.49998
8.49618
8.49204
8.48756
8.48276
8.47764
8.4722
8.46646
8.46043
8.4541
8.44749
8.4406
8.43345
8.42604
8.41838
8.41047
8.40233
8.39396
8.38538
8.37658
8.36757
8.35837
8.34897
8.33939
8.32962
8.31968
8.30958
8.2993
8.28886
8.27827
8.26752
8.25663
8.24559
8.23441
8.2231
8.21165
8.20007
8.18837
8.17654
8.1646
8.15254
8.14038
8.12811
8.11575
8.1033
8.09076
8.07814
8.06544
8.05267
8.03983
8.02694
8.014
8.00103
7.98802
7.975
7.96196
7.94891
7.93588
7.92285
7.90985
7.89689
7.88398
7.87112
7.85834
7.84563
7.83302
7.82051
7.80812
7.79586
7.78374
7.77177
7.75997
7.74835
7.73691
7.72568
7.71466
7.70388
7.69334
7.68305
7.67302
7.66326
7.65378
7.6446
7.63572
7.62715
7.6189
7.61099
7.60341
7.59618
7.58931
7.58279
7.57665
7.57088
7.56549
7.56049
7.55588
7.55167
7.54786
7.54445
7.54145
7.53886
7.53669
7.53493
7.53358
7.53265
7.53214
7.53204
7.53236
7.5331
7.53425
7.53581
7.53779
7.54018
7.54297
7.54617
7.54977
7.55376
7.55815
7.56293
7.56809
7.57364
7.57957
7.58587
7.59253
7.59956
7.60695
7.6147
7.62278
7.63122
7.63999
7.64909
7.65852
7.66827
7.67833
7.6887
7.69938
7.71035
7.72162
7.73317
7.745
7.75711
7.76949
7.78213
7.79502
7.80816
7.82155
7.83516
7.84901
7.86308
7.87736
7.89186
7.90655
7.92142
7.93648
7.9517
7.96709
7.98263
7.99832
8.01414
8.03008
8.04613
8.06229
8.07854
8.09486
8.11125
8.1277
8.14418
8.16069
8.17721
8.19372
8.21022
8.22668
8.2431
8.25944
8.27571
8.29188
8.30793
8.32384
8.33961
8.3552
8.3706
8.3858
8.40078
8.4155
8.42997
8.44415
8.45804
8.47161
8.48484
8.49772
8.51024
8.52235
8.53406
8.54535
8.5562
8.56659
8.57651
8.58595
8.59489
8.60331
8.61122
8.6186
8.62543
8.63171
8.63742
8.64258
8.64715
8.65115
8.65456
8.65738
8.65961
8.66125
8.66229
8.66274
8.6626
8.66187
8.66055
8.65865
8.65617
8.65312
8.6495
8.64533
8.64061
8.63535
8.62957
8.62328
8.61648
8.60918
8.60141
8.59316
8.58446
8.57531
8.56574
8.55575
8.54537
8.53461
8.52348
8.51201
8.50021
8.48808
8.47566
8.46295
8.44997
8.43673
8.42326
8.40956
8.39565
8.38156
8.36728
8.35285
8.33827
8.32356
8.30872
8.29379
8.27877
8.26368
8.24853
8.23333
8.2181
8.20286
8.18761
8.17236
8.15713
8.14193
8.12677
8.11168
8.09665
8.08169
8.06683
8.05206
8.0374
8.02286
8.00846
7.99419
7.98008
7.96613
7.95234
7.93874
7.92533
7.91211
7.8991
7.88631
7.87374
7.86139
7.84929
7.83742
7.82582
7.81447
7.8034
7.7926
7.78208
7.77185
7.76191
7.75228
7.74295
7.73393
7.72522
7.71684
7.70878
7.70106
7.69367
7.68663
7.67993
7.67358
7.66759
7.66195
7.65667
7.65176
7.64721
7.64303
7.63923
7.63581
7.63276
7.63009
7.6278
7.6259
7.62438
7.62324
7.6225
7.62214
7.62217
7.62259
7.62339
7.62459
7.62617
7.62813
7.63048
7.63321
7.63632
7.63981
7.64367
7.6479
7.65251
7.65747
7.6628
7.66849
7.67453
7.68092
7.68764
7.6947
7.70209
7.7098
7.71782
7.72615
7.73478
7.74369
7.7529
7.76238
7.77214
7.78215
7.79241
7.80292
7.81365
7.8246
7.83577
7.84714
7.85869
7.87042
7.88232
7.89438
7.90658
7.91892
7.93138
7.94395
7.95663
7.96938
7.98221
7.9951
8.00804
8.02103
8.03404
8.04707
8.0601
8.07313
8.08613
8.0991
8.11202
8.1249
8.13771
8.15045
8.16311
8.17567
8.18813
8.20047
8.21269
8.22478
8.23674
8.24854
8.26019
8.27167
8.28298
8.29412
8.30507
8.31584
8.3264
8.33677
8.34693
8.35688
8.36662
8.37614
8.38543
8.39449
8.40332
8.41191
8.42027
8.42838
8.43626
8.4439
8.45129
8.45844
8.46534
8.47199
8.47838
8.48452
8.4904
8.49602
8.50138
8.50648
8.51132
8.5159
8.52021
8.52425
8.52803
8.53155
8.53479
8.53777
8.54047
8.54291
8.54507
8.54695
8.54856
8.54989
8.55093
8.5517
8.55218
8.55238
8.55228
8.55189
8.55121
8.55024
8.54896
8.54739
8.54552
8.54334
8.54085
8.53806
8.53496
8.53155
8.52783
8.52379
8.51943
8.51476
8.50977
8.50446
8.49883
8.49289
8.48663
8.48006
8.47317
8.46598
8.45848
8.45067
8.44256
8.43415
8.42545
8.41646
8.40719
8.39763
8.38781
8.37772
8.36737
8.35678
8.34595
8.33489
8.32361
8.31212
8.30043
8.28855
8.2765
8.26427
8.2519
8.23939
8.22675
8.214
8.20114
8.1882
8.17519
8.16212
8.14901
8.13588
8.12273
8.10958
8.09646
8.08337
8.07034
8.05736
8.04447
8.03167
8.01899
8.00644
7.99403
7.98177
7.96968
7.95778
7.94609
7.93461
7.92336
7.91235
7.90159
7.8911
7.88089
7.87097
7.86136
7.85206
7.84309
7.83446
7.82618
7.81826
7.8107
7.80352
7.79673
7.79032
7.78432
7.77872
7.77354
7.76877
7.76443
7.76052
7.75704
7.75401
7.75142
7.74928
7.74759
7.74635
7.74558
7.74525
7.74538
7.74597
7.74702
7.74852
7.75047
7.75289
7.75576
7.75908
7.76285
7.76707
7.77174
7.77684
7.78238
7.78836
7.79476
7.80158
7.80881
7.81646
7.8245
7.83295
7.84178
7.851
7.86058
7.87054
7.88085
7.89151
7.9025
7.91383
7.92547
7.93742
7.94968
7.96223
7.97505
7.98815
8.0015
8.01509
8.02892
8.04297
8.05723
8.07169
8.08634
8.10116
8.11615
8.13128
8.14656
8.16196
8.17747
8.19309
8.20878
8.22455
8.24038
8.25625
8.27216
8.28808
8.30401
8.31993
8.33582
8.35167
8.36746
8.38318
8.39883
8.41437
8.4298
8.44511
8.46028
8.47529
8.49013
8.50478
8.51924
8.53348
8.54749
8.56125
8.57477
8.58801
8.60097
8.61363
8.62598
8.638
8.64968
8.66102
8.672
8.6826
8.69283
8.70266
8.71209
8.7211
8.72969
8.73785
8.74557
8.75284
8.75965
8.766
8.77188
8.77728
8.78221
8.78666
8.79062
8.79409
8.79706
8.79954
8.80152
8.803
8.804
8.80449
8.8045
8.80401
8.80303
8.80157
8.79962
8.79719
8.7943
8.79093
8.7871
8.78282
8.77808
8.77291
8.7673
8.76127
8.75482
8.74796
8.74069
8.73304
8.725
8.71659
8.70781
8.69867
8.68918
8.67936
8.66921
8.65874
8.64796
8.63688
8.62552
8.61388
8.60196
8.5898
8.57738
8.56472
8.55183
8.53873
8.52542
8.5119
8.4982
8.48431
8.47026
8.45604
8.44166
8.42715
8.4125
8.39773
8.38284
8.36785
8.35277
8.3376
8.32234
8.30702
8.29165
8.27622
8.26076
8.24527
8.22976
8.21425
8.19874
8.18325
8.16778
8.15234
8.13695
8.12162
8.10636
8.09118
8.07609
8.0611
8.04621
8.03145
8.01682
8.00234
7.98802
7.97387
7.9599
7.94611
7.93253
7.91917
7.90602
7.8931
7.88043
7.86801
7.85586
7.84397
7.83238
7.82107
7.81007
7.79938
7.789
7.77896
7.76924
7.75987
7.75084
7.74217
7.73385
7.7259
7.71831
7.71109
7.70425
7.69777
7.69168
7.68596
7.68061
7.67564
7.67104
7.66682
7.66297
7.65949
7.65637
7.65361
7.6512
7.64915
7.64744
7.64607
7.64502
7.6443
7.6439
7.6438
7.644
7.64449
7.64527
7.64631
7.64762
7.64919
7.65099
7.65302
7.65528
7.65776
7.66044
7.66332
7.66639
7.66963
7.67303
7.67659
7.6803
7.68415
7.68813
7.69223
7.69645
7.70077
7.7052
7.70972
7.71432
7.71901
7.72377
7.7286
7.7335
7.73846
7.74347
7.74853
7.75363
7.75877
7.76394
7.76914
7.77436
7.77961
7.78486
7.79012
7.79538
7.80064
7.80588
7.81111
7.81633
7.82152
7.82668
7.8318
7.83688
7.84191
7.84689
7.8518
7.85664
7.86141
7.8661
7.87069
7.8752
7.8796
7.8839
7.88808
7.89215
7.89609
7.89991
7.9036
7.90715
7.91057
7.91385
7.91699
7.91998
7.92284
7.92554
7.9281
7.93053
7.93282
7.93497
7.93699
7.93889
7.94067
7.94234
7.94389
7.94536
7.94673
7.94802
7.94925
7.9504
7.95151
7.95257
7.95359
7.95459
7.95557
7.95655
7.95752
7.95852
7.95953
7.96058
7.96167
7.96282
7.96401
7.96527
7.9666
7.96801
7.96949
7.97106
7.97271
7.97446
7.9763
7.97824
7.98027
7.98241
7.98465
7.98698
7.98941
7.99194
7.99456
7.99729
8.00011
8.00302
8.00603
8.00912
8.0123
8.01557
8.01893
8.02237
8.0259
8.02951
8.0332
8.03698
8.04085
8.0448
8.04883
8.05295
8.05715
8.06144
8.06582
8.07029
8.07486
8.07951
8.08427
8.08913
8.09409
8.09916
8.10433
8.10962
8.11502
8.12053
8.12617
8.13192
8.1378
8.14381
8.14994
8.1562
8.16259
8.16911
8.17576
8.18254
8.18945
8.19648
8.20364
8.21091
8.21831
8.22582
8.23345
8.24119
8.24902
8.25696
8.265
8.27312
8.28133
8.28961
8.29797
8.30639
8.31488
8.32342
8.33201
8.34064
8.3493
8.35798
8.36668
8.37539
8.3841
8.3928
8.40147
8.41013
8.41875
8.42733
8.43587
8.44435
8.45276
8.4611
8.46936
8.47753
8.4856
8.49357
8.50143
8.50917
8.51678
8.52426
8.5316
8.53879
8.54583
8.5527
8.55941
8.56595
8.57231
8.5785
8.5845
8.59032
8.59595
8.60139
8.60664
8.61169
8.61655
8.6212
8.62565
8.6299
8.63395
8.6378
8.64145
8.64491
8.64817
8.65123
8.65411
8.65679
8.65928
8.66159
8.66372
8.66568
8.66747
8.66908
8.67054
8.67183
8.67298
8.67397
8.67482
8.67553
8.6761
8.67655
8.67687
8.67708
8.67717
8.67716
8.67705
8.67683
8.67651
8.67611
8.67562
8.67504
8.67439
8.67366
8.67286
8.67198
8.67102
8.67
8.66892
8.66776
8.66655
8.66526
8.66391
8.6625
8.66102
8.65948
8.65786
8.65617
8.6544
8.65256
8.65063
8.64862
8.64652
8.64432
8.64202
8.63961
8.63708
8.63444
8.63168
8.62878
8.62574
8.62255
8.61921
8.61571
8.61203
8.60818
8.60413
8.5999
8.59545
8.5908
8.58593
8.58083
8.57549
8.56991
8.56408
8.55799
8.55163
8.545
8.53809
8.5309
8.52341
8.51562
8.50753
8.49914
8.49043
8.48142
8.47208
8.46243
8.45246
8.44218
8.43157
8.42066
8.40943
8.39789
8.38604
8.37389
8.36145
8.34871
8.33569
8.32239
8.30882
8.295
8.28094
8.26664
8.25212
8.23739
8.22246
8.20735
8.19206
8.17663
8.16107
8.1454
8.12962
8.11377
8.09786
8.0819
8.06593
8.04994
8.03397
8.01805
8.00218
7.98639
7.9707
7.95512
7.93969
7.92441
7.90931
7.89441
7.87972
7.86527
7.85107
7.83715
7.82352
7.81019
7.79718
7.78451
7.7722
7.76025
7.74867
7.7375
7.72673
7.71639
7.70647
7.697
7.68798
7.67942
7.67132
7.66371
7.65657
7.64992
7.64377
7.63811
7.63295
7.62828
7.62413
7.62049
7.61735
7.61473
7.61261
7.61099
7.60988
7.60928
7.60917
7.60956
7.61044
7.6118
7.61365
7.61597
7.61876
7.62201
7.62571
7.62985
7.63442
7.63941
7.64482
7.65062
7.65681
7.66338
7.67029
7.67756
7.68516
7.69308
7.7013
7.70981
7.7186
7.72764
7.73692
7.74643
7.75613
7.76603
7.77609
7.78631
7.79666
7.80713
7.8177
7.82835
7.83905
7.84979
7.86055
7.8713
7.88204
7.89273
7.90336
7.91392
7.92437
7.93471
7.94491
7.95496
7.96484
7.97454
7.98403
7.9933
8.00233
8.01112
8.01964
8.02789
8.03584
8.04349
8.05083
8.05784
8.06451
8.07084
8.07681
8.08242
8.08766
8.09253
8.09701
8.10111
8.10482
8.10814
8.11106
8.11359
8.11571
8.11744
8.11877
8.1197
8.12023
8.12037
8.12013
8.11949
8.11848
8.11709
8.11534
8.11322
8.11074
8.10791
8.10473
8.10122
8.09738
8.09322
8.08874
8.08396
8.07889
8.07354
8.06791
8.06202
8.05588
8.0495
8.04289
8.03606
8.02903
8.0218
8.01439
8.00681
7.99908
7.9912
7.98318
7.97505
7.96682
7.95849
7.95009
7.94163
7.93312
7.92457
7.91599
7.90741
7.89883
7.89027
7.88174
7.87326
7.86485
7.85651
7.84826
7.84011
7.83208
7.82418
7.81643
7.80884
7.80142
7.79417
7.78712
7.78027
7.77365
7.76725
7.7611
7.75519
7.74955
7.74417
7.73908
7.73427
7.72976
7.72555
7.72165
7.71807
7.71482
7.71189
7.7093
7.70704
7.70512
7.70355
7.70232
7.70145
7.70092
7.70073
7.7009
7.70141
7.70227
7.70347
7.70502
7.7069
7.70912
7.71167
7.71454
7.71774
7.72124
7.72505
7.72917
7.73359
7.73829
7.74327
7.74852
7.75404
7.7598
7.7658
7.77203
7.77848
7.78514
7.792
7.79906
7.80631
7.81372
7.82129
7.82901
7.83687
7.84485
7.85293
7.86112
7.86939
7.87774
7.88616
7.89463
7.90314
7.91168
7.92024
7.92882
7.93738
7.94594
7.95448
7.96298
7.97145
7.97987
7.98824
7.99653
8.00474
8.01287
8.02091
8.02884
8.03667
8.04439
8.05198
8.05945
8.06679
8.07399
8.08104
8.08794
8.09469
8.10127
8.1077
8.11395
8.12004
8.12594
8.13167
8.13722
8.14258
8.14775
8.15274
8.15753
8.16214
8.16655
8.17077
8.17481
8.17864
8.18229
8.18574
8.18901
8.19207
8.19494
8.19762
8.20011
8.20241
8.20451
8.20643
8.20815
8.20969
8.21103
8.21219
8.21316
8.21396
8.21457
8.21501
8.21527
8.21536
8.21528
8.21503
8.21462
8.21404
8.21331
8.21242
8.21138
8.2102
8.20888
8.20742
8.20582
8.20408
8.20223
8.20026
8.19818
8.19599
8.19371
8.19133
8.18886
8.18631
8.18369
8.181
8.17826
8.17547
8.17264
8.16977
8.16687
8.16396
8.16104
8.15813
8.15522
8.15233
8.14948
8.14666
8.14389
8.14117
8.13852
8.13595
8.13347
8.13109
8.12881
8.12665
8.12462
8.12272
8.12096
8.11935
8.1179
8.11663
8.11553
8.11461
8.11389
8.11336
8.11304
8.11293
8.11304
8.11336
8.11391
8.11469
8.1157
8.11694
8.11843
8.12015
8.12211
8.12431
8.12675
8.12942
8.13234
8.13548
8.13886
8.14246
8.14628
8.15033
8.15458
8.15903
8.16368
8.16852
8.17354
8.17873
8.18408
8.18958
8.19522
8.20098
8.20686
8.21284
8.21891
8.22506
8.23127
8.23753
8.24382
8.25013
8.25644
8.26274
8.26901
8.27524
8.28141
8.2875
8.29351
8.29942
8.3052
8.31085
8.31635
8.32169
8.32685
8.33183
8.3366
8.34116
8.3455
8.3496
8.35346
8.35706
8.36039
8.36345
8.36623
8.36872
8.37092
8.37282
8.37442
8.3757
8.37668
8.37734
8.3777
8.37775
8.37748
8.37691
8.37603
8.37486
8.37339
8.37163
8.36958
8.36726
8.36468
8.36183
8.35873
8.35539
8.35182
8.34804
8.34405
8.33986
8.33549
8.33096
8.32628
8.32146
8.31652
8.31146
8.30631
8.30108
8.29578
8.29043
8.28505
8.27964
8.27424
8.26885
8.26348
8.25815
8.25288
8.24767
8.24255
8.23752
8.2326
8.2278
8.22313
8.21861
8.21424
8.21004
8.20602
8.20219
8.19855
8.19512
8.1919
8.18889
8.18611
8.18355
8.18124
8.17916
8.17733
8.17574
8.1744
8.1733
8.17245
8.17185
8.1715
8.17138
8.17152
8.17189
8.17249
8.17333
8.1744
8.17569
8.17719
8.1789
8.18081
8.18292
8.18522
8.18769
8.19033
8.19313
8.19607
8.19916
8.20237
8.2057
8.20915
8.21269
8.21631
8.22
8.22376
8.22757
8.23141
8.23528
8.23917
8.24306
8.24695
8.25082
8.25466
8.25847
8.26223
8.26594
8.26957
8.27314
8.27661
8.28
8.28328
8.28645
8.28952
8.29246
8.29527
8.29794
8.30048
8.30288
8.30512
8.30722
8.30916
8.31095
8.31258
8.31404
8.31535
8.31649
8.31748
8.31831
8.31898
8.3195
8.31986
8.32008
8.32014
8.32006
8.31984
8.31948
8.31898
8.31836
8.3176
8.31673
8.31573
8.31462
8.3134
8.31208
8.31066
8.30916
8.30756
8.30589
8.30415
8.30234
8.30046
8.29852
8.29653
8.2945
8.29242
8.2903
8.28814
8.28595
8.28374
8.2815
8.27924
8.27697
8.27469
8.2724
8.2701
8.2678
8.2655
8.2632
8.26089
8.25859
8.25629
8.25399
8.25169
8.24939
8.2471
8.2448
8.2425
8.24019
8.23789
8.23558
8.23326
8.23093
8.22859
8.22623
8.22386
8.22146
8.21904
8.21659
8.21411
8.21161
8.20906
8.20648
8.20386
8.2012
8.19849
8.19573
8.19292
8.19005
8.18712
8.18413
8.18109
8.17797
8.17479
8.17152
8.16819
8.16478
8.1613
8.15776
8.15414
8.15045
8.14669
8.14287
8.13898
8.13504
8.13104
8.12698
8.12287
8.11872
8.11451
8.11027
8.106
8.1017
8.09739
8.09307
8.08874
8.08442
8.08012
8.07583
8.07159
8.06738
8.06322
8.05912
8.0551
8.05115
8.0473
8.04356
8.03992
8.03642
8.03305
8.02982
8.02676
8.02386
8.02114
8.01861
8.01627
8.01414
8.01223
8.01053
8.00908
8.00785
8.00688
8.00615
8.00568
8.00548
8.00554
8.00588
8.00649
8.00737
8.00854
8.00999
8.01172
8.01372
8.01601
8.01856
8.02138
8.02447
8.02782
8.03143
8.03528
8.03937
8.04369
8.04823
8.05299
8.05795
8.0631
8.06843
8.07392
8.07957
8.08535
8.09126
8.09728
8.10339
8.10958
8.11582
8.12212
8.12845
8.13479
8.14113
8.14745
8.15373
8.15995
8.16611
8.17217
8.17813
8.18397
8.18968
8.19522
8.2006
8.20579
8.21078
8.21556
8.22013
8.22446
8.22854
8.23236
8.23591
8.23917
8.24215
8.24483
8.2472
8.24927
8.25102
8.25244
8.25354
8.25431
8.25475
8.25485
8.25461
8.25404
8.25312
8.25187
8.25028
8.24837
8.24612
8.24355
8.24066
8.23745
8.23392
8.23009
8.22596
8.22153
8.21681
8.21182
8.20654
8.201
8.1952
8.18915
8.18286
8.17632
8.16956
8.16258
8.1554
8.14801
8.14043
8.13267
8.12473
8.11663
8.10837
8.09998
8.09144
8.08277
8.07399
8.06509
8.05609
8.047
8.03783
8.02858
8.01926
8.00988
8.00044
7.99096
7.98144
7.97189
7.96232
7.95273
7.94313
7.93354
7.92395
7.91439
7.90484
7.89532
7.88585
7.87641
7.86703
7.85771
7.84845
7.83926
7.83015
7.82112
7.81218
7.80334
7.79461
7.78598
7.77747
7.76908
7.76082
7.75269
7.7447
7.73685
7.72915
7.7216
7.71421
7.70698
7.69993
7.69305
7.68635
7.67984
7.67352
7.6674
7.66148
7.65576
7.65025
7.64494
7.63986
7.63498
7.63033
7.6259
7.6217
7.61773
7.614
7.61051
7.60726
7.60425
7.60148
7.59896
7.59669
7.59466
7.59289
7.59137
7.59011
7.5891
7.58835
7.58786
7.58763
7.58766
7.58796
7.58852
7.58934
7.59042
7.59177
7.59337
7.59524
7.59738
7.59978
7.60245
7.60538
7.60858
7.61204
7.61577
7.61976
7.62402
7.62854
7.63333
7.63839
7.64371
7.6493
7.65514
7.66125
7.66763
7.67426
7.68115
7.6883
7.6957
7.70337
7.71129
7.71947
7.7279
7.73659
7.74553
7.75471
7.76414
7.77381
7.78373
7.79388
7.80427
7.81489
7.82573
7.83679
7.84807
7.85956
7.87125
7.88314
7.89522
7.90749
7.91993
7.93254
7.94532
7.95825
7.97133
7.98454
7.99788
8.01134
8.02491
8.03858
8.05233
8.06615
8.08004
8.09398
8.10796
8.12196
8.13598
8.14999
8.16399
8.17796
8.19189
8.20577
8.21958
8.23331
8.24694
8.26046
8.27386
8.28713
8.30023
8.31317
8.32593
8.33849
8.35084
8.36296
8.37485
8.38649
8.39786
8.40896
8.41976
8.43027
8.44046
8.45033
8.45987
8.46905
8.47788
8.48635
8.49443
8.50213
8.50944
8.51634
8.52284
8.52893
8.5346
8.53984
8.54464
8.54902
8.55295
8.55644
8.55949
8.5621
8.56425
8.56596
8.56722
8.56804
8.56841
8.56834
8.56784
8.5669
8.56553
8.56373
8.56151
8.55887
8.55583
8.55238
8.54853
8.54429
8.53968
8.53469
8.52934
8.52363
8.51757
8.51119
8.50448
8.49746
8.49015
8.48254
8.47466
8.46651
8.45812
8.44948
8.44062
8.43155
8.42227
8.41281
8.40318
8.3934
8.38347
8.37342
8.36324
8.35297
8.34261
8.33218
8.32169
8.31116
8.3006
8.29002
8.27944
8.26887
8.25833
8.24783
8.23738
8.227
8.21669
8.20648
8.19637
8.18637
8.17651
8.16677
8.15719
8.14776
8.1385
8.12942
8.12052
8.11182
8.10332
8.09502
8.08695
8.0791
8.07148
8.0641
8.05696
8.05007
8.04343
8.03705
8.03093
8.02507
8.01947
8.01415
8.0091
8.00432
7.99982
7.99559
7.99163
7.98794
7.98453
7.98138
7.97851
7.9759
7.97356
7.97149
7.96968
7.96813
7.96684
7.9658
7.96502
7.96447
7.96417
7.96411
7.96429
7.96469
7.96531
7.96615
7.9672
7.96845
7.96991
7.97155
7.97339
7.9754
7.97759
7.97994
7.98246
7.98512
7.98792
7.99086
7.99393
7.99713
8.00044
8.00386
8.00739
8.01101
8.01471
8.01849
8.02235
8.02627
8.03024
8.03427
8.03834
8.04244
8.04657
8.05073
8.0549
8.05907
8.06324
8.06741
8.07156
8.07569
8.0798
8.08388
8.08792
8.09191
8.09586
8.09975
8.10357
8.10733
8.11102
8.11464
8.11818
8.12163
8.12498
8.12825
8.13142
8.13449
8.13745
8.1403
8.14305
8.14568
8.1482
8.1506
8.15288
8.15505
8.1571
8.15903
8.16083
8.16251
8.16407
8.16551
8.16683
8.16802
8.1691
8.17005
8.17088
8.17159
8.17218
8.17265
8.173
8.17323
8.17335
8.17335
8.17324
8.17302
8.1727
8.17226
8.17172
8.17108
8.17033
8.16948
8.16854
8.16751
8.16638
8.16517
8.16386
8.16247
8.161
8.15944
8.1578
8.15609
8.1543
8.15243
8.15049
8.14847
8.14638
8.14423
8.14201
8.13972
8.13737
8.13495
8.13248
8.12996
8.12738
8.12475
8.12207
8.11935
8.11658
8.11377
8.11093
8.10804
8.10513
8.10218
8.0992
8.09619
8.09317
8.09012
8.08706
8.08399
8.0809
8.07782
8.07473
8.07165
8.06857
8.06551
8.06245
8.05942
8.0564
8.05341
8.05046
8.04753
8.04465
8.04181
8.03902
8.03628
8.0336
8.03098
8.02842
8.02594
8.02353
8.0212
8.01895
8.01679
8.01472
8.01275
8.01087
8.0091
8.00743
8.00586
8.00441
8.00307
8.00184
8.00074
7.99976
7.9989
7.99817
7.99756
7.99708
7.99674
7.99652
7.99644
7.99648
7.99666
7.99697
7.99741
7.99798
7.99868
7.9995
8.00045
8.00153
8.00272
8.00404
8.00547
8.00702
8.00867
8.01043
8.01229
8.01424
8.01629
8.01843
8.02065
8.02295
8.02532
8.02776
8.03026
8.03281
8.03541
8.03805
8.04072
8.04343
8.04616
8.04891
8.05167
8.05443
8.05719
8.05994
8.06267
8.06537
8.06805
8.0707
8.0733
8.07587
8.07838
8.08083
8.08322
8.08555
8.08781
8.08999
8.0921
8.09412
8.09606
8.0979
8.09966
8.10131
8.10287
8.10434
8.1057
8.10696
8.10813
8.10919
8.11015
8.11102
8.11178
8.11244
8.11301
8.11348
8.11385
8.11413
8.11432
8.11443
8.11445
8.11439
8.11426
8.11405
8.11378
8.11344
8.11305
8.1126
8.11211
8.11157
8.111
8.11039
8.10976
8.1091
8.10842
8.10774
8.10704
8.10634
8.10565
8.10498
8.10431
8.10367
8.10306
8.10248
8.10194
8.10145
8.10101
8.10063
8.10031
8.10005
8.09987
8.09977
8.09974
8.0998
8.09995
8.1002
8.10054
8.10099
8.10154
8.10219
8.10296
8.10385
8.10485
8.10597
8.10721
8.10858
8.11008
8.11171
8.11348
8.11537
8.1174
8.11956
8.12186
8.12429
8.12685
8.12954
8.13237
8.13532
8.13841
8.14162
8.14497
8.14843
8.15202
8.15573
8.15955
8.1635
8.16755
8.17172
8.17599
8.18037
8.18484
8.18941
8.19407
8.19882
8.20365
8.20857
8.21355
8.21861
8.22373
8.22891
8.23415
8.23942
8.24474
8.2501
8.25548
8.26088
8.2663
8.27172
8.27714
8.28255
8.28795
8.29333
8.29868
8.30399
8.30925
8.31445
8.31959
8.32465
8.32963
8.33451
8.33929
8.34396
8.34851
8.35292
8.35719
8.36131
8.36526
8.36905
8.37265
8.37607
8.37928
8.38228
8.38507
8.38763
8.38995
8.39204
8.39386
8.39543
8.39672
8.39774
8.39848
8.39893
8.39909
8.39895
8.39851
8.39776
8.39671
8.39534
8.39365
8.39166
8.38935
8.38672
8.38379
8.38054
8.37699
8.37312
8.36896
8.3645
8.35975
8.35472
8.3494
8.34382
8.33797
8.33186
8.3255
8.3189
8.31206
8.305
8.29773
8.29027
8.28261
8.27478
8.26679
8.25864
8.25035
8.24192
8.23338
8.22472
8.21597
8.20714
8.19825
8.1893
8.1803
8.17127
8.16222
8.15315
8.14409
8.13505
8.12602
8.11703
8.10809
8.09921
8.09039
8.08166
8.07301
8.06446
8.05603
8.04771
8.03952
8.03146
8.02355
8.01579
8.00819
8.00076
7.99351
7.98643
7.97955
7.97286
7.96638
7.9601
7.95404
7.9482
7.94259
7.93721
7.93206
7.92715
7.92247
7.91805
7.91387
7.90994
7.90626
7.90283
7.89966
7.89675
7.89409
7.89169
7.88955
7.88766
7.88603
7.88465
7.88353
7.88267
7.88205
7.88169
7.88158
7.8817
7.88207
7.88267
7.88351
7.88457
7.88585
7.88735
7.88905
7.89097
7.89308
7.89538
7.89787
7.90054
7.90337
7.90638
7.90955
7.91286
7.91631
7.9199
7.92361
7.92744
7.93138
7.93541
7.93953
7.94374
7.94801
7.95235
7.95675
7.96119
7.96566
7.97017
7.97469
7.97922
7.98376
7.98828
7.99279
7.99728
8.00173
8.00614
8.01051
8.01482
8.01908
8.02327
8.02739
8.03144
8.0354
8.03927
8.04305
8.04673
8.05031
8.05377
8.05713
8.06037
8.0635
8.0665
8.06938
8.07213
8.07476
8.07725
8.07961
8.08185
8.08395
8.08591
8.08774
8.08944
8.09101
8.09244
8.09373
8.09489
8.09592
8.09681
8.09758
8.09821
8.0987
8.09907
8.09931
8.09943
8.09942
8.09929
8.09903
8.09866
8.09817
8.09756
8.09684
8.09601
8.09507
8.09402
8.09287
8.0916
8.09023
8.08876
8.08718
8.08551
8.08373
8.08186
8.07989
8.07782
8.07565
8.07339
8.07104
8.0686
8.06607
8.06344
8.06073
8.05793
8.05504
8.05207
8.049
8.04585
8.04262
8.0393
8.0359
8.03243
8.02888
8.02525
8.02154
8.01777
8.01392
8.01
8.00602
8.00197
7.99786
7.9937
7.98948
7.98521
7.98089
7.97653
7.97214
7.9677
7.96324
7.95875
7.95424
7.94972
7.9452
7.94066
7.93612
7.9316
7.92709
7.92262
7.91818
7.91378
7.90944
7.90515
7.90094
7.8968
7.89275
7.88879
7.88495
7.88122
7.87761
7.87414
7.87081
7.86764
7.86463
7.8618
7.85916
7.85671
7.85447
7.85245
7.85064
7.84907
7.84775
7.84667
7.84586
7.84531
7.84504
7.84506
7.84536
7.84597
7.84688
7.84811
7.84965
7.85151
7.8537
7.85622
7.85907
7.86226
7.86578
7.86964
7.87384
7.87838
7.88325
7.88846
7.89399
7.89985
7.90603
7.91252
7.91932
7.92642
7.93382
7.94149
7.94944
7.95765
7.96612
7.97482
7.98376
7.99291
8.00225
8.01179
8.02149
8.03135
8.04135
8.05147
8.0617
8.07203
8.08242
8.09287
8.10335
8.11385
8.12435
8.13483
8.14528
8.15567
8.16598
8.17621
8.18634
8.19635
8.20621
8.21593
8.22547
8.23483
8.244
8.25295
8.26168
8.27017
8.27842
8.2864
8.29412
8.30156
8.30871
8.31557
8.32213
8.32839
8.33432
8.33994
8.34524
8.35021
8.35484
8.35915
8.36313
8.36678
8.3701
8.37308
8.37574
8.37807
8.38009
8.38178
8.38317
8.38424
8.38501
8.38548
8.38566
8.38555
8.38516
8.3845
8.38358
8.38241
8.381
8.37935
8.37747
8.37539
8.37309
8.3706
8.36792
8.36507
8.36205
8.35887
8.35555
8.35211
8.34854
8.34488
8.34112
8.33728
8.33338
8.32942
8.32542
8.3214
8.31735
8.3133
8.30926
8.30524
8.30125
8.2973
8.29342
8.2896
8.28586
8.28222
8.27867
8.27525
8.27194
8.26877
8.26573
8.26284
8.26011
8.25753
8.25512
8.25289
8.25084
8.24898
8.24731
8.24583
8.24455
8.24346
8.24256
8.24187
8.24137
8.24107
8.24097
8.24106
8.24133
8.2418
8.24245
8.24328
8.24428
8.24545
8.24678
8.24826
8.24989
8.25166
8.25355
8.25556
8.25768
8.25991
8.26223
8.26463
8.26712
8.26966
8.27227
8.27491
8.27759
8.28029
8.283
8.28571
8.28841
8.29109
8.29375
8.29636
8.29892
8.30142
8.30385
8.3062
8.30847
8.31063
8.31269
8.31464
8.31647
8.31817
8.31973
8.32115
8.32243
8.32355
8.32451
8.32531
8.32595
8.32641
8.3267
8.32682
8.32675
8.3265
8.32607
8.32545
8.32465
8.32366
8.32248
8.32111
8.31956
8.31783
8.31592
8.31382
8.31154
8.30908
8.30645
8.30365
8.30069
8.29755
8.29426
8.29082
8.28721
8.28346
8.27957
8.27553
8.27136
8.26705
8.26263
8.25808
8.25343
8.24866
8.2438
8.23885
8.23381
8.22869
8.2235
8.21825
8.21294
8.20758
8.20217
8.19672
8.19125
8.18576
8.18026
8.17476
8.16926
8.16377
8.15831
8.15287
8.14747
8.14211
8.13681
8.13156
8.12637
8.12125
8.11622
8.11128
8.10643
8.10168
8.09703
8.0925
8.08807
8.08377
8.0796
8.07556
8.07165
8.06788
8.06426
8.06078
8.05745
8.05428
8.05127
8.04841
8.04571
8.04317
8.0408
8.03859
8.03654
8.03465
8.03292
8.03136
8.02995
8.0287
8.0276
8.02666
8.02586
8.02522
8.02471
8.02435
8.02413
8.02403
8.02406
8.0242
8.02447
8.02485
8.02533
8.02592
8.02661
8.02739
8.02826
8.02922
8.03025
8.03135
8.03252
8.03375
8.03504
8.03638
8.03776
8.03919
8.04066
8.04215
8.04368
8.04524
8.04682
8.04841
8.05003
8.05165
8.05328
8.05492
8.05656
8.05821
8.05985
8.06149
8.06312
8.06474
8.06636
8.06798
8.06958
8.07118
8.07277
8.07435
8.07593
8.07749
8.07905
8.0806
8.08213
8.08367
8.0852
8.08673
8.08827
8.0898
8.09134
8.09288
8.09443
8.09599
8.09755
8.09913
8.10072
8.10231
8.10392
8.10554
8.10717
8.10881
8.11046
8.11213
8.11381
8.11549
8.11718
8.11889
8.12059
8.12231
8.12403
8.12576
8.12748
8.1292
8.1309
8.1326
8.13428
8.13594
8.13757
8.13917
8.14074
8.14225
8.14373
8.14514
8.1465
8.14779
8.14901
8.15015
8.1512
8.15216
8.15301
8.15375
8.15438
8.15489
8.15526
8.1555
8.1556
8.15555
8.15535
8.15499
8.15446
8.15376
8.15288
8.15181
8.15057
8.14913
8.1475
8.14567
8.14364
8.14142
8.13899
8.13636
8.13353
8.1305
8.12726
8.12382
8.12019
8.11636
8.11233
8.10813
8.10373
8.09916
8.09442
8.08951
8.08445
8.07923
8.07387
8.06838
8.06276
8.05704
8.0512
8.04526
8.03923
8.03312
8.02695
8.02072
8.01445
8.00816
8.00184
7.9955
7.98918
7.98286
7.97657
7.97031
7.9641
7.95793
7.95184
7.94581
7.93987
7.93402
7.92827
7.92264
7.91713
7.91174
7.90649
7.90137
7.89641
7.89159
7.88694
7.88246
7.87814
7.874
7.87005
7.86628
7.86269
7.85929
7.85609
7.85308
7.85026
7.84764
7.84522
7.84299
7.84096
7.83913
7.8375
7.83606
7.83481
7.83376
7.8329
7.83223
7.83174
7.83144
7.83131
7.83137
7.8316
7.832
7.83256
7.83329
7.83418
7.83523
7.83642
7.83777
7.83925
7.84088
7.84263
7.84451
7.84651
7.84862
7.85085
7.85318
7.8556
7.85812
7.86073
7.86341
7.86617
7.86899
7.87187
7.87481
7.8778
7.88083
7.88389
7.88698
7.89009
7.89321
7.89634
7.89946
7.90258
7.90569
7.90877
7.91183
7.91486
7.91785
7.92079
7.92368
7.92652
7.92929
7.93199
7.93461
7.93715
7.9396
7.94196
7.94421
7.94636
7.9484
7.95032
7.95212
7.95379
7.95534
7.95675
7.95803
7.95916
7.96016
7.961
7.96171
7.96225
7.96265
7.96289
7.96297
7.96291
7.96268
7.96231
7.96178
7.9611
7.96027
7.95928
7.95816
7.95689
7.95548
7.95394
7.95226
7.95046
7.94853
7.94649
7.94433
