1.2002
1.20064
1.20103
1.20136
1.20164
1.20186
1.20202
1.20212
1.20216
1.20214
1.20205
1.20191
1.2017
1.20142
1.20108
1.20068
1.20021
1.19967
1.19906
1.19839
1.19765
1.19684
1.19596
1.19502
1.194
1.19292
1.19177
1.19055
1.18926
1.18791
1.18648
1.18499
1.18343
1.18181
1.18012
1.17836
1.17654
1.17465
1.1727
1.17069
1.16862
1.16648
1.16428
1.16203
1.15971
1.15734
1.1549
1.15241
1.14986
1.14726
1.14461
1.1419
1.13914
1.13633
1.13347
1.13056
1.12761
1.12461
1.12157
1.11849
1.11537
1.11221
1.10901
1.10578
1.10251
1.09921
1.09588
1.09252
1.08913
1.08572
1.08228
1.07882
1.07535
1.07185
1.06834
1.06481
1.06128
1.05773
1.05417
1.05061
1.04705
1.04349
1.03993
1.03638
1.03283
1.02929
1.02577
1.02226
1.01877
1.0153
1.01185
1.00843
1.00504
1.00169
0.998372
0.995094
0.991862
0.988679
0.985547
0.982471
0.979452
0.976496
0.973605
0.970782
0.968031
0.965355
0.962757
0.960241
0.957812
0.955474
0.953228
0.951077
0.949025
0.947075
0.945229
0.94349
0.941859
0.94034
0.938934
0.937644
0.936471
0.935416
0.934482
0.933668
0.932979
0.932413
0.931973
0.931657
0.931464
0.931397
0.931454
0.931635
0.931938
0.932363
0.932908
0.933571
0.93435
0.935244
0.936251
0.937368
0.938594
0.939925
0.941358
0.942891
0.944522
0.946247
0.948061
0.949961
0.951944
0.954005
0.956141
0.958349
0.960624
0.962961
0.965356
0.967803
0.970299
0.97284
0.975421
0.978036
0.98068
0.98335
0.98604
0.988747
0.991465
0.994188
0.996913
0.999634
1.00234
1.00504
1.00772
1.01037
1.01299
1.01558
1.01812
1.02062
1.02308
1.02548
1.02783
1.03011
1.03233
1.03447
1.03655
1.03854
1.04045
1.04227
1.04401
1.04565
1.04719
1.04864
1.04999
1.05123
1.05236
1.05339
1.05431
1.05511
1.0558
1.05637
1.05683
1.05717
1.0574
1.0575
1.05749
1.05736
1.05712
1.05675
1.05627
1.05568
1.05497
1.05414
1.05321
1.05217
1.05102
1.04976
1.0484
1.04695
1.0454
1.04376
1.04203
1.04022
1.03832
1.03635
1.0343
1.03219
1.03002
1.02779
1.02551
1.02318
1.02081
1.0184
1.01596
1.01349
1.01101
1.00851
1.006
1.00349
1.00098
0.998484
0.995999
0.993533
0.991094
0.988687
0.986319
0.983993
0.981718
0.979497
0.977337
0.975242
0.973215
0.971264
0.969392
0.967604
0.965903
0.964294
0.96278
0.961366
0.960055
0.958849
0.957753
0.956769
0.955898
0.955145
0.95451
0.953994
0.953599
0.953327
0.953177
0.953152
0.953252
0.953475
0.953823
0.954294
0.954886
0.955598
0.956431
0.957383
0.958454
0.95964
0.960937
0.962343
0.963856
0.965474
0.967192
0.969008
0.970918
0.972918
0.975005
0.977175
0.979424
0.981746
0.984138
0.986595
0.989113
0.991688
0.994314
0.996987
0.999702
1.00245
1.00523
1.00804
1.01088
1.01373
1.01659
1.01946
1.02233
1.02519
1.02805
1.0309
1.03373
1.03654
1.03933
1.04209
1.04481
1.0475
1.05014
1.05274
1.05529
1.05778
1.06022
1.0626
1.06492
1.06717
1.06935
1.07146
1.0735
1.07547
1.07735
1.07916
1.08089
1.08253
1.08409
1.08557
1.08696
1.08827
1.08949
1.09062
1.09167
1.09263
1.09351
1.09429
1.095
1.09561
1.09614
1.09659
1.09695
1.09724
1.09744
1.09756
1.09761
1.09758
1.09747
1.0973
1.09706
1.09675
1.09637
1.09593
1.09543
1.09488
1.09426
1.09359
1.09287
1.0921
1.09127
1.09041
1.0895
1.08854
1.08755
1.08652
1.08546
1.08437
1.08324
1.08209
1.08091
1.0797
1.07847
1.07722
1.07595
1.07466
1.07335
1.07203
1.07069
1.06933
1.06797
1.0666
1.06521
1.06382
1.06242
1.06101
1.0596
1.05819
1.05677
1.05535
1.05394
1.05252
1.05111
1.0497
1.0483
1.0469
1.04551
1.04412
1.04275
1.04138
1.04002
1.03868
1.03735
1.03604
1.03474
1.03346
1.0322
1.03096
1.02974
1.02855
1.02737
1.02623
1.02511
1.02402
1.02296
1.02192
1.02092
1.01996
1.01903
1.01813
1.01727
1.01645
1.01567
1.01493
1.01423
1.01358
1.01296
1.01239
1.01187
1.01139
1.01095
1.01056
1.01022
1.00992
1.00967
1.00946
1.0093
1.00919
1.00912
1.0091
1.00912
1.00918
1.00929
1.00944
1.00963
1.00986
1.01013
1.01043
1.01078
1.01116
1.01158
1.01203
1.0125
1.01301
1.01355
1.01411
1.0147
1.01531
1.01594
1.0166
1.01727
1.01795
1.01866
1.01937
1.0201
1.02083
1.02157
1.02232
1.02308
1.02384
1.0246
1.02536
1.02613
1.02689
1.02765
1.02841
1.02916
1.02991
1.03066
1.0314
1.03213
1.03286
1.03358
1.03429
1.035
1.03569
1.03638
1.03706
1.03773
1.03839
1.03905
1.0397
1.04034
1.04098
1.04161
1.04223
1.04286
1.04348
1.0441
1.04471
1.04533
1.04595
1.04657
1.0472
1.04783
1.04846
1.0491
1.04975
1.05041
1.05108
1.05176
1.05245
1.05315
1.05387
1.0546
1.05535
1.05612
1.05691
1.05771
1.05854
1.05939
1.06026
1.06116
1.06208
1.06303
1.06401
1.06501
1.06604
1.0671
1.06819
1.06931
1.07046
1.07163
1.07284
1.07409
1.07536
1.07666
1.078
1.07937
1.08077
1.0822
1.08366
1.08515
1.08667
1.08822
1.0898
1.0914
1.09303
1.09469
1.09637
1.09808
1.09981
1.10156
1.10333
1.10512
1.10693
1.10875
1.11059
1.11244
1.11431
1.11618
1.11807
1.11995
1.12185
1.12374
1.12563
1.12752
1.12941
1.13129
1.13317
1.13503
1.13688
1.13871
1.14053
1.14232
1.1441
1.14586
1.14758
1.14929
1.15096
1.1526
1.1542
1.15577
1.1573
1.15879
1.16025
1.16165
1.16301
1.16432
1.16558
1.16679
1.16795
1.16905
1.1701
1.17109
1.17203
1.1729
1.17372
1.17447
1.17516
1.17579
1.17636
1.17686
1.17729
1.17766
1.17797
1.17821
1.17839
1.1785
1.17855
1.17853
1.17845
1.17831
1.1781
1.17783
1.17751
1.17712
1.17668
1.17618
1.17562
1.17501
1.17435
1.17363
1.17287
1.17205
1.17119
1.17028
1.16933
1.16833
1.1673
1.16622
1.1651
1.16395
1.16277
1.16155
1.16031
1.15903
1.15773
1.15639
1.15504
1.15366
1.15226
1.15085
1.14941
1.14796
1.1465
1.14502
1.14353
1.14202
1.14051
1.13898
1.13745
1.13591
1.13436
1.13281
1.13124
1.12967
1.1281
1.12652
1.12493
1.12334
1.12175
1.12015
1.11855
1.11695
1.11535
1.11374
1.11213
1.11052
1.10891
1.1073
1.10569
1.10408
1.10248
1.10087
1.09927
1.09767
1.09607
1.09448
1.09289
1.09131
1.08974
1.08818
1.08662
1.08508
1.08355
1.08203
1.08053
1.07904
1.07757
1.07612
1.07469
1.07328
1.0719
1.07054
1.0692
1.0679
1.06662
1.06538
1.06417
1.06299
1.06185
1.06075
1.05968
1.05866
1.05768
1.05675
1.05585
1.055
1.0542
1.05345
1.05275
1.05209
1.05149
1.05093
1.05043
1.04998
1.04957
1.04923
1.04893
1.04869
1.04849
1.04835
1.04826
1.04822
1.04823
1.04829
1.0484
1.04855
1.04875
1.049
1.04929
1.04963
1.05001
1.05043
1.05089
1.05139
1.05193
1.0525
1.05311
1.05375
1.05442
1.05513
1.05586
1.05662
1.05741
1.05822
1.05906
1.05991
1.06079
1.06168
1.0626
1.06353
1.06447
1.06543
1.0664
1.06739
1.06838
1.06939
1.0704
1.07142
1.07245
1.07349
1.07453
1.07558
1.07663
1.07769
1.07876
1.07983
1.0809
1.08198
1.08306
1.08415
1.08524
1.08634
1.08744
1.08854
1.08965
1.09077
1.09188
1.093
1.09413
1.09526
1.09639
1.09753
1.09866
1.0998
1.10094
1.10208
1.10322
1.10436
1.1055
1.10663
1.10776
1.10889
1.11002
1.11114
1.11225
1.11335
1.11444
1.11552
1.11659
1.11764
1.11868
1.1197
1.1207
1.12167
1.12263
1.12356
1.12447
1.12535
1.1262
1.12701
1.12779
1.12854
1.12925
1.12991
1.13054
1.13113
1.13167
1.13218
1.13263
1.13304
1.13341
1.13373
1.134
1.13423
1.1344
1.13453
1.13461
1.13464
1.13463
1.13456
1.13445
1.13429
1.13408
1.13383
1.13353
1.13319
1.1328
1.13237
1.1319
1.13139
1.13083
1.13024
1.12961
1.12895
1.12825
1.12751
1.12675
1.12595
1.12513
1.12428
1.1234
1.1225
1.12158
1.12064
1.11968
1.1187
1.11771
1.11671
1.11569
1.11467
1.11364
1.1126
1.11157
1.11053
1.10949
1.10845
1.10741
1.10638
1.10535
1.10433
1.10331
1.10231
1.10131
1.10033
1.09935
1.0984
1.09745
1.09652
1.09561
1.09472
1.09384
1.09298
1.09214
1.09132
1.09051
1.08973
1.08898
1.08824
1.08752
1.08683
1.08615
1.0855
1.08487
1.08426
1.08366
1.08309
1.08255
1.08202
1.08152
1.08103
1.08057
1.08013
1.0797
1.0793
1.07892
1.07855
1.07821
1.07789
1.07758
1.07729
1.07702
1.07677
1.07654
1.07632
1.07612
1.07594
1.07578
1.07562
1.07549
1.07537
1.07527
1.07518
1.0751
1.07504
1.07499
1.07495
1.07492
1.0749
1.07489
1.07489
1.07489
1.0749
1.07492
1.07495
1.07498
1.07501
1.07504
1.07507
1.0751
1.07513
1.07516
1.07518
1.07519
1.07519
1.07518
1.07516
1.07512
1.07506
1.07498
1.07488
1.07476
1.07461
1.07444
1.07423
1.07399
1.07372
1.07341
1.07306
1.07266
1.07223
1.07174
1.07121
1.07063
1.06999
1.0693
1.06855
1.06775
1.06688
1.06595
1.06496
1.0639
1.06277
1.06158
1.06032
1.05899
1.05759
1.05612
1.05458
1.05296
1.05128
1.04952
1.04768
1.04578
1.04381
1.04177
1.03966
1.03749
1.03525
1.03295
1.03059
1.02817
1.02569
1.02315
1.02057
1.01793
1.01525
1.01253
1.00976
1.00696
1.00413
1.00127
0.998384
0.995477
0.992554
0.989617
0.986672
0.983723
0.980774
0.977829
0.974893
0.97197
0.969064
0.96618
0.963322
0.960495
0.957702
0.954948
0.952236
0.949572
0.946958
0.944398
0.941897
0.939457
0.937083
0.934777
0.932542
0.930382
0.928299
0.926296
0.924376
0.922542
0.920797
0.919141
0.917575
0.916102
0.914725
0.913445
0.912262
0.911176
0.910189
0.909301
0.908511
0.90782
0.907228
0.906735
0.906341
0.906044
0.905846
0.905744
0.905738
0.905827
0.90601
0.906285
0.906652
0.907108
0.907651
0.908281
0.908997
0.909797
0.910678
0.911636
0.912671
0.91378
0.914961
0.916211
0.91753
0.918913
0.920359
0.921866
0.92343
0.92505
0.926723
0.92845
0.930226
0.932049
0.933917
0.935827
0.937778
0.939767
0.941794
0.943856
0.94595
0.948075
0.950229
0.952409
0.954613
0.956841
0.959089
0.961358
0.963645
0.96595
0.968273
0.970612
0.972965
0.975329
0.977704
0.980088
0.982482
0.984884
0.987292
0.989704
0.992121
0.994541
0.996963
0.999385
1.00181
1.00423
1.00665
1.00906
1.01148
1.01388
1.01628
1.01868
1.02107
1.02345
1.02582
1.02817
1.03052
1.03286
1.03517
1.03748
1.03977
1.04204
1.04429
1.04652
1.04874
1.05093
1.0531
1.05524
1.05736
1.05946
1.06153
1.06357
1.06558
1.06757
1.06952
1.07145
1.07334
1.07521
1.07704
1.07885
1.08062
1.08236
1.08408
1.08576
1.08741
1.08903
1.09062
1.09219
1.09372
1.09523
1.09671
1.09816
1.09959
1.101
1.10238
1.10374
1.10507
1.10638
1.10768
1.10895
1.11021
1.11145
1.11268
1.11389
1.11509
1.11628
1.11745
1.11861
1.11976
1.1209
1.12203
1.12315
1.12426
1.12535
1.12644
1.12753
1.1286
1.12966
1.13071
1.13175
1.13278
1.1338
1.1348
1.1358
1.13677
1.13774
1.13868
1.13961
1.14052
1.1414
1.14226
1.14309
1.1439
1.14468
1.14542
1.14614
1.14682
1.14746
1.14805
1.14861
1.14912
1.14959
1.15001
1.15038
1.1507
1.15096
1.15116
1.15131
1.1514
1.15143
1.15139
1.15129
1.15113
1.1509
1.1506
1.15023
1.14978
1.14927
1.14868
1.14803
1.1473
1.14649
1.14561
1.14466
1.14363
1.14252
1.14134
1.14009
1.13877
1.13737
1.1359
1.13435
1.13274
1.13106
1.12932
1.1275
1.12562
1.12368
1.12167
1.11961
1.11748
1.1153
1.11306
1.11077
1.10842
1.10603
1.1036
1.10111
1.09859
1.09603
1.09343
1.0908
1.08813
1.08544
1.08272
1.07998
1.07723
1.07445
1.07167
1.06887
1.06607
1.06326
1.06045
1.05765
1.05485
1.05207
1.0493
1.04655
1.04382
1.04111
1.03844
1.03579
1.03319
1.03062
1.02811
1.02563
1.02321
1.02085
1.01854
1.01629
1.01411
1.012
1.00995
1.00798
1.00609
1.00428
1.00254
1.0009
0.999337
0.997866
0.996487
0.995201
0.99401
0.992916
0.99192
0.991024
0.990229
0.989536
0.988947
0.98846
0.988075
0.987794
0.987617
0.987542
0.98757
0.987699
0.987929
0.988259
0.988688
0.989212
0.989832
0.990544
0.991347
0.992241
0.993222
0.994287
0.995433
0.99666
0.997964
0.999343
1.00079
1.00231
1.00389
1.00554
1.00724
1.009
1.0108
1.01266
1.01456
1.0165
1.01849
1.0205
1.02255
1.02463
1.02673
1.02886
1.031
1.03316
1.03533
1.03751
1.03969
1.04188
1.04407
1.04625
1.04843
1.0506
1.05277
1.05492
1.05705
1.05918
1.06128
1.06337
1.06543
1.06747
1.06949
1.07149
1.07346
1.0754
1.07732
1.07921
1.08106
1.08289
1.08468
1.08644
1.08817
1.08987
1.09154
1.09318
1.09478
1.09635
1.09789
1.0994
1.10088
1.10233
1.10374
1.10513
1.10648
1.10781
1.1091
1.11036
1.1116
1.1128
1.11398
1.11513
1.11625
1.11735
1.11841
1.11945
1.12047
1.12146
1.12242
1.12336
1.12427
1.12516
1.12603
1.12687
1.12769
1.12848
1.12925
1.13
1.13073
1.13143
1.13211
1.13276
1.1334
1.13401
1.1346
1.13516
1.13571
1.13623
1.13673
1.1372
1.13766
1.13809
1.13849
1.13888
1.13924
1.13958
1.13989
1.14019
1.14046
1.14071
1.14093
1.14113
1.14131
1.14146
1.14159
1.14169
1.14177
1.14183
1.14186
1.14187
1.14186
1.14182
1.14176
1.14168
1.14157
1.14144
1.14129
1.14112
1.14093
1.14071
1.14047
1.14021
1.13993
1.13964
1.13932
1.13898
1.13863
1.13825
1.13787
1.13747
1.13705
1.13662
1.13617
1.13572
1.13524
1.13476
1.13427
1.13377
1.13325
1.13273
1.13221
1.13167
1.13114
1.1306
1.13007
1.12953
1.129
1.12847
1.12794
1.12742
1.1269
1.1264
1.1259
1.12542
1.12495
1.12449
1.12405
1.12363
1.12323
1.12284
1.12248
1.12214
1.12183
1.12153
1.12127
1.12103
1.12082
1.12064
1.12049
1.12037
1.12028
1.12022
1.1202
1.12021
1.12025
1.12032
1.12043
1.12057
1.12074
1.12094
1.12117
1.12144
1.12173
1.12206
1.12241
1.12279
1.1232
1.12363
1.12409
1.12458
1.12509
1.12562
1.12616
1.12673
1.12731
1.12791
1.12852
1.12914
1.12978
1.13042
1.13108
1.13173
1.13239
1.13306
1.13373
1.1344
1.13506
1.13573
1.13639
1.13705
1.1377
1.13834
1.13898
1.1396
1.14021
1.14081
1.1414
1.14197
1.14253
1.14308
1.14361
1.14412
1.14462
1.1451
1.14556
1.146
1.14642
1.14683
1.14722
1.14759
1.14795
1.14829
1.1486
1.1489
1.14917
1.14943
1.14966
1.14988
1.15007
1.15025
1.1504
1.15053
1.15064
1.15072
1.15078
1.15082
1.15084
1.15083
1.1508
1.15074
1.15065
1.15054
1.1504
1.15023
1.15004
1.14981
1.14956
1.14927
1.14895
1.1486
1.14822
1.1478
1.14734
1.14685
1.14631
1.14573
1.14511
1.14444
1.14373
1.14297
1.14217
1.14131
1.1404
1.13945
1.13843
1.13737
1.13625
1.13507
1.13383
1.13254
1.13118
1.12977
1.1283
1.12676
1.12517
1.12351
1.12179
1.12001
1.11816
1.11626
1.11429
1.11226
1.11016
1.10801
1.10579
1.10352
1.10119
1.0988
1.09635
1.09384
1.09128
1.08867
1.086
1.08328
1.08052
1.0777
1.07484
1.07194
1.069
1.06602
1.063
1.05995
1.05687
1.05376
1.05062
1.04746
1.04429
1.04109
1.03789
1.03468
1.03146
1.02824
1.02502
1.0218
1.01859
1.0154
1.01222
1.00905
1.00591
1.0028
0.999711
0.996658
0.993642
0.990667
0.987737
0.984855
0.982023
0.979246
0.976527
0.973869
0.971275
0.968747
0.96629
0.963906
0.961599
0.959369
0.957221
0.955156
0.953176
0.951284
0.949483
0.947773
0.946159
0.944641
0.943223
0.941902
0.940681
0.93956
0.93854
0.937622
0.936807
0.936094
0.935483
0.934975
0.934569
0.934265
0.934063
0.933964
0.933966
0.934066
0.934263
0.934559
0.93495
0.935433
0.93601
0.936677
0.937432
0.93827
0.939191
0.940192
0.941271
0.942424
0.943649
0.944942
0.9463
0.947722
0.949202
0.950739
0.95233
0.95397
0.955656
0.957384
0.95915
0.960952
0.962786
0.964649
0.966538
0.96845
0.970381
0.97233
0.974294
0.976267
0.978246
0.98023
0.982213
0.984193
0.986168
0.988137
0.990096
0.992042
0.993971
0.995884
0.997778
0.99965
1.0015
1.00332
1.00511
1.00687
1.0086
1.0103
1.01196
1.01359
1.01518
1.01673
1.01824
1.01972
1.02115
1.02254
1.02389
1.0252
1.02647
1.02769
1.02888
1.03001
1.03111
1.03216
1.03317
1.03415
1.03507
1.03596
1.03681
1.03761
1.03837
1.03909
1.03977
1.04042
1.04101
1.04157
1.04209
1.04257
1.04301
1.04342
1.04378
1.04411
1.0444
1.04465
1.04486
1.04503
1.04517
1.04526
1.04532
1.04534
1.04531
1.04525
1.04514
1.04499
1.04481
1.04458
1.04431
1.04399
1.04364
1.04324
1.0428
1.04232
1.04179
1.04121
1.0406
1.03994
1.03924
1.03849
1.03769
1.03685
1.03597
1.03505
1.03408
1.03307
1.03202
1.03093
1.0298
1.02864
1.02744
1.02621
1.02495
1.02366
1.02235
1.02101
1.01966
1.01829
1.0169
1.01551
1.01411
1.01271
1.01132
1.00992
1.00854
1.00718
1.00583
1.00451
1.00321
1.00194
1.0007
0.99951
0.998357
0.997251
0.996195
0.99519
0.994241
0.993349
0.992517
0.991747
0.99104
0.990397
0.98982
0.989308
0.988861
0.98848
0.988165
0.987914
0.987728
0.987605
0.987543
0.98754
0.987594
0.987703
0.987864
0.988076
0.988338
0.988647
0.989
0.989395
0.989827
0.990295
0.990796
0.991327
0.991886
0.992473
0.993084
0.993718
0.994371
0.995042
0.99573
0.996434
0.99715
0.997881
0.998623
0.999375
1.00014
1.00091
1.00168
1.00247
1.00327
1.00407
1.00488
1.00571
1.00654
1.00738
1.00823
1.0091
1.00998
1.01087
1.01178
1.0127
1.01364
1.01459
1.01557
1.01657
1.01759
1.01864
1.01971
1.02081
1.02194
1.02309
1.02428
1.0255
1.02675
1.02804
1.02937
1.03074
1.03214
1.03359
1.03508
1.03661
1.03818
1.0398
1.04147
1.04318
1.04494
1.04674
1.04859
1.05048
1.05242
1.0544
1.05642
1.05849
1.06059
1.06274
1.06493
1.06715
1.06941
1.0717
1.07403
1.07639
1.07878
1.0812
1.08364
1.0861
1.08858
1.09109
1.0936
1.09613
1.09867
1.10122
1.10377
1.10632
1.10886
1.11141
1.11394
1.11646
1.11897
1.12146
1.12393
1.12638
1.1288
1.13119
1.13355
1.13588
1.13818
1.14043
1.14264
1.14481
1.14694
1.14901
1.15104
1.15302
1.15495
1.15682
1.15863
1.16039
1.16209
1.16373
1.16531
1.16683
1.16828
1.16967
1.171
1.17227
1.17348
1.17462
1.17569
1.17671
1.17766
1.17855
1.17938
1.18015
1.18086
1.1815
1.1821
1.18263
1.1831
1.18352
1.18388
1.18419
1.18444
1.18465
1.1848
1.18491
1.18497
1.18498
1.18495
1.18488
1.18476
1.18461
1.18442
1.1842
1.18394
1.18365
1.18333
1.18297
1.18259
1.18218
1.18175
1.18129
1.18081
1.18031
1.17979
1.17925
1.17869
1.17811
1.17751
1.1769
1.17626
1.17562
1.17495
1.17427
1.17357
1.17286
1.17213
1.17138
1.17062
1.16985
1.16905
1.16824
1.16741
1.16657
1.16571
1.16482
1.16392
1.163
1.16207
1.16111
1.16013
1.15913
1.15811
1.15707
1.15601
1.15493
1.15383
1.1527
1.15155
1.15038
1.14919
1.14797
1.14673
1.14547
1.14418
1.14286
1.14153
1.14017
1.13879
1.13738
1.13595
1.1345
1.13303
1.13155
1.13004
1.12852
1.12698
1.12542
1.12385
1.12226
1.12067
1.11906
1.11744
1.11581
1.11417
1.11252
1.11087
1.10921
1.10755
1.10589
1.10422
1.10255
1.10088
1.09921
1.09755
1.09588
1.09422
1.09257
1.09092
1.08927
1.08764
1.08601
1.0844
1.08279
1.08119
1.07961
1.07803
1.07647
1.07493
1.07339
1.07187
1.07036
1.06887
1.06739
1.06593
1.06448
1.06305
1.06163
1.06023
1.05884
1.05747
1.05612
1.05478
1.05346
1.05215
1.05087
1.04961
1.04836
1.04714
1.04594
1.04476
1.04361
1.04248
1.04138
1.0403
1.03925
1.03822
1.03723
1.03626
1.03532
1.03441
1.03354
1.03269
1.03188
1.0311
1.03035
1.02964
1.02896
1.02832
1.02772
1.02715
1.02662
1.02612
1.02566
1.02525
1.02486
1.02452
1.02421
1.02394
1.02371
1.02351
1.02335
1.02322
1.02314
1.02309
1.02307
1.02309
1.02314
1.02322
1.02334
1.02349
1.02367
1.02387
1.02411
1.02438
1.02467
1.02499
1.02533
1.0257
1.0261
1.02651
1.02695
1.02741
1.02789
1.0284
1.02892
1.02946
1.03002
1.0306
1.03119
1.0318
1.03243
1.03308
1.03373
1.0344
1.03509
1.03578
1.03649
1.03721
1.03795
1.03869
1.03944
1.04021
1.04098
1.04176
1.04255
1.04335
1.04416
1.04497
1.04579
1.04662
1.04746
1.0483
1.04914
1.04999
1.05085
1.05171
1.05257
1.05344
1.05432
1.05519
1.05607
1.05695
1.05784
1.05873
1.05962
1.06051
1.0614
1.0623
1.06319
1.06409
1.06499
1.06589
1.06679
1.0677
1.06861
1.06951
1.07042
1.07133
1.07224
1.07314
1.07406
1.07497
1.07588
1.0768
1.07771
1.07863
1.07955
1.08047
1.08138
1.0823
1.08323
1.08415
1.08507
1.08599
1.08692
1.08784
1.08877
1.08969
1.09061
1.09153
1.09245
1.09337
1.09428
1.0952
1.09611
1.09701
1.09792
1.09881
1.09971
1.10059
1.10147
1.10234
1.10321
1.10406
1.10491
1.10575
1.10657
1.10739
1.10819
1.10898
1.10975
1.11051
1.11126
1.11199
1.1127
1.1134
1.11407
1.11473
1.11537
1.11599
1.11658
1.11716
1.1177
1.11823
1.11873
1.1192
1.11964
1.12006
1.12044
1.1208
1.12113
1.12142
1.12168
1.12191
1.12211
1.12228
1.12241
1.12251
1.12257
1.1226
1.1226
1.12256
1.12249
1.12238
1.12224
1.12207
1.12186
1.12162
1.12134
1.12103
1.12068
1.1203
1.11989
1.11944
1.11896
1.11844
1.11789
1.11731
1.11669
1.11604
1.11536
1.11465
1.11391
1.11313
1.11232
1.11149
1.11062
1.10973
1.1088
1.10785
1.10687
1.10587
1.10484
1.10378
1.10271
1.10161
1.10049
1.09934
1.09818
1.097
1.09579
1.09457
1.09333
1.09207
1.0908
1.08952
1.08822
1.0869
1.08558
1.08424
1.08289
1.08154
1.08017
1.0788
1.07742
1.07604
1.07465
1.07326
1.07187
1.07048
1.06909
1.06769
1.06631
1.06492
1.06354
1.06216
1.06079
1.05942
1.05807
1.05673
1.05539
1.05407
1.05276
1.05146
1.05017
1.0489
1.04765
1.04641
1.04519
1.04399
1.04281
1.04165
1.04051
1.0394
1.0383
1.03723
1.03618
1.03515
1.03415
1.03317
1.03222
1.0313
1.0304
1.02952
1.02868
1.02785
1.02706
1.02629
1.02554
1.02482
1.02412
1.02345
1.02281
1.02218
1.02158
1.021
1.02045
1.01991
1.0194
1.01891
1.01843
1.01798
1.01754
1.01712
1.01672
1.01633
1.01596
1.0156
1.01525
1.01491
1.01458
1.01426
1.01395
1.01364
1.01334
1.01305
1.01275
1.01246
1.01218
1.01189
1.0116
1.01132
1.01104
1.01075
1.01046
1.01017
1.00987
1.00957
1.00926
1.00895
1.00863
1.0083
1.00798
1.00764
1.0073
1.00695
1.0066
1.00624
1.00588
1.00552
1.00516
1.00479
1.00442
1.00405
1.00367
1.0033
1.00294
1.00257
1.00221
1.00185
1.0015
1.00116
1.00082
1.00049
1.00017
0.999856
0.999559
0.999276
0.999008
0.998754
0.998518
0.998303
0.998107
0.997932
0.997779
0.997647
0.997541
0.997459
0.997404
0.997378
0.99738
0.997411
0.997472
0.997563
0.997687
0.997844
0.998034
0.998258
0.998518
0.998812
0.999142
0.999509
0.999912
1.00035
1.00083
1.00134
1.0019
1.00249
1.00312
1.00378
1.00449
1.00523
1.00601
1.00682
1.00768
1.00856
1.00948
1.01043
1.01142
1.01244
1.01349
1.01456
1.01567
1.0168
1.01796
1.01914
1.02034
1.02157
1.02281
1.02407
1.02534
1.02663
1.02792
1.02922
1.03053
1.03185
1.03316
1.03447
1.03579
1.03709
1.03839
1.03968
1.04096
1.04223
1.04347
1.04471
1.04592
1.0471
1.04827
1.0494
1.05051
1.0516
1.05264
1.05366
1.05464
1.05558
1.05649
1.05735
1.05818
1.05896
1.0597
1.0604
1.06106
1.06168
1.06225
1.06277
1.06325
1.06368
1.06407
1.06441
1.06471
1.06495
1.06516
1.06532
1.06543
1.0655
1.06552
1.0655
1.06544
1.06533
1.06519
1.065
1.06478
1.06452
1.06422
1.06388
1.06352
1.06311
1.06268
1.06222
1.06173
1.06122
1.06068
1.06011
1.05953
1.05893
1.05831
1.05767
1.05702
1.05636
1.05569
1.05501
1.05433
1.05364
1.05295
1.05226
1.05158
1.0509
1.05023
1.04957
1.04892
1.04829
1.04767
1.04707
1.04649
1.04594
1.0454
1.04489
1.04441
1.04395
1.04353
1.04314
1.04278
1.04246
1.04217
1.04192
1.04172
1.04155
1.04143
1.04135
1.04131
1.04132
1.04137
1.04146
1.0416
1.04178
1.04201
1.04228
1.04259
1.04295
1.04336
1.0438
1.0443
1.04483
1.04541
1.04603
1.04669
1.04739
1.04813
1.0489
1.04971
1.05056
1.05144
1.05236
1.0533
1.05428
1.05529
1.05632
1.05738
1.05847
1.05958
1.06072
1.06187
1.06304
1.06423
1.06544
1.06666
1.0679
1.06915
1.07041
1.07168
1.07296
1.07425
1.07555
1.07684
1.07815
1.07945
1.08075
1.08206
1.08336
1.08466
1.08595
1.08724
1.08853
1.0898
1.09107
1.09233
1.09358
1.09482
1.09605
1.09726
1.09845
1.09964
1.1008
1.10195
1.10308
1.10419
1.10529
1.10636
1.10741
1.10844
1.10945
1.11043
1.11139
1.11233
1.11323
1.11411
1.11497
1.11579
1.11659
1.11735
1.11808
1.11878
1.11945
1.12008
1.12068
1.12125
1.12178
1.12227
1.12273
1.12314
1.12352
1.12386
1.12416
1.12442
1.12464
1.12482
1.12496
1.12505
1.12511
1.12512
1.12508
1.125
1.12488
1.12472
1.12451
1.12425
1.12395
1.1236
1.1232
1.12276
1.12226
1.12172
1.12113
1.1205
1.11981
1.11908
1.1183
1.11746
1.11658
1.11566
1.11468
1.11366
1.11259
1.11147
1.11031
1.1091
1.10784
1.10654
1.1052
1.10381
1.10238
1.10091
1.0994
1.09785
1.09626
1.09464
1.09298
1.09129
1.08956
1.08781
1.08602
1.08421
1.08237
1.08052
1.07864
1.07674
1.07483
1.07291
1.07097
1.06903
1.06708
1.06513
1.06318
1.06123
1.05929
1.05736
1.05544
1.05353
1.05163
1.04976
1.04791
1.04608
1.04429
1.04252
1.04079
1.0391
1.03745
1.03584
1.03428
1.03277
1.03131
1.02991
1.02856
1.02728
1.02606
1.02491
1.02382
1.02281
1.02187
1.02101
1.02022
1.01953
1.01891
1.01838
1.01795
1.0176
1.01734
1.01718
1.01711
1.01714
1.01728
1.01751
1.01784
1.01828
1.01883
1.01948
1.02024
1.0211
1.02208
1.02316
1.02436
1.02566
1.02707
1.02859
1.03023
1.03197
1.03381
1.03577
1.03783
1.04
1.04227
1.04464
1.04712
1.04969
1.05236
1.05513
1.05799
1.06094
1.06398
1.0671
1.0703
1.07358
1.07693
1.08035
1.08384
1.08739
1.091
1.09466
1.09837
1.10212
1.10592
1.10974
1.1136
1.11748
1.12138
1.12529
1.12921
1.13313
1.13705
1.14097
1.14486
1.14874
1.1526
1.15643
1.16022
1.16396
1.16767
1.17132
1.17492
1.17846
1.18193
1.18532
1.18865
1.19189
1.19504
1.19811
1.20108
1.20395
1.20672
1.20939
1.21194
1.21437
1.21669
1.21889
1.22096
1.2229
1.22471
1.22639
1.22793
1.22934
1.23061
1.23173
1.23272
1.23356
1.23426
1.23481
1.23521
1.23546
1.23557
1.23553
1.23534
1.235
1.23452
1.2339
1.23313
1.23221
1.23116
1.22996
1.22863
1.22716
1.22556
1.22382
1.22196
1.21997
1.21786
1.21562
1.21326
1.2108
1.20821
1.20553
1.20273
1.19984
1.19686
1.19378
1.19061
1.18736
1.18402
1.18062
1.17714
1.1736
1.16999
1.16633
1.16261
1.15884
1.15503
1.15117
1.14728
1.14336
1.13941
1.13543
1.13143
1.12742
1.12339
1.11936
1.11532
1.11128
1.10724
1.10321
1.09918
1.09517
1.09117
1.08719
1.08323
1.07929
1.07537
1.07148
1.06763
1.0638
1.06001
1.05625
1.05253
1.04885
1.0452
1.04161
1.03805
1.03454
1.03109
1.02768
1.02432
1.02102
1.01777
1.01458
1.01145
1.00838
1.00537
1.00242
0.999541
0.996729
0.993989
0.991322
0.98873
0.986215
0.98378
0.981425
0.979154
0.976971
0.974878
0.972878
0.970975
0.969171
0.967468
0.965869
0.964377
0.962995
0.961723
0.960565
0.959522
0.958595
0.957787
0.957099
0.956533
0.95609
0.95577
0.955575
0.955505
0.955558
0.955735
0.956036
0.956459
0.957005
0.957671
0.958455
0.959355
0.960369
0.961493
0.962723
0.964057
0.965491
0.96702
0.96864
0.970347
0.972138
0.974007
0.97595
0.977963
0.980039
0.982174
0.984362
0.986599
0.988879
0.991197
0.993548
0.995927
0.998328
1.00075
1.00318
1.00561
1.00806
1.0105
1.01293
1.01535
1.01776
1.02014
1.0225
1.02484
1.02714
1.0294
1.03162
1.0338
1.03593
1.03802
1.04004
1.04201
1.04392
1.04577
1.04756
1.04927
1.05092
1.0525
1.05401
1.05544
1.0568
1.05808
1.05928
1.06041
1.06145
1.06242
1.0633
1.0641
1.06481
1.06545
1.06599
1.06646
1.06684
1.06713
1.06735
1.06748
1.06754
1.06751
1.0674
1.06721
1.06694
1.06659
1.06617
1.06568
1.06511
1.06447
1.06377
1.063
1.06216
1.06126
1.0603
1.05929
1.05822
1.05709
1.05592
1.0547
1.05344
1.05213
1.05078
1.0494
1.04799
1.04655
1.04508
1.04359
1.04209
1.04056
1.03902
1.03747
1.03592
1.03436
1.03281
1.03125
1.02971
1.02817
1.02665
1.02514
1.02365
1.02219
1.02075
1.01934
1.01796
1.01662
1.01531
1.01405
1.01283
1.01165
1.01052
1.00944
1.00841
1.00743
1.00651
1.00565
1.00485
1.0041
1.00342
1.00281
1.00225
1.00177
1.00135
1.001
1.00071
1.0005
1.00036
1.00028
1.00028
1.00035
1.00048
1.00068
1.00096
1.0013
1.0017
1.00218
1.00272
1.00332
1.00399
1.00471
1.0055
1.00634
1.00724
1.00819
1.00919
1.01025
1.01135
1.01249
1.01368
1.0149
1.01617
1.01746
1.0188
1.02016
1.02155
1.02296
1.0244
1.02585
1.02733
1.02882
1.03032
1.03183
1.03335
1.03487
1.0364
1.03792
1.03945
1.04097
1.04248
1.04398
1.04547
1.04695
1.04841
1.04985
1.05127
1.05267
1.05405
1.0554
1.05672
1.05802
1.05929
1.06052
1.06172
1.06288
1.06401
1.0651
1.06615
1.06717
1.06814
1.06908
1.06997
1.07082
1.07163
1.07239
1.07311
1.07379
1.07442
1.07502
1.07556
1.07606
1.07652
1.07694
1.07731
1.07764
1.07792
1.07816
1.07837
1.07853
1.07865
1.07873
1.07878
1.07879
1.07876
1.0787
1.0786
1.07847
1.07831
1.07812
1.0779
1.07766
1.07738
1.07709
1.07677
1.07643
1.07607
1.07569
1.07529
1.07487
1.07445
1.07402
1.07357
1.07312
1.07266
1.0722
1.07173
1.07126
1.07078
1.07031
1.06983
1.06936
1.0689
1.06844
1.06799
1.06755
1.06713
1.06671
1.06631
1.06592
1.06555
1.0652
1.06486
1.06454
1.06424
1.06397
1.06371
1.06348
1.06327
1.06309
1.06293
1.06279
1.06269
1.0626
1.06255
1.06252
1.06253
1.06256
1.06261
1.0627
1.06281
1.06296
1.06312
1.06332
1.06354
1.06379
1.06406
1.06435
1.06467
1.06501
1.06537
1.06574
1.06613
1.06654
1.06696
1.06739
1.06782
1.06826
1.06871
1.06915
1.0696
1.07005
1.07049
1.07092
1.07134
1.07175
1.07214
1.07252
1.07288
1.07321
1.07352
1.07381
1.07406
1.07429
1.07448
1.07463
1.07476
1.07484
1.07488
1.07489
1.07485
1.07477
1.07465
1.07448
1.07427
1.07402
1.07372
1.07337
1.07299
1.07255
1.07208
1.07156
1.071
1.0704
1.06976
1.06907
1.06835
1.06759
1.06679
1.06596
1.06508
1.06418
1.06325
1.06229
1.0613
1.06028
1.05924
1.05818
1.0571
1.05601
1.05489
1.05377
1.05263
1.05148
1.05032
1.04916
1.048
1.04683
1.04567
1.0445
1.04334
1.04219
1.04104
1.0399
1.03877
1.03766
1.03656
1.03548
1.03442
1.03339
1.03237
1.03138
1.03042
1.02948
1.02858
1.0277
1.02686
1.02605
1.02527
1.02453
1.02383
1.02317
1.02255
1.02197
1.02144
1.02095
1.0205
1.0201
1.01976
1.01946
1.01921
1.01901
1.01886
1.01876
1.01871
1.01872
1.01878
1.01889
1.01905
1.01927
1.01954
1.01986
1.02024
1.02066
1.02114
1.02167
1.02224
1.02286
1.02353
1.02425
1.025
1.02579
1.02663
1.02749
1.0284
1.02933
1.0303
1.03129
1.0323
1.03334
1.03439
1.03545
1.03653
1.03762
1.03871
1.0398
1.04088
1.04197
1.04304
1.04411
1.04515
1.04619
1.0472
1.04819
1.04915
1.05008
1.05099
1.05185
1.05269
1.05348
1.05423
1.05494
1.0556
1.05622
1.05679
1.05731
1.05778
1.0582
1.05857
1.05889
1.05916
1.05937
1.05954
1.05965
1.05972
1.05973
1.0597
1.05962
1.0595
1.05933
1.05911
1.05886
1.05857
1.05824
1.05788
1.05749
1.05706
1.05661
1.05614
1.05564
1.05512
1.05459
1.05405
1.05349
1.05293
1.05235
1.05178
1.05121
1.05063
1.05006
1.0495
1.04895
1.04842
1.04789
1.04739
1.04691
1.04645
1.04601
1.0456
1.04522
1.04486
1.04454
1.04425
1.044
1.04378
1.0436
1.04346
1.04336
1.04331
1.0433
1.04333
1.0434
1.04352
1.04369
1.0439
1.04417
1.04448
1.04483
1.04524
1.0457
1.0462
1.04675
1.04736
1.04801
1.04871
1.04946
1.05026
1.05111
1.05201
1.05295
1.05394
1.05498
1.05606
1.05719
1.05836
1.05958
1.06083
1.06213
1.06347
1.06485
1.06627
1.06772
1.06921
1.07073
1.07228
1.07386
1.07547
1.07711
1.07877
1.08045
1.08215
1.08388
1.08562
1.08737
1.08914
1.09092
1.09271
1.0945
1.09629
1.09808
1.09987
1.10166
1.10344
1.10521
1.10696
1.1087
1.11043
1.11213
1.11381
1.11547
1.1171
1.1187
1.12027
1.1218
1.1233
1.12477
1.12619
1.12757
1.12891
1.13021
1.13146
1.13267
1.13382
1.13493
1.13598
1.13699
1.13794
1.13884
1.13968
1.14047
1.14121
1.14189
1.14252
1.1431
1.14362
1.14409
1.14451
1.14487
1.14518
1.14543
1.14564
1.14579
1.1459
1.14595
1.14596
1.14593
1.14585
1.14572
1.14555
1.14534
1.14508
1.14479
1.14446
1.1441
1.14369
1.14326
1.14279
1.14229
1.14176
1.14121
1.14062
1.14001
1.13938
1.13872
1.13804
1.13734
1.13662
1.13589
1.13513
1.13436
1.13358
1.13278
1.13197
1.13115
1.13032
1.12948
1.12863
1.12777
1.1269
1.12602
1.12514
1.12425
1.12336
1.12246
1.12156
1.12065
1.11974
1.11882
1.1179
1.11698
1.11605
1.11512
1.11419
1.11325
1.11231
1.11137
1.11042
1.10947
1.10852
1.10756
1.1066
1.10564
1.10467
1.1037
1.10272
1.10175
1.10077
1.09979
1.0988
1.09781
1.09682
1.09582
1.09482
1.09382
1.09281
1.0918
1.09079
1.08977
1.08874
1.08771
1.08668
1.08564
1.08459
1.08355
1.08249
1.08143
1.08037
1.07929
1.07822
1.07714
1.07606
1.07497
1.07388
1.07279
1.07169
1.07059
1.06949
1.06839
1.06728
1.06617
1.06506
1.06395
1.06284
1.06173
1.06062
1.05951
1.0584
1.05729
1.05619
1.05509
1.05399
1.0529
1.05181
1.05073
1.04965
1.04859
1.04753
1.04648
1.04544
1.04441
1.0434
1.0424
1.04141
1.04044
1.03948
1.03854
1.03761
1.0367
1.03581
1.03494
1.03409
1.03326
1.03245
1.03166
1.0309
1.03016
1.02945
1.02876
1.0281
1.02746
1.02686
1.02628
1.02573
1.02522
1.02473
1.02427
1.02385
1.02346
1.02311
1.02278
1.0225
1.02224
1.02202
1.02184
1.02168
1.02157
1.02148
1.02143
1.02141
1.02142
1.02147
1.02155
1.02166
1.02181
1.02199
1.0222
1.02244
1.02271
1.02302
1.02335
1.02372
1.02411
1.02454
1.02499
1.02547
1.02598
1.02651
1.02706
1.02764
1.02824
1.02886
1.0295
1.03016
1.03084
1.03153
1.03224
1.03297
1.03371
1.03446
1.03523
1.03601
1.0368
1.0376
1.0384
1.03922
1.04004
1.04086
1.04168
1.04251
1.04334
1.04418
1.04501
1.04584
1.04667
1.04749
1.04832
1.04914
1.04996
1.05077
1.05157
1.05237
1.05317
1.05396
1.05473
1.0555
1.05626
1.05701
1.05775
1.05847
1.05918
1.05989
1.06058
1.06125
1.06192
1.06257
1.06321
1.06384
1.06445
1.06505
1.06564
1.06621
1.06678
1.06732
1.06786
1.06838
1.06889
1.06938
1.06986
1.07033
1.07079
1.07124
1.07167
1.07209
1.07249
1.07289
1.07327
1.07363
1.07399
1.07433
1.07466
1.07497
1.07528
1.07557
1.07585
1.07611
1.07636
1.0766
1.07682
1.07703
1.07722
1.07741
1.07757
1.07773
1.07787
1.07799
1.07811
1.07821
1.0783
1.07837
1.07843
1.07848
1.07851
1.07853
1.07853
1.07853
1.07851
1.07848
1.07844
1.07839
1.07833
1.07826
1.07818
1.07809
1.078
1.0779
1.0778
1.0777
1.07759
1.07749
1.07739
1.07729
1.07719
1.07711
1.07703
1.07696
1.0769
1.07686
1.07683
1.07682
1.07683
1.07687
1.07692
1.077
1.07711
1.07726
1.07743
1.07764
1.07788
1.07816
1.07848
1.07883
1.07923
1.07967
1.08015
1.08068
1.08125
1.08186
1.08252
1.08322
1.08397
1.08475
1.08558
1.08645
1.08736
1.08831
1.0893
1.09032
1.09138
1.09246
1.09357
1.09471
1.09587
1.09705
1.09825
1.09946
1.10068
1.10191
1.10314
1.10438
1.10561
1.10683
1.10804
1.10924
1.11042
1.11158
1.11272
1.11382
1.1149
1.11595
1.11696
1.11793
1.11886
1.11975
1.12058
1.12137
1.12211
1.1228
1.12342
1.12399
1.1245
1.12494
1.12532
1.12563
1.12588
1.12606
1.12617
1.12621
1.12618
1.12609
1.12592
1.12568
1.12537
1.12498
1.12453
1.12401
1.12341
1.12274
1.12201
1.12121
1.12034
1.1194
1.1184
1.11733
1.1162
1.11501
1.11375
1.11244
1.11106
1.10963
1.10815
1.10661
1.10502
1.10337
1.10168
1.09994
1.09815
1.09632
1.09444
1.09253
1.09057
1.08857
1.08654
1.08448
1.08238
1.08025
1.07809
1.0759
1.07369
1.07145
1.06918
1.0669
1.06459
1.06226
1.05992
1.05756
1.05518
1.05279
1.05039
1.04797
1.04554
1.0431
1.04065
1.03819
1.03572
1.03325
1.03077
1.02828
1.0258
1.0233
1.02081
1.01832
1.01582
1.01332
1.01083
1.00833
1.00584
1.00334
1.00085
0.998367
0.995884
0.993407
0.990936
0.98847
0.986011
0.983559
0.981116
0.978683
0.97626
0.973848
0.97145
0.969067
0.966699
0.964346
0.96201
0.959691
0.957392
0.955111
0.952851
0.950612
0.948398
0.946211
0.944049
0.941914
0.939809
0.937733
0.935689
0.933676
0.931698
0.929755
0.927847
0.925977
0.924145
0.922353
0.920603
0.918893
0.917227
0.915605
0.914029
0.912499
0.911018
0.909587
0.908205
0.906873
0.905594
0.904368
0.903196
0.90208
0.901019
0.900014
0.899066
0.898177
0.897347
0.896577
0.895867
0.895221
0.894636
0.894114
0.893655
0.893259
0.892928
0.892662
0.892462
0.892331
0.892268
0.892274
0.892347
0.89249
0.8927
0.892979
0.893328
0.893747
0.894235
0.894791
0.895416
0.896107
0.896866
0.897692
0.898585
0.899545
0.90057
0.901661
0.902816
0.904035
0.905316
0.906661
0.908067
0.909533
0.911058
0.912639
0.914278
0.915972
0.917721
0.919521
0.921374
0.923276
0.925225
0.927221
0.929263
0.931349
0.933478
0.935648
0.937858
0.940107
0.942393
0.944714
0.947067
0.949453
0.951869
0.954315
0.956789
0.95929
0.961817
0.964367
0.96694
0.969534
0.972148
0.974782
0.977436
0.980106
0.982793
0.985495
0.988212
0.990941
0.993681
0.996432
0.999194
1.00197
1.00474
1.00753
1.01032
1.01313
1.01593
1.01874
1.02155
1.02437
1.02719
1.03
1.03282
1.03563
1.03844
1.04125
1.04406
1.04687
1.04968
1.05247
1.05527
1.05805
1.06083
1.06361
1.06637
1.06913
1.07188
1.07461
1.07734
1.08006
1.08277
1.08547
1.08816
1.09083
1.09349
1.09614
1.09877
1.10138
1.10398
1.10656
1.10913
1.11168
1.11421
1.11672
1.11921
1.12168
1.12413
1.12656
1.12897
1.13135
1.13371
1.13604
1.13834
1.14062
1.14287
1.14508
1.14727
1.14943
1.15156
1.15365
1.15571
1.15773
1.15972
1.16167
1.16357
1.16544
1.16726
1.16904
1.17077
1.17245
1.17409
1.17568
1.17722
1.17871
1.18014
1.18153
1.18285
1.18413
1.18535
1.18651
1.18762
1.18867
1.18967
1.1906
1.19148
1.1923
1.19306
1.19376
1.1944
1.19499
1.19551
1.19598
1.19639
1.19674
1.19703
1.19727
1.19745
1.19758
1.19766
1.19768
1.19766
1.19758
1.19746
1.19729
1.19707
1.19681
1.19651
1.19617
1.19579
1.19538
1.19493
1.19445
1.19394
1.1934
1.19284
1.19226
1.19165
1.19103
1.19039
1.18974
1.18908
1.1884
1.18772
1.18703
1.18633
1.18563
1.18494
1.18424
1.18354
1.18285
1.18217
1.18149
1.18082
1.18015
1.1795
1.17886
1.17824
1.17762
1.17702
1.17643
1.17586
1.17531
1.17478
1.17426
1.17376
1.17328
1.17281
1.17236
1.17192
1.1715
1.1711
1.17072
1.17034
1.16999
1.16965
1.16932
1.16901
1.16871
1.16842
1.16815
1.16789
1.16763
1.16739
1.16715
1.16692
1.16671
1.16649
1.16629
1.16609
1.1659
1.16572
1.16553
1.16536
1.16518
1.16501
1.16484
1.16467
1.16451
1.16434
1.16417
1.16401
1.16384
1.16367
1.16351
1.16334
1.16316
1.16299
1.16281
1.16263
1.16245
1.16226
1.16206
1.16186
1.16166
1.16145
1.16123
1.161
1.16076
1.16052
1.16027
1.16001
1.15974
1.15946
1.15916
1.15886
1.15854
1.15821
1.15787
1.15751
1.15714
1.15675
1.15634
1.15591
1.15546
1.155
1.15451
1.15401
1.15348
1.15293
1.15236
1.15177
1.15116
1.15053
1.14987
1.14919
1.14849
1.14777
1.14702
1.14625
1.14546
1.14465
1.14381
1.14295
1.14207
1.14117
1.14025
1.1393
1.13834
1.13736
1.13636
1.13535
1.13432
1.13327
1.13221
1.13113
1.13004
1.12894
1.12782
1.1267
1.12557
1.12443
1.12328
1.12212
1.12097
1.1198
1.11864
1.11747
1.11631
1.11514
1.11398
1.11282
1.11166
1.11052
1.10937
1.10824
1.10711
1.10599
1.10488
1.10378
1.10268
1.1016
1.10053
1.09947
1.09843
1.09739
1.09637
1.09536
1.09436
1.09337
1.0924
1.09144
1.0905
1.08956
1.08864
1.08772
1.08682
1.08593
1.08505
1.08418
1.08332
1.08247
1.08163
1.08079
1.07995
1.07912
1.0783
1.07748
1.07666
1.07584
1.07502
1.0742
1.07338
1.07256
1.07173
1.0709
1.07006
1.06922
1.06837
1.06751
1.06664
1.06576
1.06486
1.06396
1.06304
1.06212
1.06117
1.06022
1.05925
1.05826
1.05727
1.05626
1.05523
1.05418
1.05312
1.05204
1.05094
1.04983
1.0487
1.04755
1.04639
1.04522
1.04402
1.04282
1.0416
1.04037
1.03913
1.03788
1.03661
1.03534
1.03406
1.03277
1.03148
1.03018
1.02888
1.02758
1.02627
1.02497
1.02367
1.02237
1.02108
1.01979
1.01851
1.01724
1.01598
1.01474
1.01351
1.01229
1.01109
1.00991
1.00876
1.00762
1.00651
1.00543
1.00437
1.00333
1.00232
1.00135
1.0004
0.999477
0.998591
0.997737
0.996916
0.996127
0.995372
0.99465
0.993963
0.993311
0.992694
0.992112
0.991567
0.991056
0.990579
0.990139
0.989735
0.989366
0.989032
0.988732
0.988466
0.988234
0.988034
0.987868
0.987734
0.987632
0.987561
0.987518
0.987506
0.987522
0.987565
0.987636
0.987732
0.987854
0.988
0.988171
0.988367
0.988584
0.988824
0.989085
0.989368
0.989671
0.989995
0.990338
0.990702
0.991084
0.991485
0.991903
0.99234
0.992793
0.993263
0.993747
0.994247
0.994764
0.995295
0.995842
0.996403
0.996979
0.997568
0.998172
0.99879
0.999422
1.00007
1.00073
1.0014
1.00209
1.00279
1.00351
1.00424
1.00499
1.00575
1.00653
1.00733
1.00814
1.00897
1.00981
1.01067
1.01155
1.01245
1.01336
1.01429
1.01524
1.01621
1.0172
1.0182
1.01923
1.02027
1.02133
1.02242
1.02352
1.02463
1.02577
1.02692
1.02809
1.02927
1.03047
1.03169
1.03292
1.03416
1.03542
1.03669
1.03797
1.03926
1.04057
1.04188
1.04319
1.04452
1.04585
1.04718
1.04851
1.04984
1.05117
1.0525
1.05383
1.05515
1.05647
1.05777
1.05907
1.06036
1.06163
1.06289
1.06414
1.06537
1.06659
1.06778
1.06896
1.07012
1.07126
1.07238
1.07347
1.07454
1.07558
1.0766
1.07759
1.07855
1.07949
1.08039
1.08127
1.08212
1.08294
1.08373
1.0845
1.08523
1.08594
1.08661
1.08726
1.08788
1.08847
1.08903
1.08956
1.09006
1.09054
1.09099
1.09141
1.09181
1.09218
1.09253
1.09285
1.09315
1.09343
1.09369
1.09393
1.09415
1.09434
1.09452
1.09469
1.09483
1.09496
1.09507
1.09516
1.09525
1.09531
1.09537
1.09541
1.09544
1.09546
1.09546
1.09546
1.09546
1.09544
1.09542
1.09539
1.09536
1.09533
1.09529
1.09526
1.09522
1.09519
1.09515
1.09512
1.09509
1.09507
1.09505
1.09504
1.09504
1.09504
1.09505
1.09507
1.0951
1.09515
1.0952
1.09526
1.09534
1.09544
1.09554
1.09566
1.0958
1.09595
1.09612
1.0963
1.0965
1.09672
1.09695
1.0972
1.09746
1.09775
1.09805
1.09836
1.09869
1.09903
1.09939
1.09976
1.10014
1.10053
1.10094
1.10135
1.10178
1.10221
1.10264
1.10308
1.10353
1.10398
1.10442
1.10487
1.10532
1.10576
1.1062
1.10663
1.10706
1.10748
1.10788
1.10828
1.10866
1.10902
1.10937
1.10969
1.11
1.11028
1.11054
1.11077
1.11098
1.11116
1.11131
1.11143
1.11152
1.11158
1.1116
1.11159
1.11155
1.11147
1.11135
1.1112
1.11101
1.11079
1.11052
1.11022
1.10988
1.10951
1.10909
1.10864
1.10815
1.10763
1.10706
1.10646
1.10583
1.10516
1.10446
1.10372
1.10295
1.10215
1.10131
1.10045
1.09956
1.09864
1.0977
1.09673
1.09573
1.09472
1.09368
1.09262
1.09155
1.09046
1.08935
1.08824
1.08711
1.08598
1.08483
1.08368
1.08253
1.08138
1.08022
1.07907
1.07792
1.07678
1.07564
1.07451
1.0734
1.07229
1.0712
1.07012
1.06906
1.06802
1.06699
1.06599
1.06501
1.06406
1.06313
1.06223
1.06135
1.0605
1.05968
1.05889
1.05813
1.05741
1.05671
1.05605
1.05542
1.05482
1.05425
1.05371
1.05321
1.05274
1.0523
1.05189
1.05152
1.05117
1.05086
1.05057
1.05032
1.05009
1.04989
1.04972
1.04957
1.04945
1.04935
1.04928
1.04923
1.04919
1.04918
1.04918
1.04921
1.04924
1.04929
1.04936
1.04943
1.04952
1.04961
1.04971
1.04982
1.04993
1.05005
1.05016
1.05028
1.0504
1.05052
1.05063
1.05074
1.05084
1.05094
1.05103
1.05112
1.05119
1.05125
1.0513
1.05134
1.05137
1.05139
1.05139
1.05138
1.05135
1.05131
1.05125
1.05117
1.05108
1.05097
1.05084
1.05069
1.05052
1.05033
1.05012
1.0499
1.04965
1.04938
1.04909
1.04879
1.04846
1.04811
1.04774
1.04735
1.04695
1.04652
1.04608
1.04561
1.04513
1.04462
1.0441
1.04355
1.04299
1.0424
1.0418
1.04117
1.04053
1.03986
1.03918
1.03848
1.03776
1.03703
1.03627
1.0355
1.03471
1.0339
1.03308
1.03224
1.03138
1.03051
1.02963
1.02873
1.02781
1.02689
1.02595
1.025
1.02403
1.02306
1.02207
1.02107
1.02007
1.01905
1.01803
1.01699
1.01595
1.01491
1.01386
1.0128
1.01175
1.01069
1.00963
1.00856
1.0075
1.00644
1.00538
1.00432
1.00326
1.00221
1.00117
1.00013
0.999105
0.998086
0.997077
0.99608
0.995095
0.994124
0.993167
0.992226
0.991301
0.990395
0.989508
0.988642
0.9878
0.986981
0.986187
0.98542
0.984682
0.983973
0.983297
0.982653
0.982045
0.981471
0.980934
0.980437
0.97998
0.979565
0.979193
0.978867
0.978587
0.978355
0.978174
0.978045
0.977971
0.977952
0.97799
0.978084
0.978236
0.978449
0.978723
0.97906
0.979462
0.979929
0.980462
0.981063
0.981732
0.982471
0.983281
0.984164
0.985121
0.986151
0.987254
0.988431
0.989683
0.991011
0.992415
0.993895
0.995448
0.997075
0.998775
1.00055
1.00239
1.00431
1.0063
1.00835
1.01048
1.01267
1.01493
1.01725
1.01963
1.02207
1.02457
1.02713
1.02974
1.03241
1.03512
1.03787
1.04068
1.04352
1.0464
1.04931
1.05226
1.05524
1.05824
1.06127
1.06432
1.06738
1.07046
1.07354
1.07663
1.07973
1.08282
1.08591
1.08899
1.09207
1.09513
1.09817
1.10119
1.10419
1.10716
1.1101
1.113
1.11587
1.1187
1.12149
1.12423
1.12693
1.12957
1.13216
1.1347
1.13718
1.13959
1.14195
1.14424
1.14647
1.14863
1.15072
1.15274
1.15468
1.15656
1.15835
1.16007
1.16171
1.16327
1.16474
1.16614
1.16745
1.16868
1.16982
1.17089
1.17186
1.17276
1.17356
1.17429
1.17493
1.17548
1.17595
1.17634
1.17664
1.17686
1.177
1.17705
1.17702
1.17691
1.17672
1.17644
1.17609
1.17566
1.17516
1.17457
1.17392
1.17319
1.17238
1.17151
1.17056
1.16955
1.16847
1.16733
1.16612
1.16485
1.16352
1.16213
1.16068
1.15917
1.15761
1.156
1.15434
1.15262
1.15087
1.14906
1.14722
1.14534
1.14342
1.14147
1.13948
1.13746
1.13542
1.13335
1.13125
1.12914
1.12701
1.12487
1.12272
1.12056
1.1184
1.11624
1.11408
1.11193
1.10978
1.10764
1.10553
1.10342
1.10135
1.09929
1.09727
1.09527
1.09332
1.0914
1.08953
1.0877
1.08591
1.08418
1.0825
1.08088
1.07931
1.07781
1.07636
1.07498
1.07367
1.07242
1.07125
1.07014
1.06909
1.06812
1.06721
1.06637
1.0656
1.0649
1.06426
1.06368
1.06316
1.0627
1.0623
1.06195
1.06166
1.06141
1.0612
1.06104
1.06092
1.06083
1.06077
1.06074
1.06072
1.06073
1.06074
1.06077
1.0608
1.06083
1.06085
1.06087
1.06087
1.06085
1.06081
1.06074
1.06064
1.06051
1.06034
1.06014
1.05988
1.05958
1.05923
1.05883
1.05837
1.05786
1.05729
1.05666
1.05597
1.05522
1.0544
1.05351
1.05256
1.05154
1.05045
1.04929
1.04806
1.04677
1.04542
1.04399
1.04251
1.04096
1.03934
1.03767
1.03594
1.03416
1.03232
1.03043
1.02849
1.02651
1.02449
1.02242
1.02033
1.0182
1.01605
1.01387
1.01167
1.00945
1.00723
1.005
1.00276
1.00053
0.998305
0.99609
0.99389
0.991713
0.989562
0.987443
0.985362
0.983322
0.981329
0.979387
0.977503
0.97568
0.973923
0.972237
0.970626
0.969092
0.96764
0.966273
0.964997
0.963814
0.962726
0.961735
0.960844
0.960057
0.959375
0.9588
0.958334
0.957977
0.95773
0.957595
0.95757
0.957656
0.957853
0.958162
0.95858
0.959106
0.959741
0.960482
0.961329
0.96228
0.963336
0.964493
0.965748
0.9671
0.968545
0.970082
0.971708
0.973422
0.975221
0.977103
0.979065
0.981104
0.983219
0.985406
0.987661
0.989982
0.992367
0.994813
0.997318
0.999877
1.00249
1.00515
1.00786
1.01062
1.01342
1.01625
1.01912
1.02202
1.02496
1.02792
1.0309
1.03391
1.03694
1.03998
1.04304
1.0461
1.04918
1.05226
1.05534
1.05843
1.06151
1.06459
1.06767
1.07073
1.07379
1.07683
1.07985
1.08286
1.08584
1.08881
1.09175
1.09467
1.09756
1.10041
1.10324
1.10603
1.10879
1.11151
1.11419
1.11684
1.11943
1.12199
1.1245
1.12696
1.12937
1.13173
1.13403
1.13629
1.13849
1.14063
1.14271
1.14473
1.14669
1.14858
1.1504
1.15215
1.15383
1.15544
1.15697
1.15843
1.1598
1.16109
1.1623
1.16343
1.16447
1.16542
1.16628
1.16705
1.16773
1.16831
1.16879
1.16918
1.16947
1.16966
1.16974
1.16973
1.1696
1.16938
1.16905
1.16862
1.16808
1.16743
1.16668
1.16582
1.16486
1.16379
1.16262
1.16134
1.15996
1.15848
1.1569
1.15523
1.15346
1.15159
1.14963
1.14758
1.14545
1.14323
1.14092
1.13854
1.13608
1.13355
1.13094
1.12827
1.12554
1.12275
1.11991
1.11701
1.11407
1.11109
1.10807
1.10501
1.10193
1.09882
1.09569
1.09254
1.08938
1.08621
1.08304
1.07987
1.07671
1.07355
1.07041
1.06729
1.06419
1.06111
1.05807
1.05505
1.05208
1.04915
1.04626
1.04341
1.04062
1.03787
1.03519
1.03256
1.02999
1.02748
1.02504
1.02267
1.02036
1.01813
1.01597
1.01388
1.01187
1.00994
1.00809
1.00631
1.00462
1.00301
1.00149
1.00004
0.998689
0.997419
0.996234
0.995136
0.994125
0.993203
0.992368
0.991621
0.990962
0.990391
0.989907
0.989511
0.989202
0.988981
0.988847
0.988799
0.988834
0.988951
0.989151
0.989432
0.989791
0.990228
0.990739
0.991325
0.991981
0.992708
0.993502
0.994362
0.995283
0.996264
0.997303
0.998397
0.999544
1.00074
1.00198
1.00327
1.0046
1.00596
1.00736
1.00879
1.01026
1.01174
1.01326
1.01479
1.01633
1.0179
1.01947
1.02105
1.02264
1.02423
1.02582
1.02741
1.029
1.03058
1.03216
1.03373
1.03528
1.03682
1.03835
1.03986
1.04135
1.04283
1.04429
1.04573
1.04715
1.04855
1.04993
1.05129
1.05263
1.05396
1.05526
1.05654
1.05781
1.05905
1.06028
1.0615
1.0627
1.06388
1.06505
1.06622
1.06737
1.06851
1.06964
1.07077
1.07189
1.07301
1.07413
1.07526
1.07638
1.0775
1.07863
1.07977
1.08092
1.08208
1.08325
1.08443
1.08564
1.08686
1.0881
1.08936
1.09064
1.09194
1.09327
1.09462
1.096
1.09741
1.09885
1.10032
1.10182
1.10334
1.1049
1.10648
1.1081
1.10974
1.11142
1.11312
1.11486
1.11662
1.11841
1.12023
1.12207
1.12393
1.12582
1.12773
1.12965
1.13159
1.13355
1.13552
1.13749
1.13948
1.14147
1.14346
1.14545
1.14744
1.14942
1.1514
1.15336
1.1553
1.15723
1.15914
1.16103
1.16289
1.16473
1.16653
1.16829
1.17001
1.1717
1.17333
1.17492
1.17645
1.17793
1.17936
1.18072
1.18202
1.18325
1.18442
1.18552
1.18655
1.1875
1.18837
1.18917
1.18989
1.19053
1.19108
1.19155
1.19194
1.19224
1.19245
1.19257
1.19261
1.19256
1.19241
1.19218
1.19185
1.19143
1.19093
1.19033
1.18964
1.18886
1.18799
1.18702
1.18597
1.18482
1.18359
1.18226
1.18085
1.17935
1.17776
1.17609
1.17433
1.17248
1.17055
1.16854
1.16645
1.16428
1.16204
1.15971
1.15732
1.15485
1.15231
1.14971
1.14704
1.14431
1.14152
1.13867
1.13577
1.13281
1.12981
1.12676
1.12367
1.12055
1.11739
1.1142
1.11098
1.10774
1.10447
1.1012
1.09791
1.09462
1.09132
1.08802
1.08473
1.08144
1.07817
1.07492
1.07168
1.06847
1.06528
1.06213
1.05901
1.05592
1.05288
1.04988
1.04692
1.04402
1.04116
1.03836
1.03561
1.03292
1.03029
1.02771
1.02521
1.02276
1.02038
1.01806
1.01581
1.01363
1.01151
1.00946
1.00747
1.00555
1.00369
1.0019
1.00018
0.998516
0.996915
0.995377
0.9939
0.992483
0.991126
0.989825
0.988579
0.987387
0.986247
0.985159
0.98412
0.98313
0.982188
0.98129
0.980435
0.979621
0.978848
0.978114
0.977421
0.976765
0.976148
0.97557
0.975029
0.974526
0.974061
0.973633
0.973243
0.972892
0.972582
0.972315
0.97209
0.971908
0.971772
0.971683
0.971645
0.971657
0.971723
0.971843
0.972022
0.972263
0.972568
0.972938
0.973376
0.973885
0.974467
0.975126
0.975863
0.976681
0.977582
0.978567
0.979639
0.980799
0.982052
0.983397
0.984837
0.986371
0.988
0.989726
0.991548
0.993465
0.995477
0.997582
0.999779
1.00207
1.00445
1.00691
1.00946
1.0121
1.01482
1.01761
1.02048
1.02341
1.02641
1.02948
1.0326
1.03578
1.039
1.04226
1.04557
1.0489
1.05227
1.05565
1.05906
1.06247
1.06589
1.06931
1.07273
1.07613
1.07952
1.08289
1.08623
1.08953
1.0928
1.09603
1.09921
1.10234
1.10542
1.10843
1.11138
1.11426
1.11706
1.11979
1.12243
1.12499
1.12746
1.12984
1.13213
1.13431
1.1364
1.13838
1.14026
1.14203
1.14369
1.14524
1.14668
1.148
1.14921
1.1503
1.15127
1.15213
1.15287
1.15349
1.154
1.15439
1.15466
1.15482
1.15486
1.15478
1.15459
1.15428
1.15387
1.15334
1.1527
1.15195
1.1511
1.15014
1.14907
1.14791
1.14665
1.14529
1.14384
1.1423
1.14068
1.13896
1.13716
1.13529
1.13333
1.1313
1.1292
1.12702
1.12478
1.12248
1.12012
1.1177
1.11523
1.1127
1.11013
1.10752
1.10487
1.10218
1.09946
1.0967
1.09393
1.09113
1.08831
1.08548
1.08264
1.07979
1.07695
1.0741
1.07126
1.06842
1.06561
1.06281
1.06003
1.05728
1.05456
1.05188
1.04923
1.04663
1.04408
1.04158
1.03913
1.03674
1.03441
1.03215
1.02996
1.02784
1.0258
1.02384
1.02195
1.02015
1.01843
1.0168
1.01526
1.01382
1.01246
1.0112
1.01003
1.00896
1.00798
1.0071
1.00631
1.00562
1.00502
1.00452
1.0041
1.00378
1.00355
1.0034
1.00334
1.00336
1.00346
1.00364
1.00389
1.00422
1.00461
1.00507
1.0056
1.00618
1.00683
1.00752
1.00827
1.00907
1.00991
1.01079
1.01171
1.01267
1.01366
1.01468
1.01573
1.0168
1.01789
1.019
1.02013
1.02127
1.02242
1.02359
1.02475
1.02593
1.02711
1.02829
1.02947
1.03065
1.03183
1.033
1.03417
1.03534
1.0365
1.03766
1.03881
1.03995
1.04108
1.04221
1.04333
1.04444
1.04555
1.04664
1.04773
1.04882
1.0499
1.05097
1.05204
1.0531
1.05416
1.05521
1.05626
1.05731
1.05836
1.0594
1.06043
1.06147
1.0625
1.06353
1.06457
1.0656
1.06662
1.06765
1.06868
1.06971
1.07074
1.07176
1.07279
1.07381
1.07483
1.07584
1.07686
1.07786
1.07887
1.07986
1.08085
1.08184
1.08282
1.08379
1.08475
1.0857
1.08664
1.08757
1.08848
1.08939
1.09027
1.09114
1.09199
1.09282
1.09362
1.09441
1.09517
1.09591
1.09662
1.09731
1.09797
1.0986
1.0992
1.09976
1.1003
1.1008
1.10127
1.1017
1.1021
1.10246
1.10278
1.10305
1.10329
1.10348
1.10363
1.10374
1.1038
1.10382
1.10379
1.10371
1.10359
1.10342
1.1032
1.10294
1.10263
1.10227
1.10186
1.10141
1.10091
1.10036
1.09977
1.09913
1.09845
1.09772
1.09694
1.09613
1.09527
1.09437
1.09343
1.09245
1.09143
1.09038
1.08929
1.08817
1.08702
1.08585
1.08464
1.08341
1.08215
1.08088
1.07958
1.07826
1.07694
1.0756
1.07425
1.07289
1.07152
1.07016
1.06879
1.06742
1.06606
1.06471
1.06336
1.06203
1.06072
1.05942
1.05814
1.05689
1.05566
1.05445
1.05328
1.05214
1.05104
1.04998
1.04895
1.04797
1.04704
1.04615
1.04531
1.04452
1.04379
1.04311
1.04249
1.04193
1.04143
1.04099
1.04062
1.04031
1.04007
1.0399
1.0398
1.03977
1.03981
1.03993
1.04011
1.04036
1.04069
1.04109
1.04156
1.0421
1.04271
1.04339
1.04414
1.04497
1.04586
1.04681
1.04784
1.04892
1.05007
1.05129
1.05256
1.0539
1.05529
1.05674
1.05824
1.05979
1.06139
1.06303
1.06472
1.06646
1.06823
1.07005
1.07189
1.07377
1.07569
1.07762
1.07959
1.08157
1.08357
1.08559
1.08763
1.08967
1.09172
1.09378
1.09584
1.0979
1.09996
1.10201
1.10405
1.10608
1.1081
1.1101
1.11208
1.11404
1.11597
1.11788
1.11976
1.1216
1.12341
1.12518
1.12692
1.12861
1.13025
1.13185
1.1334
1.1349
1.13635
1.13774
1.13907
1.14034
1.14154
1.14268
1.14376
1.14477
1.1457
1.14657
1.14736
1.14808
1.14873
1.14929
1.14979
1.1502
1.15054
1.1508
1.15098
1.15108
1.1511
1.15104
1.1509
1.15068
1.15038
1.15001
1.14955
1.14902
1.14842
1.14773
1.14698
1.14615
1.14525
1.14427
1.14324
1.14213
1.14096
1.13973
1.13843
1.13708
1.13567
1.13421
1.13269
1.13113
1.12952
1.12786
1.12617
1.12444
1.12267
1.12087
1.11904
1.11719
1.11532
1.11342
1.11151
1.10959
1.10766
1.10573
1.10379
1.10186
1.09993
1.09801
1.0961
1.09421
1.09234
1.0905
1.08868
1.08689
1.08513
1.08341
1.08174
1.08011
1.07852
1.07698
1.0755
1.07407
1.0727
1.07139
1.07014
1.06896
1.06784
1.06679
1.06582
1.06492
1.06409
1.06334
1.06267
1.06208
1.06157
1.06113
1.06078
1.0605
1.0603
1.06019
1.06015
1.06019
1.0603
1.06049
1.06075
1.06108
1.06148
1.06195
1.06248
1.06308
1.06373
1.06444
1.0652
1.06602
1.06688
1.06778
1.06872
1.0697
1.07071
1.07174
1.07279
1.07386
1.07495
1.07604
1.07714
1.07824
1.07934
1.08043
1.0815
1.08256
1.08361
1.08462
1.08561
1.08657
1.0875
1.08838
1.08923
1.09004
1.0908
1.09151
1.09217
1.09278
1.09334
1.09385
1.09429
1.09468
1.095
1.09527
1.09547
1.09562
1.0957
1.09573
1.09569
1.0956
1.09545
1.09525
1.09499
1.09468
1.09432
1.09391
1.09345
1.09295
1.09241
1.09182
1.09121
1.09056
1.08988
1.08917
1.08844
1.0877
1.08693
1.08615
1.08537
1.08457
1.08378
1.08299
1.08219
1.08141
1.08063
1.07987
1.07912
1.07838
1.07767
1.07698
1.07631
1.07567
1.07505
1.07447
1.07392
1.07339
1.0729
1.07245
1.07203
1.07164
1.07128
1.07097
1.07069
1.07044
1.07023
1.07006
1.06993
1.06983
1.06976
1.06972
1.06972
1.06974
1.0698
1.06988
1.06999
1.07013
1.07029
1.07047
1.07068
1.07092
1.07117
1.07144
1.07173
1.07203
1.07235
1.07269
1.07303
1.07339
1.07376
1.07413
1.07451
1.0749
1.07529
1.07568
1.07607
1.07647
1.07686
1.07725
1.07763
1.07801
1.07838
1.07874
1.07909
1.07944
1.07976
1.08008
1.08037
1.08065
1.08092
1.08116
1.08139
1.0816
1.08178
1.08194
1.08208
1.0822
1.08228
1.08235
1.08238
1.08239
1.08237
1.08232
1.08224
1.08214
1.082
1.08183
1.08164
1.08141
1.08115
1.08086
1.08054
1.08018
1.0798
1.07938
1.07894
1.07846
1.07796
1.07742
1.07686
1.07627
1.07565
1.075
1.07433
1.07363
1.07291
1.07216
1.07139
1.0706
1.06978
1.06895
1.06809
1.06722
1.06633
1.06542
1.06451
1.06357
1.06263
1.06167
1.0607
1.05973
1.05874
1.05776
1.05677
1.05578
1.05479
1.05381
1.05282
1.05184
1.05087
1.04991
1.04896
1.04802
1.0471
1.04619
1.0453
1.04443
1.04358
1.04276
1.04196
1.04118
1.04044
1.03973
1.03905
1.0384
1.03779
1.03722
1.03669
1.0362
1.03575
1.03535
1.035
1.03469
1.03444
1.03423
1.03408
1.03398
1.03394
1.03396
1.03403
1.03416
1.03435
1.0346
1.03491
1.03528
1.03571
1.0362
1.03674
1.03735
1.03801
1.03874
1.03952
1.04036
1.04125
1.0422
1.04321
1.04426
1.04536
1.04651
1.04771
1.04894
1.05022
1.05154
1.05289
1.05428
1.05569
1.05713
1.0586
1.06009
1.0616
1.06313
1.06467
1.06622
1.06777
1.06933
1.07089
1.07245
1.074
1.07555
1.07708
1.0786
1.0801
1.08159
1.08305
1.08449
1.0859
1.08728
1.08862
1.08993
1.0912
1.09244
1.09363
1.09477
1.09587
1.09692
1.09793
1.09888
1.09978
1.10062
1.10141
1.10214
1.10282
1.10343
1.10398
1.10447
1.1049
1.10527
1.10557
1.1058
1.10597
1.10608
1.10611
1.10608
1.10598
1.10581
1.10557
1.10526
1.10488
1.10443
1.10392
1.10333
1.10268
1.10195
1.10116
1.1003
1.09937
1.09838
1.09733
1.09621
1.09502
1.09377
1.09246
1.09109
1.08966
1.08817
1.08662
1.08501
1.08335
1.08163
1.07987
1.07805
1.07618
1.07427
1.07232
1.07032
1.06828
1.06621
1.0641
1.06196
1.05979
1.0576
1.05538
1.05314
1.05089
1.04862
1.04634
1.04405
1.04175
1.03944
1.03714
1.03484
1.03255
1.03026
1.02799
1.02573
1.02349
1.02128
1.01909
1.01693
1.0148
1.01271
1.01066
1.00864
1.00667
1.00475
1.00288
1.00106
0.999295
0.997589
0.995944
0.994361
0.992843
0.991393
0.990011
0.988701
0.987463
0.9863
0.985214
0.984206
0.983277
0.982429
0.981664
0.98098
0.980377
0.979858
0.979421
0.97907
0.978804
0.978623
0.978525
0.97851
0.978578
0.978727
0.978957
0.979267
0.979657
0.980126
0.980671
0.981291
0.981985
0.982751
0.983588
0.984495
0.985471
0.986512
0.987617
0.988783
0.990009
0.991292
0.992631
0.994024
0.995468
0.996963
0.998507
1.0001
1.00173
1.00341
1.00514
1.00691
1.00871
1.01055
1.01243
1.01435
1.0163
1.01829
1.02031
1.02236
1.02444
1.02655
1.02869
1.03086
1.03306
1.03528
1.03753
1.03981
1.04211
1.04444
1.04679
1.04916
1.05156
1.05398
1.05642
1.05889
1.06137
1.06387
1.06639
1.06893
1.07149
1.07406
1.07664
1.07923
1.08183
1.08444
1.08706
1.08968
1.09231
1.09494
1.09757
1.1002
1.10282
1.10544
1.10804
1.11064
1.11322
1.11579
1.11833
1.12086
1.12336
1.12583
1.12827
1.13068
1.13305
1.13539
1.13769
1.13994
1.14216
1.14433
1.14645
1.14851
1.15053
1.15249
1.15439
1.15623
1.158
1.15971
1.16136
1.16294
1.16444
1.16588
1.16724
1.16853
1.16974
1.17088
1.17194
1.17292
1.17382
1.17463
1.17537
1.17602
1.17659
1.17708
1.17749
1.17781
1.17805
1.1782
1.17827
1.17826
1.17816
1.17798
1.17772
1.17737
1.17695
1.17644
1.17586
1.17519
1.17445
1.17362
1.17272
1.17174
1.17068
1.16955
1.16835
1.16707
1.16571
1.16429
1.1628
1.16124
1.15961
1.15791
1.15615
1.15433
1.15244
1.15048
1.14847
1.14639
1.14425
1.14206
1.1398
1.13749
1.13512
1.13269
1.13021
1.12768
1.1251
1.12247
1.11978
1.11705
1.11428
1.11146
1.1086
1.1057
1.10275
1.09977
1.09675
1.09369
1.0906
1.08747
1.08432
1.08114
1.07793
1.0747
1.07144
1.06816
1.06487
1.06156
1.05824
1.05491
1.05158
1.04824
1.04491
1.04157
1.03824
1.03492
1.03162
1.02833
1.02507
1.02182
1.01861
1.01542
1.01227
1.00916
1.00609
1.00307
1.0001
0.997188
0.994333
0.991542
0.98882
0.986169
0.983593
0.981095
0.978681
0.976352
0.974114
0.971968
0.969919
0.967969
0.966123
0.964382
0.96275
0.961229
0.959822
0.958532
0.95736
0.956309
0.955379
0.954572
0.953886
0.953323
0.952883
0.952566
0.952372
0.952303
0.952357
0.952533
0.952831
0.95325
0.95379
0.954446
0.955219
0.956108
0.957109
0.958222
0.959445
0.960775
0.962209
0.963744
0.965377
0.967105
0.968926
0.970835
0.97283
0.974907
0.977064
0.979297
0.981603
0.983978
0.986418
0.988921
0.991484
0.994103
0.996773
0.999492
1.00226
1.00507
1.00792
1.0108
1.01372
1.01666
1.01964
1.02263
1.02565
1.02869
1.03174
1.0348
1.03788
1.04096
1.04404
1.04712
1.0502
1.05328
1.05635
1.05941
1.06246
1.0655
1.06852
1.07152
1.0745
1.07746
1.0804
1.08331
1.08619
1.08904
1.09186
1.09465
1.0974
1.10011
1.10279
1.10542
1.10802
1.11057
1.11308
1.11554
1.11795
1.12031
1.12262
1.12488
1.12708
1.12923
1.13132
1.13336
1.13533
1.13725
1.13911
1.1409
1.14262
1.14428
1.14588
1.14741
1.14887
1.15026
1.15159
1.15284
1.15402
1.15513
1.15616
1.15713
1.15801
1.15883
1.15956
1.16023
1.16081
1.16132
1.16175
1.16211
1.16238
1.16258
1.1627
1.16274
1.1627
1.16259
1.1624
1.16212
1.16177
1.16135
1.16084
1.16026
1.15959
1.15886
1.15804
1.15716
1.15619
1.15516
1.15404
1.15286
1.15161
1.15028
1.14889
1.14743
1.14591
1.14432
1.14266
1.14095
1.13917
1.13733
1.13544
1.13349
1.13148
1.12943
1.12732
1.12517
1.12297
1.12072
1.11844
1.11612
1.11376
1.11136
1.10893
1.10648
1.104
1.10149
1.09896
1.0964
1.09383
1.09124
1.08864
1.08603
1.08341
1.08078
1.07815
1.07552
1.07289
1.07026
1.06765
1.06504
1.06244
1.05986
1.0573
1.05475
1.05222
1.04971
1.04723
1.04477
1.04235
1.03995
1.03759
1.03526
1.03297
1.03071
1.02849
1.02632
1.02418
1.02208
1.02003
1.01802
1.01606
1.01414
1.01227
1.01045
1.00867
1.00695
1.00527
1.00364
1.00206
1.00053
0.99905
0.997622
0.996244
0.994917
0.993642
0.992418
0.991245
0.990124
0.989056
0.98804
0.987077
0.986166
0.985306
0.984498
0.983742
0.983039
0.98239
0.981793
0.981252
0.980764
0.98033
0.97995
0.979624
0.979352
0.979136
0.978975
0.978869
0.978821
0.978827
0.97889
0.979009
0.979187
0.979423
0.979718
0.980073
0.980488
0.980961
0.981494
0.982088
0.982742
0.983457
0.984236
0.985078
0.985983
0.986951
0.987982
0.989077
0.990237
0.99146
0.992747
0.994098
0.995514
0.996996
0.998541
1.00015
1.00182
1.00355
1.00535
1.0072
1.00912
1.01109
1.01313
1.01521
1.01735
1.01955
1.0218
1.0241
1.02644
1.02884
1.03128
1.03376
1.03627
1.03883
1.04142
1.04404
1.04669
1.04936
1.05206
1.05478
1.05751
1.06025
1.06301
1.06578
1.06855
1.07132
1.07409
1.07686
1.07962
1.08237
1.08511
1.08782
1.09051
1.09318
1.09582
1.09843
1.101
1.10354
1.10604
1.1085
1.1109
1.11326
1.11557
1.11782
1.12001
1.12214
1.12421
1.12621
1.12815
1.13002
1.13181
1.13353
1.13517
1.13673
1.13822
1.13962
1.14094
1.14218
1.14332
1.14438
1.14536
1.14624
1.14703
1.14773
1.14834
1.14885
1.14927
1.14959
1.14981
1.14994
1.14998
1.14991
1.14975
1.14949
1.14914
1.14869
1.14814
1.1475
1.14676
1.14593
1.14501
1.144
1.1429
1.1417
1.14042
1.13905
1.13759
1.13605
1.13442
1.13271
1.13092
1.12905
1.12711
1.12508
1.12298
1.1208
1.11856
1.11624
1.11386
1.11141
1.10889
1.10632
1.10368
1.10099
1.09825
1.09545
1.09261
1.08971
1.08677
1.08378
1.08076
1.0777
1.0746
1.07146
1.0683
1.06511
1.0619
1.05866
1.0554
1.05213
1.04884
1.04554
1.04223
1.03892
1.0356
1.03229
1.02898
1.02567
1.02238
1.01909
1.01582
1.01257
1.00934
1.00613
1.00295
0.999796
0.996678
0.993596
0.990553
0.987553
0.984598
0.981691
0.978835
0.976033
0.973288
0.970602
0.967978
0.965421
0.962932
0.960513
0.958168
0.955899
0.953707
0.951596
0.949568
0.947626
0.945772
0.944009
0.942337
0.940757
0.939272
0.937883
0.936592
0.9354
0.934308
0.933319
0.932431
0.931646
0.930964
0.930386
0.929912
0.929541
0.929274
0.929113
0.929055
0.929101
0.929249
0.929499
0.929851
0.930304
0.930854
0.931502
0.932246
0.933087
0.934022
0.93505
0.936168
0.937374
0.938667
0.940045
0.941507
0.94305
0.944673
0.946372
0.948148
0.949996
0.951917
0.953907
0.955964
0.958086
0.960272
0.96252
0.964828
0.967191
0.969609
0.97208
0.974601
0.97717
0.979785
0.982446
0.98515
0.987894
0.990678
0.993497
0.996351
0.999238
1.00215
1.0051
1.00807
1.01107
1.01409
1.01714
1.0202
1.02328
1.02638
1.02948
1.0326
1.03573
1.03887
1.04202
1.04517
1.04832
1.05147
1.05461
1.05775
1.06089
1.06402
1.06713
1.07024
1.07333
1.07641
1.07946
1.08249
1.0855
1.08848
1.09144
1.09436
1.09725
1.10011
1.10293
1.10571
1.10844
1.11114
1.11378
1.11637
1.11891
1.1214
1.12384
1.12621
1.12852
1.13077
1.13296
1.13508
1.13713
1.13912
1.14103
1.14287
1.14463
1.14633
1.14794
1.14948
1.15094
1.15233
1.15364
1.15486
1.15601
1.15708
1.15807
1.15898
1.15981
1.16056
1.16124
1.16184
1.16236
1.16281
1.16318
1.16348
1.16371
1.16387
1.16396
1.16398
1.16394
1.16383
1.16366
1.16343
1.16314
1.1628
1.16241
1.16196
1.16147
1.16093
1.16034
1.15971
1.15904
1.15834
1.15759
1.15682
1.15601
1.15517
1.1543
1.1534
1.15249
1.15155
1.15059
1.14961
1.14861
1.14759
1.14656
1.14551
1.14445
1.14338
1.1423
1.14121
1.14011
1.139
1.13788
1.13676
1.13564
1.13451
1.13338
1.13225
1.13112
1.12998
1.12885
1.12772
1.12659
1.12547
1.12435
1.12324
1.12214
1.12104
1.11996
1.11889
1.11784
1.11679
1.11577
1.11477
1.11379
1.11283
1.11189
1.11098
1.11009
1.10923
1.1084
1.10759
1.10682
1.10608
1.10537
1.10469
1.10405
1.10344
1.10286
1.10232
1.10181
1.10134
1.1009
1.10049
1.10011
1.09976
1.09945
1.09916
1.0989
1.09866
1.09844
1.09825
1.09808
1.09792
1.09778
1.09766
1.09754
1.09744
1.09734
1.09724
1.09714
1.09705
1.09695
1.09684
1.09673
1.0966
1.09647
1.09633
1.09617
1.09599
1.0958
1.09558
1.09535
1.0951
1.09482
1.09453
1.09421
1.09387
1.09351
1.09313
1.09272
1.09229
1.09184
1.09137
1.09088
1.09036
1.08983
1.08927
1.08869
1.0881
1.08748
1.08685
1.0862
1.08553
1.08484
1.08414
1.08341
1.08267
1.08192
1.08114
1.08035
1.07954
1.07872
1.07787
1.07701
1.07613
1.07523
1.07431
1.07336
1.0724
1.07141
1.0704
1.06936
1.0683
1.06721
1.0661
1.06496
1.06379
1.0626
1.06138
1.06013
1.05886
1.05755
1.05622
1.05486
1.05347
1.05205
1.05061
1.04913
1.04763
1.04611
1.04456
1.04298
1.04138
1.03976
1.03811
1.03644
1.03475
1.03305
1.03132
1.02958
1.02783
1.02607
1.02429
1.0225
1.02071
1.01891
1.01711
1.0153
1.01349
1.01168
1.00988
1.00808
1.00629
1.0045
1.00273
1.00096
0.999216
0.997486
0.995773
0.99408
0.992407
0.990757
0.989131
0.98753
0.985957
0.984413
0.982898
0.981414
0.979963
0.978547
0.977167
0.975823
0.974518
0.973252
0.972027
0.970843
0.969701
0.9686
0.967542
0.966526
0.965554
0.964625
0.96374
0.962897
0.962098
0.961344
0.960635
0.959967
0.959342
0.958757
0.958212
0.957709
0.957245
0.956821
0.956434
0.956086
0.955776
0.9555
0.955257
0.955046
0.954868
0.954718
0.954597
0.954502
0.954433
0.954387
0.954364
0.954364
0.954384
0.954424
0.954481
0.954554
0.954642
0.954745
0.95486
0.954988
0.955128
0.955277
0.955437
0.955606
0.955783
0.955968
0.956161
0.956362
0.95657
0.956786
0.957009
0.957239
0.957477
0.957722
0.957976
0.958238
0.95851
0.958795
0.95909
0.959398
0.959719
0.960054
0.960405
0.960773
0.96116
0.96157
0.962003
0.962459
0.962941
0.96345
0.963987
0.964555
0.965155
0.965789
0.96646
0.96717
0.96792
0.968715
0.969555
0.970444
0.971382
0.972371
0.973413
0.97451
0.975665
0.976877
0.97815
0.979483
0.980879
0.982341
0.983869
0.985465
0.987129
0.988862
0.990665
0.992537
0.99448
0.996494
0.99858
1.00074
1.00296
1.00526
1.00763
1.01007
1.01258
1.01516
1.0178
1.02051
1.02328
1.02611
1.02899
1.03194
1.03493
1.03798
1.04108
1.04421
1.04739
1.05061
1.05386
1.05714
1.06044
1.06377
1.06711
1.07047
1.07383
1.07721
1.08058
1.08395
1.08732
1.09067
1.094
1.09731
1.10059
1.10385
1.10707
1.11025
1.11338
1.11648
1.11952
1.1225
1.12543
1.12829
1.13109
1.13382
1.13647
1.13904
1.14154
1.14395
1.14628
1.14852
1.15066
1.15272
1.15468
1.15654
1.15831
1.15998
1.16154
1.163
1.16436
1.16561
1.16676
1.1678
1.16873
1.16956
1.17028
1.17089
1.17139
1.17178
1.17207
1.17225
1.17232
1.17229
1.17215
1.17191
1.17157
1.17113
1.17059
1.16995
1.16922
1.16839
1.16747
1.16647
1.16537
1.16419
1.16293
1.16159
1.16017
1.15867
1.1571
1.15547
1.15377
1.15201
1.15019
1.14831
1.14638
1.14441
1.14239
1.14033
1.13823
1.1361
1.13394
1.13176
1.12956
1.12734
1.12511
1.12288
1.12064
1.11839
1.11616
1.11393
1.11171
1.10951
1.10734
1.10518
1.10306
1.10097
1.09892
1.0969
1.09493
1.09301
1.09114
1.08932
1.08756
1.08586
1.08422
1.08265
1.08114
1.07971
1.07835
1.07706
1.07586
1.07472
1.07367
1.0727
1.07181
1.07101
1.07029
1.06965
1.0691
1.06863
1.06824
1.06794
1.06773
1.0676
1.06755
1.06758
1.0677
1.0679
1.06817
1.06853
1.06897
1.06948
1.07007
1.07073
1.07146
1.07227
1.07314
1.07407
1.07508
1.07614
1.07727
1.07845
1.07969
1.08098
1.08233
1.08372
1.08516
1.08665
1.08817
1.08974
1.09134
1.09297
1.09464
1.09634
1.09807
1.09981
1.10158
1.10336
1.10516
1.10697
1.10879
1.11062
1.11244
1.11426
1.11608
1.1179
1.1197
1.12149
1.12327
1.12502
1.12676
1.12847
1.13015
1.1318
1.13342
1.135
1.13654
1.13804
1.1395
1.14091
1.14227
1.14358
1.14484
1.14604
1.14718
1.14826
1.14929
1.15024
1.15114
1.15196
1.15272
1.15341
1.15403
1.15458
1.15506
1.15546
1.15579
1.15604
1.15622
1.15633
1.15636
1.15631
1.15619
1.15599
1.15571
1.15536
1.15493
1.15443
1.15386
1.15322
1.15251
1.15172
1.15088
1.14996
1.14898
1.14794
1.14684
1.14567
1.14445
1.14317
1.14184
1.14046
1.13902
1.13754
1.13601
1.13444
1.13284
1.13119
1.12951
1.1278
1.12606
1.12429
1.1225
1.12069
1.11885
1.117
1.11513
1.11325
1.11136
1.10946
1.10756
1.10566
1.10375
1.10185
1.09995
1.09806
1.09618
1.0943
1.09244
1.0906
1.08877
1.08696
1.08518
1.08341
1.08167
1.07996
1.07827
1.07662
1.07499
1.07339
1.07183
1.0703
1.0688
1.06734
1.06591
1.06453
1.06318
1.06187
1.0606
1.05937
1.05818
1.05703
1.05592
1.05485
1.05383
1.05285
1.05191
1.05102
1.05016
1.04935
1.04859
1.04786
1.04718
1.04655
1.04595
1.04541
1.0449
1.04444
1.04402
1.04365
1.04331
1.04302
1.04277
1.04256
1.0424
1.04227
1.04219
1.04214
1.04213
1.04216
1.04223
1.04233
1.04247
1.04265
1.04287
1.04312
1.0434
1.04372
1.04407
1.04445
1.04485
1.04529
1.04576
1.04625
1.04676
1.04731
1.04787
1.04846
1.04906
1.04968
1.05033
1.05098
1.05165
1.05233
1.05303
1.05373
1.05443
1.05515
1.05586
1.05658
1.0573
1.05801
1.05872
1.05941
1.0601
1.06078
1.06144
1.06209
1.06271
1.06332
1.0639
1.06446
1.06499
1.06549
1.06595
1.06639
1.06678
1.06714
1.06746
1.06774
1.06797
1.06817
1.06831
1.06841
1.06846
1.06846
1.06841
1.06831
1.06816
1.06795
1.06768
1.06737
1.067
1.06657
1.06609
1.06555
1.06496
1.06431
1.06361
1.06286
1.06205
1.0612
1.0603
1.05934
1.05835
1.0573
1.05622
1.05509
1.05393
1.05273
1.0515
1.05024
1.04895
1.04763
1.0463
1.04494
1.04357
1.04219
1.04079
1.03939
1.03799
1.0366
1.0352
1.03382
1.03244
1.03109
1.02975
1.02843
1.02714
1.02587
1.02464
1.02345
1.02229
1.02118
1.02011
1.01908
1.01811
1.01718
1.01632
1.01551
1.01476
1.01407
1.01345
1.01289
1.01239
1.01196
1.0116
1.01131
1.01108
1.01092
1.01084
1.01082
1.01087
1.011
1.01119
1.01144
1.01177
1.01216
1.01261
1.01313
1.0137
1.01433
1.01502
1.01576
1.01655
1.01739
1.01828
1.01921
1.02017
1.02118
1.02221
1.02328
1.02437
1.02549
1.02663
1.02779
1.02896
1.03014
1.03132
1.03251
1.03371
1.03489
1.03608
1.03725
1.03841
1.03955
1.04068
1.04178
1.04285
1.0439
1.04492
1.0459
1.04685
1.04775
1.04862
1.04944
1.05022
1.05095
1.05164
1.05227
1.05285
1.05338
1.05386
1.05428
1.05465
1.05496
1.05522
1.05542
1.05557
1.05566
1.05569
1.05567
1.05559
1.05546
1.05528
1.05505
1.05477
1.05444
1.05406
1.05364
1.05317
1.05265
1.0521
1.05151
1.05088
1.05021
1.04952
1.04879
1.04804
1.04726
1.04646
1.04564
1.0448
1.04395
1.04309
1.04221
1.04133
1.04044
1.03955
1.03867
1.03778
1.0369
1.03603
1.03517
1.03433
1.0335
1.03269
1.0319
1.03113
1.03038
1.02966
1.02896
1.02829
1.02765
1.02704
1.02646
1.02591
1.0254
1.02492
1.02447
1.02406
1.02369
1.02336
1.02306
1.0228
1.02257
1.02238
1.02223
1.02211
1.02203
1.02198
1.02197
1.02199
1.02204
1.02213
1.02224
1.02239
1.02257
1.02277
1.023
1.02326
1.02354
1.02384
1.02416
1.0245
1.02486
1.02524
1.02564
1.02604
1.02647
1.0269
1.02735
1.0278
1.02826
1.02873
1.02921
1.02969
1.03017
1.03066
1.03115
1.03164
1.03214
1.03263
1.03313
1.03362
1.03411
1.0346
1.03508
1.03557
1.03605
1.03654
1.03701
1.03749
1.03796
1.03844
1.03891
1.03938
1.03984
1.04031
1.04078
1.04124
1.0417
1.04217
1.04264
1.04311
1.04358
1.04406
1.04454
1.04503
1.04552
1.04603
1.04654
1.04706
1.0476
1.04814
1.04871
1.04928
1.04986
1.05047
1.05108
1.05171
1.05236
1.05303
1.05371
1.05441
1.05513
1.05587
1.05663
1.0574
1.0582
1.05901
1.05984
1.06068
1.06155
1.06243
1.06334
1.06425
1.06519
1.06613
1.06709
1.06805
1.06903
1.07002
1.07101
1.072
1.073
1.07401
1.07501
1.076
1.07699
1.07798
1.07895
1.07992
1.08087
1.0818
1.08271
1.0836
1.08447
1.08531
1.08612
1.0869
1.08765
1.08836
1.08903
1.08966
1.09025
1.09079
1.09128
1.09172
1.09211
1.09245
1.09273
1.09296
1.09313
1.09324
1.09329
1.09328
1.09321
1.09308
1.09289
1.09264
1.09232
1.09194
1.09151
1.09101
1.09045
1.08983
1.08916
1.08842
1.08764
1.08681
1.08592
1.08499
1.08402
1.083
1.08195
1.08085
1.07973
1.07857
1.07739
1.07617
1.07494
1.07368
1.07241
1.07113
1.06984
1.06855
1.06726
1.06596
1.06468
1.06341
1.06215
1.06091
1.05969
1.0585
1.05733
1.0562
1.0551
1.05404
1.05302
1.05205
1.05112
1.05025
1.04942
1.04866
1.04795
1.04729
1.04671
1.04618
1.04572
1.04532
1.045
1.04474
1.04455
1.04443
1.04438
1.0444
1.04449
1.04465
1.04488
1.04519
1.04556
1.046
1.04651
1.04709
1.04773
1.04844
1.04921
1.05005
1.05095
1.0519
1.05292
1.05399
1.05512
1.0563
1.05753
1.05881
1.06013
1.0615
1.06292
1.06438
1.06587
1.06741
1.06898
1.07058
1.07222
1.07389
1.07558
1.0773
1.07905
1.08081
1.0826
1.08441
1.08623
1.08807
1.08992
1.09178
1.09365
1.09553
1.09742
1.09931
1.10121
1.10311
1.10501
1.10691
1.1088
1.1107
1.11259
1.11447
1.11634
1.11821
1.12006
1.1219
1.12373
1.12555
1.12734
1.12912
1.13089
1.13263
1.13435
1.13604
1.13772
1.13937
1.14099
1.14258
1.14415
1.14569
1.1472
1.14868
1.15012
1.15153
1.15291
1.15425
1.15555
1.15682
1.15805
1.15924
1.16039
1.1615
1.16257
1.1636
1.16459
1.16553
1.16642
1.16728
1.16808
1.16884
1.16956
1.17022
1.17084
1.17142
1.17194
1.17241
1.17283
1.17321
1.17353
1.17381
1.17403
1.1742
1.17432
1.17439
1.17441
1.17438
1.17429
1.17416
1.17397
1.17373
1.17344
1.1731
1.17271
1.17226
1.17176
1.17121
1.17061
1.16996
1.16925
1.1685
1.16768
1.16682
1.1659
1.16493
1.16391
1.16284
1.16171
1.16054
1.15931
1.15803
1.1567
1.15532
1.15388
1.1524
1.15086
1.14926
1.14762
1.14592
1.14418
1.14238
1.14054
1.13864
1.13669
1.13469
1.13264
1.13054
1.1284
1.12621
1.12397
1.12169
1.11936
1.11698
1.11456
1.1121
1.1096
1.10706
1.10448
1.10186
1.09921
1.09652
1.09379
1.09104
1.08826
1.08544
1.08261
1.07975
1.07687
1.07396
1.07105
1.06812
1.06517
1.06222
1.05926
1.05629
1.05333
1.05037
1.04741
1.04446
1.04152
1.03859
1.03569
1.0328
1.02994
1.0271
1.02429
1.02151
1.01877
1.01606
1.0134
1.01078
1.00821
1.00569
1.00322
1.00081
0.998456
0.996166
0.99394
0.991781
0.989692
0.987674
0.985731
0.983864
0.982076
0.980369
0.978744
0.977205
0.975751
0.974386
0.973111
0.971926
0.970831
0.969829
0.96892
0.968105
0.967387
0.966764
0.966237
0.965806
0.965469
0.965228
0.965083
0.965031
0.965074
0.965211
0.965441
0.965763
0.966177
0.96668
0.967274
0.967955
0.968724
0.969578
0.970517
0.971539
0.972641
0.97382
0.975074
0.976401
0.9778
0.979267
0.980801
0.982398
0.984056
0.985775
0.987551
0.989379
0.991258
0.993186
0.99516
0.997176
0.999231
1.00132
1.00345
1.0056
1.00778
1.00999
1.01222
1.01446
1.01672
1.01898
1.02126
1.02355
1.02583
1.02812
1.03041
1.03268
1.03495
1.0372
1.03944
1.04166
1.04386
1.04604
1.04819
1.05032
1.05242
1.05448
1.05651
1.0585
1.06046
1.06237
1.06424
1.06606
1.06784
1.06957
1.07125
1.07288
1.07446
1.07599
1.07746
1.07888
1.08025
1.08155
1.0828
1.084
1.08513
1.08621
1.08722
1.08818
1.08908
1.08992
1.09071
1.09144
1.0921
1.09271
1.09326
1.09374
1.09418
1.09455
1.09488
1.09515
1.09536
1.09552
1.09563
1.09569
1.0957
1.09565
1.09556
1.09542
1.09524
1.09501
1.09473
1.09441
1.09405
1.09365
1.09321
1.09274
1.09223
1.09169
1.09111
1.0905
1.08987
1.08921
1.08852
1.0878
1.08706
1.08631
1.08553
1.08473
1.08392
1.08309
1.08225
1.0814
1.08054
1.07967
1.07879
1.0779
1.07701
1.07612
1.07523
1.07434
1.07345
1.07257
1.07169
1.07081
1.06994
1.06908
1.06823
1.0674
1.06657
1.06576
1.06496
1.06418
1.06341
1.06266
1.06193
1.06121
1.06052
1.05984
1.05919
1.05855
1.05794
1.05736
1.0568
1.05626
1.05575
1.05526
1.0548
1.05436
1.05395
1.05357
1.05322
1.05289
1.05259
1.05231
1.05206
1.05183
1.05163
1.05146
1.05131
1.05118
1.05108
1.05101
1.05095
1.05092
1.05091
1.05092
1.05096
1.05101
1.05109
1.05119
1.0513
1.05144
1.0516
1.05177
1.05196
1.05217
1.0524
1.05265
1.05291
1.05318
1.05348
1.05378
1.0541
1.05444
1.05479
1.05515
1.05553
1.05592
1.05632
1.05673
1.05716
1.05759
1.05804
1.0585
1.05896
1.05944
1.05993
1.06042
1.06093
1.06144
1.06196
1.06249
1.06302
1.06356
1.06411
1.06466
1.06521
1.06577
1.06633
1.0669
1.06747
1.06803
1.0686
1.06917
1.06974
1.0703
1.07086
1.07142
1.07197
1.07251
1.07306
1.07359
1.07412
1.07463
1.07514
1.07564
1.07612
1.07659
1.07705
1.0775
1.07792
1.07834
1.07873
1.07911
1.07947
1.0798
1.08012
1.08042
1.0807
1.08095
1.08118
1.08139
1.08157
1.08173
1.08187
1.08198
1.08206
1.08212
1.08215
1.08216
1.08213
1.08208
1.08201
1.0819
1.08177
1.08162
1.08143
1.08123
1.08099
1.08073
1.08044
1.08013
1.0798
1.07944
1.07906
1.07866
1.07823
1.07779
1.07733
1.07684
1.07634
1.07582
1.07529
1.07474
1.07418
1.07361
1.07303
1.07244
1.07184
1.07124
1.07063
1.07001
1.0694
1.06878
1.06817
1.06756
1.06695
1.06635
1.06575
1.06516
1.06458
1.06401
1.06345
1.0629
1.06237
1.06185
1.06136
1.06087
1.06041
1.05996
1.05954
1.05913
1.05875
1.05839
1.05806
1.05775
1.05746
1.05719
1.05695
1.05674
1.05654
1.05638
1.05623
1.05611
1.05602
1.05595
1.0559
1.05588
1.05587
1.05589
1.05593
1.05599
1.05607
1.05617
1.05629
1.05643
1.05658
1.05675
1.05693
1.05712
1.05733
1.05755
1.05778
1.05801
1.05825
1.0585
1.05875
1.059
1.05925
1.05951
1.05976
1.06002
1.06027
1.06051
1.06075
1.06098
1.06121
1.06142
1.06162
1.06181
1.06198
1.06214
1.06229
1.06241
1.06252
1.06261
1.06268
1.06273
1.06275
1.06276
1.06274
1.0627
1.06263
1.06254
1.06241
1.06227
1.06209
1.06189
1.06166
1.0614
1.06111
1.0608
1.06045
1.06007
1.05967
1.05923
1.05877
1.05828
1.05775
1.0572
1.05662
1.056
1.05537
1.0547
1.05401
1.05329
1.05255
1.05178
1.05099
1.05017
1.04933
1.04847
1.04758
1.04667
1.04574
1.04479
1.04382
1.04283
1.04183
1.04081
1.03977
1.03872
1.03766
1.03658
1.0355
1.0344
1.0333
1.03219
1.03107
1.02995
1.02883
1.0277
1.02658
1.02546
1.02434
1.02323
1.02213
1.02103
1.01994
1.01887
1.01781
1.01678
1.01576
1.01476
1.01379
1.01284
1.01192
1.01103
1.01017
1.00934
1.00855
1.0078
1.0071
1.00643
1.00581
1.00524
1.00472
1.00425
1.00383
1.00347
1.00316
1.00291
1.00272
1.00259
1.00252
1.00251
1.00257
1.0027
1.00289
1.00314
1.00346
1.00385
1.0043
1.00483
1.00541
1.00607
1.00679
1.00758
1.00843
1.00934
1.01032
1.01136
1.01247
1.01362
1.01484
1.01611
1.01743
1.0188
1.02022
1.02168
1.0232
1.02475
1.02634
1.02797
1.02963
1.03133
1.03306
1.03481
1.03659
1.0384
1.04022
1.04205
1.04391
1.04578
1.04765
1.04953
1.05142
1.05331
1.0552
1.05709
1.05896
1.06083
1.06269
1.06454
1.06638
1.06819
1.06999
1.07177
1.07352
1.07525
1.07695
1.07862
1.08026
1.08186
1.08344
1.08497
1.08647
1.08793
1.08935
1.09073
1.09206
1.09336
1.0946
1.0958
1.09696
1.09807
1.09913
1.10013
1.10109
1.102
1.10285
1.10365
1.1044
1.1051
1.10574
1.10632
1.10686
1.10734
1.10776
1.10813
1.10845
1.10871
1.10892
1.10908
1.10919
1.10924
1.10925
1.1092
1.1091
1.10895
1.10876
1.10852
1.10823
1.1079
1.10753
1.10711
1.10665
1.10615
1.10561
1.10504
1.10443
1.10378
1.1031
1.10239
1.10165
1.10088
1.10009
1.09927
1.09844
1.09758
1.0967
1.09581
1.0949
1.09398
1.09305
1.09212
1.09117
1.09022
1.08927
1.08831
1.08736
1.0864
1.08545
1.0845
1.08356
1.08263
1.0817
1.08079
1.07989
1.079
1.07813
1.07728
1.07645
1.07563
1.07483
1.07406
1.0733
1.07257
1.07186
1.07118
1.07052
1.06989
1.06928
1.0687
1.06815
1.06762
1.06712
1.06665
1.06621
1.0658
1.06541
1.06505
1.06472
1.06442
1.06414
1.06389
1.06367
1.06347
1.0633
1.06316
1.06304
1.06294
1.06287
1.06283
1.06281
1.06281
1.06284
1.06289
1.06297
1.06306
1.06318
1.06332
1.06348
1.06366
1.06386
1.06409
1.06434
1.0646
1.06489
1.0652
1.06552
1.06587
1.06623
1.06662
1.06703
1.06745
1.06789
1.06835
1.06883
1.06933
1.06985
1.07039
1.07094
1.07152
1.07212
1.07273
1.07337
1.07402
1.07469
1.07538
1.07609
1.07682
1.07756
1.07832
1.0791
1.0799
1.08071
1.08153
1.08238
1.08323
1.08411
1.08499
1.08589
1.0868
1.08773
1.08866
1.08961
1.09056
1.09152
1.09249
1.09347
1.09445
1.09543
1.09641
1.09739
1.09838
1.09936
1.10033
1.1013
1.10226
1.10322
1.10415
1.10508
1.10598
1.10687
1.10774
1.10858
1.10941
1.1102
1.11097
1.1117
1.1124
1.11306
1.11369
1.11427
1.11481
1.1153
1.11575
1.11615
1.11649
1.11677
1.117
1.11718
1.11729
1.11734
1.11733
1.11725
1.1171
1.11689
1.1166
1.11625
1.11582
1.11532
1.11475
1.11411
1.11339
1.11259
1.11173
1.11078
1.10977
1.10868
1.10752
1.10629
1.10499
1.10362
1.10219
1.10069
1.09912
1.0975
1.09581
1.09407
1.09228
1.09044
1.08854
1.08661
1.08463
1.08261
1.08056
1.07848
1.07637
1.07424
1.07209
1.06992
1.06774
1.06555
1.06336
1.06116
1.05896
1.05678
1.0546
1.05244
1.05029
1.04817
1.04607
1.04401
1.04197
1.03997
1.03801
1.0361
1.03423
1.03241
1.03064
1.02892
1.02727
1.02567
1.02413
1.02266
1.02125
1.0199
1.01862
1.01741
1.01627
1.0152
1.0142
1.01326
1.0124
1.01161
1.01089
1.01024
1.00967
1.00916
1.00872
1.00835
1.00805
1.00782
1.00765
1.00755
1.00751
1.00753
1.00761
1.00776
1.00796
1.00822
1.00853
1.0089
1.00932
1.00978
1.0103
1.01086
1.01145
1.01209
1.01276
1.01347
1.01421
1.01498
1.01577
1.01659
1.01742
1.01828
1.01915
1.02003
1.02092
1.02183
1.02273
1.02363
1.02454
1.02543
1.02632
1.0272
1.02807
1.02892
1.02976
1.03057
1.03136
1.03213
1.03287
1.03358
1.03426
1.0349
1.03551
1.03608
1.03662
1.03711
1.03757
1.03798
1.03835
1.03867
1.03895
1.03918
1.03937
1.03951
1.0396
1.03965
1.03965
1.03961
1.03952
1.03938
1.03921
1.03899
1.03873
1.03843
1.0381
1.03772
1.03732
1.03687
1.0364
1.03589
1.03536
1.0348
1.03422
1.03362
1.03299
1.03235
1.0317
1.03104
1.03037
1.02969
1.029
1.02832
1.02764
1.02696
1.02628
1.02562
1.02496
1.02431
1.02368
1.02307
1.02247
1.02189
1.02133
1.0208
1.02029
1.01981
1.01936
1.01893
1.01854
1.01818
1.01785
1.01756
1.01731
1.01709
1.01691
1.01677
1.01667
1.01661
1.01659
1.01661
1.01667
1.01677
1.01691
1.0171
1.01733
1.0176
1.01791
1.01826
1.01866
1.01909
1.01957
1.02008
1.02064
1.02123
1.02186
1.02252
1.02323
1.02397
1.02474
1.02554
1.02638
1.02724
1.02814
1.02906
1.03001
1.03098
1.03198
1.033
1.03404
1.0351
1.03618
1.03728
1.03839
1.03951
1.04065
1.0418
1.04295
1.04411
1.04528
1.04645
1.04762
1.04879
1.04996
1.05113
1.05229
1.05345
1.05459
1.05573
1.05685
1.05796
1.05906
1.06013
1.06119
1.06223
1.06324
1.06424
1.06521
1.06615
1.06706
1.06794
1.0688
1.06962
1.07041
1.07117
1.0719
1.07259
1.07325
1.07387
1.07446
1.07501
1.07553
1.07601
1.07646
1.07687
1.07724
1.07758
1.07788
1.07815
1.07838
1.07858
1.07874
1.07887
1.07896
1.07903
1.07906
1.07906
1.07904
1.07899
1.0789
1.0788
1.07866
1.07851
1.07833
1.07813
1.07791
1.07767
1.07741
1.07714
1.07685
1.07654
1.07623
1.0759
1.07556
1.07522
1.07486
1.0745
1.07414
1.07376
1.07339
1.07301
1.07264
1.07226
1.07188
1.0715
1.07112
1.07074
1.07036
1.06999
1.06962
1.06925
1.06888
1.06851
1.06815
1.06779
1.06744
1.06709
1.06674
1.0664
1.06605
1.06571
1.06537
1.06504
1.0647
1.06437
1.06404
1.0637
1.06337
1.06304
1.06271
1.06237
1.06204
1.0617
1.06136
1.06103
1.06068
1.06034
1.06
1.05965
1.0593
1.05894
1.05858
1.05822
1.05785
1.05749
1.05711
1.05674
1.05637
1.056
1.05562
1.05525
1.05488
1.05451
1.05413
1.05377
1.0534
1.05304
1.05269
1.05234
1.052
1.05167
1.05135
1.05104
1.05075
1.05048
1.05022
1.04999
1.04977
1.04957
1.0494
1.04926
1.04914
1.04905
1.04899
1.04897
1.04898
1.04902
1.04911
1.04923
1.0494
1.0496
1.04985
1.05014
1.05047
1.05084
1.05126
1.05173
1.05224
1.0528
1.0534
1.05405
1.05475
1.05549
1.05628
1.05711
1.05799
1.05891
1.05988
1.06088
1.06193
1.06301
1.06414
1.0653
1.06649
1.06771
1.06897
1.07026
1.07157
1.07291
1.07426
1.07564
1.07704
1.07844
1.07987
1.0813
1.08274
1.08418
1.08563
1.08708
1.08852
1.08997
1.0914
1.09282
1.09424
1.09563
1.09702
1.09838
1.09972
1.10104
1.10234
1.10361
1.10485
1.10607
1.10725
1.1084
1.10951
1.1106
1.11164
1.11265
1.11362
1.11456
1.11545
1.1163
1.11712
1.11789
1.11861
1.1193
1.11994
1.12054
1.1211
1.12161
1.12209
1.12252
1.1229
1.12325
1.12355
1.12381
1.12404
1.12422
1.12436
1.12447
1.12453
1.12456
1.12456
1.12452
1.12445
1.12434
1.1242
1.12403
1.12383
1.1236
1.12334
1.12305
1.12274
1.1224
1.12204
1.12165
1.12124
1.1208
1.12035
1.11988
1.11939
1.11888
1.11836
1.11783
1.11728
1.11672
1.11615
1.11558
1.11499
1.1144
1.11381
1.11321
1.11261
1.11201
1.11142
1.11082
1.11023
1.10964
1.10906
1.10849
1.10792
1.10737
1.10683
1.1063
1.10579
1.10529
1.10482
1.10436
1.10392
1.1035
1.10311
1.10273
1.10238
1.10206
1.10176
1.10149
1.10124
1.10102
1.10083
1.10067
1.10054
1.10044
1.10038
1.10034
1.10033
1.10035
1.10041
1.10049
1.10061
1.10076
1.10093
1.10114
1.10137
1.10164
1.10193
1.10224
1.10259
1.10296
1.10335
1.10378
1.10422
