0.800135
0.800428
0.800685
0.800907
0.801091
0.801237
0.801344
0.80141
0.801437
0.801424
0.80137
0.801273
0.801133
0.80095
0.800723
0.800453
0.800138
0.799778
0.799374
0.798924
0.79843
0.797891
0.797308
0.796678
0.796003
0.795281
0.794514
0.7937
0.792842
0.791937
0.790988
0.789994
0.788956
0.787872
0.786744
0.785572
0.784358
0.783102
0.781803
0.780461
0.779078
0.777654
0.776189
0.774685
0.773141
0.771557
0.769934
0.768274
0.766576
0.764842
0.763071
0.761265
0.759424
0.757551
0.755646
0.753709
0.751741
0.749743
0.747716
0.745661
0.74358
0.741474
0.739342
0.737186
0.735007
0.732807
0.730586
0.728346
0.726088
0.723812
0.72152
0.719215
0.716897
0.714567
0.712226
0.709876
0.707518
0.705152
0.702782
0.700409
0.698035
0.695661
0.693288
0.690919
0.688554
0.686196
0.683846
0.681506
0.679179
0.676866
0.674568
0.672289
0.67003
0.667793
0.665581
0.663396
0.661242
0.659119
0.657031
0.65498
0.652968
0.650997
0.64907
0.647188
0.645354
0.64357
0.641838
0.640161
0.638541
0.636982
0.635485
0.634051
0.632683
0.631383
0.630153
0.628993
0.627906
0.626893
0.625956
0.625096
0.624314
0.623611
0.622988
0.622446
0.621986
0.621609
0.621315
0.621104
0.620976
0.620931
0.62097
0.62109
0.621292
0.621575
0.621938
0.62238
0.6229
0.623496
0.624167
0.624912
0.625729
0.626617
0.627572
0.628594
0.629681
0.630831
0.632041
0.633307
0.634629
0.636003
0.637427
0.6389
0.640416
0.641974
0.64357
0.645202
0.646866
0.64856
0.650281
0.652024
0.653787
0.655567
0.65736
0.659165
0.660977
0.662792
0.664609
0.666422
0.668229
0.670026
0.67181
0.673578
0.675326
0.67705
0.678748
0.680417
0.682052
0.683654
0.685217
0.68674
0.688218
0.689649
0.691031
0.692359
0.693632
0.694848
0.696003
0.697098
0.698128
0.699093
0.69999
0.700818
0.701575
0.702259
0.70287
0.703406
0.703866
0.704249
0.704554
0.704782
0.704931
0.705003
0.704995
0.704909
0.704745
0.704503
0.704183
0.703786
0.703312
0.702763
0.70214
0.701444
0.700677
0.69984
0.698936
0.697967
0.696934
0.69584
0.694687
0.693477
0.692213
0.690898
0.689535
0.688129
0.686681
0.685195
0.683673
0.68212
0.680538
0.678932
0.677305
0.675663
0.674006
0.67234
0.670668
0.668995
0.667323
0.665656
0.663999
0.662355
0.660729
0.659125
0.657546
0.655996
0.654478
0.652998
0.651558
0.650161
0.64881
0.647509
0.646261
0.645069
0.643935
0.642862
0.641853
0.640911
0.640037
0.639233
0.638502
0.637846
0.637266
0.636763
0.63634
0.635996
0.635733
0.635551
0.635451
0.635434
0.635501
0.63565
0.635882
0.636196
0.63659
0.637065
0.63762
0.638256
0.63897
0.63976
0.640625
0.641562
0.642571
0.643649
0.644795
0.646005
0.647279
0.648612
0.650003
0.65145
0.652949
0.654497
0.656092
0.65773
0.659409
0.661125
0.662876
0.664658
0.666468
0.668301
0.670156
0.67203
0.673919
0.675818
0.677726
0.679638
0.681551
0.683463
0.685369
0.687268
0.689155
0.691028
0.692886
0.694724
0.69654
0.698332
0.700095
0.701827
0.703526
0.70519
0.706815
0.708401
0.709946
0.711446
0.712901
0.714308
0.715667
0.716977
0.718235
0.719441
0.720592
0.721688
0.722729
0.723714
0.724642
0.725512
0.726325
0.727081
0.72778
0.728421
0.729005
0.72953
0.729998
0.730409
0.730763
0.731061
0.731303
0.731491
0.731626
0.731708
0.731739
0.731718
0.731649
0.731533
0.731371
0.731165
0.730914
0.730622
0.730289
0.729917
0.729507
0.729061
0.72858
0.728064
0.727516
0.726938
0.726331
0.725695
0.725034
0.724349
0.723641
0.722912
0.722162
0.721393
0.720606
0.719802
0.718983
0.718149
0.717301
0.716441
0.715568
0.714685
0.713792
0.71289
0.71198
0.711064
0.71014
0.709211
0.708278
0.707341
0.706401
0.705458
0.704513
0.703569
0.702625
0.701682
0.70074
0.699801
0.698866
0.697933
0.697005
0.696082
0.695164
0.694253
0.693349
0.692454
0.691568
0.690692
0.689827
0.688974
0.688134
0.687307
0.686494
0.685697
0.684916
0.684152
0.683406
0.682679
0.681971
0.681283
0.680617
0.679973
0.679352
0.678755
0.678183
0.677635
0.677114
0.676621
0.676155
0.675717
0.675307
0.674927
0.674577
0.674257
0.673967
0.673707
0.673477
0.673279
0.67311
0.672972
0.672866
0.672791
0.672746
0.672732
0.672746
0.672789
0.672861
0.67296
0.673086
0.673238
0.673417
0.673622
0.673853
0.674107
0.674385
0.674684
0.675003
0.675342
0.6757
0.676074
0.676465
0.676872
0.677295
0.67773
0.678178
0.678636
0.679104
0.67958
0.680064
0.680553
0.681048
0.681548
0.682052
0.682559
0.683067
0.683576
0.684085
0.684593
0.6851
0.685606
0.686108
0.686608
0.687105
0.687599
0.688089
0.688574
0.689054
0.689528
0.689998
0.690462
0.69092
0.691373
0.69182
0.692262
0.692699
0.693132
0.69356
0.693984
0.694405
0.694823
0.695238
0.695652
0.696064
0.696476
0.696889
0.697301
0.697715
0.698132
0.698552
0.698976
0.699403
0.699836
0.700274
0.700719
0.701171
0.701631
0.702101
0.70258
0.703069
0.703569
0.70408
0.704604
0.705142
0.705694
0.70626
0.706841
0.70744
0.708055
0.708687
0.709337
0.710005
0.710692
0.711399
0.712125
0.712871
0.713637
0.714423
0.715229
0.716057
0.716906
0.717776
0.718668
0.71958
0.720513
0.721466
0.72244
0.723434
0.724447
0.72548
0.726531
0.727601
0.728689
0.729794
0.730915
0.732052
0.733204
0.73437
0.735551
0.736744
0.73795
0.739168
0.740395
0.74163
0.742873
0.744122
0.745377
0.746636
0.747897
0.749159
0.750422
0.751683
0.752942
0.754196
0.755444
0.756685
0.757917
0.759139
0.76035
0.761549
0.762734
0.763904
0.765056
0.76619
0.767305
0.768398
0.769467
0.770513
0.771535
0.77253
0.773497
0.774434
0.775339
0.776213
0.777054
0.77786
0.778631
0.779367
0.780066
0.780728
0.78135
0.781934
0.782477
0.782979
0.783441
0.78386
0.784237
0.784571
0.784862
0.785109
0.785313
0.785474
0.785592
0.785667
0.785699
0.785688
0.785634
0.785538
0.785401
0.785223
0.785004
0.784747
0.784451
0.784119
0.783748
0.783342
0.7829
0.782423
0.781912
0.781368
0.780793
0.780187
0.779552
0.778888
0.778197
0.777479
0.776736
0.77597
0.775181
0.77437
0.773538
0.772687
0.771817
0.77093
0.770025
0.769106
0.768175
0.76723
0.766275
0.765308
0.764332
0.763346
0.762352
0.761349
0.760339
0.759322
0.758301
0.757274
0.756242
0.755204
0.754162
0.753116
0.752065
0.751011
0.749955
0.748896
0.747833
0.746769
0.745703
0.744635
0.743565
0.742493
0.741421
0.740348
0.739275
0.738201
0.737129
0.736056
0.734984
0.733913
0.732844
0.731778
0.730715
0.729654
0.728596
0.727543
0.726495
0.725452
0.724416
0.723387
0.722366
0.721354
0.720351
0.719359
0.71838
0.717413
0.71646
0.715521
0.714597
0.71369
0.712802
0.711932
0.711082
0.710252
0.709445
0.70866
0.707899
0.707164
0.706456
0.705774
0.705121
0.704497
0.703902
0.703337
0.702802
0.7023
0.70183
0.701394
0.70099
0.700621
0.700286
0.699984
0.699716
0.699485
0.699287
0.699125
0.698996
0.698902
0.698842
0.698815
0.698821
0.69886
0.698931
0.699035
0.699169
0.699334
0.699529
0.699752
0.700004
0.700285
0.700592
0.700926
0.701285
0.701668
0.702072
0.7025
0.702948
0.703418
0.703908
0.704415
0.70494
0.705481
0.706037
0.706608
0.707191
0.707788
0.708397
0.709017
0.709648
0.710288
0.710936
0.711592
0.712255
0.712924
0.7136
0.714281
0.714967
0.715658
0.716352
0.717051
0.717754
0.71846
0.71917
0.719884
0.720599
0.721318
0.72204
0.722765
0.723493
0.724224
0.724958
0.725695
0.726435
0.727178
0.727922
0.72867
0.72942
0.730173
0.730927
0.731684
0.732441
0.7332
0.73396
0.73472
0.73548
0.736239
0.736997
0.737753
0.738509
0.739262
0.740012
0.740758
0.741499
0.742234
0.742962
0.743683
0.744394
0.745096
0.745786
0.746465
0.747131
0.747783
0.74842
0.749041
0.749646
0.750232
0.750797
0.751341
0.751861
0.752358
0.75283
0.753276
0.753695
0.754086
0.754449
0.754783
0.755088
0.755362
0.755606
0.755819
0.756001
0.756151
0.756268
0.756354
0.756408
0.756429
0.756418
0.756374
0.756299
0.756192
0.756054
0.755886
0.755688
0.755458
0.7552
0.754914
0.754599
0.754258
0.753889
0.753495
0.753075
0.752631
0.752163
0.751674
0.751165
0.750635
0.750087
0.749519
0.748935
0.748335
0.747721
0.747093
0.746453
0.745802
0.74514
0.744471
0.743794
0.743112
0.742425
0.741736
0.741044
0.740351
0.739658
0.738966
0.738275
0.737586
0.7369
0.736219
0.735542
0.734871
0.734207
0.73355
0.732902
0.732264
0.731635
0.731016
0.730409
0.729812
0.729227
0.728654
0.728093
0.727545
0.72701
0.726489
0.725984
0.725493
0.725015
0.724551
0.724102
0.723667
0.723245
0.722837
0.722443
0.722063
0.721698
0.721347
0.721011
0.720689
0.72038
0.720084
0.719802
0.719533
0.719278
0.719036
0.718807
0.718591
0.718387
0.718195
0.718016
0.717849
0.717693
0.717549
0.717415
0.717294
0.717183
0.717083
0.716993
0.716914
0.716844
0.716784
0.716733
0.716691
0.716657
0.716631
0.716612
0.716599
0.716592
0.716591
0.716595
0.716603
0.716616
0.716632
0.716651
0.716672
0.716693
0.716715
0.716736
0.716755
0.716772
0.716785
0.716793
0.716793
0.716786
0.71677
0.716743
0.716705
0.716655
0.716589
0.716508
0.71641
0.716293
0.716155
0.715996
0.715814
0.715606
0.715372
0.715109
0.714818
0.714495
0.71414
0.713751
0.713327
0.712866
0.712368
0.71183
0.711252
0.710633
0.709971
0.709266
0.708516
0.707722
0.706881
0.705994
0.70506
0.704079
0.703051
0.701975
0.70085
0.699677
0.698457
0.697189
0.695874
0.694514
0.69311
0.691661
0.690169
0.688635
0.687059
0.685444
0.683791
0.682101
0.680378
0.678621
0.676834
0.675018
0.673175
0.671308
0.66942
0.667513
0.665589
0.663651
0.661702
0.659745
0.657781
0.655815
0.653849
0.651886
0.649929
0.64798
0.646043
0.64412
0.642215
0.64033
0.638468
0.636632
0.634824
0.633048
0.631305
0.629599
0.627931
0.626305
0.624722
0.623185
0.621695
0.620255
0.618866
0.61753
0.616251
0.615028
0.613865
0.61276
0.611717
0.610735
0.609817
0.608963
0.608175
0.607451
0.606793
0.606201
0.605674
0.605213
0.604819
0.60449
0.604227
0.60403
0.603897
0.603829
0.603825
0.603885
0.604006
0.60419
0.604435
0.604739
0.605101
0.60552
0.605998
0.606532
0.607119
0.607758
0.608447
0.609187
0.609974
0.610807
0.611686
0.612609
0.613573
0.614577
0.61562
0.6167
0.617816
0.618966
0.620151
0.621366
0.622611
0.623885
0.625185
0.626511
0.627863
0.629237
0.630633
0.63205
0.633486
0.634939
0.636409
0.637894
0.639393
0.640905
0.64243
0.643967
0.645515
0.647075
0.648643
0.650219
0.651802
0.653392
0.654988
0.656589
0.658194
0.659803
0.661414
0.663027
0.664642
0.666257
0.667872
0.669486
0.671099
0.67271
0.674318
0.675923
0.677523
0.67912
0.680712
0.682297
0.683877
0.685449
0.687014
0.68857
0.690116
0.691652
0.693178
0.694691
0.696193
0.697682
0.699157
0.700618
0.702064
0.703494
0.704908
0.706304
0.707684
0.709045
0.710387
0.71171
0.713014
0.714298
0.715562
0.716805
0.718028
0.719231
0.720413
0.721576
0.722719
0.723841
0.724942
0.726023
0.727083
0.728124
0.729147
0.730152
0.731139
0.732108
0.733061
0.733998
0.734919
0.735823
0.736713
0.737589
0.738452
0.739302
0.740142
0.74097
0.741788
0.742596
0.743395
0.744185
0.744967
0.74574
0.746507
0.747266
0.748018
0.748764
0.749504
0.750237
0.750963
0.751684
0.752398
0.753106
0.753808
0.754501
0.755187
0.755866
0.756536
0.757198
0.75785
0.758491
0.759122
0.75974
0.760344
0.760933
0.761506
0.762063
0.762601
0.763119
0.763616
0.764092
0.764544
0.76497
0.765369
0.76574
0.766083
0.766395
0.766675
0.766921
0.767132
0.767306
0.767443
0.767542
0.767601
0.767619
0.767595
0.767529
0.767419
0.767264
0.767064
0.766817
0.766522
0.76618
0.76579
0.765351
0.764864
0.764328
0.763741
0.763104
0.762418
0.761681
0.760896
0.760061
0.759177
0.758245
0.757264
0.756237
0.755162
0.754042
0.752877
0.751668
0.750415
0.749119
0.747782
0.746404
0.744986
0.743531
0.742039
0.740511
0.73895
0.737356
0.735731
0.734076
0.732394
0.730685
0.728952
0.727197
0.725421
0.723626
0.721815
0.719989
0.718152
0.716303
0.714445
0.71258
0.71071
0.708839
0.706967
0.705099
0.703236
0.701379
0.699532
0.697697
0.695877
0.694073
0.69229
0.69053
0.688793
0.687083
0.685403
0.683755
0.682141
0.680564
0.679025
0.677527
0.676073
0.674664
0.673302
0.671989
0.670727
0.669518
0.668363
0.667265
0.666225
0.665244
0.664325
0.663467
0.662673
0.661944
0.66128
0.660682
0.660152
0.659691
0.659298
0.658973
0.658717
0.658529
0.658411
0.658362
0.65838
0.658466
0.658619
0.658839
0.659125
0.659475
0.659888
0.660362
0.660898
0.661494
0.662148
0.662858
0.663622
0.66444
0.665309
0.666229
0.667195
0.668207
0.669263
0.670358
0.671493
0.672664
0.673869
0.675106
0.676373
0.677669
0.678991
0.680336
0.681702
0.683087
0.68449
0.685907
0.687336
0.688774
0.69022
0.691672
0.693128
0.694586
0.696044
0.697501
0.698954
0.700402
0.701844
0.703278
0.704703
0.706117
0.70752
0.70891
0.710286
0.711648
0.712996
0.714327
0.715641
0.716937
0.718214
0.719471
0.720707
0.721924
0.72312
0.724294
0.725448
0.726581
0.727694
0.728785
0.729855
0.730903
0.731929
0.732935
0.733921
0.734885
0.735829
0.736752
0.737655
0.738538
0.7394
0.740242
0.741065
0.741869
0.742654
0.74342
0.744168
0.744897
0.745608
0.746301
0.746977
0.747637
0.74828
0.748906
0.749515
0.750108
0.750685
0.751247
0.751792
0.752321
0.752835
0.753334
0.753818
0.754286
0.754738
0.755176
0.755599
0.756006
0.756399
0.756776
0.757138
0.757486
0.757818
0.758136
0.758438
0.758725
0.758996
0.759252
0.759493
0.759718
0.759929
0.760124
0.760305
0.76047
0.760621
0.760755
0.760873
0.760974
0.76106
0.761129
0.761183
0.761221
0.761242
0.761247
0.761238
0.761213
0.761173
0.761117
0.761048
0.760963
0.760862
0.760747
0.760617
0.760473
0.760314
0.760142
0.759956
0.759757
0.759545
0.75932
0.759084
0.758836
0.758579
0.758311
0.758033
0.757745
0.757448
0.757143
0.75683
0.756508
0.756179
0.755844
0.755503
0.755156
0.754804
0.754449
0.754092
0.753735
0.753378
0.753021
0.752666
0.752312
0.75196
0.751611
0.751268
0.750931
0.750602
0.75028
0.749966
0.749662
0.749369
0.749088
0.748819
0.748563
0.748322
0.748094
0.747884
0.74769
0.747513
0.747354
0.747213
0.747092
0.746991
0.746911
0.746853
0.746816
0.746801
0.746807
0.746834
0.746883
0.746953
0.747045
0.747158
0.747293
0.747448
0.747625
0.747821
0.748037
0.748273
0.748527
0.748799
0.749089
0.749396
0.749719
0.750057
0.75041
0.750776
0.751154
0.751542
0.75194
0.752348
0.752763
0.753186
0.753616
0.75405
0.754489
0.75493
0.755373
0.755818
0.756264
0.75671
0.757154
0.757594
0.758032
0.758465
0.758894
0.759317
0.759732
0.76014
0.76054
0.760931
0.761314
0.761687
0.76205
0.762404
0.762746
0.763078
0.763397
0.763704
0.763999
0.764281
0.764553
0.764814
0.765063
0.7653
0.765524
0.765733
0.76593
0.766114
0.766285
0.766442
0.766585
0.766715
0.76683
0.766932
0.767019
0.76709
0.767147
0.767189
0.767215
0.767225
0.767219
0.767197
0.767158
0.767101
0.767027
0.766934
0.766823
0.766692
0.766542
0.766372
0.766181
0.765969
0.765735
0.765479
0.765199
0.764894
0.764564
0.764206
0.76382
0.763406
0.762962
0.762488
0.761982
0.761445
0.760874
0.76027
0.75963
0.758956
0.758245
0.757497
0.756711
0.755887
0.755024
0.754122
0.753181
0.752198
0.751175
0.750112
0.749007
0.747861
0.746673
0.745442
0.74417
0.742858
0.741504
0.740109
0.738673
0.737197
0.735681
0.734126
0.732532
0.730899
0.729229
0.727522
0.725779
0.724
0.722188
0.720344
0.718469
0.716563
0.714629
0.712667
0.71068
0.708668
0.706634
0.704579
0.702505
0.700414
0.698309
0.696191
0.694062
0.691926
0.689784
0.687638
0.685491
0.683345
0.681201
0.679063
0.676932
0.67481
0.672701
0.670607
0.668531
0.666474
0.664439
0.662428
0.660445
0.658491
0.65657
0.654682
0.652831
0.651018
0.649246
0.647517
0.645831
0.644193
0.642604
0.641066
0.63958
0.638147
0.63677
0.635451
0.634189
0.632989
0.631849
0.630772
0.629761
0.628815
0.627935
0.627121
0.626373
0.625693
0.625081
0.624538
0.624063
0.623656
0.623317
0.623046
0.622843
0.622709
0.622643
0.622644
0.62271
0.622842
0.623039
0.6233
0.623622
0.624006
0.624451
0.624954
0.625514
0.626127
0.626794
0.627514
0.628283
0.629099
0.629961
0.630867
0.631814
0.632801
0.633826
0.634887
0.63598
0.637104
0.638256
0.639433
0.640635
0.641858
0.643099
0.644359
0.645633
0.646921
0.64822
0.649529
0.650845
0.652164
0.653486
0.654808
0.656128
0.657446
0.658758
0.660064
0.661361
0.662647
0.663922
0.665185
0.666433
0.667665
0.668879
0.670074
0.671249
0.672403
0.673534
0.674642
0.675726
0.676786
0.677821
0.67883
0.679812
0.680767
0.681696
0.682596
0.683469
0.684314
0.68513
0.685917
0.686676
0.687406
0.688108
0.688783
0.68943
0.69005
0.690641
0.691205
0.691741
0.692249
0.692729
0.693183
0.69361
0.69401
0.694383
0.694729
0.695048
0.695342
0.695611
0.695854
0.696072
0.696265
0.696433
0.696574
0.69669
0.696779
0.696843
0.69688
0.69689
0.696874
0.696831
0.696761
0.696663
0.696537
0.696384
0.696204
0.695995
0.695758
0.695494
0.6952
0.694877
0.694525
0.694143
0.693733
0.693293
0.692824
0.692324
0.691795
0.691236
0.690647
0.69003
0.689385
0.688712
0.688012
0.687287
0.686536
0.68576
0.684961
0.684141
0.683301
0.682442
0.681566
0.680675
0.679772
0.678858
0.677935
0.677006
0.676074
0.675141
0.67421
0.673283
0.672363
0.671452
0.670554
0.66967
0.668804
0.667959
0.667136
0.66634
0.665572
0.664834
0.66413
0.66346
0.662827
0.662233
0.661678
0.661164
0.660693
0.660265
0.65988
0.659538
0.659241
0.658987
0.658776
0.65861
0.658486
0.658403
0.658362
0.65836
0.658396
0.658469
0.658576
0.658718
0.658892
0.659098
0.659334
0.659596
0.659885
0.660197
0.660531
0.660885
0.661258
0.661648
0.662056
0.662479
0.662914
0.663361
0.66382
0.664289
0.664767
0.665254
0.665749
0.66625
0.666757
0.66727
0.667789
0.668314
0.668845
0.66938
0.669922
0.670471
0.671026
0.671587
0.672156
0.672733
0.673319
0.673914
0.674519
0.675133
0.675759
0.676397
0.677048
0.677714
0.678395
0.679092
0.679807
0.680539
0.68129
0.682061
0.682853
0.683666
0.684502
0.685362
0.686247
0.687158
0.688095
0.68906
0.690052
0.691072
0.692122
0.693202
0.694313
0.695454
0.696626
0.697828
0.69906
0.700322
0.701613
0.702933
0.704281
0.705658
0.707063
0.708494
0.709952
0.711434
0.71294
0.71447
0.716022
0.717595
0.719187
0.720797
0.722425
0.724067
0.725723
0.72739
0.729068
0.730755
0.732448
0.734145
0.735845
0.737544
0.739242
0.740937
0.742626
0.744307
0.745978
0.747638
0.749285
0.750917
0.752531
0.754127
0.755703
0.757256
0.758785
0.760288
0.761763
0.763208
0.764624
0.76601
0.767363
0.768682
0.769965
0.771213
0.772423
0.773595
0.774728
0.775821
0.776873
0.777885
0.778855
0.779782
0.780668
0.781513
0.782317
0.783078
0.783795
0.784471
0.785106
0.7857
0.786254
0.786766
0.787237
0.78767
0.788064
0.788419
0.788735
0.789013
0.789254
0.789458
0.789628
0.789765
0.789869
0.78994
0.78998
0.789989
0.789968
0.789919
0.789843
0.789741
0.789615
0.789465
0.789293
0.7891
0.788884
0.788649
0.788394
0.788122
0.787833
0.787529
0.78721
0.786875
0.786527
0.786166
0.785792
0.785406
0.785008
0.784598
0.784176
0.783744
0.783301
0.782847
0.782381
0.781905
0.781419
0.780923
0.780415
0.779897
0.779368
0.778827
0.778276
0.777713
0.777137
0.776549
0.775949
0.775337
0.774712
0.774073
0.773421
0.772754
0.772073
0.77138
0.770673
0.769952
0.769218
0.768468
0.767702
0.766922
0.766125
0.765314
0.764487
0.763644
0.762785
0.76191
0.761019
0.760112
0.75919
0.758253
0.757301
0.756335
0.755356
0.754364
0.75336
0.752344
0.751317
0.75028
0.749232
0.748175
0.74711
0.746037
0.744958
0.743871
0.74278
0.741683
0.740581
0.739476
0.738368
0.737258
0.736146
0.735033
0.733921
0.732809
0.731698
0.730589
0.729481
0.728378
0.727278
0.726183
0.725093
0.724009
0.72293
0.721859
0.720794
0.719737
0.718689
0.71765
0.716617
0.715594
0.714579
0.713575
0.71258
0.711596
0.710621
0.709655
0.7087
0.707754
0.706819
0.705894
0.70498
0.704077
0.703186
0.702305
0.701436
0.700579
0.699737
0.698908
0.698094
0.697294
0.696509
0.69574
0.694987
0.694251
0.693532
0.692832
0.69215
0.691486
0.690841
0.690216
0.68961
0.689025
0.688461
0.687919
0.687399
0.686902
0.686427
0.685976
0.685548
0.685144
0.684764
0.68441
0.684081
0.683777
0.683497
0.683243
0.683012
0.682807
0.682627
0.682471
0.68234
0.682232
0.68215
0.682092
0.682058
0.682046
0.682058
0.682092
0.682148
0.682226
0.682324
0.682443
0.682583
0.682741
0.682918
0.683113
0.683325
0.683555
0.683802
0.684064
0.684342
0.684634
0.684942
0.685263
0.685598
0.685945
0.686306
0.686679
0.687064
0.687462
0.68787
0.688288
0.688717
0.689155
0.689602
0.690058
0.690522
0.690995
0.691476
0.691965
0.69246
0.692962
0.69347
0.693985
0.694506
0.695033
0.695566
0.696104
0.696647
0.697195
0.697747
0.698304
0.698864
0.699427
0.699994
0.700564
0.701138
0.701716
0.702296
0.702878
0.703463
0.704048
0.704636
0.705226
0.705817
0.70641
0.707005
0.7076
0.708197
0.708795
0.709393
0.709993
0.710594
0.711196
0.7118
0.712404
0.713009
0.713614
0.714219
0.714824
0.71543
0.716037
0.716646
0.717256
0.717866
0.718477
0.719087
0.719699
0.720311
0.720923
0.721536
0.72215
0.722765
0.72338
0.723996
0.724613
0.725229
0.725845
0.726459
0.727073
0.727687
0.7283
0.728911
0.729522
0.73013
0.730737
0.731342
0.731944
0.732543
0.733137
0.733728
0.734313
0.734895
0.73547
0.736041
0.736606
0.737164
0.737714
0.738257
0.738792
0.739318
0.739834
0.740341
0.740838
0.741326
0.741802
0.742265
0.742716
0.743156
0.743581
0.743991
0.744388
0.74477
0.745136
0.745485
0.745818
0.746133
0.746429
0.746705
0.746963
0.747201
0.747418
0.747614
0.747788
0.747941
0.748073
0.748183
0.748271
0.748337
0.74838
0.748401
0.748399
0.748374
0.748327
0.748256
0.748163
0.748046
0.747906
0.747744
0.74756
0.747352
0.747121
0.746868
0.746592
0.746293
0.745972
0.745628
0.745261
0.744872
0.74446
0.744028
0.743574
0.743099
0.742604
0.742087
0.74155
0.740992
0.740414
0.739817
0.739202
0.738567
0.737915
0.737246
0.736559
0.735856
0.735138
0.734405
0.733657
0.732895
0.73212
0.731331
0.730528
0.729713
0.728887
0.72805
0.727202
0.726345
0.725478
0.724603
0.723719
0.722828
0.721929
0.721025
0.720115
0.7192
0.718282
0.71736
0.716436
0.715509
0.714581
0.713652
0.712724
0.711797
0.710871
0.709947
0.709025
0.708107
0.707192
0.706283
0.70538
0.704483
0.703593
0.702711
0.701837
0.700972
0.700115
0.699268
0.698432
0.697607
0.696794
0.695994
0.695207
0.694434
0.693675
0.69293
0.6922
0.691485
0.690786
0.690102
0.689434
0.688783
0.688149
0.687532
0.686932
0.686349
0.685784
0.685235
0.684704
0.68419
0.683693
0.683213
0.682749
0.682301
0.68187
0.681455
0.681054
0.680669
0.680298
0.679941
0.679599
0.679271
0.678956
0.678652
0.67836
0.67808
0.677812
0.677554
0.677305
0.677065
0.676832
0.676606
0.676387
0.676174
0.675966
0.675762
0.675561
0.675364
0.675169
0.674976
0.674784
0.674593
0.674403
0.674214
0.674025
0.673834
0.673641
0.673446
0.673247
0.673045
0.67284
0.672631
0.672419
0.672203
0.671984
0.67176
0.671533
0.671302
0.671068
0.67083
0.670589
0.670347
0.670104
0.669858
0.669611
0.669364
0.669117
0.66887
0.668625
0.668381
0.66814
0.667902
0.667667
0.667437
0.667211
0.666991
0.666777
0.666571
0.666373
0.666184
0.666005
0.665836
0.665679
0.665535
0.665405
0.665288
0.665186
0.665098
0.665027
0.664973
0.664936
0.664918
0.66492
0.664941
0.664981
0.665042
0.665125
0.665229
0.665356
0.665506
0.665678
0.665875
0.666095
0.666339
0.666608
0.666902
0.66722
0.667563
0.667932
0.668326
0.668745
0.669189
0.669659
0.670153
0.670672
0.671216
0.671784
0.672375
0.672988
0.673623
0.67428
0.674958
0.675657
0.676375
0.677112
0.677867
0.678638
0.679426
0.680228
0.681044
0.681873
0.682712
0.683561
0.684418
0.685281
0.686149
0.687022
0.687897
0.688773
0.689649
0.690525
0.691397
0.692263
0.693123
0.693975
0.694817
0.69565
0.69647
0.697277
0.698068
0.698844
0.699603
0.700343
0.701064
0.701763
0.702439
0.703092
0.703721
0.704325
0.704902
0.705452
0.705975
0.70647
0.706936
0.707375
0.707784
0.708164
0.708514
0.708833
0.709122
0.70938
0.709607
0.709804
0.70997
0.710106
0.710211
0.710286
0.710331
0.710347
0.710334
0.710293
0.710223
0.710126
0.710002
0.709852
0.709677
0.709478
0.709256
0.70901
0.708743
0.708456
0.708148
0.707822
0.707478
0.707117
0.706742
0.706353
0.705951
0.705538
0.705114
0.704681
0.70424
0.703793
0.703341
0.702885
0.702427
0.701968
0.701509
0.701052
0.700599
0.700153
0.699714
0.699283
0.698861
0.698449
0.698049
0.697663
0.697291
0.696934
0.696594
0.696272
0.695969
0.695686
0.695424
0.695186
0.694971
0.69478
0.694615
0.694477
0.694368
0.694285
0.694231
0.694207
0.694212
0.694246
0.694309
0.694401
0.694523
0.694673
0.694853
0.695063
0.695302
0.695571
0.69587
0.696198
0.696554
0.696939
0.697352
0.697792
0.698258
0.69875
0.699267
0.699808
0.700373
0.700961
0.70157
0.7022
0.702852
0.703524
0.704215
0.704923
0.705648
0.706389
0.707144
0.707912
0.708694
0.709488
0.710293
0.711108
0.711932
0.712765
0.713605
0.714453
0.715308
0.716167
0.71703
0.717896
0.718763
0.719632
0.720501
0.72137
0.722238
0.723105
0.723969
0.724829
0.725685
0.726536
0.727382
0.728223
0.729056
0.729881
0.730697
0.731505
0.732303
0.73309
0.733867
0.734633
0.735387
0.736129
0.736858
0.737574
0.738276
0.738962
0.739633
0.740289
0.740928
0.74155
0.742155
0.742742
0.743312
0.743862
0.744392
0.744901
0.745389
0.745855
0.7463
0.746722
0.747121
0.747498
0.747851
0.74818
0.748484
0.748762
0.749015
0.749241
0.749441
0.749615
0.749762
0.749881
0.749973
0.750036
0.750071
0.750077
0.750054
0.750002
0.749921
0.749811
0.749671
0.7495
0.749298
0.749065
0.748801
0.748505
0.748176
0.747815
0.747422
0.746997
0.746541
0.746052
0.74553
0.744976
0.744389
0.743771
0.743121
0.74244
0.741726
0.740981
0.740204
0.739398
0.738561
0.737694
0.736798
0.735873
0.73492
0.733939
0.732933
0.7319
0.730842
0.729759
0.728652
0.727524
0.726374
0.725204
0.724014
0.722806
0.721583
0.720345
0.719093
0.717829
0.716555
0.715272
0.713981
0.712685
0.711387
0.710087
0.708787
0.707489
0.706195
0.704905
0.703623
0.70235
0.701089
0.69984
0.698605
0.697388
0.69619
0.695013
0.693859
0.692731
0.69163
0.690559
0.689518
0.688512
0.68754
0.686606
0.68571
0.684854
0.684041
0.683272
0.682549
0.681873
0.681247
0.680671
0.68015
0.679684
0.679275
0.678923
0.67863
0.678398
0.678227
0.678119
0.678075
0.678096
0.678184
0.678339
0.678563
0.678856
0.679219
0.679653
0.680158
0.680735
0.681385
0.682108
0.682903
0.683772
0.684714
0.685729
0.686817
0.687977
0.689209
0.690512
0.691887
0.693331
0.694845
0.696428
0.698078
0.699794
0.701576
0.703421
0.705328
0.707295
0.709319
0.711399
0.713533
0.715719
0.717953
0.720234
0.722559
0.724926
0.727331
0.729772
0.732245
0.734747
0.737277
0.739829
0.742399
0.744986
0.747585
0.750193
0.752807
0.755423
0.758036
0.760644
0.763243
0.765829
0.7684
0.77095
0.773477
0.775976
0.778445
0.780881
0.78328
0.785637
0.787951
0.790216
0.792431
0.794592
0.796695
0.798739
0.800721
0.802636
0.804482
0.806257
0.807958
0.809582
0.811127
0.81259
0.81397
0.815264
0.816472
0.817591
0.81862
0.819559
0.820404
0.821156
0.821813
0.822374
0.822838
0.823204
0.823472
0.823642
0.823713
0.823686
0.82356
0.823336
0.823015
0.822598
0.822084
0.821475
0.820772
0.819975
0.819086
0.818107
0.817039
0.815883
0.81464
0.813313
0.811904
0.810413
0.808843
0.807197
0.805476
0.803684
0.801823
0.799895
0.797904
0.795851
0.793739
0.79157
0.789349
0.787078
0.784761
0.7824
0.779996
0.777554
0.775075
0.772563
0.77002
0.767449
0.764856
0.76224
0.759605
0.756954
0.754289
0.751613
0.748928
0.746238
0.743545
0.740852
0.73816
0.735471
0.732787
0.730111
0.727446
0.724791
0.72215
0.719524
0.716914
0.714322
0.711751
0.7092
0.706671
0.704166
0.701685
0.699231
0.696803
0.694404
0.692034
0.689696
0.687391
0.685119
0.682882
0.68068
0.678515
0.676387
0.674299
0.672252
0.670245
0.668281
0.666361
0.664486
0.662659
0.660881
0.659153
0.657477
0.655853
0.654283
0.65277
0.651314
0.649919
0.648586
0.647317
0.646114
0.644979
0.643913
0.642918
0.641996
0.641149
0.640377
0.639681
0.639063
0.638525
0.638066
0.637689
0.637393
0.63718
0.63705
0.637003
0.637039
0.637157
0.637357
0.63764
0.638003
0.638448
0.63897
0.63957
0.640246
0.640995
0.641816
0.642705
0.643661
0.64468
0.64576
0.646898
0.648092
0.649338
0.650634
0.651975
0.653359
0.654783
0.656241
0.657732
0.659253
0.660798
0.662365
0.663951
0.665552
0.667164
0.668784
0.670409
0.672037
0.673664
0.675287
0.676901
0.678504
0.680095
0.681669
0.683225
0.684758
0.686268
0.68775
0.689202
0.690623
0.69201
0.693361
0.694675
0.695949
0.697182
0.698371
0.699516
0.700615
0.701667
0.702672
0.703627
0.704533
0.705387
0.706188
0.706938
0.707634
0.708277
0.708865
0.709399
0.709876
0.710297
0.710662
0.71097
0.711224
0.711423
0.711567
0.711656
0.71169
0.71167
0.711597
0.71147
0.711291
0.711061
0.710781
0.710451
0.710074
0.70965
0.709179
0.708665
0.708107
0.707508
0.706869
0.706192
0.705478
0.70473
0.703948
0.703135
0.702291
0.70142
0.700523
0.699602
0.698661
0.6977
0.696722
0.695729
0.694723
0.693706
0.69268
0.691648
0.690611
0.689574
0.688537
0.687502
0.686472
0.685447
0.684431
0.683426
0.682435
0.68146
0.680502
0.679562
0.678643
0.677746
0.676876
0.676032
0.675217
0.674432
0.673679
0.672959
0.672273
0.671622
0.671009
0.670434
0.669898
0.669403
0.668949
0.668538
0.66817
0.667846
0.667566
0.667331
0.667142
0.666999
0.666904
0.666855
0.666853
0.666897
0.666987
0.667122
0.667304
0.667531
0.667803
0.668119
0.668478
0.66888
0.669324
0.669809
0.670332
0.670894
0.671493
0.672127
0.672796
0.673498
0.674231
0.674994
0.675784
0.676602
0.677444
0.67831
0.679198
0.680105
0.681031
0.681974
0.682931
0.683902
0.684885
0.685878
0.686879
0.687886
0.688898
0.689913
0.690931
0.691949
0.692965
0.693979
0.694987
0.695989
0.696982
0.697967
0.69894
0.699901
0.700849
0.701782
0.702699
0.7036
0.704483
0.705347
0.706191
0.707013
0.707812
0.708589
0.70934
0.710067
0.710769
0.711445
0.712094
0.712718
0.713313
0.713879
0.714417
0.714926
0.715407
0.715859
0.716283
0.716677
0.717041
0.717376
0.717682
0.717958
0.718206
0.718424
0.718614
0.718776
0.718911
0.719019
0.7191
0.719155
0.719185
0.719191
0.719173
0.719132
0.719067
0.718982
0.718876
0.718749
0.718603
0.718438
0.718256
0.718058
0.717846
0.717619
0.717377
0.717124
0.716858
0.716583
0.7163
0.716011
0.715715
0.715414
0.715108
0.714798
0.714485
0.71417
0.713854
0.713538
0.713222
0.712908
0.712598
0.712293
0.711995
0.711702
0.711418
0.71114
0.710872
0.710614
0.710367
0.71013
0.709905
0.709693
0.709494
0.709311
0.709142
0.708988
0.708849
0.708726
0.708619
0.70853
0.708457
0.708403
0.708367
0.70835
0.708351
0.708371
0.70841
0.708467
0.708543
0.708637
0.70875
0.70888
0.709028
0.709193
0.709374
0.70957
0.709782
0.710008
0.710246
0.710496
0.710756
0.711027
0.711305
0.71159
0.71188
0.712175
0.712472
0.71277
0.713068
0.713365
0.713658
0.713946
0.714227
0.7145
0.714763
0.715014
0.715252
0.715475
0.715681
0.715871
0.716041
0.716191
0.716319
0.716423
0.716504
0.716559
0.716589
0.716591
0.716566
0.716514
0.716432
0.716321
0.716181
0.716012
0.715812
0.715583
0.715324
0.715036
0.71472
0.714375
0.714001
0.7136
0.713172
0.712716
0.712234
0.711727
0.711194
0.710637
0.710057
0.709455
0.708833
0.708191
0.707531
0.706854
0.706162
0.705455
0.704735
0.704003
0.703262
0.702511
0.701753
0.700987
0.700216
0.699442
0.698667
0.697889
0.697112
0.696335
0.695561
0.694791
0.694025
0.693267
0.692516
0.691774
0.691043
0.690322
0.689616
0.688924
0.688247
0.687588
0.686947
0.686323
0.685719
0.685134
0.684571
0.684031
0.683515
0.683022
0.682556
0.682116
0.681702
0.681317
0.68096
0.680632
0.680335
0.68007
0.679838
0.679638
0.679471
0.679339
0.67924
0.679174
0.679143
0.679147
0.679186
0.67926
0.67937
0.679514
0.679694
0.679909
0.680159
0.680443
0.680761
0.681112
0.681495
0.68191
0.682355
0.68283
0.683333
0.683863
0.684417
0.684996
0.685599
0.686223
0.686866
0.687526
0.688202
0.688892
0.689593
0.690303
0.691021
0.691745
0.692471
0.693198
0.693923
0.694646
0.695363
0.696071
0.69677
0.697458
0.698133
0.698791
0.699433
0.700056
0.700658
0.701236
0.70179
0.702318
0.702819
0.703292
0.703734
0.704146
0.704525
0.704872
0.705186
0.705466
0.705713
0.705925
0.706104
0.706249
0.706359
0.706436
0.706479
0.70649
0.706468
0.706415
0.706331
0.706218
0.706076
0.705907
0.705713
0.705495
0.705254
0.704991
0.704708
0.704408
0.704091
0.703759
0.703415
0.70306
0.702697
0.702327
0.70195
0.70157
0.701187
0.700804
0.700421
0.700042
0.699669
0.699302
0.698944
0.698597
0.698261
0.697938
0.697631
0.697339
0.697065
0.69681
0.696575
0.69636
0.696167
0.695998
0.695853
0.695734
0.695641
0.695576
0.69554
0.695531
0.695551
0.6956
0.69568
0.695792
0.695936
0.696111
0.696317
0.696556
0.696827
0.697131
0.697467
0.697835
0.698237
0.698672
0.69914
0.699642
0.700176
0.700741
0.701338
0.701967
0.702627
0.703318
0.70404
0.704792
0.705574
0.706384
0.707223
0.70809
0.708982
0.709901
0.710844
0.711812
0.712803
0.713817
0.714851
0.715906
0.716979
0.71807
0.719178
0.7203
0.721436
0.722584
0.723745
0.724915
0.726094
0.72728
0.728471
0.729665
0.730859
0.732054
0.733248
0.734438
0.735624
0.736804
0.737974
0.739135
0.740285
0.741421
0.742542
0.743647
0.744733
0.745799
0.746845
0.747868
0.748869
0.749844
0.750794
0.751716
0.75261
0.753474
0.754308
0.755111
0.755881
0.756618
0.757321
0.75799
0.758625
0.759225
0.759788
0.760316
0.760807
0.761263
0.761683
0.762067
0.762415
0.762727
0.763004
0.763246
0.763452
0.763623
0.76376
0.763863
0.763932
0.763969
0.763975
0.763951
0.763897
0.763812
0.763699
0.763557
0.763389
0.763194
0.762974
0.762731
0.762463
0.762173
0.761861
0.761528
0.761175
0.760803
0.760413
0.760006
0.759584
0.759146
0.758694
0.758228
0.757749
0.757258
0.756755
0.756243
0.755721
0.75519
0.75465
0.754102
0.753548
0.752987
0.752419
0.751845
0.751266
0.750682
0.750093
0.7495
0.748904
0.748305
0.747703
0.747099
0.746492
0.745882
0.745269
0.744653
0.744035
0.743415
0.742792
0.742168
0.741541
0.740912
0.740281
0.739647
0.739012
0.738374
0.737734
0.737091
0.736446
0.735798
0.735149
0.734498
0.733845
0.73319
0.732534
0.731876
0.731214
0.73055
0.729882
0.729214
0.728543
0.727869
0.727192
0.726512
0.725829
0.725142
0.724452
0.723759
0.723063
0.722364
0.72166
0.720953
0.720243
0.71953
0.718813
0.718094
0.717372
0.716647
0.71592
0.71519
0.714459
0.713727
0.712992
0.712257
0.71152
0.710782
0.710043
0.709303
0.708562
0.70782
0.707079
0.706339
0.7056
0.704861
0.704124
0.70339
0.70266
0.701933
0.701208
0.700487
0.699769
0.699057
0.698351
0.697653
0.696961
0.696276
0.695599
0.694932
0.694274
0.693626
0.692986
0.692358
0.69174
0.691134
0.690541
0.68996
0.689393
0.688839
0.688299
0.687775
0.687266
0.686773
0.686297
0.685839
0.685398
0.684976
0.684572
0.684188
0.683823
0.683478
0.683153
0.682849
0.682568
0.682309
0.682072
0.681857
0.681665
0.681495
0.681349
0.681225
0.681123
0.681044
0.680987
0.680952
0.680939
0.680949
0.68098
0.681033
0.681109
0.681206
0.681325
0.681465
0.681626
0.681809
0.682012
0.682235
0.682479
0.682743
0.683026
0.683327
0.683647
0.683984
0.684338
0.684708
0.685093
0.685492
0.685905
0.686332
0.686772
0.687224
0.687687
0.688161
0.688644
0.689138
0.689641
0.690153
0.690673
0.691199
0.691732
0.692269
0.692811
0.693357
0.693905
0.694456
0.695009
0.695563
0.696117
0.696671
0.697225
0.697778
0.698329
0.698879
0.699426
0.699971
0.700512
0.70105
0.701583
0.702113
0.702637
0.703156
0.703669
0.704175
0.704673
0.705164
0.705647
0.706123
0.70659
0.70705
0.707502
0.707945
0.70838
0.708807
0.709225
0.709634
0.710035
0.710427
0.71081
0.711184
0.711548
0.711904
0.712251
0.71259
0.71292
0.713242
0.713557
0.713863
0.71416
0.714448
0.714727
0.714997
0.715258
0.715512
0.715756
0.715991
0.716218
0.716438
0.716649
0.716852
0.717046
0.717231
0.717408
0.717575
0.717732
0.71788
0.71802
0.71815
0.71827
0.718382
0.718484
0.718577
0.718663
0.718739
0.718807
0.718865
0.718914
0.718954
0.718984
0.719006
0.719019
0.719023
0.71902
0.719008
0.718989
0.718962
0.718927
0.718886
0.718839
0.718786
0.718728
0.718666
0.718602
0.718535
0.718466
0.718396
0.718327
0.718258
0.718192
0.718129
0.718071
0.718018
0.717973
0.717935
0.717907
0.717889
0.717883
0.71789
0.717911
0.717948
0.718003
0.718077
0.71817
0.718286
0.718424
0.718585
0.718772
0.718983
0.719221
0.719486
0.719779
0.7201
0.720451
0.720832
0.721241
0.72168
0.722147
0.722643
0.723168
0.723721
0.724302
0.724909
0.725543
0.726202
0.726883
0.727585
0.728307
0.729048
0.729806
0.73058
0.731367
0.732165
0.732972
0.733787
0.734607
0.735429
0.736251
0.737071
0.737886
0.738694
0.739493
0.74028
0.741053
0.741811
0.74255
0.743268
0.743965
0.744638
0.745287
0.745907
0.746498
0.747056
0.747583
0.748075
0.748532
0.74895
0.749328
0.749665
0.74996
0.750212
0.75042
0.750585
0.750705
0.750779
0.750807
0.750788
0.750724
0.750612
0.750452
0.750245
0.74999
0.749687
0.749337
0.74894
0.748497
0.748007
0.747472
0.746892
0.746268
0.745599
0.744888
0.744134
0.743338
0.742501
0.741624
0.740708
0.739755
0.738765
0.737739
0.736677
0.735582
0.734454
0.733293
0.732101
0.730879
0.729629
0.72835
0.727045
0.725715
0.724361
0.722984
0.721585
0.720165
0.718726
0.717267
0.715791
0.714298
0.712789
0.711265
0.709726
0.708175
0.706611
0.705037
0.703453
0.70186
0.700257
0.698645
0.697026
0.695399
0.693765
0.692126
0.690482
0.688833
0.687179
0.685523
0.683864
0.682203
0.680542
0.678879
0.677214
0.675549
0.673885
0.672221
0.670558
0.668896
0.667236
0.665578
0.663923
0.662272
0.660624
0.65898
0.65734
0.655706
0.654077
0.652455
0.65084
0.649232
0.647633
0.646045
0.644466
0.642898
0.64134
0.639794
0.638261
0.636741
0.635234
0.633741
0.632265
0.630807
0.629366
0.627943
0.626539
0.625155
0.623792
0.622451
0.621132
0.619836
0.618565
0.617318
0.616097
0.614902
0.613735
0.612596
0.611485
0.610403
0.609352
0.608333
0.607345
0.606391
0.60547
0.604582
0.603729
0.602912
0.602131
0.601387
0.600679
0.600009
0.599378
0.598785
0.598231
0.597718
0.597245
0.596814
0.596424
0.596076
0.59577
0.595506
0.595285
0.595108
0.594975
0.594887
0.594845
0.594849
0.594898
0.594993
0.595133
0.595319
0.595552
0.595831
0.596156
0.596527
0.596944
0.597405
0.597911
0.598461
0.599057
0.599696
0.60038
0.601107
0.601878
0.60269
0.603544
0.604441
0.605378
0.606355
0.607372
0.608426
0.609518
0.610648
0.611814
0.613014
0.614249
0.615517
0.616817
0.618148
0.619509
0.6209
0.622319
0.623766
0.625239
0.626738
0.628262
0.629809
0.631378
0.632968
0.634579
0.63621
0.637859
0.639527
0.641211
0.642911
0.644627
0.646356
0.648099
0.649855
0.651624
0.653404
0.655195
0.656997
0.658808
0.660627
0.662454
0.664288
0.666129
0.667977
0.66983
0.671687
0.67355
0.675417
0.677288
0.679161
0.681036
0.682913
0.68479
0.686668
0.688544
0.690421
0.692295
0.694169
0.696042
0.697914
0.699783
0.70165
0.703512
0.705369
0.707222
0.709071
0.710914
0.712752
0.714584
0.71641
0.718229
0.720043
0.721849
0.723649
0.72544
0.727222
0.728994
0.730757
0.732511
0.734254
0.735986
0.737708
0.739419
0.741119
0.742806
0.744481
0.746142
0.74779
0.749422
0.75104
0.752644
0.754232
0.755804
0.757359
0.758896
0.760413
0.761911
0.763389
0.764848
0.766287
0.767704
0.7691
0.770473
0.771823
0.773147
0.774444
0.775715
0.776958
0.778172
0.779357
0.780512
0.781636
0.782728
0.783787
0.784813
0.785805
0.786762
0.787684
0.788569
0.789419
0.790233
0.791008
0.791746
0.792447
0.79311
0.793734
0.79432
0.794867
0.795374
0.795841
0.796269
0.796657
0.797007
0.797318
0.79759
0.797825
0.798021
0.79818
0.798302
0.798388
0.798439
0.798456
0.798438
0.798388
0.798305
0.798192
0.798049
0.797876
0.797675
0.797448
0.797195
0.796918
0.796619
0.796299
0.795959
0.795602
0.795229
0.79484
0.794436
0.794021
0.793595
0.79316
0.792717
0.792267
0.791811
0.791351
0.790888
0.790423
0.789957
0.789492
0.789029
0.788569
0.788111
0.787658
0.78721
0.786769
0.786335
0.785909
0.78549
0.78508
0.784679
0.784289
0.78391
0.783541
0.783184
0.782839
0.782506
0.782184
0.781873
0.781572
0.781282
0.781003
0.780734
0.780477
0.780229
0.779992
0.779765
0.779547
0.779338
0.779139
0.778949
0.778766
0.778591
0.778422
0.778258
0.778101
0.77795
0.777804
0.777663
0.777527
0.777395
0.777268
0.777144
0.777022
0.776904
0.776788
0.776674
0.776561
0.776449
0.776338
0.776227
0.776116
0.776005
0.775894
0.775783
0.775671
0.775557
0.775443
0.775327
0.775209
0.775089
0.774965
0.774839
0.774709
0.774576
0.774439
0.774297
0.774151
0.773999
0.773843
0.773681
0.773513
0.773339
0.773158
0.772971
0.772775
0.772571
0.77236
0.772141
0.771912
0.771674
0.771424
0.771164
0.770891
0.770606
0.770309
0.769998
0.769674
0.769337
0.768986
0.76862
0.768241
0.767847
0.76744
0.767017
0.76658
0.766127
0.765659
0.765177
0.76468
0.764168
0.763641
0.763098
0.762541
0.761968
0.76138
0.760779
0.760164
0.759536
0.758895
0.75824
0.757574
0.756897
0.75621
0.755512
0.754805
0.754088
0.753361
0.752626
0.751883
0.751134
0.750379
0.749618
0.748853
0.748083
0.74731
0.746536
0.74576
0.744982
0.744204
0.743427
0.742651
0.741879
0.74111
0.740344
0.739583
0.738826
0.738074
0.737327
0.736586
0.735851
0.735122
0.7344
0.733687
0.732981
0.732284
0.731593
0.730911
0.730237
0.729573
0.728916
0.728268
0.727629
0.726997
0.726374
0.725758
0.72515
0.724549
0.723956
0.723369
0.722789
0.722216
0.721649
0.721085
0.720525
0.719969
0.719416
0.718866
0.718317
0.717771
0.717226
0.71668
0.716134
0.715587
0.715038
0.714487
0.713932
0.713374
0.712812
0.712244
0.71167
0.71109
0.710504
0.709909
0.709307
0.708696
0.708077
0.70745
0.706812
0.706165
0.70551
0.704846
0.704171
0.703485
0.702788
0.702079
0.70136
0.700629
0.699887
0.699134
0.698369
0.697595
0.696811
0.696016
0.695212
0.6944
0.69358
0.692752
0.691917
0.691075
0.690227
0.689372
0.688514
0.687652
0.686786
0.685919
0.68505
0.684182
0.683314
0.682447
0.681582
0.68072
0.679862
0.679009
0.678162
0.677322
0.676492
0.675671
0.674861
0.674062
0.673277
0.672505
0.671749
0.671008
0.670285
0.669578
0.668888
0.668216
0.667564
0.66693
0.666318
0.665728
0.665158
0.66461
0.664084
0.663581
0.6631
0.662642
0.662207
0.661796
0.661408
0.661044
0.660704
0.660386
0.660093
0.659823
0.659577
0.659355
0.659155
0.658978
0.658822
0.658689
0.658578
0.65849
0.658422
0.658374
0.658346
0.658337
0.658348
0.658377
0.658424
0.658488
0.658569
0.658667
0.658781
0.658911
0.659056
0.659216
0.65939
0.659578
0.659781
0.659997
0.660226
0.660468
0.660723
0.66099
0.661269
0.66156
0.661862
0.662175
0.662498
0.662832
0.663176
0.66353
0.663895
0.664269
0.664653
0.665046
0.665448
0.66586
0.666281
0.666712
0.667152
0.667602
0.668061
0.668529
0.669007
0.669495
0.669993
0.670502
0.671021
0.671552
0.672093
0.672645
0.673208
0.673782
0.674368
0.674965
0.675575
0.676196
0.676829
0.677474
0.678132
0.678802
0.679485
0.680181
0.68089
0.681611
0.682344
0.683088
0.683844
0.684612
0.685391
0.686181
0.686981
0.687791
0.688612
0.689442
0.69028
0.691127
0.691982
0.692843
0.693711
0.694585
0.695463
0.696345
0.69723
0.698117
0.699004
0.699892
0.70078
0.701666
0.702551
0.703432
0.70431
0.705183
0.706048
0.706906
0.707756
0.708596
0.709426
0.710247
0.711058
0.711856
0.712642
0.713416
0.714175
0.714919
0.715647
0.716359
0.717055
0.717733
0.718393
0.719035
0.719658
0.720262
0.720847
0.721413
0.72196
0.722488
0.722997
0.723487
0.723957
0.724408
0.724839
0.725251
0.725644
0.726017
0.726372
0.726707
0.727024
0.727324
0.727606
0.72787
0.728119
0.728352
0.728568
0.728769
0.728955
0.729127
0.729286
0.729431
0.729562
0.729682
0.72979
0.729887
0.729972
0.730046
0.73011
0.730165
0.73021
0.730246
0.730273
0.730293
0.730305
0.73031
0.730309
0.730303
0.730293
0.730278
0.73026
0.73024
0.730219
0.730196
0.730173
0.730149
0.730126
0.730103
0.730082
0.730063
0.730047
0.730036
0.730027
0.730024
0.730026
0.730035
0.730049
0.73007
0.730098
0.730133
0.730176
0.730229
0.73029
0.730361
0.730441
0.730532
0.730633
0.730745
0.730867
0.731
0.731144
0.731299
0.731465
0.731643
0.731832
0.73203
0.732239
0.732459
0.732687
0.732925
0.733172
0.733427
0.733689
0.733959
0.734235
0.734517
0.734804
0.735095
0.735389
0.735685
0.735984
0.736283
0.736582
0.73688
0.737175
0.737467
0.737756
0.73804
0.738318
0.738589
0.738852
0.739105
0.739347
0.739577
0.739794
0.739998
0.740186
0.740358
0.740514
0.740652
0.740772
0.740872
0.740952
0.741012
0.74105
0.741067
0.74106
0.741031
0.740978
0.740901
0.7408
0.740675
0.740525
0.74035
0.740149
0.739923
0.739671
0.739395
0.739094
0.738769
0.738418
0.738042
0.737643
0.73722
0.736773
0.736305
0.735814
0.7353
0.734765
0.73421
0.733635
0.733041
0.732428
0.731798
0.731151
0.730489
0.729811
0.72912
0.728415
0.727699
0.726972
0.726236
0.725492
0.724741
0.723984
0.723222
0.722456
0.721688
0.720918
0.720149
0.719381
0.718615
0.717853
0.717095
0.716343
0.715597
0.71486
0.714131
0.713413
0.712706
0.712012
0.71133
0.710662
0.710009
0.709373
0.708753
0.708151
0.707567
0.707001
0.706455
0.705928
0.705423
0.704939
0.704476
0.704033
0.703611
0.703211
0.702832
0.702475
0.70214
0.701826
0.701534
0.701263
0.701012
0.700782
0.700572
0.700382
0.700211
0.700059
0.699926
0.699811
0.699714
0.699634
0.699569
0.69952
0.699484
0.699462
0.699453
0.699456
0.69947
0.699495
0.699529
0.699571
0.69962
0.699677
0.69974
0.699807
0.699879
0.699953
0.70003
0.700109
0.700188
0.700267
0.700344
0.70042
0.700492
0.700562
0.700628
0.700689
0.700744
0.700792
0.700833
0.700867
0.700895
0.700915
0.700925
0.700926
0.700918
0.700899
0.700871
0.700832
0.700781
0.700718
0.700644
0.700558
0.700459
0.700347
0.700222
0.700083
0.699931
0.699766
0.699588
0.699396
0.699191
0.698973
0.69874
0.698495
0.698237
0.697966
0.697683
0.697386
0.697076
0.696753
0.696416
0.696065
0.695701
0.695324
0.694934
0.69453
0.694114
0.693685
0.693242
0.692787
0.69232
0.691841
0.69135
0.690847
0.690331
0.689805
0.689267
0.688719
0.688159
0.687589
0.687008
0.686418
0.685818
0.685209
0.684591
0.683965
0.683331
0.682688
0.682038
0.68138
0.680715
0.680044
0.679367
0.678684
0.677995
0.677302
0.676605
0.675905
0.675202
0.674497
0.673791
0.673083
0.672375
0.671666
0.670958
0.670251
0.669545
0.668842
0.668142
0.667446
0.666755
0.66607
0.66539
0.664718
0.664053
0.663397
0.662749
0.662111
0.661484
0.660868
0.660263
0.659672
0.659095
0.658533
0.657987
0.657458
0.656947
0.656454
0.655982
0.655531
0.655102
0.654696
0.654314
0.653956
0.653624
0.65332
0.653044
0.652796
0.652578
0.652391
0.652237
0.652116
0.65203
0.651981
0.651968
0.651993
0.652056
0.652158
0.652299
0.652482
0.652707
0.652975
0.653286
0.653642
0.654042
0.654488
0.654981
0.655521
0.656109
0.656747
0.657434
0.658169
0.658954
0.659789
0.660674
0.66161
0.662596
0.663632
0.664716
0.66585
0.667032
0.668261
0.669539
0.670864
0.672235
0.673653
0.675114
0.676619
0.678166
0.679754
0.681382
0.68305
0.684755
0.686496
0.68827
0.690078
0.691916
0.693784
0.695679
0.697598
0.699541
0.701507
0.703491
0.705494
0.707513
0.709544
0.711586
0.713637
0.715694
0.717755
0.719817
0.721879
0.723939
0.725996
0.728045
0.730085
0.732113
0.734126
0.736124
0.738104
0.740063
0.742001
0.743914
0.7458
0.747659
0.749488
0.751285
0.753048
0.754775
0.756466
0.758117
0.759728
0.761299
0.762828
0.764313
0.765753
0.767146
0.768492
0.76979
0.771038
0.772234
0.773379
0.774471
0.77551
0.776495
0.777425
0.7783
0.779119
0.779883
0.78059
0.781242
0.781837
0.782377
0.782859
0.783286
0.783656
0.78397
0.784227
0.784429
0.784575
0.784665
0.7847
0.784681
0.784606
0.784477
0.784295
0.78406
0.783774
0.783437
0.783049
0.782611
0.782124
0.781589
0.781006
0.780376
0.779702
0.778982
0.778219
0.777414
0.776567
0.77568
0.774753
0.773786
0.772783
0.771743
0.770667
0.769558
0.768417
0.767244
0.766043
0.764815
0.763561
0.762282
0.760979
0.759654
0.758309
0.756945
0.755564
0.754169
0.752761
0.751343
0.749915
0.748482
0.747043
0.745602
0.744161
0.742721
0.741285
0.739854
0.73843
0.737017
0.735616
0.73423
0.732861
0.73151
0.730183
0.728878
0.7276
0.72635
0.72513
0.723942
0.722787
0.721668
0.720585
0.719541
0.718537
0.717574
0.716655
0.71578
0.71495
0.714165
0.713424
0.712729
0.712079
0.711474
0.710915
0.710401
0.709931
0.709504
0.709119
0.708774
0.708468
0.7082
0.707968
0.70777
0.707605
0.70747
0.707363
0.707281
0.707221
0.707181
0.707157
0.707148
0.70715
0.707161
0.707179
0.707199
0.707219
0.707235
0.707244
0.707244
0.707232
0.707205
0.70716
0.707095
0.707008
0.706897
0.706757
0.706589
0.706388
0.706155
0.705887
0.705583
0.705242
0.704862
0.704443
0.703981
0.703478
0.702932
0.702341
0.701705
0.701024
0.700298
0.699526
0.698709
0.697848
0.696943
0.695995
0.695004
0.693971
0.692896
0.691782
0.690628
0.689438
0.688212
0.686953
0.685662
0.68434
0.68299
0.681616
0.680218
0.678801
0.677364
0.675911
0.674445
0.672969
0.671486
0.669998
0.668509
0.667021
0.665537
0.66406
0.662594
0.661142
0.659708
0.658296
0.656908
0.655548
0.654219
0.652925
0.651669
0.650453
0.649282
0.648158
0.647084
0.646061
0.645093
0.644182
0.643331
0.642543
0.641817
0.641157
0.640563
0.640038
0.639583
0.6392
0.638889
0.638651
0.638487
0.638396
0.63838
0.638437
0.638569
0.638774
0.639053
0.639404
0.639827
0.640321
0.640886
0.64152
0.642224
0.642995
0.643832
0.644733
0.645697
0.646721
0.647805
0.648948
0.650148
0.651402
0.65271
0.65407
0.655479
0.656937
0.65844
0.659988
0.661578
0.663209
0.664878
0.666585
0.668326
0.670101
0.671908
0.673745
0.67561
0.6775
0.679413
0.681349
0.683305
0.685279
0.68727
0.689275
0.691292
0.69332
0.695358
0.697402
0.699452
0.701506
0.703562
0.705619
0.707675
0.709729
0.711779
0.713822
0.715858
0.717885
0.7199
0.721904
0.723895
0.725872
0.727834
0.729778
0.731704
0.733609
0.735494
0.737357
0.739195
0.741009
0.742797
0.744557
0.746289
0.747992
0.749664
0.751304
0.752911
0.754484
0.756023
0.757525
0.75899
0.760419
0.761808
0.763155
0.76446
0.76572
0.766935
0.768103
0.769223
0.770294
0.771314
0.772284
0.773201
0.774063
0.77487
0.775619
0.776311
0.776945
0.777519
0.778032
0.778484
0.778873
0.779197
0.779455
0.779647
0.779772
0.779829
0.779817
0.779736
0.779586
0.779366
0.779077
0.778717
0.778287
0.777785
0.777214
0.776572
0.775859
0.775077
0.774226
0.773308
0.772322
0.77127
0.770153
0.768972
0.767728
0.766422
0.765056
0.763632
0.762151
0.760614
0.759025
0.757386
0.755697
0.753961
0.752181
0.75036
0.7485
0.746604
0.744674
0.742714
0.740726
0.738712
0.736676
0.734619
0.732546
0.730458
0.728359
0.726253
0.724142
0.722028
0.719915
0.717805
0.715702
0.713607
0.711525
0.709458
0.707408
0.705378
0.70337
0.701387
0.699431
0.697504
0.695607
0.693744
0.691916
0.690125
0.688373
0.686661
0.68499
0.683362
0.68178
0.680243
0.678753
0.677312
0.675921
0.674582
0.673294
0.672059
0.670876
0.669748
0.668674
0.667657
0.666696
0.665792
0.664946
0.664156
0.663424
0.66275
0.662135
0.661579
0.661081
0.660641
0.66026
0.659938
0.659674
0.659468
0.659321
0.659232
0.659199
0.659222
0.659301
0.659434
0.659621
0.659861
0.660152
0.660493
0.660883
0.661321
0.661805
0.662335
0.662908
0.663522
0.664176
0.664869
0.665598
0.666363
0.66716
0.667989
0.668846
0.669731
0.670641
0.671574
0.672529
0.673503
0.674497
0.675504
0.676525
0.677556
0.678597
0.679645
0.6807
0.681759
0.682819
0.683881
0.684942
0.686001
0.687056
0.688107
0.689151
0.690187
0.691214
0.692231
0.693239
0.694235
0.69522
0.696191
0.697151
0.698098
0.699032
0.699954
0.700862
0.701756
0.702637
0.703505
0.70436
0.705203
0.706035
0.706855
0.707664
0.708464
0.709255
0.710037
0.710811
0.711578
0.712339
0.713095
0.713847
0.714596
0.715343
0.716089
0.716837
0.717585
0.718336
0.719089
0.719848
0.720613
0.721385
0.722165
0.722956
0.723757
0.724571
0.725397
0.726237
0.72709
0.727959
0.728845
0.729748
0.730669
0.731609
0.732569
0.733548
0.734545
0.735562
0.736599
0.737655
0.738732
0.739829
0.740946
0.742083
0.74324
0.744415
0.745608
0.746819
0.748046
0.749289
0.750546
0.751817
0.753101
0.754395
0.755699
0.75701
0.758329
0.759652
0.760979
0.762307
0.763634
0.76496
0.766282
0.767597
0.768905
0.770202
0.771488
0.772761
0.77402
0.775262
0.776484
0.777684
0.77886
0.780009
0.78113
0.78222
0.783278
0.784301
0.785288
0.786237
0.787145
0.788011
0.788835
0.789614
0.790346
0.79103
0.791664
0.792248
0.79278
0.793259
0.793683
0.794053
0.794366
0.794624
0.794823
0.794965
0.795048
0.795073
0.795037
0.794941
0.794785
0.794568
0.79429
0.793952
0.793553
0.793094
0.792573
0.791991
0.791348
0.790644
0.789881
0.789059
0.788177
0.787235
0.786235
0.785176
0.78406
0.782886
0.781656
0.78037
0.779029
0.777635
0.776189
0.774691
0.773143
0.771546
0.7699
0.768209
0.766472
0.764693
0.762872
0.761011
0.759113
0.757178
0.755208
0.753206
0.751175
0.749115
0.747031
0.744924
0.742797
0.740651
0.73849
0.736316
0.734132
0.731941
0.729745
0.727546
0.725348
0.723152
0.720962
0.718781
0.716611
0.714455
0.712313
0.71019
0.708086
0.706005
0.703949
0.701919
0.699917
0.697947
0.69601
0.694107
0.692239
0.690407
0.688613
0.686857
0.685143
0.68347
0.68184
0.680251
0.678707
0.677207
0.675751
0.674339
0.672971
0.671646
0.670366
0.669129
0.667936
0.666786
0.665677
0.66461
0.663585
0.6626
0.661655
0.66075
0.659883
0.659053
0.658258
0.657498
0.656772
0.65608
0.65542
0.654792
0.654193
0.653623
0.65308
0.652565
0.652076
0.651614
0.651177
0.650765
0.65038
0.65002
0.649684
0.649374
0.649089
0.648828
0.648594
0.648388
0.64821
0.64806
0.647939
0.647848
0.647789
0.647763
0.647771
0.647815
0.647895
0.648015
0.648176
0.648379
0.648625
0.648918
0.649257
0.649645
0.650084
0.650575
0.651121
0.651721
0.652378
0.653093
0.653866
0.654701
0.655598
0.656558
0.65758
0.658667
0.659817
0.661032
0.66231
0.663651
0.665055
0.66652
0.668045
0.669631
0.671275
0.672977
0.674734
0.676545
0.678406
0.680317
0.682274
0.684276
0.686319
0.6884
0.690517
0.692665
0.694842
0.697044
0.699269
0.701512
0.703769
0.706037
0.708313
0.710593
0.712873
0.715151
0.717421
0.71968
0.721924
0.724151
0.726355
0.728535
0.730687
0.732808
0.734894
0.736944
0.738952
0.740918
0.742837
0.744706
0.746524
0.748287
0.749994
0.751641
0.753228
0.754751
0.756209
0.7576
0.758923
0.760175
0.761354
0.762461
0.763495
0.764453
0.765335
0.76614
0.766866
0.767515
0.768086
0.768579
0.768996
0.769334
0.769594
0.769776
0.769879
0.769905
0.769854
0.769726
0.769522
0.769244
0.768891
0.768465
0.767968
0.767399
0.766759
0.76605
0.765275
0.764434
0.76353
0.762563
0.761536
0.760451
0.759308
0.75811
0.756858
0.755555
0.7542
0.752797
0.751347
0.749854
0.748319
0.746744
0.745132
0.743483
0.741802
0.74009
0.738348
0.73658
0.734787
0.732971
0.731136
0.729285
0.72742
0.725542
0.723655
0.721761
0.719863
0.717964
0.716066
0.714171
0.712283
0.710404
0.708538
0.706687
0.704854
0.703041
0.701252
0.699488
0.697754
0.696052
0.694384
0.692753
0.691161
0.68961
0.688103
0.686642
0.685229
0.683867
0.682557
0.6813
0.680099
0.678955
0.677869
0.676843
0.675878
0.674975
0.674134
0.673355
0.67264
0.671989
0.671401
0.670876
0.670415
0.670016
0.669679
0.669403
0.669187
0.669031
0.668933
0.668891
0.668904
0.668971
0.66909
0.669259
0.669477
0.66974
0.670048
0.670399
0.670789
0.671217
0.671682
0.67218
0.672712
0.673272
0.673861
0.674476
0.675115
0.675775
0.676456
0.677154
0.677868
0.678596
0.679336
0.680087
0.680848
0.681616
0.68239
0.68317
0.683953
0.684737
0.685524
0.686311
0.687099
0.687884
0.688668
0.689448
0.690226
0.691001
0.691771
0.692537
0.693299
0.694055
0.694807
0.695553
0.696294
0.697031
0.697762
0.698489
0.699213
0.699931
0.700646
0.701357
0.702066
0.702772
0.703475
0.704176
0.704874
0.70557
0.706264
0.706955
0.707645
0.708335
0.709023
0.70971
0.710397
0.711083
0.711769
0.712454
0.71314
0.713825
0.71451
0.715193
0.715874
0.716553
0.717229
0.717904
0.718576
0.719244
0.719908
0.720569
0.721226
0.721879
0.722526
0.723166
0.7238
0.724427
0.725046
0.725657
0.726257
0.726847
0.727425
0.727991
0.728543
0.729082
0.729607
0.730115
0.730608
0.731083
0.73154
0.731979
0.732398
0.732798
0.733176
0.733533
0.733868
0.73418
0.73447
0.734734
0.734973
0.735184
0.735368
0.735525
0.735653
0.735754
0.735825
0.735867
0.735877
0.735858
0.735808
0.735726
0.735613
0.735469
0.735294
0.735086
0.734846
0.734574
0.734272
0.733939
0.733575
0.73318
0.732754
0.732298
0.731811
0.731295
0.730751
0.730178
0.729578
0.72895
0.728298
0.72762
0.726919
0.726195
0.725448
0.724682
0.723897
0.723093
0.722272
0.721435
0.720584
0.719719
0.718843
0.717958
0.717064
0.716164
0.715259
0.714349
0.713437
0.712525
0.711614
0.710707
0.709805
0.70891
0.708023
0.707146
0.70628
0.705428
0.704591
0.70377
0.702969
0.702188
0.701428
0.700694
0.699985
0.699303
0.698649
0.698025
0.697433
0.696874
0.696348
0.695859
0.695405
0.694991
0.694617
0.694285
0.693994
0.693746
0.693542
0.693382
0.693268
0.693202
0.693182
0.693209
0.693284
0.693406
0.693575
0.693793
0.694058
0.694371
0.694732
0.69514
0.695595
0.696096
0.696644
0.697237
0.697875
0.698557
0.699281
0.700049
0.700858
0.70171
0.702601
0.703529
0.704494
0.705494
0.706527
0.707593
0.70869
0.709817
0.710972
0.712156
0.713365
0.714596
0.715849
0.717123
0.718416
0.719725
0.721048
0.722383
0.723729
0.725084
0.726447
0.727816
0.729188
0.730561
0.731934
0.733304
0.734671
0.736033
0.737386
0.738731
0.740065
0.741386
0.742693
0.743983
0.745254
0.746506
0.747735
0.748942
0.750123
0.751278
0.752404
0.753501
0.754567
0.755601
0.7566
0.757564
0.75849
0.759377
0.760223
0.761028
0.761789
0.762506
0.763177
0.763801
0.764379
0.764908
0.765387
0.765817
0.766196
0.766525
0.766803
0.767028
0.767201
0.767321
0.767388
0.767401
0.767361
0.767268
0.767121
0.766922
0.766671
0.766368
0.766014
0.76561
0.765155
0.76465
0.764097
0.763497
0.76285
0.762157
0.761419
0.760639
0.759818
0.758956
0.758055
0.757116
0.75614
0.75513
0.754087
0.753013
0.75191
0.75078
0.749625
0.748447
0.747248
0.74603
0.744795
0.743546
0.742283
0.74101
0.739729
0.738442
0.737152
0.735861
0.734572
0.733287
0.732007
0.730736
0.729476
0.728229
0.726998
0.725784
0.72459
0.72342
0.722277
0.721159
0.720071
0.719014
0.71799
0.717
0.716048
0.715133
0.714258
0.713426
0.712637
0.711894
0.711197
0.710547
0.709946
0.709395
0.708896
0.708449
0.708055
0.707712
0.707423
0.707186
0.707001
0.706869
0.706791
0.706765
0.706791
0.706866
0.706992
0.707165
0.707387
0.707654
0.707966
0.708321
0.708718
0.709154
0.709627
0.710136
0.710679
0.711252
0.711854
0.712483
0.713133
0.713804
0.714491
0.715193
0.715907
0.716631
0.717361
0.718094
0.718828
0.719559
0.720285
0.721003
0.72171
0.722404
0.723081
0.723741
0.724381
0.724997
0.725589
0.726154
0.726691
0.727198
0.727673
0.728115
0.728522
0.728895
0.72923
0.729527
0.729784
0.730001
0.730178
0.730315
0.730412
0.730468
0.730485
0.730461
0.7304
0.730301
0.730166
0.729993
0.729786
0.729545
0.729272
0.728968
0.728633
0.728271
0.727883
0.727471
0.727038
0.726586
0.726115
0.725629
0.72513
0.724621
0.724103
0.723578
0.72305
0.72252
0.721991
0.721462
0.720938
0.720421
0.719911
0.719411
0.718922
0.718446
0.717985
0.71754
0.717113
0.716703
0.716313
0.715944
0.715596
0.71527
0.714965
0.714683
0.714424
0.714189
0.713978
0.713791
0.713628
0.713489
0.713375
0.713285
0.713218
0.713173
0.713149
0.713146
0.713163
0.713199
0.713255
0.713328
0.713419
0.713526
0.71365
0.713789
0.713944
0.714112
0.714293
0.714486
0.714689
0.714903
0.715126
0.715356
0.715594
0.715837
0.716087
0.716341
0.716598
0.716858
0.71712
0.717382
0.717645
0.717905
0.718164
0.718419
0.718671
0.718919
0.719161
0.719397
0.719624
0.719842
0.72005
0.720248
0.720436
0.720612
0.720776
0.720928
0.721066
0.721189
0.721296
0.721388
0.721464
0.721523
0.721565
0.721588
0.721593
0.721579
0.721547
0.721496
0.721424
0.721333
0.721221
0.72109
0.720938
0.720765
0.720571
0.720357
0.720121
0.719865
0.719589
0.719292
0.718975
0.718638
0.718281
0.717906
0.717512
0.717099
0.716668
0.71622
0.715755
0.715273
0.714774
0.714261
0.713732
0.713189
0.712632
0.712061
0.711479
0.710886
0.710283
0.709671
0.709049
0.708418
0.707779
0.707134
0.706483
0.705829
0.705173
0.704515
0.703856
0.703196
0.702538
0.701882
0.70123
0.700582
0.69994
0.699306
0.69868
0.698065
0.69746
0.696867
0.696287
0.695721
0.695172
0.694638
0.694123
0.693626
0.693151
0.692698
0.692267
0.691861
0.69148
0.691125
0.690799
0.690502
0.690234
0.689998
0.689794
0.689624
0.689488
0.689387
0.689323
0.689295
0.689306
0.689356
0.689443
0.68957
0.689735
0.689941
0.690186
0.690472
0.690797
0.691162
0.691566
0.69201
0.692492
0.693013
0.693572
0.69417
0.694803
0.695471
0.696172
0.696907
0.697674
0.698471
0.699297
0.700149
0.701027
0.701928
0.702852
0.703795
0.704756
0.705735
0.706728
0.707735
0.708753
0.709778
0.71081
0.711847
0.712885
0.713926
0.714964
0.716
0.717031
0.718054
0.719068
0.72007
0.721059
0.722034
0.722991
0.723931
0.72485
0.725747
0.726621
0.727469
0.728291
0.729084
0.729847
0.73058
0.731282
0.731951
0.732585
0.733185
0.733748
0.734274
0.734762
0.735211
0.735619
0.735988
0.736315
0.736601
0.736845
0.737045
0.737203
0.737316
0.737385
0.737408
0.737386
0.737318
0.737204
0.737044
0.736838
0.736586
0.736288
0.735944
0.735554
0.735117
0.734635
0.734107
0.733534
0.732916
0.732255
0.731551
0.730804
0.730014
0.729182
0.728308
0.727393
0.726439
0.725444
0.724411
0.72334
0.722232
0.721089
0.719911
0.718699
0.717455
0.71618
0.714877
0.713546
0.712188
0.710806
0.7094
0.707973
0.706527
0.705065
0.703587
0.702096
0.700594
0.69908
0.697558
0.69603
0.694497
0.692963
0.691427
0.689894
0.688364
0.68684
0.685325
0.683821
0.682329
0.680853
0.679394
0.677954
0.676536
0.675141
0.67377
0.672428
0.671115
0.669834
0.668586
0.667373
0.666197
0.66506
0.663963
0.662907
0.661896
0.660928
0.660007
0.659134
0.658309
0.657534
0.656809
0.656137
0.655518
0.654953
0.654442
0.653986
0.653585
0.653238
0.652948
0.652713
0.652536
0.652415
0.65235
0.65234
0.652385
0.652484
0.652638
0.652845
0.653105
0.653417
0.653781
0.654194
0.654657
0.655167
0.655726
0.65633
0.656981
0.657675
0.658411
0.659189
0.660006
0.660861
0.661754
0.662682
0.663646
0.664642
0.665671
0.666731
0.667821
0.668943
0.670093
0.671271
0.672474
0.673703
0.674956
0.676234
0.677535
0.678859
0.680205
0.681572
0.682959
0.684366
0.685794
0.68724
0.688705
0.690187
0.691687
0.693205
0.69474
0.696291
0.697858
0.699442
0.70104
0.702654
0.704281
0.705924
0.70758
0.709249
0.71093
0.712622
0.714325
0.716037
0.717758
0.719486
0.72122
0.722962
0.724707
0.726457
0.728208
0.729961
0.731714
0.733466
0.735214
0.736958
0.738696
0.740428
0.742149
0.743859
0.745556
0.747238
0.748904
0.750551
0.752179
0.753784
0.755367
0.756925
0.758457
0.759961
0.761438
0.762884
0.764297
0.765676
0.76702
0.768325
0.769592
0.770818
0.772002
0.773143
0.774239
0.77529
0.776295
0.777252
0.77816
0.779019
0.779827
0.780585
0.781291
0.781944
0.782544
0.783089
0.783579
0.784015
0.784396
0.784722
0.784993
0.785208
0.785367
0.78547
0.785516
0.785506
0.78544
0.785319
0.785144
0.784914
0.78463
0.784294
0.783904
0.783461
0.782964
0.782414
0.781812
0.781159
0.780455
0.779701
0.778897
0.778044
0.777143
0.776194
0.775199
0.774157
0.773071
0.771941
0.770768
0.769551
0.768291
0.766989
0.765646
0.764261
0.762836
0.761371
0.759867
0.758324
0.756745
0.755128
0.753476
0.751788
0.750066
0.74831
0.746522
0.744702
0.742852
0.740975
0.739068
0.737133
0.735169
0.733179
0.731163
0.729125
0.727064
0.724982
0.72288
0.720758
0.718619
0.716464
0.714293
0.71211
0.709915
0.707709
0.705496
0.703276
0.701053
0.698829
0.696604
0.694382
0.692163
0.68995
0.687746
0.685555
0.683378
0.681216
0.679072
0.676948
0.674848
0.672774
0.670729
0.668715
0.666735
0.664792
0.662889
0.661028
0.659213
0.657446
0.655729
0.654064
0.652454
0.650902
0.649409
0.647979
0.646613
0.645313
0.644082
0.642921
0.641833
0.640819
0.639881
0.639021
0.63824
0.637539
0.636919
0.636381
0.635924
0.635549
0.635255
0.635044
0.634915
0.634869
0.634905
0.635022
0.635221
0.6355
0.63586
0.636298
0.636813
0.637405
0.638073
0.638815
0.63963
0.640517
0.641473
0.642496
0.643584
0.644737
0.64595
0.647223
0.648553
0.649938
0.651376
0.652865
0.654402
0.655985
0.657612
0.659281
0.660989
0.662735
0.664516
0.666328
0.668172
0.670044
0.671944
0.673867
0.675811
0.677776
0.679758
0.681756
0.683767
0.685791
0.687826
0.689869
0.691917
0.69397
0.696026
0.698082
0.700136
0.702187
0.704234
0.706274
0.708307
0.71033
0.712344
0.714346
0.716335
0.718309
0.720266
0.722207
0.724128
0.72603
0.72791
0.729767
0.7316
0.733408
0.73519
0.736947
0.738677
0.740379
0.742051
0.743691
0.745299
0.746872
0.748412
0.749917
0.751386
0.752819
0.754214
0.755571
0.756889
0.758167
0.759403
0.760598
0.761749
0.762856
0.76392
0.76494
0.765914
0.766842
0.767724
0.768559
0.769346
0.770086
0.770777
0.771418
0.772009
0.77255
0.773042
0.773485
0.773876
0.774215
0.774503
0.774738
0.774921
0.775052
0.775132
0.775159
0.775136
0.775059
0.774931
0.77475
0.774516
0.774231
0.773893
0.773503
0.773063
0.772571
0.772029
0.771437
0.770795
0.770103
0.769363
0.768575
0.767739
0.766857
0.765928
0.764955
0.763938
0.762878
0.761775
0.76063
0.759446
0.758221
0.756957
0.755657
0.754322
0.752952
0.751549
0.750112
0.748645
0.747149
0.745626
0.744077
0.742504
0.740907
0.73929
0.737653
0.735998
0.734325
0.732637
0.730935
0.72922
0.727495
0.72576
0.724018
0.722271
0.720519
0.718765
0.717011
0.715258
0.713509
0.711764
0.710026
0.708296
0.706574
0.704864
0.703165
0.701479
0.699807
0.698152
0.696515
0.694898
0.693301
0.691726
0.690174
0.688646
0.687142
0.685663
0.68421
0.682785
0.681388
0.680019
0.67868
0.677372
0.676094
0.674848
0.673633
0.672449
0.671298
0.670179
0.669093
0.66804
0.66702
0.666033
0.665081
0.664163
0.663278
0.662428
0.661612
0.66083
0.660083
0.65937
0.658694
0.658051
0.657444
0.65687
0.656332
0.655828
0.655359
0.654926
0.654529
0.654168
0.653843
0.653553
0.6533
0.653082
0.652901
0.652757
0.65265
0.65258
0.652547
0.652551
0.652593
0.652673
0.652791
0.652949
0.653145
0.653382
0.653658
0.653974
0.654329
0.654725
0.655161
0.655638
0.656157
0.656719
0.657322
0.657967
0.658655
0.659385
0.660158
0.660973
0.661831
0.662732
0.663676
0.664664
0.665694
0.666766
0.66788
0.669035
0.670232
0.671469
0.672747
0.674063
0.675417
0.676808
0.678236
0.679699
0.681198
0.682731
0.684296
0.685892
0.687517
0.68917
0.690849
0.692553
0.694279
0.696027
0.697793
0.699575
0.701373
0.703184
0.705005
0.706836
0.708674
0.710518
0.712366
0.714215
0.716063
0.717908
0.719749
0.721581
0.723403
0.725213
0.727008
0.728787
0.730547
0.732286
0.734003
0.735695
0.737361
0.738997
0.740602
0.742174
0.74371
0.745211
0.746672
0.748094
0.749474
0.75081
0.752101
0.753345
0.75454
0.755685
0.75678
0.757823
0.758813
0.759748
0.760628
0.76145
0.762216
0.762923
0.76357
0.764158
0.764686
0.765153
0.765557
0.765899
0.766177
0.766391
0.766542
0.766629
0.76665
0.766607
0.7665
0.766328
0.766092
0.765791
0.765426
0.764998
0.764508
0.763956
0.763343
0.762668
0.761932
0.761136
0.760281
0.759367
0.758395
0.757366
0.756282
0.755143
0.753949
0.752703
0.751404
0.750053
0.748652
0.747202
0.745704
0.74416
0.74257
0.740937
0.739262
0.737545
0.735789
0.733996
0.732166
0.730302
0.728404
0.726473
0.724513
0.722523
0.720506
0.718464
0.716398
0.71431
0.712201
0.710074
0.70793
0.705772
0.703601
0.701419
0.699227
0.697027
0.694821
0.692613
0.690403
0.688193
0.685986
0.683782
0.681584
0.679394
0.677214
0.675045
0.672891
0.670753
0.668632
0.666531
0.664452
0.662397
0.660369
0.658369
0.656399
0.65446
0.652557
0.650689
0.648858
0.647068
0.645319
0.643614
0.641954
0.640342
0.638779
0.637266
0.635805
0.634398
0.633046
0.631751
0.630515
0.629339
0.628225
0.627171
0.626181
0.625255
0.624394
0.6236
0.622872
0.622212
0.621621
0.621097
0.620643
0.620258
0.619941
0.619694
0.619516
0.619409
0.61937
0.619401
0.6195
0.619666
0.619901
0.620202
0.620569
0.621001
0.621497
0.622058
0.622682
0.623367
0.624112
0.624916
0.625778
0.626697
0.627671
0.6287
0.629782
0.630915
0.632098
0.633331
0.634611
0.635938
0.637309
0.638724
0.640181
0.64168
0.643218
0.644794
0.646406
0.648053
0.649734
0.651446
0.65319
0.654964
0.656767
0.658596
0.660452
0.662332
0.664234
0.666158
0.668103
0.670067
0.67205
0.674049
0.676063
0.678092
0.680134
0.682187
0.68425
0.686322
0.688403
0.69049
0.692582
0.694678
0.696777
0.698877
0.700977
0.703075
0.70517
0.70726
0.709345
0.711422
0.713492
0.715554
0.717604
0.719641
0.721663
0.723669
0.725656
0.727624
0.729572
0.7315
0.733405
0.735285
0.737138
0.738963
0.740757
0.74252
0.744249
0.745943
0.747602
0.749224
0.750807
0.752349
0.753849
0.755307
0.756721
0.75809
0.759412
0.760687
0.761913
0.76309
0.764218
0.765295
0.766321
0.767296
0.768219
0.769091
0.769909
0.770674
0.771385
0.772044
0.772651
0.773206
0.773708
0.774159
0.774559
0.774908
0.775206
0.775456
0.775656
0.775807
0.775912
0.775971
0.775986
0.775957
0.775886
0.775773
0.77562
0.775429
0.775201
0.774939
0.774642
0.774313
0.773952
0.773561
0.773142
0.772695
0.772223
0.771728
0.77121
0.77067
0.77011
0.769532
0.768937
0.768325
0.767699
0.767058
0.766404
0.765738
0.76506
0.764372
0.763675
0.762969
0.762255
0.761533
0.760805
0.760071
0.759332
0.758589
0.757842
0.757093
0.756342
0.755588
0.754833
0.754077
0.753321
0.752566
0.751812
0.75106
0.750311
0.749566
0.748825
0.74809
0.747362
0.746641
0.745928
0.745223
0.74453
0.743847
0.743179
0.742525
0.741885
0.741261
0.740652
0.74006
0.739486
0.738931
0.738395
0.73788
0.737386
0.736913
0.736463
0.736034
0.735628
0.735243
0.734881
0.734543
0.734226
0.733931
0.733658
0.733407
0.733176
0.732965
0.732773
0.732598
0.732439
0.732297
0.732169
0.732053
0.731949
0.731856
0.731772
0.731696
0.731625
0.731558
0.731494
0.73143
0.731364
0.731297
0.731226
0.731151
0.731069
0.730981
0.730884
0.730778
0.730661
0.730531
0.730389
0.730234
0.730065
0.729882
0.729686
0.729475
0.729249
0.729008
0.728752
0.728481
0.728195
0.727895
0.72758
0.727251
0.726908
0.72655
0.726179
0.725796
0.725399
0.724989
0.724567
0.724132
0.723686
0.723227
0.722757
0.722275
0.721782
0.721278
0.720762
0.720235
0.719695
0.719144
0.718581
0.718006
0.717419
0.716819
0.716205
0.715576
0.714933
0.714273
0.713598
0.712907
0.712199
0.711474
0.710732
0.709972
0.709194
0.708399
0.707586
0.706755
0.705905
0.705036
0.704148
0.70324
0.702314
0.701369
0.700405
0.699422
0.698422
0.697405
0.696372
0.695321
0.694254
0.693171
0.692072
0.69096
0.689834
0.688697
0.687548
0.686389
0.685221
0.684044
0.68286
0.681669
0.680474
0.679274
0.678071
0.676866
0.67566
0.674455
0.673252
0.672052
0.670857
0.669667
0.668485
0.66731
0.666144
0.66499
0.663849
0.66272
0.661605
0.660505
0.659421
0.658354
0.657305
0.656275
0.655265
0.654276
0.653309
0.652365
0.651445
0.650549
0.649679
0.648835
0.648018
0.647229
0.646467
0.645733
0.645028
0.644351
0.643703
0.643083
0.642493
0.641931
0.641399
0.640896
0.640423
0.639978
0.639561
0.639171
0.638808
0.638473
0.638164
0.637881
0.637623
0.637391
0.637184
0.637
0.636838
0.636698
0.636578
0.636479
0.636398
0.636335
0.636288
0.636258
0.636243
0.636242
0.636256
0.636282
0.636321
0.636369
0.636428
0.636496
0.636573
0.636659
0.636752
0.636851
0.636958
0.63707
0.637188
0.637312
0.637441
0.637574
0.637713
0.637857
0.638006
0.638159
0.638318
0.638482
0.638651
0.638825
0.639007
0.639196
0.639394
0.639599
0.639813
0.640036
0.64027
0.640515
0.640774
0.641047
0.641335
0.641639
0.64196
0.6423
0.642658
0.643036
0.643436
0.643859
0.644306
0.64478
0.64528
0.64581
0.64637
0.646962
0.647588
0.648247
0.648942
0.649674
0.650443
0.651252
0.6521
0.652988
0.653919
0.654894
0.655912
0.656976
0.658086
0.659241
0.660443
0.661692
0.662987
0.66433
0.66572
0.667157
0.668642
0.670175
0.671756
0.673383
0.675056
0.676774
0.678536
0.68034
0.682186
0.684072
0.685996
0.687958
0.689956
0.691988
0.694051
0.696143
0.698262
0.700406
0.702572
0.704758
0.70696
0.709177
0.711407
0.713645
0.71589
0.718139
0.720388
0.722635
0.724877
0.72711
0.729332
0.73154
0.733729
0.735899
0.738045
0.740165
0.742256
0.744317
0.746344
0.748334
0.750284
0.752194
0.754059
0.755877
0.757645
0.759362
0.761026
0.762634
0.764186
0.765678
0.767109
0.768479
0.769786
0.771028
0.772206
0.773317
0.774361
0.775336
0.776241
0.777076
0.777841
0.778533
0.779155
0.779706
0.780185
0.780591
0.780925
0.781187
0.781377
0.781497
0.781546
0.781525
0.781434
0.781274
0.781047
0.780753
0.780393
0.779968
0.779479
0.778928
0.778315
0.777644
0.776915
0.776128
0.775286
0.774391
0.773444
0.772447
0.771403
0.770312
0.769179
0.768005
0.76679
0.765539
0.764254
0.762937
0.761592
0.760218
0.75882
0.7574
0.755961
0.754507
0.75304
0.751562
0.750076
0.748584
0.74709
0.745596
0.744104
0.742619
0.741142
0.739676
0.738224
0.736789
0.735374
0.73398
0.73261
0.731268
0.729955
0.728673
0.727425
0.726212
0.725039
0.723905
0.722813
0.721765
0.720762
0.719806
0.7189
0.718043
0.717237
0.716483
0.715782
0.715135
0.714543
0.714007
0.713525
0.713099
0.71273
0.712418
0.712163
0.711963
0.711819
0.711731
0.711699
0.711722
0.711799
0.71193
0.712116
0.712355
0.712646
0.712988
0.71338
0.713821
0.71431
0.714845
0.715425
0.716049
0.716717
0.717427
0.718178
0.718968
0.719794
0.720656
0.721552
0.722481
0.723442
0.724431
0.725447
0.72649
0.727558
0.72865
0.729762
0.730894
0.732044
0.733209
0.734387
0.735577
0.736776
0.737983
0.739195
0.740411
0.741627
0.742843
0.744056
0.745265
0.746467
0.747661
0.748844
0.750014
0.751171
0.75231
0.753431
0.754532
0.755611
0.756665
0.757694
0.758695
0.759667
0.760607
0.761514
0.762388
0.763225
0.764025
0.764787
0.765509
0.76619
0.766829
0.767425
0.767976
0.768482
0.768943
0.769357
0.769723
0.77004
0.770309
0.770527
0.770696
0.770816
0.770885
0.770905
0.770873
0.770791
0.770657
0.770473
0.770239
0.769955
0.769623
0.769242
0.768813
0.768337
0.767816
0.76725
0.766641
0.765988
0.765294
0.764558
0.763783
0.762968
0.762115
0.761227
0.760304
0.759348
0.758359
0.757341
0.756295
0.755224
0.754128
0.753009
0.751867
0.750706
0.749528
0.748333
0.747124
0.745901
0.744665
0.74342
0.742168
0.740908
0.739643
0.738375
0.737106
0.735836
0.734567
0.733302
0.73204
0.730784
0.729535
0.728295
0.727065
0.725847
0.724642
0.723451
0.722274
0.721115
0.719973
0.71885
0.717745
0.71666
0.715596
0.714553
0.713532
0.712535
0.71156
0.71061
0.709685
0.708786
0.707913
0.707066
0.706245
0.705451
0.704685
0.703946
0.703236
0.702554
0.701901
0.701275
0.700678
0.700109
0.699569
0.699057
0.698574
0.698122
0.697698
0.697303
0.696937
0.6966
0.696293
0.696014
0.695764
0.695543
0.695349
0.695182
0.695043
0.694932
0.694848
0.694791
0.694759
0.694753
0.694773
0.694818
0.694888
0.694983
0.695102
0.695245
0.695412
0.695601
0.695812
0.696045
0.696298
0.69657
0.696861
0.697171
0.697499
0.697843
0.698204
0.698581
0.69897
0.699373
0.69979
0.700217
0.700655
0.701101
0.701556
0.702018
0.702485
0.702956
0.70343
0.703907
0.704386
0.704864
0.705339
0.70581
0.706276
0.706736
0.707187
0.707628
0.708058
0.708476
0.708879
0.709266
0.709637
0.70999
0.710323
0.710635
0.710924
0.711189
0.711427
0.71164
0.711825
0.711982
0.712111
0.712209
0.712275
0.712309
0.71231
0.712276
0.712208
0.712104
0.711965
0.71179
0.711579
0.711331
0.711047
0.710726
0.710367
0.709972
0.709541
0.709074
0.708572
0.708036
0.707467
0.706864
0.706229
0.705564
0.704868
0.704145
0.703394
0.702619
0.70182
0.700999
0.700157
0.699298
0.698421
0.69753
0.696627
0.695713
0.69479
0.693861
0.692929
0.691996
0.691065
0.690136
0.689212
0.688296
0.687391
0.686498
0.68562
0.684758
0.683916
0.683096
0.682299
0.681528
0.680784
0.68007
0.679388
0.678738
0.678123
0.677545
0.677007
0.676507
0.676048
0.675631
0.675257
0.674927
0.674641
0.6744
0.674204
0.674054
0.67395
0.673892
0.67388
0.673916
0.673997
0.674124
0.674296
0.674513
0.674772
0.675074
0.675417
0.6758
0.676222
0.67668
0.677174
0.677702
0.678262
0.678852
0.679471
0.680116
0.680785
0.681476
0.682187
0.682917
0.683662
0.684421
0.685192
0.685971
0.686757
0.687549
0.688343
0.689137
0.689929
0.690717
0.691498
0.692271
0.693034
0.693784
0.694519
0.695236
0.695935
0.696612
0.697267
0.697898
0.698503
0.699081
0.699629
0.700148
0.700636
0.701091
0.701513
0.7019
0.702253
0.702572
0.702854
0.703099
0.703308
0.70348
0.703614
0.703711
0.70377
0.703793
0.703779
0.703728
0.703643
0.703523
0.703368
0.70318
0.70296
0.702707
0.702424
0.702111
0.701769
0.7014
0.701005
0.700585
0.700142
0.699677
0.699193
0.698691
0.698173
0.69764
0.697094
0.696536
0.695968
0.695391
0.694808
0.69422
0.693629
0.693036
0.692444
0.691854
0.691267
0.690687
0.690115
0.689553
0.689001
0.688461
0.687933
0.68742
0.68692
0.686438
0.685973
0.685527
0.6851
0.684692
0.684305
0.68394
0.683597
0.683277
0.682981
0.68271
0.682462
0.682238
0.682039
0.681864
0.681713
0.681586
0.681484
0.681405
0.68135
0.681319
0.681311
0.681325
0.681361
0.681418
0.681496
0.681595
0.681712
0.681848
0.682002
0.682172
0.682357
0.682558
0.682773
0.683001
0.683242
0.683494
0.683757
0.68403
0.684312
0.684602
0.684898
0.685201
0.685509
0.685822
0.686139
0.686459
0.686782
0.687107
0.687434
0.687763
0.688092
0.688422
0.688751
0.689078
0.689405
0.689731
0.690056
0.69038
0.690703
0.691024
0.691343
0.69166
0.691977
0.692292
0.692606
0.692918
0.69323
0.69354
0.69385
0.69416
0.69447
0.69478
0.695091
0.695404
0.695719
0.696037
0.696359
0.696685
0.697015
0.697351
0.697692
0.698041
0.698398
0.698763
0.699137
0.699518
0.699909
0.70031
0.700721
0.701143
0.701575
0.702019
0.702475
0.702943
0.703423
0.703914
0.704419
0.704935
0.705464
0.706004
0.706557
0.707122
0.707699
0.708289
0.708891
0.709502
0.710123
0.710753
0.711391
0.712036
0.712687
0.713344
0.714005
0.714669
0.715336
0.716004
0.716671
0.717335
0.717996
0.718652
0.719302
0.719944
0.720577
0.721199
0.721808
0.722403
0.72298
0.72354
0.724082
0.724602
0.725101
0.725574
0.726022
0.726441
0.726832
0.727191
0.727519
0.727813
0.728073
0.728297
0.728486
0.728638
0.728751
0.728826
0.728861
0.728855
0.728809
0.728721
0.728593
0.728424
0.728214
0.727963
0.727671
0.727338
0.726965
0.726554
0.726104
0.725616
0.725094
0.724538
0.723948
0.723328
0.722679
0.722001
0.721297
0.72057
0.71982
0.719048
0.718257
0.717448
0.716624
0.715788
0.714941
0.714087
0.713228
0.712366
0.711504
0.710643
0.709787
0.708939
0.7081
0.707273
0.706461
0.705665
0.704887
0.704132
0.7034
0.702694
0.702015
0.701365
0.700747
0.700164
0.699616
0.699104
0.69863
0.698197
0.697804
0.697453
0.697146
0.696882
0.696664
0.696491
0.696364
0.696284
0.696251
0.696264
0.696325
0.696433
0.696589
0.696791
0.697039
0.697333
0.697673
0.698059
0.698488
0.698961
0.699477
0.700033
0.700631
0.701269
0.701947
0.702662
0.703413
0.704199
0.705018
0.705871
0.706755
0.707669
0.708612
0.709584
0.710582
0.711605
0.712652
0.713721
0.714813
0.715924
0.717054
0.718202
0.719365
0.720543
0.721734
0.722938
0.724153
0.725378
0.726612
0.727854
0.729102
0.730356
0.731614
0.732876
0.73414
0.735406
0.736672
0.737938
0.739203
0.740465
0.741725
0.74298
0.744229
0.745472
0.746708
0.747936
0.749155
0.750364
0.751563
0.75275
0.753924
0.755085
0.756231
0.757362
0.758478
0.759577
0.760659
0.761723
0.762768
0.763794
0.7648
0.765785
0.766749
0.76769
0.768607
0.769501
0.77037
0.771213
0.772031
0.772825
0.773592
0.774334
0.775048
0.775734
0.776391
0.777018
0.777616
0.778184
0.778721
0.779229
0.779705
0.78015
0.780563
0.780943
0.781291
0.781606
0.781889
0.782139
0.782355
0.782537
0.782686
0.782801
0.782882
0.782928
0.782941
0.782918
0.782862
0.782771
0.782645
0.782486
0.782293
0.782066
0.781805
0.781507
0.781176
0.78081
0.780409
0.779973
0.779503
0.778997
0.778455
0.777879
0.777267
0.77662
0.775939
0.775224
0.774475
0.773692
0.772874
0.772022
0.771135
0.770213
0.769256
0.768264
0.767238
0.766175
0.765079
0.76395
0.762786
0.761589
0.760357
0.759091
0.757791
0.756459
0.755094
0.753696
0.752266
0.750804
0.749313
0.74779
0.746237
0.744654
0.743043
0.741403
0.739735
0.738041
0.73632
0.734574
0.732803
0.731011
0.729196
0.72736
0.725504
0.723629
0.721738
0.719832
0.717911
0.715976
0.714031
0.712077
0.710114
0.708145
0.706172
0.704196
0.702219
0.700244
0.698272
0.696305
0.694345
0.692395
0.690458
0.688533
0.686624
0.684732
0.682859
0.681007
0.679179
0.677375
0.675599
0.673852
0.672138
0.670458
0.668813
0.667206
0.665637
0.66411
0.662627
0.661187
0.659794
0.658449
0.657154
0.655909
0.654717
0.653579
0.652496
0.65147
0.650501
0.649591
0.64874
0.64795
0.647221
0.646552
0.645946
0.645403
0.644924
0.644509
0.644158
0.64387
0.643646
0.643486
0.643388
0.643354
0.643383
0.643474
0.643627
0.643842
0.644118
0.644454
0.644849
0.645304
0.645816
0.646386
0.647011
0.647693
0.648427
0.649213
0.65005
0.650934
0.651866
0.652845
0.653867
0.654932
0.656037
0.657183
0.658367
0.659586
0.660839
0.662124
0.66344
0.664784
0.666154
0.667549
0.668965
0.670402
0.671856
0.673326
0.67481
0.676306
0.677811
0.679323
0.680842
0.682364
0.683889
0.685414
0.686937
0.688455
0.689966
0.691469
0.692962
0.694442
0.695909
0.697361
0.698796
0.700213
0.701611
0.702987
0.704341
0.705669
0.706971
0.708246
0.709492
0.710707
0.711892
0.713045
0.714166
0.715254
0.716308
0.717327
0.718309
0.719255
0.720164
0.721036
0.721869
0.722663
0.72342
0.724138
0.724816
0.725455
0.726055
0.726616
0.72714
0.727624
0.728068
0.728472
0.728837
0.729163
0.729452
0.729703
0.729918
0.730097
0.730239
0.730347
0.730419
0.730458
0.730464
0.730435
0.730375
0.730282
0.730157
0.730003
0.72982
0.729608
0.729368
0.729101
0.72881
0.728494
0.728154
0.727792
0.727407
0.727003
0.726579
0.726137
0.725678
0.725201
0.724709
0.724204
0.723686
0.723156
0.722614
0.722063
0.721502
0.720934
0.720359
0.719778
0.719192
0.718602
0.71801
0.717416
0.716823
0.716229
0.715636
0.715045
0.714457
0.713874
0.713295
0.712721
0.712155
0.711597
0.711047
0.710505
0.709973
0.70945
0.708939
0.708439
0.70795
0.707474
0.707011
0.706561
0.706125
0.705703
0.705296
0.704906
0.704532
0.704173
0.703831
0.703506
0.703198
0.702908
0.702635
0.702381
0.702145
0.701926
0.701724
0.701539
0.701371
0.701221
0.701088
0.700972
0.700873
0.70079
0.700722
0.700671
0.700634
0.700614
0.700607
0.700615
0.700638
0.700675
0.700726
0.700791
0.700868
0.700959
0.701064
0.70118
0.701309
0.701449
0.701602
0.701765
0.701939
0.702123
0.702317
0.702521
0.702736
0.70296
0.703193
0.703436
0.703687
0.703947
0.704214
0.704489
0.704772
0.705063
0.70536
0.705665
0.705976
0.706295
0.706619
0.706949
0.707285
0.707626
0.707973
0.708325
0.708682
0.709043
0.709406
0.709773
0.710142
0.710514
0.710889
0.711266
0.711644
0.712023
0.712402
0.71278
0.713158
0.713533
0.713906
0.714278
0.714646
0.71501
0.715371
0.715727
0.716077
0.716422
0.71676
0.717091
0.717415
0.717729
0.718035
0.718331
0.718616
0.718891
0.719154
0.719405
0.719644
0.719869
0.720081
0.72028
0.720463
0.720633
0.720786
0.720924
0.721047
0.721153
0.721244
0.721317
0.721373
0.721412
0.721434
0.721437
0.721422
0.72139
0.721339
0.72127
0.721183
0.721078
0.720956
0.720817
0.720661
0.720487
0.720297
0.720089
0.719866
0.719627
0.719374
0.719106
0.718823
0.718527
0.718217
0.717895
0.717561
0.717215
0.71686
0.716495
0.716122
0.715741
0.715353
0.71496
0.714561
0.714158
0.713751
0.713342
0.712932
0.712522
0.712112
0.711704
0.711299
0.710897
0.710499
0.710106
0.709719
0.709338
0.708966
0.708602
0.708248
0.707903
0.70757
0.707249
0.706939
0.706643
0.706359
0.70609
0.705835
0.705595
0.705371
0.705163
0.704971
0.704795
0.704635
0.704491
0.704363
0.704251
0.704155
0.704076
0.704012
0.703965
0.703933
0.703917
0.703916
0.703928
0.703954
0.703994
0.704047
0.704114
0.704193
0.704284
0.704386
0.704498
0.704619
0.704749
0.704887
0.705033
0.705184
0.705341
0.705501
0.705664
0.705831
0.705999
0.706168
0.706338
0.706509
0.706679
0.706846
0.707009
0.707168
0.707323
0.707472
0.707614
0.707748
0.707874
0.70799
0.708096
0.708191
0.708275
0.708348
0.708407
0.708453
0.708484
0.708502
0.708505
0.708492
0.708465
0.708419
0.708357
0.708276
0.708178
0.708061
0.707926
0.707773
0.7076
0.707408
0.707197
0.706967
0.706716
0.706446
0.706156
0.705846
0.705517
0.705168
0.704799
0.70441
0.704003
0.703578
0.703135
0.702674
0.702195
0.701701
0.701189
0.700661
0.700116
0.699555
0.698978
0.698386
0.697779
0.697159
0.696527
0.695882
0.695223
0.694553
0.693873
0.693182
0.692482
0.691773
0.691056
0.690331
0.6896
0.688864
0.688124
0.68738
0.686633
0.685885
0.685136
0.684387
0.68364
0.682895
0.682153
0.681417
0.680686
0.679962
0.679247
0.678543
0.677851
0.677172
0.676507
0.675859
0.675227
0.674614
0.674019
0.673446
0.672895
0.672369
0.67187
0.671398
0.670954
0.670542
0.670161
0.669813
0.669499
0.66922
0.668977
0.668771
0.668604
0.668478
0.668392
0.668347
0.668343
0.668382
0.668464
0.66859
0.66876
0.668974
0.669232
0.669536
0.669884
0.670276
0.670713
0.671193
0.671717
0.672285
0.672896
0.673549
0.674243
0.674977
0.675749
0.676558
0.677404
0.678285
0.679199
0.680145
0.681123
0.68213
0.683165
0.684226
0.685312
0.686422
0.687554
0.688705
0.689876
0.691062
0.692264
0.693478
0.694703
0.695939
0.697183
0.698434
0.699689
0.700948
0.702208
0.703467
0.704723
0.705976
0.707223
0.708463
0.709695
0.710917
0.712128
0.713327
0.714512
0.71568
0.716832
0.717965
0.719078
0.720171
0.721242
0.722291
0.723315
0.724315
0.725288
0.726234
0.727153
0.728043
0.728904
0.729735
0.730537
0.731306
0.732045
0.73275
0.733423
0.734061
0.734665
0.735234
0.735769
0.736268
0.73673
0.737157
0.737549
0.737905
0.738225
0.738508
0.738755
0.738967
0.739143
0.739283
0.739388
0.739459
0.739495
0.739497
0.739464
0.739399
0.739301
0.739171
0.739011
0.738821
0.738601
0.738351
0.738073
0.737767
0.737435
0.737076
0.736692
0.736284
0.735854
0.735401
0.734927
0.734433
0.733922
0.733393
0.732849
0.732291
0.731718
0.731134
0.730539
0.729935
0.729323
0.728703
0.728077
0.727447
0.726814
0.726178
0.725541
0.724903
0.724267
0.723632
0.723
0.722373
0.72175
0.721134
0.720525
0.719926
0.719336
0.718756
0.718188
0.717631
0.717087
0.716555
0.716037
0.715534
0.715047
0.714575
0.71412
0.713681
0.713259
0.712854
0.712466
0.712097
0.711746
0.711415
0.711102
0.710808
0.710532
0.710275
0.710036
0.709815
0.709612
0.709427
0.70926
0.709111
0.70898
0.708867
0.708771
0.708692
0.708629
0.708582
0.708553
0.70854
0.708542
0.708561
0.708595
0.708645
0.708708
0.708786
0.708878
0.708985
0.709107
0.709243
0.709393
0.709557
0.709735
0.709926
0.710131
0.710348
0.710579
0.710823
0.71108
0.71135
0.711633
0.711928
0.712236
0.712556
0.712888
0.713233
0.713591
0.713963
0.714347
0.714745
0.715155
0.715577
0.716012
0.71646
0.71692
0.717393
0.717878
0.718374
0.718882
0.719401
0.71993
0.720472
0.721023
0.721585
0.722156
0.722737
0.723327
0.723926
0.724534
0.72515
0.725774
0.726404
0.727041
0.727682
0.728328
0.728978
0.729631
0.730285
0.730941
0.731596
0.732251
0.732905
0.733555
0.734201
0.734843
0.735477
0.736103
0.736718
0.737321
0.737913
0.738491
0.739055
0.739603
0.740134
0.740644
0.741132
0.741598
0.742041
0.742458
0.742848
0.743207
0.743537
0.743834
0.744097
0.744325
0.744516
0.74467
0.744785
0.74486
0.744893
0.744884
0.744831
0.744734
0.74459
0.744401
0.744164
0.74388
0.743548
0.743167
0.742737
0.742257
0.741729
0.74115
0.740523
0.739847
0.739122
0.738349
0.737529
0.736662
0.735749
0.734792
0.733792
0.732749
0.731666
0.730543
0.729383
0.728187
0.726957
0.725695
0.724404
0.723085
0.721741
0.720374
0.718987
0.717582
0.716161
0.714727
0.713282
0.711828
0.710368
0.708904
0.707439
0.705976
0.704518
0.703066
0.701624
0.700195
0.69878
0.697382
0.696003
0.694647
0.693315
0.692009
0.690732
0.689485
0.688271
0.687092
0.68595
0.684846
0.683781
0.682756
0.681773
0.680833
0.679935
0.679082
0.678274
0.677513
0.676799
0.676131
0.67551
0.674936
0.674409
0.673929
0.673496
0.67311
0.672772
0.672479
0.672233
0.672032
0.671877
0.671765
0.671697
0.671671
0.671687
0.671743
0.671838
0.671973
0.672146
0.672355
0.6726
0.672879
0.67319
0.673532
0.673904
0.674302
0.674727
0.675176
0.675648
0.67614
0.676651
0.67718
0.677724
0.678282
0.678852
0.679432
0.680021
0.680617
0.681217
0.68182
0.682423
0.683024
0.683622
0.684215
0.684802
0.68538
0.685948
0.686505
0.687048
0.687575
0.688086
0.688579
0.689052
0.689504
0.689934
0.690341
0.690723
0.69108
0.69141
0.691712
0.691986
0.692231
0.692446
0.692632
0.692787
0.692911
0.693005
0.693067
0.693099
0.6931
0.693071
0.693012
0.692923
0.692805
0.69266
0.692487
0.692288
0.692064
0.691816
0.691544
0.691249
0.690932
0.690596
0.690241
0.689868
0.689479
0.689077
0.688662
0.688236
0.687802
0.687359
0.686911
0.686458
0.686002
0.685546
0.685091
0.684638
0.684189
0.683744
0.683305
0.682875
0.682454
0.682044
0.681646
0.681261
0.680889
0.680534
0.680195
0.679873
0.67957
0.679288
0.679026
0.678786
0.678568
0.678374
0.678204
0.678058
0.677939
0.677845
0.677778
0.677737
0.677724
0.677737
0.677778
0.677846
0.677943
0.678067
0.678219
0.678399
0.678607
0.678843
0.679106
0.679396
0.679712
0.680055
0.680424
0.680818
0.681238
0.681683
0.682152
0.682644
0.683158
0.683694
0.684251
0.684827
0.685423
0.686039
0.686672
0.687321
0.687987
0.688667
0.689361
0.690069
0.690789
0.691519
0.69226
0.69301
0.693767
0.694531
0.6953
0.696074
0.696851
0.69763
0.698411
0.699193
0.699974
0.700753
0.701528
0.702298
0.703063
0.70382
0.704569
0.705309
0.706038
0.706755
0.707461
0.708152
0.70883
0.709492
0.710137
0.710764
0.711373
0.711962
0.712531
0.713079
0.713607
0.714114
0.714598
0.71506
0.715499
0.715915
0.716308
0.716676
0.717021
0.717342
0.71764
0.717913
0.718163
0.718388
0.718589
0.718767
0.718921
0.719051
0.719159
0.719245
0.719308
0.719351
0.719373
0.719376
0.719359
0.719324
0.71927
0.719198
0.719109
0.719004
0.718885
0.718751
0.718604
0.718444
0.718273
0.718091
0.717899
0.717697
0.717486
0.717267
0.717041
0.716811
0.716576
0.716335
0.71609
0.715842
0.715593
0.715342
0.715091
0.714839
0.714587
0.714333
0.71408
0.713828
0.713576
0.713326
0.713077
0.71283
0.712585
0.712342
0.712101
0.711863
0.711627
0.711392
0.71116
0.710931
0.710702
0.710476
0.71025
0.710025
0.709801
0.709579
0.709357
0.709136
0.708915
0.708694
0.708472
0.708249
0.708025
0.707801
0.707576
0.70735
0.707123
0.706895
0.706665
0.706433
0.706198
0.705962
0.705723
0.705481
0.705237
0.704991
0.704743
0.704495
0.704246
0.703998
0.70375
0.703501
0.703252
0.703004
0.702756
0.702511
0.702267
0.702027
0.701791
0.701559
0.701332
0.701112
0.7009
0.700696
0.700502
0.700319
0.700148
0.69999
0.699846
0.699716
0.699602
0.699505
0.699426
0.699367
0.699328
0.69931
0.699318
0.699349
0.699406
0.699489
0.699598
0.699734
0.699898
0.70009
0.700312
0.700562
0.700842
0.701152
0.701493
0.701865
0.702269
0.702702
0.703167
0.703661
0.704186
0.704741
0.705326
0.70594
0.706584
0.707254
0.707952
0.708676
0.709424
0.710197
0.710993
0.71181
0.712647
0.713504
0.714379
0.715271
0.716176
0.717094
0.718024
0.718963
0.719911
0.720865
0.721825
0.722788
0.723753
0.724719
0.725683
0.726644
0.7276
0.728549
0.729491
0.730423
0.731344
0.732253
0.733148
0.734028
0.734892
0.73574
0.736568
0.737377
0.738165
0.738932
0.739676
0.740397
0.741095
0.741767
0.742414
0.743037
0.743634
0.744203
0.744744
0.745257
0.745742
0.746198
0.746627
0.747027
0.747399
0.747742
0.748057
0.748344
0.748602
0.748832
0.749034
0.749209
0.749357
0.749479
0.749574
0.749644
0.749689
0.74971
0.749706
0.74968
0.749632
0.749561
0.749468
0.749354
0.749219
0.749065
0.748893
0.748701
0.748492
0.748266
0.748023
0.747765
0.747491
0.747202
0.746901
0.746586
0.746259
0.745922
0.745575
0.745219
0.744854
0.744482
0.744103
0.743719
0.743329
0.742936
0.742539
0.74214
0.741741
0.741342
0.740943
0.740546
0.740152
0.73976
0.739373
0.738991
0.738615
0.738246
0.737885
0.737534
0.737193
0.736863
0.736545
0.736239
0.735947
0.735668
0.735404
0.735155
0.734922
0.734705
0.734506
0.734324
0.73416
0.734015
0.733889
0.733783
0.733696
0.73363
0.733584
0.733558
0.733553
0.733569
0.733605
0.733662
0.73374
0.733838
0.733956
0.734093
0.734249
0.734424
0.734618
0.73483
0.735059
0.735305
0.73557
0.735851
0.736147
