-5.71312
-5.71312
-5.71247
-5.71182
-5.71085
-5.71085
-5.71085
-5.71053
-5.71085
-5.71053
-5.7102
-5.71053
-5.71118
-5.71085
-5.71085
-5.71053
-5.71085
-5.71085
-5.71085
-5.71053
-5.70956
-5.70891
-5.70988
-5.70988
-5.70956
-5.70956
-5.70891
-5.70923
-5.70923
-5.70923
-5.70859
-5.70794
-5.70859
-5.70859
-5.70891
-5.70891
-5.70988
-5.70923
-5.70923
-5.70891
-5.70956
-5.70988
-5.70988
-5.70988
-5.70956
-5.70923
-5.70923
-5.70956
-5.71021
-5.70988
-5.70988
-5.70988
-5.70988
-5.71021
-5.71021
-5.71085
-5.71053
-5.71021
-5.71085
-5.71085
-5.71085
-5.71053
-5.71053
-5.7102
-5.70988
-5.70988
-5.70956
-5.70956
-5.70923
-5.70923
-5.70826
-5.70858
-5.70794
-5.70794
-5.70891
-5.70891
-5.70858
-5.70794
-5.70761
-5.70794
-5.70697
-5.70697
-5.70697
-5.70697
-5.70664
-5.70696
-5.70729
-5.70826
-5.70761
-5.70729
-5.70729
-5.70696
-5.70632
-5.70599
-5.70567
-5.70535
-5.7047
-5.70502
-5.70567
-5.70567
-5.70599
-5.70599
-5.70664
-5.70664
-5.70664
-5.70696
-5.70664
-5.70664
-5.70696
-5.70761
-5.70761
-5.70761
-5.70696
-5.70696
-5.70696
-5.70696
-5.70761
-5.7089
-5.70923
-5.70955
-5.70923
-5.70923
-5.7089
-5.7089
-5.70825
-5.70825
-5.70728
-5.70696
-5.70696
-5.70793
-5.70793
-5.7076
-5.70728
-5.70696
-5.70728
-5.70761
-5.70761
-5.70761
-5.70761
-5.70761
-5.70793
-5.70793
-5.70793
-5.70663
-5.70631
-5.70599
-5.70599
-5.70664
-5.70664
-5.70664
-5.70599
-5.70567
-5.70567
-5.70502
-5.70502
-5.70405
-5.70405
-5.7047
-5.70405
-5.70405
-5.70437
-5.70437
-5.70502
-5.70502
-5.70502
-5.70534
-5.70502
-5.70567
-5.70502
-5.7047
-5.70535
-5.7047
-5.70502
-5.70502
-5.70438
-5.7047
-5.7047
-5.70503
-5.706
-5.70665
-5.70729
-5.70762
-5.70729
-5.70697
-5.70697
-5.70697
-5.70632
-5.70567
-5.70568
-5.70535
-5.7047
-5.7047
-5.70438
-5.70535
-5.70535
-5.7047
-5.70438
-5.70438
-5.70503
-5.7047
-5.70535
-5.70471
-5.70503
-5.70471
-5.70438
-5.70406
-5.70438
-5.70438
-5.70438
-5.70406
-5.70438
-5.70438
-5.70438
-5.7047
-5.70438
-5.70438
-5.70438
-5.70406
-5.70406
-5.70406
-5.70406
-5.70438
-5.70438
-5.70438
-5.70405
-5.70405
-5.70438
-5.70405
-5.70405
-5.7047
-5.70438
-5.70405
-5.70405
-5.70373
-5.70437
-5.70373
-5.70373
-5.70373
-5.70373
-5.7034
-5.70372
-5.70405
-5.70405
-5.7034
-5.70243
-5.70243
-5.70275
-5.70275
-5.70307
-5.70275
-5.7034
-5.70307
-5.70275
-5.70275
-5.70275
-5.70242
-5.70242
-5.7034
-5.70372
-5.70404
-5.70372
-5.70404
-5.70372
-5.70437
-5.70404
-5.70404
-5.70437
-5.70566
-5.70599
-5.70566
-5.70566
-5.70566
-5.70566
-5.70599
-5.70599
-5.70534
-5.70534
-5.70566
-5.70599
-5.70599
-5.70663
-5.70631
-5.70728
-5.70696
-5.70663
-5.70631
-5.70631
-5.70534
-5.70502
-5.70502
-5.70566
-5.70534
-5.70502
-5.70502
-5.70534
-5.70567
-5.70599
-5.70631
-5.70696
-5.70664
-5.70664
-5.70664
-5.70696
-5.70696
-5.70696
-5.70696
-5.70664
-5.70696
-5.70696
-5.70729
-5.70761
-5.70761
-5.70697
-5.70697
-5.70729
-5.70729
-5.70761
-5.70761
-5.70761
-5.70794
-5.70761
-5.70761
-5.70794
-5.70826
-5.70697
-5.70729
-5.70697
-5.70664
-5.70697
-5.70729
-5.70729
-5.70729
-5.70665
-5.70665
-5.70697
-5.70664
-5.706
-5.706
-5.706
-5.70535
-5.70535
-5.70503
-5.70535
-5.70503
-5.70503
-5.70438
-5.70503
-5.70503
-5.70535
-5.70503
-5.70438
-5.70373
-5.70308
-5.70276
-5.70276
-5.70276
-5.70341
-5.70405
-5.70502
-5.70502
-5.7047
-5.7047
-5.70438
-5.70405
-5.70405
-5.70373
-5.70373
-5.70373
-5.70373
-5.7034
-5.70373
-5.70405
-5.70405
-5.70308
-5.70308
-5.70211
-5.70211
-5.70276
-5.70243
-5.70243
-5.70276
-5.70308
-5.7034
-5.70405
-5.70405
-5.70437
-5.70405
-5.70405
-5.70373
-5.70405
-5.70405
-5.70373
-5.70405
-5.70405
-5.70405
-5.7047
-5.70502
-5.70502
-5.70502
-5.70502
-5.70437
-5.70437
-5.70502
-5.70502
-5.70534
-5.70567
-5.70632
-5.70664
-5.70696
-5.70696
-5.70729
-5.70696
-5.70696
-5.70696
-5.70729
-5.70729
-5.70729
-5.70761
-5.70761
-5.70761
-5.70729
-5.70761
-5.70761
-5.70761
-5.70761
-5.70793
-5.70826
-5.70826
-5.70793
-5.70826
-5.70826
-5.70826
-5.70826
-5.70826
-5.70793
-5.70793
-5.70826
-5.70858
-5.70826
-5.70826
-5.7089
-5.7089
-5.7089
-5.7089
-5.70923
-5.70955
-5.70955
-5.70923
-5.70988
-5.7102
-5.7102
-5.7115
-5.7115
-5.71182
-5.7115
-5.71182
-5.71182
-5.71182
-5.7115
-5.71085
-5.7115
-5.71182
-5.71215
-5.71247
-5.71215
-5.71182
-5.71215
-5.71215
-5.7115
-5.7115
-5.71182
-5.71247
-5.71247
-5.71215
-5.71247
-5.71279
-5.71247
-5.71182
-5.71182
-5.71085
-5.71182
-5.71182
-5.71118
-5.71085
-5.71118
-5.71118
-5.7115
-5.7115
-5.7115
-5.7115
-5.7115
-5.71118
-5.7115
-5.7115
-5.71085
-5.71118
-5.71085
-5.71118
-5.71085
-5.71118
-5.7115
-5.71215
-5.71247
-5.71247
-5.71215
-5.71182
-5.71118
-5.71118
-5.71085
-5.71085
-5.71118
-5.71118
-5.7115
-5.7115
-5.71182
-5.71215
-5.71182
-5.71182
-5.71182
-5.71182
-5.71117
-5.71085
-5.71085
-5.70988
-5.70923
-5.70891
-5.70891
-5.70858
-5.70826
-5.70891
-5.70826
-5.70794
-5.70826
-5.70859
-5.70859
-5.70859
-5.70923
-5.70988
-5.70988
-5.70988
-5.71021
-5.71021
-5.70956
-5.71021
-5.71053
-5.71053
-5.71053
-5.71085
-5.71053
-5.71118
-5.71118
-5.71118
-5.71118
-5.7115
-5.7115
-5.71183
-5.71118
-5.71215
-5.7115
-5.7115
-5.71215
-5.7115
-5.71118
-5.71215
-5.71183
-5.71183
-5.7115
-5.7115
-5.7115
-5.71183
-5.7115
-5.7115
-5.7115
-5.71118
-5.71086
-5.71053
-5.71053
-5.71118
-5.71118
-5.71118
-5.71086
-5.71118
-5.71086
-5.71118
-5.71118
-5.71054
-5.71086
-5.71054
-5.71054
-5.71086
-5.71118
-5.71054
-5.71021
-5.70989
-5.70924
-5.70859
-5.70892
-5.70924
-5.70989
-5.71054
-5.71086
-5.71118
-5.71151
-5.71151
-5.71151
-5.71151
-5.71118
-5.71118
-5.71151
-5.7128
-5.71248
-5.7128
-5.71216
-5.71248
-5.71248
-5.71216
-5.71216
-5.71183
-5.71183
-5.71248
-5.71248
-5.71248
-5.71313
-5.71313
-5.71313
-5.71345
-5.71345
-5.71345
-5.71377
-5.7141
-5.71442
-5.7141
-5.71377
-5.71345
-5.71248
-5.71183
-5.71151
-5.71086
-5.71086
-5.71086
-5.71086
-5.71086
-5.71151
-5.71086
-5.71151
-5.71183
-5.71313
-5.71313
-5.71215
-5.71248
-5.71151
-5.71151
-5.71215
-5.71151
-5.71053
-5.71053
-5.71086
-5.71086
-5.71021
-5.71053
-5.71118
-5.71183
-5.71183
-5.71151
-5.71151
-5.71086
-5.71053
-5.71086
-5.71021
-5.71021
-5.71021
-5.71021
-5.71021
-5.70989
-5.70989
-5.71086
-5.71151
-5.71118
-5.71086
-5.71086
-5.71118
-5.71151
-5.71215
-5.71215
-5.71183
-5.71248
-5.71248
-5.7128
-5.7128
-5.71345
-5.71345
-5.71409
-5.71409
-5.71409
-5.71409
-5.71442
-5.71312
-5.71344
-5.7128
-5.71312
-5.71312
-5.71344
-5.71312
-5.71312
-5.71344
-5.71312
-5.71312
-5.71312
-5.71279
-5.71279
-5.71279
-5.71279
-5.71312
-5.71247
-5.71215
-5.71118
-5.71118
-5.71118
-5.7115
-5.71215
-5.71247
-5.7128
-5.71344
-5.71344
-5.71312
-5.71344
-5.71344
-5.71377
-5.71344
-5.7128
-5.7128
-5.71247
-5.71247
-5.71215
-5.71247
-5.7115
-5.71215
-5.7115
-5.7115
-5.7115
-5.7115
-5.71183
-5.71118
-5.71085
-5.71086
-5.71086
-5.71086
-5.71021
-5.71021
-5.71021
-5.71053
-5.71021
-5.71021
-5.71086
-5.71118
-5.71053
-5.71021
-5.70988
-5.70956
-5.71021
-5.71021
-5.70956
-5.70988
-5.70924
-5.70956
-5.70956
-5.70859
-5.70859
-5.70826
-5.70826
-5.70794
-5.70794
-5.70859
-5.70794
-5.70794
-5.70762
-5.70664
-5.70664
-5.70632
-5.70632
-5.70664
-5.70664
-5.70664
-5.70632
-5.706
-5.706
-5.706
-5.70697
-5.70697
-5.70664
-5.70729
-5.70729
-5.70729
-5.70794
-5.70697
-5.70697
-5.70697
-5.70761
-5.70762
-5.70729
-5.70697
-5.70664
-5.70794
-5.70826
-5.70891
-5.70891
-5.70988
-5.71053
-5.71085
-5.71118
-5.71118
-5.71118
-5.7115
-5.71183
-5.71118
-5.7115
-5.7115
-5.7115
-5.71183
-5.71183
-5.71183
-5.71215
-5.71183
-5.71183
-5.71183
-5.71183
-5.7115
-5.71053
-5.71086
-5.71118
-5.71183
-5.71183
-5.71118
-5.71118
-5.7115
-5.71086
-5.71086
-5.71086
-5.71118
-5.71118
-5.71118
-5.7115
-5.7115
-5.71021
-5.70956
-5.70924
-5.70924
-5.70923
-5.70859
-5.70826
-5.70826
-5.70891
-5.70923
-5.70923
-5.70923
-5.70956
-5.70956
-5.70923
-5.70956
-5.70923
-5.70956
-5.70891
-5.70988
-5.70923
-5.70859
-5.70859
-5.70923
-5.70923
-5.70923
-5.70988
-5.70988
-5.7102
-5.71053
-5.71085
-5.71085
-5.71053
-5.71085
-5.7102
-5.71053
-5.71117
-5.71085
-5.71117
-5.71085
-5.71053
-5.71117
-5.7115
-5.7115
-5.7115
-5.71182
-5.71085
-5.71053
-5.71053
-5.71085
-5.71117
-5.71117
-5.71053
-5.71085
-5.7102
-5.7102
-5.71053
-5.7115
-5.71182
-5.71214
-5.71182
-5.71182
-5.71214
-5.71182
-5.71182
-5.71052
-5.7102
-5.70955
-5.70955
-5.70955
-5.70923
-5.7089
-5.70858
-5.70858
-5.70923
-5.70923
-5.7089
-5.70858
-5.70891
-5.70923
-5.70988
-5.7102
-5.70988
-5.7102
-5.70988
-5.70955
-5.70988
-5.70955
-5.70923
-5.70955
-5.70955
-5.70923
-5.70891
-5.70891
-5.70826
-5.70826
-5.70858
-5.70858
-5.70858
-5.70794
-5.70729
-5.70761
-5.70761
-5.70794
-5.70794
-5.70891
-5.70891
-5.70891
-5.70891
-5.70923
-5.70956
-5.70891
-5.70956
-5.70956
-5.70859
-5.70859
-5.70859
-5.70859
-5.70859
-5.70859
-5.70859
-5.70761
-5.70729
-5.70729
-5.70664
-5.70729
-5.70729
-5.70761
-5.70697
-5.70729
-5.70729
-5.70762
-5.70762
-5.70729
-5.70762
-5.70794
-5.70762
-5.70826
-5.70826
-5.70794
-5.70794
-5.70794
-5.70794
-5.70762
-5.70826
-5.70794
-5.70729
-5.70826
-5.70794
-5.70762
-5.70762
-5.70697
-5.70664
-5.70697
-5.70729
-5.70729
-5.70729
-5.70664
-5.70664
-5.70632
-5.70632
-5.70664
-5.70567
-5.70632
-5.70632
-5.706
-5.706
-5.70632
-5.706
-5.70535
-5.7047
-5.70405
-5.70438
-5.70405
-5.70405
-5.7047
-5.70502
-5.70405
-5.70437
-5.70502
-5.70502
-5.70502
-5.70502
-5.70437
-5.7047
-5.7047
-5.70502
-5.70502
-5.70534
-5.70534
-5.70534
-5.70567
-5.70631
-5.70664
-5.70664
-5.70631
-5.70599
-5.70534
-5.70567
-5.70567
-5.70567
-5.70599
-5.70599
-5.70599
-5.70599
-5.70631
-5.70631
-5.70631
-5.70631
-5.70599
-5.70599
-5.70631
-5.70631
-5.70631
-5.70664
-5.70664
-5.70664
-5.70664
-5.70534
-5.70567
-5.70599
-5.70567
-5.70567
-5.70632
-5.70599
-5.70599
-5.70502
-5.70534
-5.70502
-5.70534
-5.70599
-5.70534
-5.70567
-5.70599
-5.70664
-5.70599
-5.70567
-5.70567
-5.70567
-5.70632
-5.70729
-5.70696
-5.70729
-5.70826
-5.70826
-5.70858
-5.70858
-5.70891
-5.70891
-5.70826
-5.70826
-5.70826
-5.70891
-5.70858
-5.70859
-5.70859
-5.70891
-5.70923
-5.70956
-5.70956
-5.70891
-5.70923
-5.70891
-5.70859
-5.70826
-5.70826
-5.70826
-5.70826
-5.70859
-5.70859
-5.70859
-5.70826
-5.70826
-5.70761
-5.70729
-5.70729
-5.70729
-5.70729
-5.70762
-5.70729
-5.70729
-5.70762
-5.70826
-5.70859
-5.70859
-5.70859
-5.70891
-5.70956
-5.70956
-5.70956
-5.70924
-5.70924
-5.70891
-5.70891
-5.70859
-5.70794
-5.70794
-5.70827
-5.70891
-5.70859
-5.70891
-5.70891
-5.70924
-5.70859
-5.70859
-5.70859
-5.70891
-5.70924
-5.70891
-5.70891
-5.70859
-5.70826
-5.70794
-5.70859
-5.70891
-5.70923
-5.70923
-5.70923
-5.70891
-5.70923
-5.70988
-5.70956
-5.70956
-5.70956
-5.70988
-5.7102
-5.70956
-5.70988
-5.70923
-5.70923
-5.70956
-5.70956
-5.70923
-5.70923
-5.70891
-5.70923
-5.70923
-5.70891
-5.70859
-5.70794
-5.70826
-5.70826
-5.70826
-5.70794
-5.70794
-5.70729
-5.70729
-5.70697
-5.70729
-5.70697
-5.70697
-5.70729
-5.70794
-5.70729
-5.70794
-5.70761
-5.70794
-5.70729
-5.70729
-5.70697
-5.70697
-5.70665
-5.70697
-5.70697
-5.70794
-5.70859
-5.70859
-5.70891
-5.70924
-5.70956
-5.71053
-5.70924
-5.70924
-5.70924
-5.71021
-5.71021
-5.71021
-5.70988
-5.70988
-5.71053
-5.71021
-5.70956
-5.71086
-5.71053
-5.71053
-5.71021
-5.71053
-5.71053
-5.71053
-5.70988
-5.70988
-5.70956
-5.70988
-5.71021
-5.70988
-5.70988
-5.70988
-5.71053
-5.71118
-5.71085
-5.7115
-5.71118
-5.71085
-5.71085
-5.71085
-5.71085
-5.71118
-5.71085
-5.71085
-5.71053
-5.7102
-5.70988
-5.7102
-5.7102
-5.70956
-5.7102
-5.7102
-5.71021
-5.7102
-5.71053
-5.71053
-5.71085
-5.71085
-5.7102
-5.71053
-5.70988
-5.71053
-5.71053
-5.7102
-5.7102
-5.7102
-5.7102
-5.71117
-5.71085
-5.71052
-5.71085
-5.71085
-5.7115
-5.7115
-5.71149
-5.7115
-5.71117
-5.70988
-5.7102
-5.7102
-5.70988
-5.70955
-5.70955
-5.70955
-5.70923
-5.70923
-5.70987
-5.71052
-5.71085
-5.71084
-5.71182
-5.71149
-5.71214
-5.71279
-5.71279
-5.71247
-5.71279
-5.71279
-5.71311
-5.71214
-5.71279
-5.71246
-5.71246
-5.71246
-5.71149
-5.71117
-5.71149
-5.71149
-5.71117
-5.71085
-5.71085
-5.71149
-5.71149
-5.71149
-5.71085
-5.71117
-5.71085
-5.71117
-5.71117
-5.71117
-5.71085
-5.7115
-5.7115
-5.71182
-5.7115
-5.71182
-5.71182
-5.7115
-5.71215
-5.71182
-5.71117
-5.71118
-5.71118
-5.71085
-5.71118
-5.71118
-5.71118
-5.71118
-5.71085
-5.71118
-5.71085
-5.71085
-5.71118
-5.7115
-5.71086
-5.71053
-5.71053
-5.71053
-5.71086
-5.7115
-5.71118
-5.71247
-5.71247
-5.71247
-5.71247
-5.71247
-5.7128
-5.7128
-5.71247
-5.71183
-5.71215
-5.71247
-5.71215
-5.71215
-5.71247
-5.71247
-5.7128
-5.7128
-5.71312
-5.71409
-5.71474
-5.71474
-5.71506
-5.71474
-5.71506
-5.71506
-5.71539
-5.71539
-5.71571
-5.71539
-5.71506
-5.71506
-5.71539
-5.71506
-5.71571
-5.71506
-5.71506
-5.71506
-5.71474
-5.71474
-5.71409
-5.71377
-5.71344
-5.71312
-5.71344
-5.71344
-5.71247
-5.71183
-5.71183
-5.71183
-5.7115
-5.71118
-5.71183
-5.7115
-5.71247
-5.7128
-5.71215
-5.71215
-5.71247
-5.71247
-5.71247
-5.7128
-5.71312
-5.71247
-5.71215
-5.71215
-5.71215
-5.71183
-5.71118
-5.71118
-5.71085
-5.71053
-5.71021
-5.71053
-5.71085
-5.71118
-5.71118
-5.7115
-5.7115
-5.71118
-5.71085
-5.71085
-5.71085
-5.71118
-5.7115
-5.71118
-5.7115
-5.71085
-5.71118
-5.71085
-5.71053
-5.71053
-5.71118
-5.71118
-5.71118
-5.71118
-5.71085
-5.71021
-5.71021
-5.7115
-5.71182
-5.7115
-5.71085
-5.71021
-5.71021
-5.71085
-5.71085
-5.71182
-5.71182
-5.71182
-5.71182
-5.71247
-5.71118
-5.7115
-5.71247
-5.7128
-5.7128
-5.7128
-5.7128
-5.71247
-5.71247
-5.71312
-5.71215
-5.71215
-5.71215
-5.71215
-5.71279
-5.71312
-5.71247
-5.7115
-5.7115
-5.71182
-5.7115
-5.71215
-5.71247
-5.71279
-5.71279
-5.71214
-5.71214
-5.71085
-5.71214
-5.71182
-5.71247
-5.71247
-5.71214
-5.71182
-5.71214
-5.71182
-5.71214
-5.71247
-5.71247
-5.71247
-5.71279
-5.71279
-5.71279
-5.71311
-5.71279
-5.71182
-5.71214
-5.7115
-5.71182
-5.71182
-5.71117
-5.71117
-5.7115
-5.7115
-5.71182
-5.71214
-5.71247
-5.71247
-5.71312
-5.71344
-5.71312
-5.71279
-5.71247
-5.71214
-5.71214
-5.71182
-5.71182
-5.71279
-5.71214
-5.71182
-5.7115
-5.71182
-5.71182
-5.7115
-5.71182
-5.71117
-5.71214
-5.71182
-5.71182
-5.71117
-5.71117
-5.71117
-5.7115
-5.71117
-5.71117
-5.71214
-5.71247
-5.71214
-5.71247
-5.71247
-5.71182
-5.7115
-5.7115
-5.71117
-5.71085
-5.7115
-5.7115
-5.7115
-5.7115
-5.7115
-5.71182
-5.71214
-5.71247
-5.71182
-5.71214
-5.71182
-5.7115
-5.7115
-5.71182
-5.7115
-5.71182
-5.7115
-5.71085
-5.7115
-5.7115
-5.71214
-5.71214
-5.71182
-5.71117
-5.7115
-5.71247
-5.71182
-5.7115
-5.71117
-5.7115
-5.71117
-5.71182
-5.7115
-5.71117
-5.7115
-5.7115
-5.7115
-5.71214
-5.71247
-5.71247
-5.71247
-5.71279
-5.71182
-5.7115
-5.71117
-5.71117
-5.7115
-5.71085
-5.71085
-5.71085
-5.71085
-5.71053
-5.71053
-5.71053
-5.7102
-5.7102
-5.71053
-5.70955
-5.70955
-5.70923
-5.70955
-5.70955
-5.70955
-5.70923
-5.70923
-5.70923
-5.70923
-5.70891
-5.70891
-5.70891
-5.70891
-5.70826
-5.70793
-5.70793
-5.70826
-5.70826
-5.70858
-5.70923
-5.70955
-5.70955
-5.70923
-5.70923
-5.70923
-5.70923
-5.7089
-5.70923
-5.70955
-5.70955
-5.70955
-5.70955
-5.70923
-5.70987
-5.70987
-5.70923
-5.70923
-5.70923
-5.7089
-5.70858
-5.70793
-5.70858
-5.7089
-5.70858
-5.70793
-5.70793
-5.70825
-5.70793
-5.70825
-5.70793
-5.70793
-5.70793
-5.70793
-5.7076
-5.70696
-5.70663
-5.70663
-5.70599
-5.70469
-5.70534
-5.70534
-5.70566
-5.70501
-5.70566
-5.70599
-5.70631
-5.70663
-5.70631
-5.70631
-5.70631
-5.70599
-5.70566
-5.70566
-5.70566
-5.70566
-5.70631
-5.70566
-5.70599
-5.70631
-5.70663
-5.70663
-5.70663
-5.70696
-5.70696
-5.70761
-5.70728
-5.70761
-5.70793
-5.70761
-5.70728
-5.70696
-5.70664
-5.70664
-5.70696
-5.70696
-5.70664
-5.70664
-5.70696
-5.70664
-5.70664
-5.70631
-5.70567
-5.70534
-5.70567
-5.70696
-5.70761
-5.70761
-5.70761
-5.70729
-5.70729
-5.70664
-5.70632
-5.70599
-5.70567
-5.70535
-5.70502
-5.70502
-5.70535
-5.70567
-5.70535
-5.70599
-5.70567
-5.706
-5.70567
-5.70535
-5.70567
-5.706
-5.70502
-5.70502
-5.70535
-5.70535
-5.70502
-5.70535
-5.70535
-5.70503
-5.70503
-5.70503
-5.70535
-5.70567
-5.70632
-5.70632
-5.70567
-5.70632
-5.70632
-5.70632
-5.70567
-5.706
-5.70567
-5.70535
-5.70567
-5.70567
-5.706
-5.706
-5.70632
-5.706
-5.70664
-5.70664
-5.70697
-5.70762
-5.70794
-5.70794
-5.70762
-5.70794
-5.70859
-5.70924
-5.70956
-5.71021
-5.70988
-5.70956
-5.70924
-5.70924
-5.70988
-5.70988
-5.70988
-5.71021
-5.70956
-5.70956
-5.70988
-5.70988
-5.70988
-5.71053
-5.71053
-5.71085
-5.71085
-5.71118
-5.71118
-5.71085
-5.71085
-5.71085
-5.71085
-5.71053
-5.71118
-5.71118
-5.71118
-5.71118
-5.71053
-5.71021
-5.71053
-5.71085
-5.71118
-5.71021
-5.71053
-5.71021
-5.71021
-5.71053
-5.71053
-5.71021
-5.71021
-5.70988
-5.71021
-5.70988
-5.70988
-5.71021
-5.70988
-5.70988
-5.70988
-5.70923
-5.70956
-5.70794
-5.70761
-5.70729
-5.70697
-5.70664
-5.70632
-5.70632
-5.70632
-5.70632
-5.70664
-5.70599
-5.70632
-5.70664
-5.70664
-5.70599
-5.70567
-5.70535
-5.7047
-5.7047
-5.7047
-5.7047
-5.70535
-5.70535
-5.70697
-5.70664
-5.70632
-5.706
-5.70567
-5.706
-5.70535
-5.70567
-5.706
-5.70535
-5.70665
-5.70665
-5.70665
-5.706
-5.70503
-5.7047
-5.70438
-5.70503
-5.70503
-5.70503
-5.70567
-5.70567
-5.706
-5.70665
-5.70632
-5.706
-5.70567
-5.70567
-5.70567
-5.70567
-5.70535
-5.7047
-5.70535
-5.70567
-5.70567
-5.70567
-5.70567
-5.70535
-5.70535
-5.70567
-5.70503
-5.70535
-5.70535
-5.706
-5.706
-5.70632
-5.70632
-5.70697
-5.70729
-5.70762
-5.70762
-5.70762
-5.70794
-5.70794
-5.70794
-5.70826
-5.70891
-5.70988
-5.70923
-5.71021
-5.71085
-5.71085
-5.71085
-5.71085
-5.71085
-5.71085
-5.71085
-5.71118
-5.71118
-5.71118
-5.71085
-5.71053
-5.71053
-5.71085
-5.71085
-5.71085
-5.71053
-5.71053
-5.71085
-5.71053
-5.71053
-5.71053
-5.71183
-5.7115
-5.7115
-5.7115
-5.7115
-5.7115
-5.71215
-5.71215
-5.71183
-5.71183
-5.71248
-5.71183
-5.71215
-5.71248
-5.7115
-5.71118
-5.71151
-5.71183
-5.71183
-5.71151
-5.71151
-5.71151
-5.71053
-5.71086
-5.71151
-5.71118
-5.71151
-5.71151
-5.71118
-5.71086
-5.71118
-5.71118
-5.71118
-5.71118
-5.71151
-5.71118
-5.71248
-5.71248
-5.71216
-5.71183
-5.71183
-5.71151
-5.71021
-5.71054
-5.71054
-5.71118
-5.71086
-5.71118
-5.71216
-5.71216
-5.71216
-5.71248
-5.71248
-5.71313
-5.7128
-5.7128
-5.7128
-5.71313
-5.71313
-5.71345
-5.71377
-5.71377
-5.71377
-5.7141
-5.7141
-5.71377
-5.71312
-5.71345
-5.71377
-5.71474
-5.71539
-5.71539
-5.71604
-5.71668
-5.71668
-5.71701
-5.71604
-5.71571
-5.71571
-5.71474
-5.71507
-5.71571
-5.71507
-5.71571
-5.71571
-5.71571
-5.71604
-5.71571
-5.71669
-5.71701
-5.71636
-5.71604
-5.71636
-5.71539
-5.71539
-5.71571
-5.71539
-5.71539
-5.71539
-5.71474
-5.71474
-5.71474
-5.71474
-5.71507
-5.71636
-5.71636
-5.71701
-5.71798
-5.71733
-5.71701
-5.71766
-5.71669
-5.71636
-5.71669
-5.71604
-5.71604
-5.71604
-5.71571
-5.71571
-5.71604
-5.71604
-5.71636
-5.71604
-5.71604
-5.71571
-5.71604
-5.71571
-5.71571
-5.71539
-5.71506
-5.71506
-5.71442
-5.71409
-5.71474
-5.71474
-5.71409
-5.71442
-5.71442
-5.71442
-5.71377
-5.71409
-5.71409
-5.71377
-5.71377
-5.71377
-5.71377
-5.71377
-5.71377
-5.71312
-5.71247
-5.71247
-5.71215
-5.71312
-5.7128
-5.71312
-5.71312
-5.71215
-5.7115
-5.71215
-5.71312
-5.7128
-5.71312
-5.71312
-5.71312
-5.71312
-5.71344
-5.71312
-5.71377
-5.71377
-5.71312
-5.71247
-5.71247
-5.71215
-5.71215
-5.71215
-5.71215
-5.71183
-5.71183
-5.7128
-5.7128
-5.71215
-5.71118
-5.71086
-5.71053
-5.71021
-5.71053
-5.71086
-5.71053
-5.70989
-5.71021
-5.71021
-5.71021
-5.71021
-5.70989
-5.71021
-5.71053
-5.71053
-5.71086
-5.71086
-5.71086
-5.71053
-5.71021
-5.70956
-5.70924
-5.70924
-5.71021
-5.71053
-5.71086
-5.71086
-5.71021
-5.70989
-5.70924
-5.70956
-5.71021
-5.71053
-5.71053
-5.71151
-5.71086
-5.71118
-5.71118
-5.71118
-5.71086
-5.71054
-5.70956
-5.70989
-5.70956
-5.70956
-5.70924
-5.70956
-5.70956
-5.70989
-5.70956
-5.70956
-5.70892
-5.70924
-5.70956
-5.70924
-5.70956
-5.70989
-5.70892
-5.70827
-5.70827
-5.70859
-5.70924
-5.70989
-5.70989
-5.70989
-5.70956
-5.70956
-5.70956
-5.70989
-5.70989
-5.70989
-5.70956
-5.71021
-5.71021
-5.71021
-5.70989
-5.71021
-5.70956
-5.71053
-5.71053
-5.71054
-5.71054
-5.71054
-5.71118
-5.71151
-5.71151
-5.71054
-5.71118
-5.71054
-5.71054
-5.71054
-5.71021
-5.70989
-5.70989
-5.70924
-5.70892
-5.70924
-5.70956
-5.70989
-5.71021
-5.71053
-5.71118
-5.71086
-5.71086
-5.71118
-5.71183
-5.71118
-5.71151
-5.71086
-5.71086
-5.71021
-5.70956
-5.70924
-5.70989
-5.71021
-5.70956
-5.70956
-5.70956
-5.70956
-5.70956
-5.71053
-5.71021
-5.71053
-5.71151
-5.71183
-5.71215
-5.71183
-5.71183
-5.71183
-5.71215
-5.7115
-5.71215
-5.71183
-5.71183
-5.71183
-5.71248
-5.71248
-5.71248
-5.71248
-5.71248
-5.71215
-5.71183
-5.71183
-5.71215
-5.71183
-5.71183
-5.71215
-5.71118
-5.71183
-5.71183
-5.71183
-5.71183
-5.71248
-5.71183
-5.71151
-5.71118
-5.71054
-5.71054
-5.71054
-5.71054
-5.70956
-5.70956
-5.70989
-5.70989
-5.70827
-5.70859
-5.70859
-5.70859
-5.70795
-5.70762
-5.70762
-5.70762
-5.70795
-5.70795
-5.70827
-5.70795
-5.70827
-5.70795
-5.70795
-5.70795
-5.70795
-5.70795
-5.70827
-5.70827
-5.70762
-5.70795
-5.70827
-5.70859
-5.70827
-5.70859
-5.70827
-5.70827
-5.70859
-5.70892
-5.70892
-5.70956
-5.70924
-5.70956
-5.70989
-5.70924
-5.70956
-5.70989
-5.71021
-5.71054
-5.71086
-5.71086
-5.71053
-5.71118
-5.71054
-5.71086
-5.71118
-5.71118
-5.71118
-5.71053
-5.71054
-5.71053
-5.71118
-5.71118
-5.71118
-5.71118
-5.71118
-5.71118
-5.71151
-5.71118
-5.71151
-5.71183
-5.71183
-5.71086
-5.71053
-5.71053
-5.71053
-5.71021
-5.71053
-5.71053
-5.71053
-5.71086
-5.71021
-5.70989
-5.70989
-5.71021
-5.71021
-5.71021
-5.71021
-5.70989
-5.70989
-5.70924
-5.70924
-5.70924
-5.70859
-5.70924
-5.70924
-5.70891
-5.70827
-5.70794
-5.70827
-5.70827
-5.7073
-5.7073
-5.70665
-5.70697
-5.70665
-5.70632
-5.70632
-5.70665
-5.70665
-5.706
-5.70535
-5.70535
-5.70535
-5.70535
-5.70503
-5.7047
-5.7047
-5.70503
-5.7047
-5.70438
-5.7047
-5.70503
-5.70438
-5.70406
-5.70406
-5.70406
-5.70406
-5.70438
-5.70438
-5.70438
-5.70406
-5.70373
-5.70373
-5.70373
-5.70406
-5.70438
-5.70438
-5.70438
-5.70438
-5.70568
-5.70535
-5.706
-5.706
-5.70535
-5.70535
-5.70665
-5.70665
-5.70632
-5.706
-5.70632
-5.70567
-5.706
-5.70567
-5.70567
-5.70567
-5.70697
-5.70697
-5.70665
-5.70665
-5.70632
-5.70632
-5.70632
-5.70632
-5.706
-5.70568
-5.70568
-5.70535
-5.70503
-5.70503
-5.70503
-5.7047
-5.7047
-5.7047
-5.70535
-5.70568
-5.706
-5.70632
-5.70632
-5.70632
-5.70665
-5.70665
-5.7073
-5.7073
-5.70697
-5.70632
-5.70697
-5.70697
-5.70697
-5.70729
-5.70729
-5.70762
-5.70762
-5.70729
-5.70729
-5.70729
-5.70762
-5.70697
-5.7073
-5.70697
-5.70697
-5.70697
-5.70665
-5.70697
-5.70665
-5.70633
-5.706
-5.70568
-5.706
-5.706
-5.70633
-5.70633
-5.706
-5.70568
-5.70503
-5.70471
-5.70503
-5.70471
-5.70471
-5.70471
-5.70471
-5.70535
-5.70503
-5.70503
-5.70471
-5.70535
-5.70535
-5.70503
-5.70535
-5.70568
-5.70535
-5.70535
-5.70535
-5.70535
-5.706
-5.70633
-5.70665
-5.70665
-5.70633
-5.70568
-5.70536
-5.70633
-5.70665
-5.706
-5.706
-5.70665
-5.70665
-5.70665
-5.70665
-5.70697
-5.70633
-5.706
-5.706
-5.70633
-5.70536
-5.70536
-5.70503
-5.706
-5.70633
-5.70568
-5.70568
-5.70568
-5.706
-5.70633
-5.70633
-5.70568
-5.70536
-5.70568
-5.70568
-5.706
-5.70633
-5.70665
-5.70633
-5.70633
-5.70665
-5.70665
-5.706
-5.70568
-5.70568
-5.70633
-5.70601
-5.706
-5.70633
-5.70633
-5.70698
-5.70698
-5.7073
-5.7073
-5.70698
-5.70698
-5.70633
-5.70633
-5.70633
-5.70665
-5.70665
-5.7073
-5.7073
-5.7073
-5.70762
-5.7073
-5.70698
-5.70698
-5.70698
-5.70762
-5.7073
-5.70762
-5.70762
-5.7073
-5.70698
-5.70698
-5.7073
-5.70762
-5.7073
-5.70698
-5.70698
-5.70665
-5.70665
-5.70633
-5.70665
-5.70697
-5.70697
-5.7073
-5.7073
-5.70762
-5.7073
-5.70795
-5.70762
-5.70794
-5.70762
-5.70794
-5.70794
-5.70794
-5.70859
-5.70859
-5.70892
-5.70892
-5.70924
-5.70924
-5.70956
-5.70924
-5.70924
-5.70794
-5.70762
-5.70794
-5.70827
-5.70794
-5.70891
-5.70956
-5.70956
-5.70956
-5.70956
-5.70956
-5.70956
-5.70924
-5.70956
-5.70956
-5.70956
-5.70956
-5.70956
-5.70956
-5.71021
-5.71118
-5.71053
-5.71086
-5.71118
-5.71086
-5.7115
-5.71215
-5.7115
-5.7115
-5.71118
-5.71183
-5.71215
-5.7115
-5.71215
-5.71183
-5.71151
-5.71151
-5.71151
-5.71151
-5.71151
-5.71151
-5.71151
-5.71151
-5.71151
-5.71118
-5.71151
-5.71118
-5.71118
-5.71151
-5.71151
-5.71151
-5.71151
-5.71183
-5.71183
-5.7128
-5.71313
-5.7128
-5.71248
-5.71215
-5.71248
-5.71248
-5.71215
-5.71215
-5.71215
-5.71151
-5.71118
-5.71151
-5.71248
-5.7128
-5.71248
-5.71118
-5.71183
-5.71151
-5.71118
-5.71151
-5.71183
-5.71118
-5.71054
-5.71054
-5.71021
-5.71054
-5.71086
-5.71118
-5.71086
-5.71118
-5.71151
-5.71183
-5.71151
-5.71086
-5.71118
-5.71151
-5.71183
-5.71183
-5.71183
-5.71248
-5.71248
-5.71248
-5.71248
-5.71248
-5.7128
-5.71248
-5.71216
-5.71216
-5.71248
-5.71248
-5.71248
-5.71216
-5.71216
-5.71086
-5.71086
-5.71119
-5.71119
-5.71119
-5.71054
-5.71054
-5.71054
-5.71022
-5.71054
-5.71054
-5.71054
-5.71086
-5.71119
-5.71151
-5.71151
-5.71183
-5.71216
-5.71216
-5.71216
-5.71184
-5.71184
-5.71248
-5.71216
-5.71184
-5.71119
-5.71119
-5.71151
-5.71119
-5.71022
-5.71086
-5.71119
-5.71054
-5.71054
-5.71086
-5.71119
-5.71119
-5.71086
-5.71086
-5.71054
-5.71119
-5.71086
-5.71119
-5.71184
-5.71183
-5.71216
-5.71183
-5.71183
-5.71086
-5.71118
-5.71151
-5.71151
-5.71118
-5.71118
-5.71086
-5.71086
-5.71086
-5.71086
-5.71118
-5.71183
-5.71215
-5.71248
-5.71215
-5.71215
-5.7128
-5.71215
-5.71248
-5.71183
-5.71151
-5.71151
-5.71151
-5.71151
-5.71086
-5.71151
-5.71151
-5.71183
-5.71215
-5.71183
-5.7115
-5.7115
-5.71183
-5.71183
-5.71183
-5.71183
-5.71215
-5.71215
-5.71215
-5.71183
-5.71215
-5.71215
-5.7115
-5.7115
-5.71118
-5.71086
-5.7115
-5.71215
-5.71247
-5.71312
-5.71312
-5.71345
-5.71409
-5.71409
-5.71345
-5.71345
-5.71377
-5.71409
-5.71409
-5.71377
-5.71377
-5.71312
-5.71345
-5.71377
-5.71377
-5.71377
-5.71345
-5.71345
-5.71312
-5.71312
-5.71377
-5.7141
-5.71442
-5.71475
-5.7141
-5.7141
-5.71378
-5.71313
-5.7128
-5.71248
-5.71216
-5.71216
-5.71216
-5.71151
-5.71119
-5.71151
-5.71151
-5.71151
-5.71151
-5.71119
-5.71087
-5.71087
-5.71119
-5.71087
-5.71087
-5.71087
-5.71152
-5.71249
-5.71184
-5.71184
-5.71216
-5.71216
-5.71249
-5.71249
-5.71216
-5.71281
-5.71314
-5.71249
-5.71217
-5.71152
-5.71152
-5.71217
-5.71217
-5.71217
-5.71184
-5.7112
-5.7112
-5.7112
-5.71152
-5.7112
-5.7112
-5.71087
-5.71022
-5.71023
-5.71023
-5.7099
-5.71023
-5.70958
-5.7099
-5.7099
-5.7099
-5.70925
-5.70958
-5.70893
-5.70893
-5.70861
-5.70861
-5.70796
-5.70763
-5.70731
-5.70731
-5.70699
-5.70634
-5.70634
-5.70634
-5.70699
-5.70699
-5.70731
-5.70763
-5.70763
-5.70796
-5.70828
-5.7086
-5.70828
-5.70796
-5.70796
-5.70828
-5.7086
-5.70763
-5.70731
-5.70731
-5.70698
-5.70731
-5.70731
-5.70731
-5.70698
-5.70731
-5.70763
-5.70795
-5.7086
-5.70892
-5.70925
-5.70957
-5.71054
-5.71022
-5.71054
-5.71086
-5.71086
-5.71086
-5.71022
-5.71054
-5.71022
-5.70957
-5.70957
-5.70892
-5.70924
-5.7086
-5.7086
-5.7086
-5.7086
-5.70957
-5.70957
-5.70924
-5.70892
-5.70957
-5.70957
-5.70957
-5.70892
-5.70892
-5.70795
-5.70827
-5.70795
-5.70698
-5.7073
-5.70762
-5.7073
-5.70698
-5.7073
-5.70762
-5.70762
-5.70827
-5.70827
-5.70827
-5.70827
-5.70859
-5.70827
-5.70827
-5.70827
-5.70924
-5.70924
-5.70827
-5.70892
-5.70892
-5.70859
-5.70924
-5.70892
-5.70859
-5.70892
-5.70892
-5.70956
-5.70924
-5.70891
-5.70859
-5.70827
-5.70827
-5.70827
-5.70859
-5.70859
-5.70891
-5.70891
-5.70859
-5.70859
-5.70827
-5.70762
-5.70827
-5.70827
-5.70859
-5.70827
-5.70827
-5.70827
-5.70859
-5.70924
-5.70924
-5.70859
-5.70892
-5.70827
-5.70827
-5.70795
-5.70827
-5.70892
-5.70892
-5.7086
-5.7086
-5.70795
-5.70827
-5.7086
-5.7086
-5.70763
-5.70666
-5.70698
-5.70698
-5.70666
-5.70568
-5.70568
-5.70633
-5.70698
-5.70698
-5.70698
-5.70698
-5.7073
-5.7073
-5.70763
-5.7073
-5.70763
-5.70763
-5.70731
-5.70731
-5.70795
-5.70925
-5.70957
-5.70957
-5.7099
-5.70957
-5.71022
-5.71022
-5.70925
-5.70957
-5.7086
-5.7086
-5.7086
-5.7086
-5.70828
-5.70828
-5.70795
-5.70795
-5.70731
-5.70731
-5.70666
-5.70698
-5.70666
-5.70666
-5.70698
-5.70666
-5.70633
-5.70601
-5.70601
-5.70601
-5.70633
-5.70633
-5.70666
-5.70666
-5.70536
-5.70569
-5.70536
-5.70633
-5.70601
-5.70633
-5.70633
-5.70633
-5.70568
-5.70601
-5.70601
-5.70601
-5.70601
-5.70536
-5.70568
-5.70601
-5.70568
-5.70601
-5.7073
-5.70698
-5.70763
-5.70795
-5.70827
-5.70827
-5.70762
-5.70665
-5.70762
-5.7073
-5.7073
-5.7073
-5.70762
-5.7073
-5.7073
-5.7073
-5.70762
-5.70762
-5.7073
-5.7073
-5.7073
-5.70762
-5.70762
-5.70795
-5.70795
-5.70762
-5.70827
-5.70827
-5.70859
-5.70827
-5.70827
-5.70892
-5.70924
-5.70957
-5.70924
-5.70989
-5.70957
-5.70957
-5.70957
-5.70957
-5.70957
-5.70924
-5.70892
-5.70924
-5.70957
-5.70957
-5.70989
-5.70989
-5.70989
-5.70989
-5.70989
-5.70989
-5.70989
-5.71021
-5.70989
-5.70989
-5.71022
-5.70989
-5.71022
-5.71054
-5.71119
-5.71054
-5.71054
-5.71054
-5.70989
-5.70957
-5.71022
-5.71054
-5.71022
-5.71054
-5.71087
-5.71151
-5.71119
-5.71087
-5.71119
-5.71184
-5.71184
-5.71151
-5.71054
-5.71087
-5.71054
-5.71022
-5.71054
-5.71087
-5.71184
-5.71184
-5.71119
-5.71087
-5.71119
-5.71119
-5.71119
-5.71087
-5.71087
-5.71054
-5.71087
-5.71054
-5.71087
-5.7099
-5.7099
-5.7099
-5.7099
-5.7099
-5.71022
-5.71054
-5.71087
-5.71087
-5.71119
-5.71119
-5.71119
-5.71055
-5.71087
-5.71087
-5.71022
-5.71022
-5.7099
-5.7099
-5.7099
-5.70957
-5.7099
-5.7099
-5.7099
-5.7099
-5.71022
-5.71119
-5.71119
-5.71119
-5.71087
-5.71054
-5.70957
-5.70925
-5.7099
-5.7099
-5.7099
-5.70957
-5.70925
-5.70925
-5.7086
-5.70925
-5.70957
-5.70892
-5.70957
-5.70989
-5.70989
-5.71022
-5.71022
-5.71022
-5.71022
-5.71054
-5.71022
-5.70925
-5.70925
-5.70828
-5.7086
-5.70892
-5.70795
-5.70795
-5.70763
-5.70763
-5.7073
-5.7073
-5.70698
-5.7073
-5.70763
-5.7073
-5.7073
-5.7073
-5.7073
-5.70763
-5.70795
-5.70828
-5.70795
-5.70795
-5.70795
-5.70795
-5.7086
-5.70892
-5.70925
-5.70892
-5.70925
-5.70957
-5.7086
-5.70828
-5.7086
-5.70763
-5.70698
-5.70795
-5.70795
-5.70763
-5.70763
-5.70698
-5.70698
-5.70731
-5.70698
-5.70763
-5.70731
-5.70731
-5.7086
-5.70828
-5.7086
-5.70925
-5.70957
-5.70925
-5.7086
-5.70828
-5.70795
-5.70828
-5.70828
-5.7086
-5.7086
-5.7086
-5.70828
-5.70795
-5.70828
-5.70828
-5.7086
-5.70925
-5.7099
-5.70957
-5.70957
-5.71022
-5.71055
-5.71022
-5.71055
-5.71087
-5.71055
-5.71087
-5.71055
-5.71055
-5.71055
-5.71119
-5.71087
-5.71087
-5.71087
-5.71119
-5.71119
-5.71119
-5.71087
-5.71022
-5.7099
-5.71022
-5.7099
-5.7099
-5.71022
-5.7099
-5.71022
-5.71119
-5.71087
-5.71087
-5.71054
-5.71022
-5.7099
-5.7086
-5.7086
-5.7086
-5.70893
-5.70893
-5.7086
-5.7086
-5.70892
-5.70828
-5.7086
-5.70828
-5.70828
-5.7086
-5.70763
-5.7073
-5.70763
-5.70763
-5.70763
-5.70795
-5.70795
-5.70828
-5.70828
-5.70827
-5.7086
-5.70892
-5.70827
-5.7086
-5.70827
-5.7086
-5.70925
-5.70957
-5.7086
-5.70763
-5.70795
-5.70763
-5.70698
-5.7073
-5.7073
-5.70762
-5.70795
-5.70795
-5.70827
-5.70795
-5.7086
-5.70892
-5.70924
-5.70924
-5.70827
-5.7086
-5.70892
-5.70989
-5.70957
-5.71021
-5.71086
-5.71119
-5.71086
-5.71086
-5.71022
-5.71054
-5.70989
-5.70925
-5.70892
-5.7086
-5.70827
-5.70795
-5.70795
-5.7073
-5.70666
-5.70633
-5.70601
-5.70601
-5.70633
-5.70601
-5.70601
-5.70601
-5.70536
-5.70601
-5.70601
-5.70666
-5.70731
-5.70763
-5.70731
-5.70763
-5.70731
-5.70763
-5.70666
-5.70666
-5.70666
-5.70601
-5.70569
-5.70601
-5.70601
-5.70601
-5.70601
-5.70634
-5.70698
-5.70698
-5.70634
-5.70601
-5.70569
-5.70569
-5.70504
-5.70504
-5.70504
-5.70504
-5.70536
-5.70536
-5.70633
-5.70666
-5.70666
-5.70666
-5.70568
-5.70568
-5.70568
-5.70568
-5.70633
-5.70698
-5.70601
-5.70536
-5.70536
-5.70536
-5.70504
-5.70471
-5.70504
-5.70568
-5.70536
-5.70503
-5.70568
-5.70536
-5.70503
-5.70503
-5.70406
-5.70406
-5.70374
-5.70406
-5.70374
-5.70374
-5.70374
-5.70309
-5.70277
-5.70309
-5.70374
-5.70406
-5.70341
-5.70406
-5.70406
-5.70438
-5.70374
-5.70438
-5.70406
-5.70406
-5.70406
-5.70406
-5.70438
-5.70471
-5.70471
-5.70503
-5.70568
-5.70568
-5.70568
-5.70503
-5.70503
-5.70503
-5.70535
-5.70503
-5.70535
-5.70536
-5.70536
-5.70568
-5.706
-5.70633
-5.70665
-5.70633
-5.70633
-5.70665
-5.70665
-5.706
-5.70633
-5.70665
-5.7073
-5.7073
-5.70762
-5.70762
-5.70762
-5.70827
-5.70859
-5.70827
-5.70859
-5.70924
-5.71021
-5.70989
-5.70989
-5.70989
-5.70957
-5.71054
-5.70989
-5.70989
-5.70957
-5.70924
-5.70892
-5.70924
-5.70957
-5.70957
-5.70989
-5.70957
-5.70957
-5.70989
-5.70957
-5.70989
-5.71021
-5.71054
-5.71086
-5.71086
-5.71119
-5.71086
-5.71054
-5.71086
-5.71086
-5.71086
-5.71022
-5.71022
-5.70957
-5.70957
-5.70957
-5.70957
-5.70989
-5.70989
-5.70924
-5.70957
-5.70989
-5.70957
-5.70892
-5.70892
-5.7086
-5.70827
-5.7086
-5.70957
-5.70989
-5.70989
-5.71021
-5.71021
-5.71054
-5.71021
-5.71054
-5.71021
-5.71021
-5.71054
-5.71054
-5.71021
-5.71021
-5.70989
-5.71021
-5.71054
-5.71021
-5.71086
-5.71086
-5.71086
-5.71118
-5.71183
-5.71183
-5.71151
-5.71119
-5.71119
-5.71021
-5.71086
-5.71054
-5.71021
-5.70989
-5.70957
-5.70957
-5.70957
-5.70957
-5.70989
-5.70957
-5.70924
-5.70957
-5.70957
-5.7086
-5.70924
-5.70924
-5.70989
-5.70989
-5.71021
-5.71054
-5.71054
-5.71054
-5.71021
-5.71021
-5.71021
-5.70989
-5.70989
-5.70957
-5.70924
-5.7086
-5.70827
-5.70827
-5.70827
-5.7086
-5.70859
-5.70892
-5.70892
-5.70827
-5.7086
-5.70827
-5.70827
-5.70827
-5.70795
-5.70859
-5.70827
-5.7086
-5.7086
-5.70892
-5.7086
-5.70924
-5.70957
-5.70924
-5.70892
-5.70957
-5.70957
-5.70957
-5.71054
-5.71022
-5.71022
-5.70957
-5.71021
-5.71054
-5.71022
-5.71022
-5.71022
-5.70924
-5.70892
-5.70957
-5.7086
-5.70892
-5.70924
-5.7086
-5.7086
-5.70827
-5.70827
-5.70827
-5.70827
-5.70827
-5.70859
-5.70924
-5.70924
-5.70989
-5.70989
-5.70989
-5.70989
-5.71054
-5.71021
-5.71086
-5.71118
-5.71086
-5.71118
-5.71118
-5.70989
-5.70989
-5.70956
-5.70956
-5.70989
-5.71054
-5.71086
-5.71151
-5.71151
-5.71151
-5.71183
-5.71151
-5.71086
-5.71086
-5.71053
-5.71086
-5.71086
-5.71021
-5.70989
-5.70956
-5.70924
-5.70892
-5.70892
-5.70859
-5.70859
-5.70924
-5.70892
-5.70924
-5.70956
-5.70924
-5.70892
-5.70859
-5.70892
-5.70924
-5.70924
-5.70956
-5.70956
-5.70956
-5.70956
-5.70989
-5.71021
-5.71053
-5.71021
-5.71021
-5.71053
-5.71021
-5.71053
-5.71086
-5.71086
-5.71118
-5.71151
-5.71118
-5.71118
-5.71086
-5.71053
-5.71086
-5.71118
-5.71118
-5.71118
-5.71118
-5.71183
-5.71183
-5.71183
-5.71183
-5.71118
-5.71118
-5.71086
-5.70956
-5.70892
-5.70924
-5.70956
-5.70924
-5.70956
-5.70956
-5.70956
-5.70989
-5.70956
-5.70924
-5.70892
-5.70892
-5.70892
-5.70892
-5.70859
-5.70924
-5.70989
-5.70956
-5.70924
-5.70892
-5.70892
-5.70892
-5.70924
-5.70957
-5.70924
-5.70924
-5.70924
-5.70957
-5.70957
-5.70989
-5.70989
-5.70957
-5.70989
-5.70957
-5.70957
-5.71021
-5.71021
-5.70957
-5.70924
-5.70892
-5.70859
-5.70859
-5.70859
-5.70859
-5.70795
-5.70827
-5.70795
-5.70827
-5.70859
-5.70762
-5.70795
-5.70795
-5.70795
-5.70795
-5.70795
-5.70859
-5.70859
-5.70859
-5.70827
-5.7086
-5.70827
-5.70827
-5.70892
-5.70892
-5.70827
-5.70762
-5.70762
-5.70762
-5.7073
-5.7073
-5.7073
-5.70762
-5.70762
-5.70762
-5.70762
-5.7073
-5.70698
-5.70762
-5.7073
-5.7073
-5.7073
-5.70698
-5.70633
-5.70665
-5.70665
-5.70762
-5.70762
-5.70795
-5.70762
-5.70859
-5.70892
-5.70957
-5.70989
-5.71054
-5.71118
-5.71151
-5.71248
-5.71313
-5.71313
-5.71313
-5.71313
-5.71377
-5.71313
-5.71345
-5.71345
-5.71313
-5.7128
-5.71248
-5.71248
-5.71248
-5.71248
-5.71248
-5.71248
-5.71313
-5.71313
-5.71313
-5.71312
-5.71312
-5.7128
-5.71345
-5.71312
-5.71312
-5.7128
-5.71312
-5.71248
-5.71313
-5.71345
-5.71345
-5.71345
-5.71377
-5.71377
-5.71312
-5.7128
-5.71312
-5.7128
-5.7128
-5.7128
-5.7128
-5.71248
-5.71248
-5.71215
-5.71215
-5.71151
-5.71118
-5.71151
-5.71151
-5.71086
-5.71021
-5.71021
-5.71054
-5.71054
-5.71021
-5.71021
-5.70989
-5.70989
-5.70957
-5.70924
-5.70957
-5.70957
-5.70989
-5.70924
-5.70892
-5.70924
-5.70924
-5.70892
-5.7086
-5.70827
-5.70827
-5.70795
-5.70795
-5.7073
-5.7073
-5.70698
-5.70763
-5.70892
-5.70924
-5.70924
-5.7086
-5.7086
-5.70892
-5.70924
-5.70924
-5.70892
-5.70827
-5.70795
-5.70795
-5.70795
-5.7073
-5.70795
-5.70762
-5.70698
-5.7073
-5.70698
-5.7073
-5.70698
-5.7073
-5.7073
-5.70697
-5.70698
-5.70665
-5.70665
-5.70665
-5.7073
-5.7073
-5.70697
-5.70697
-5.70697
-5.7073
-5.7073
-5.7073
-5.7073
-5.7073
-5.7073
-5.70794
-5.70794
-5.7073
-5.70762
-5.70794
-5.70859
-5.70827
-5.70794
-5.70794
-5.70827
-5.70794
-5.70794
-5.70762
-5.70794
-5.70827
-5.70827
-5.70892
-5.70892
-5.70924
-5.70956
-5.70924
-5.70989
-5.70989
-5.71021
-5.71021
-5.71053
-5.71054
-5.71053
-5.71053
-5.71053
-5.70989
-5.70989
-5.70989
-5.71021
-5.71021
-5.71086
-5.71054
-5.70989
-5.70989
-5.70989
-5.70956
-5.70956
-5.70924
-5.70989
-5.70989
-5.70989
-5.70989
-5.70956
-5.70924
-5.70924
-5.70892
-5.70859
-5.70924
-5.70924
-5.70924
-5.70924
-5.70924
-5.70892
-5.70859
-5.70859
-5.70859
-5.70924
-5.71021
-5.71021
-5.71118
-5.71053
-5.71053
-5.71021
-5.70956
-5.70956
-5.70827
-5.70827
-5.70827
-5.70859
-5.70827
-5.70859
-5.70892
-5.70827
-5.70892
-5.70892
-5.70924
-5.70859
-5.70794
-5.70762
-5.70762
-5.70794
-5.70762
-5.7073
-5.70665
-5.70665
-5.70697
-5.70665
-5.70697
-5.70697
-5.70665
-5.70665
-5.70665
-5.70632
-5.706
-5.70665
-5.70568
-5.70535
-5.70503
-5.70568
-5.70568
-5.706
-5.70535
-5.70535
-5.70503
-5.70568
-5.70633
-5.70633
-5.70633
-5.70633
-5.70536
-5.70568
-5.706
-5.70698
-5.7073
-5.70762
-5.70762
-5.70827
-5.70859
-5.70859
-5.70859
-5.7086
-5.70827
-5.7086
-5.70892
-5.70892
-5.70924
-5.70924
-5.70924
-5.70957
-5.70924
-5.70989
-5.70989
-5.71022
-5.70989
-5.71022
-5.71054
-5.71054
-5.71054
-5.71054
-5.71087
-5.71022
-5.71054
-5.70989
-5.70957
-5.70989
-5.71022
-5.71054
-5.71054
-5.71054
-5.71184
-5.71216
-5.71216
-5.71216
-5.71216
-5.71151
-5.71151
-5.71152
-5.71184
-5.71249
-5.71216
-5.71184
-5.71184
-5.71216
-5.71216
-5.71249
-5.71314
-5.71314
-5.71281
-5.71314
-5.71314
-5.71314
-5.71281
-5.71281
-5.71314
-5.71281
-5.71152
-5.71152
-5.71152
-5.71184
-5.71184
-5.71217
-5.71087
-5.71152
-5.71152
-5.71184
-5.71249
-5.71314
-5.71314
-5.71281
-5.71314
-5.71314
-5.71281
-5.71314
-5.71346
-5.71378
-5.71411
-5.71378
-5.71346
-5.71378
-5.71346
-5.71378
-5.71411
-5.71378
-5.71346
-5.71346
-5.71314
-5.71217
-5.71217
-5.71152
-5.71184
-5.71184
-5.71184
-5.71184
-5.71184
-5.71152
-5.71152
-5.71152
-5.71055
-5.71087
-5.71152
-5.71119
-5.71184
-5.71249
-5.71249
-5.71249
-5.71346
-5.71378
-5.71411
-5.71443
-5.71476
-5.71508
-5.71476
-5.7154
-5.7154
-5.7154
-5.71638
-5.71605
-5.71605
-5.71573
-5.71637
-5.71637
-5.71605
-5.7154
-5.71508
-5.71508
-5.7154
-5.71508
-5.71476
-5.71508
-5.7154
-5.71638
-5.71605
-5.71573
-5.7154
-5.71573
-5.71573
-5.71508
-5.71508
-5.71541
-5.71541
-5.71541
-5.7154
-5.71508
-5.71508
-5.71476
-5.7154
-5.71508
-5.7154
-5.7154
-5.71605
-5.71605
-5.71637
-5.71605
-5.7154
-5.71476
-5.71508
-5.71508
-5.71508
-5.71411
-5.71346
-5.71378
-5.71314
-5.71249
-5.71216
-5.71216
-5.71249
-5.71216
-5.71249
-5.71281
-5.71346
-5.71378
-5.71346
-5.71378
-5.71378
-5.71378
-5.71443
-5.71475
-5.71573
-5.71508
-5.7154
-5.71475
-5.71475
-5.71508
-5.71508
-5.71443
-5.71411
-5.71411
-5.71475
-5.71443
-5.71475
-5.71411
-5.71378
-5.71378
-5.71378
-5.71411
-5.71346
-5.71378
-5.71411
-5.71411
-5.71411
-5.71411
-5.71346
-5.71378
-5.71281
-5.71281
-5.71346
-5.71411
-5.71378
-5.71378
-5.71378
-5.71281
-5.71281
-5.71314
-5.71314
-5.71346
-5.71378
-5.71314
-5.71346
-5.71411
-5.71346
-5.71314
-5.71314
-5.71281
-5.71378
-5.71443
-5.71411
-5.71411
-5.71443
-5.71411
-5.71346
-5.71379
-5.71314
-5.71281
-5.71346
-5.71379
-5.71443
-5.71411
-5.71379
-5.71476
-5.71411
-5.71411
-5.71411
-5.71443
-5.71314
-5.71282
-5.71411
-5.71411
-5.71411
-5.71411
-5.71411
-5.71379
-5.71346
-5.71346
-5.71379
-5.71476
-5.71476
-5.71508
-5.71411
-5.71411
-5.71444
-5.71411
-5.71411
-5.71411
-5.71379
-5.71314
-5.71379
-5.71314
-5.71347
-5.71347
-5.71379
-5.71379
-5.71314
-5.71379
-5.71282
-5.71282
-5.71282
-5.71249
-5.71282
-5.71379
-5.71443
-5.71443
-5.71443
-5.71443
-5.71411
-5.71411
-5.71379
-5.71314
-5.71282
-5.71314
-5.71281
-5.71281
-5.71282
-5.71314
-5.71282
-5.71314
-5.71346
-5.71346
-5.71314
-5.71346
-5.71249
-5.71184
-5.71249
-5.71217
-5.71249
-5.71281
-5.71281
-5.71249
-5.71249
-5.71314
-5.71346
-5.71346
-5.71346
-5.71379
-5.71379
-5.71217
-5.71217
-5.71249
-5.71249
-5.7112
-5.71152
-5.7112
-5.71087
-5.7112
-5.71055
-5.71022
-5.7099
-5.70958
-5.70925
-5.70958
-5.70958
-5.70958
-5.70958
-5.70893
-5.70828
-5.70893
-5.70958
-5.7099
-5.71022
-5.71022
-5.70958
-5.7099
-5.7099
-5.71023
-5.7099
-5.7099
-5.7099
-5.7099
-5.71023
-5.7099
-5.71055
-5.71023
-5.71055
-5.71055
-5.7112
-5.71185
-5.71152
-5.71185
-5.71185
-5.71217
-5.71249
-5.71282
-5.71282
-5.71249
-5.71249
-5.71217
-5.71282
-5.71314
-5.71282
-5.71217
-5.71185
-5.7112
-5.7099
-5.7099
-5.7099
-5.7099
-5.7099
-5.7099
-5.7099
-5.70958
-5.70925
-5.70861
-5.70861
-5.70828
-5.70925
-5.70893
-5.70925
-5.70925
-5.70958
-5.70958
-5.70958
-5.7099
-5.70958
-5.7099
-5.70958
-5.70958
-5.70893
-5.70893
-5.70828
-5.70828
-5.70796
-5.70796
-5.70796
-5.70763
-5.70763
-5.70796
-5.70763
-5.70634
-5.70666
-5.70634
-5.70634
-5.70601
-5.70537
-5.70537
-5.70569
-5.70537
-5.70537
-5.70666
-5.70666
-5.70666
-5.70699
-5.70666
-5.70699
-5.70763
-5.70666
-5.70699
-5.70699
-5.70699
-5.70666
-5.70666
-5.70634
-5.70666
-5.70666
-5.70666
-5.70601
-5.70601
-5.70601
-5.70634
-5.70634
-5.70666
-5.70666
-5.70634
-5.70634
-5.70666
-5.70634
-5.70666
-5.70666
-5.70666
-5.70666
-5.70699
-5.70699
-5.70699
-5.70634
-5.70569
-5.70537
-5.70569
-5.70569
-5.70537
-5.70472
-5.70569
-5.70569
-5.70569
-5.70634
-5.70634
-5.70634
-5.70666
-5.70666
-5.70666
-5.70666
-5.70666
-5.70666
-5.70666
-5.70634
-5.70699
-5.70699
-5.70601
-5.70601
-5.70569
-5.70537
-5.70537
-5.70504
-5.70537
-5.70569
-5.70537
-5.70634
-5.70666
-5.70666
-5.70666
-5.70601
-5.70601
-5.70634
-5.70601
-5.70634
-5.70601
-5.70666
-5.70666
-5.70666
-5.70569
-5.70569
-5.70569
-5.70537
-5.70537
-5.70504
-5.70504
-5.70439
-5.70407
-5.70342
-5.70342
-5.70342
-5.70375
-5.70407
-5.70439
-5.70504
-5.70472
-5.70472
-5.70472
-5.70504
-5.70472
-5.70536
-5.70601
-5.70666
-5.70601
-5.70569
-5.70601
-5.70601
-5.70569
-5.70569
-5.70601
-5.70601
-5.70634
-5.70666
-5.70666
-5.70634
-5.70569
-5.70601
-5.70601
-5.70569
-5.70569
-5.70569
-5.70601
-5.70569
-5.70569
-5.70569
-5.70569
-5.70666
-5.70634
-5.70601
-5.70699
-5.70699
-5.70731
-5.70796
-5.70828
-5.7086
-5.7086
-5.7086
-5.7086
-5.7086
-5.70828
-5.70796
-5.70796
-5.70763
-5.70796
-5.70796
-5.70796
-5.70666
-5.70601
-5.70634
-5.70634
-5.70634
-5.70698
-5.70731
-5.70796
-5.70763
-5.70731
-5.70763
-5.70666
-5.70731
-5.70731
-5.70731
-5.70666
-5.70666
-5.70698
-5.70731
-5.70763
-5.70763
-5.70795
-5.70763
-5.70828
-5.70796
-5.70795
-5.70828
-5.7086
-5.7086
-5.70828
-5.70925
-5.70957
-5.7099
-5.70925
-5.70925
-5.70925
-5.7099
-5.7099
-5.71022
-5.7099
-5.7099
-5.71022
-5.7099
-5.7099
-5.70957
-5.70925
-5.70925
-5.70925
-5.7099
-5.71022
-5.7099
-5.71022
-5.71022
-5.71022
-5.7099
-5.70925
-5.70957
-5.70957
-5.70957
-5.70957
-5.70925
-5.70957
-5.70828
-5.70828
-5.70796
-5.70796
-5.70763
-5.70796
-5.70796
-5.70796
-5.70796
-5.70763
-5.70763
-5.70698
-5.70731
-5.70731
-5.70796
-5.70828
-5.70763
-5.70699
-5.70698
-5.70763
-5.70731
-5.70698
-5.70666
-5.70666
-5.70698
-5.70763
-5.70763
-5.70731
-5.70763
-5.70796
-5.70763
-5.70763
-5.70763
-5.70763
-5.70828
-5.70828
-5.7086
-5.7086
-5.70828
-5.70828
-5.70893
-5.70893
-5.70893
-5.70893
-5.70893
-5.7086
-5.7086
-5.70925
-5.7099
-5.7099
-5.7099
-5.7099
-5.70893
-5.70925
-5.7086
-5.7086
-5.70795
-5.70795
-5.70731
-5.70698
-5.70698
-5.70763
-5.70763
-5.70763
-5.70731
-5.70795
-5.70828
-5.70828
-5.7086
-5.70828
-5.70795
-5.70893
-5.70925
-5.70925
-5.70957
-5.71054
-5.71022
-5.71054
-5.71054
-5.71054
-5.71087
-5.71054
-5.71119
-5.71184
-5.71151
-5.71184
-5.71216
-5.71249
-5.71249
-5.71346
-5.71346
-5.71346
-5.71281
-5.71313
-5.71248
-5.71249
-5.71281
-5.71281
-5.71248
-5.71281
-5.71184
-5.71248
-5.71216
-5.71151
-5.71184
-5.71184
-5.71151
-5.71151
-5.71151
-5.71119
-5.71184
-5.71216
-5.71248
-5.71248
-5.71184
-5.71184
-5.71151
-5.71184
-5.71216
-5.71119
-5.71119
-5.71119
-5.71151
-5.71087
-5.71054
-5.71054
-5.71054
-5.71087
-5.71054
-5.7099
-5.70925
-5.70925
-5.70957
-5.70957
-5.70925
-5.70892
-5.70925
-5.7086
-5.70828
-5.70828
-5.70795
-5.70795
-5.70828
-5.70828
-5.70828
-5.70795
-5.70763
-5.70763
-5.70731
-5.70731
-5.70731
-5.70763
-5.70763
-5.70763
-5.70763
-5.70731
-5.70731
-5.70731
-5.70731
-5.70666
-5.70731
-5.70731
-5.70698
-5.70666
-5.70698
-5.70666
-5.70601
-5.70601
-5.70601
-5.70601
-5.70536
-5.70536
-5.70601
-5.70601
-5.70569
-5.70601
-5.70666
-5.70763
-5.70698
-5.70666
-5.70633
-5.70666
-5.70666
-5.70666
-5.70633
-5.70633
-5.70601
-5.70633
-5.70601
-5.70601
-5.70666
-5.70666
-5.70633
-5.70666
-5.7073
-5.70698
-5.70698
-5.7073
-5.70763
-5.7073
-5.70795
-5.70827
-5.70892
-5.70957
-5.70957
-5.70957
-5.71022
-5.71022
-5.71054
-5.71022
-5.71022
-5.70957
-5.70924
-5.70892
-5.70827
-5.7086
-5.70827
-5.70827
-5.70795
-5.70827
-5.7086
-5.7086
-5.7086
-5.70827
-5.70827
-5.70827
-5.70763
-5.70763
-5.70795
-5.70827
-5.70827
-5.70795
-5.70763
-5.7073
-5.7073
-5.70762
-5.70762
-5.7073
-5.70795
-5.70859
-5.70859
-5.70827
-5.70827
-5.70827
-5.70859
-5.70795
-5.70762
-5.70795
-5.70795
-5.70762
-5.70762
-5.7073
-5.70762
-5.70795
-5.70859
-5.70859
-5.70859
-5.70827
-5.70827
-5.70827
-5.70795
-5.7073
-5.7073
-5.70762
-5.70762
-5.70827
-5.70697
-5.70697
-5.70795
-5.70795
-5.70794
-5.70794
-5.70794
-5.70827
-5.70859
-5.70827
-5.70827
-5.70827
-5.70794
-5.70794
-5.70794
-5.70762
-5.70762
-5.70762
-5.7073
-5.7073
-5.7073
-5.70762
-5.70697
-5.70665
-5.70665
-5.70697
-5.70665
-5.70665
-5.70697
-5.70633
-5.706
-5.70568
-5.70633
-5.706
-5.70568
-5.706
-5.706
-5.70633
-5.706
-5.70568
-5.70536
-5.70536
-5.70568
-5.70471
-5.70471
-5.70439
-5.70503
-5.70536
-5.70503
-5.70503
-5.70536
-5.70665
-5.70698
-5.70665
-5.70698
-5.70568
-5.70601
-5.70633
-5.70601
-5.70633
-5.70633
-5.70633
-5.70633
-5.70665
-5.70665
-5.70665
-5.70633
-5.70665
-5.7073
-5.7073
-5.7073
-5.70698
-5.70698
-5.7073
-5.7073
-5.7073
-5.70665
-5.70665
-5.70666
-5.70666
-5.70633
-5.70633
-5.70633
-5.70666
-5.70698
-5.70698
-5.70698
-5.7073
-5.7073
-5.70763
-5.70828
-5.70828
-5.70828
-5.7086
-5.70892
-5.7086
-5.7086
-5.70892
-5.70795
-5.7086
-5.70925
-5.70957
-5.70892
-5.70925
-5.70989
-5.71022
-5.71022
-5.70989
-5.71022
-5.71022
-5.71022
-5.71022
-5.71022
-5.71054
-5.71054
-5.71022
-5.71054
-5.71087
-5.71119
-5.71184
-5.71216
-5.71216
-5.71249
-5.71249
-5.71216
-5.71249
-5.71216
-5.71184
-5.71184
-5.71184
-5.71249
-5.71216
-5.71249
-5.71281
-5.71281
-5.71281
-5.71346
-5.7141
-5.71443
-5.71443
-5.7141
-5.71378
-5.7141
-5.7141
-5.7141
-5.71378
-5.71378
-5.71346
-5.71345
-5.71313
-5.71248
-5.71248
-5.71216
-5.71248
-5.71183
-5.71119
-5.71119
-5.71151
-5.71216
-5.71183
-5.71183
-5.71183
-5.71119
-5.71054
-5.71086
-5.71054
-5.71021
-5.71021
-5.71021
-5.70989
-5.71021
-5.70989
-5.71021
-5.71086
-5.71086
-5.71053
-5.71021
-5.71053
-5.71053
-5.71086
-5.71086
-5.71021
-5.70989
-5.70989
-5.70956
-5.70956
-5.70956
-5.70956
-5.70956
-5.70956
-5.70989
-5.71021
-5.70989
-5.70957
-5.71086
-5.71119
-5.71119
-5.71086
-5.71119
-5.71119
-5.71119
-5.71086
-5.71054
-5.71151
-5.71151
-5.71119
-5.71086
-5.71087
-5.71087
-5.71119
-5.71151
-5.71151
-5.71216
-5.71184
-5.71151
-5.71119
-5.71087
-5.71119
-5.71054
-5.71054
-5.71119
-5.71087
-5.71054
-5.71054
-5.71119
-5.71054
-5.71054
-5.71054
-5.7099
-5.70957
-5.70957
-5.70957
-5.70957
-5.70957
-5.7099
-5.71054
-5.71054
-5.71054
-5.71054
-5.71087
-5.71054
-5.71054
-5.71087
-5.71152
-5.71152
-5.71184
-5.71119
-5.71119
-5.71184
-5.71151
-5.71151
-5.71119
-5.71151
-5.71054
-5.71022
-5.70989
-5.70989
-5.70925
-5.70925
-5.70925
-5.70925
-5.70892
-5.7086
-5.70892
-5.7086
-5.70892
-5.7086
-5.70924
-5.70924
-5.70892
-5.70827
-5.70827
-5.70827
-5.70827
-5.70827
-5.70762
-5.70762
-5.70795
-5.70762
-5.70762
-5.70762
-5.70665
-5.70633
-5.70535
-5.70471
-5.70535
-5.706
-5.70568
-5.70633
-5.70697
-5.70697
-5.70633
-5.70633
-5.706
-5.706
-5.706
-5.70633
-5.70633
-5.70568
-5.70535
-5.70535
-5.70535
-5.706
-5.70568
-5.70568
-5.70633
-5.70665
-5.70665
-5.70665
-5.7073
-5.7073
-5.70697
-5.70698
-5.70698
-5.70665
-5.70698
-5.70698
-5.70762
-5.70762
-5.70827
-5.70827
-5.70762
-5.70762
-5.7073
-5.70795
-5.70762
-5.70762
-5.7073
-5.70762
-5.70795
-5.70795
-5.70762
-5.70795
-5.70762
-5.70763
-5.7086
-5.70892
-5.70957
-5.70989
-5.70989
-5.70957
-5.70957
-5.70925
-5.70925
-5.70892
-5.70925
-5.70957
-5.70957
-5.70989
-5.71022
-5.70989
-5.71022
-5.71087
-5.71087
-5.71087
-5.71087
-5.71054
-5.71054
-5.71022
-5.71087
-5.71087
-5.71087
-5.71151
-5.71151
-5.71054
-5.71087
-5.71151
-5.71151
-5.71184
-5.71216
-5.71216
-5.71216
-5.71249
-5.71249
-5.71249
-5.71281
-5.71249
-5.71313
-5.71346
-5.71346
-5.71346
-5.71313
-5.71281
-5.71346
-5.71346
-5.71216
-5.71216
-5.71281
-5.71281
-5.71281
-5.71249
-5.71249
-5.71216
-5.71184
-5.71152
-5.71184
-5.71184
-5.71087
-5.71087
-5.71119
-5.71119
-5.71054
-5.71087
-5.71054
-5.71087
-5.71152
-5.71119
-5.71152
-5.71119
-5.71151
-5.71184
-5.71184
-5.71151
-5.71087
-5.71087
-5.71087
-5.71119
-5.71119
-5.71151
-5.71151
-5.71119
-5.71119
-5.71086
-5.71151
-5.71119
-5.71086
-5.71054
-5.70989
-5.71021
-5.71021
-5.71021
-5.70989
-5.70989
-5.70924
-5.70859
-5.70859
-5.70859
-5.70859
-5.70892
-5.70859
-5.70892
-5.70924
-5.70892
-5.70924
-5.70892
-5.70859
-5.70859
-5.70794
-5.70794
-5.70794
-5.70827
-5.70891
-5.70956
-5.70988
-5.71021
-5.71021
-5.71021
-5.71021
-5.70988
-5.71021
-5.70956
-5.71021
-5.71021
-5.71053
-5.71053
-5.71053
-5.71085
-5.7115
-5.71182
-5.71118
-5.7115
-5.7115
-5.7115
-5.71085
-5.71085
-5.71118
-5.71118
-5.7115
-5.71215
-5.71247
-5.71247
-5.7128
-5.71279
-5.71182
-5.71085
-5.71085
-5.71085
-5.71021
-5.70891
-5.70956
-5.70988
-5.70923
-5.70923
-5.70923
-5.70923
-5.70891
-5.70956
-5.70956
-5.70956
-5.70924
-5.70924
-5.70794
-5.70729
-5.70729
-5.70729
-5.70762
-5.70794
-5.70794
-5.70827
-5.70762
-5.70665
-5.70632
-5.70632
-5.706
-5.706
-5.706
-5.70633
-5.706
-5.706
-5.70568
-5.706
-5.70697
-5.70762
-5.7073
-5.70762
-5.70827
-5.70827
-5.70827
-5.70795
-5.70665
-5.70633
-5.70698
-5.70665
-5.7073
-5.70698
-5.7073
-5.7073
-5.7073
-5.70762
-5.7073
-5.7073
-5.70762
-5.7073
-5.70665
-5.70665
-5.70762
-5.70762
-5.7086
-5.7086
-5.70827
-5.70827
-5.70795
-5.70859
-5.70859
-5.70924
-5.70957
-5.70956
-5.70924
-5.70924
-5.70924
-5.70924
-5.71021
-5.71054
-5.71086
-5.70989
-5.70989
-5.71086
-5.71118
-5.71086
-5.71086
-5.71118
-5.71053
-5.71086
-5.70989
-5.70956
-5.71053
-5.70989
-5.70989
-5.70956
-5.70924
-5.70924
-5.70956
-5.70956
-5.70924
-5.71021
-5.70989
-5.70956
-5.70956
-5.70989
-5.70956
-5.70924
-5.70924
-5.70924
-5.70892
-5.70924
-5.70924
-5.70924
-5.70794
-5.70794
-5.70762
-5.70794
-5.70794
-5.70827
-5.70795
-5.7073
-5.7073
-5.70795
-5.70827
-5.70892
-5.7086
-5.70892
-5.70827
-5.70827
-5.70827
-5.70892
-5.70957
-5.70957
-5.70925
-5.70957
-5.70989
-5.71022
-5.71054
-5.71086
-5.71119
-5.71087
-5.71087
-5.71054
-5.71087
-5.71151
-5.71184
-5.71281
-5.71281
-5.71313
-5.71378
-5.71378
-5.71378
-5.7141
-5.7141
-5.71508
-5.71475
-5.71443
-5.7141
-5.71378
-5.7141
-5.71475
-5.7141
-5.71346
-5.71346
-5.71346
-5.71443
-5.71378
-5.71346
-5.71346
-5.71346
-5.71378
-5.71443
-5.71475
-5.71443
-5.71443
-5.7141
-5.71443
-5.71475
-5.71411
-5.71411
-5.71378
-5.71249
-5.71281
-5.71281
-5.71281
-5.71281
-5.71281
-5.71313
-5.71346
-5.71346
-5.71281
-5.71281
-5.71281
-5.71281
-5.71313
-5.71281
-5.71313
-5.71378
-5.71378
-5.7141
-5.71443
-5.71443
-5.71475
-5.71443
-5.71443
-5.7141
-5.7141
-5.7141
-5.7141
-5.71345
-5.7141
-5.7141
-5.71443
-5.71475
-5.71443
-5.7141
-5.7141
-5.71443
-5.71475
-5.71313
-5.71345
-5.71378
-5.71345
-5.71345
-5.71345
-5.71313
-5.7128
-5.71248
-5.7128
-5.7128
-5.71248
-5.71183
-5.71151
-5.71151
-5.71119
-5.71151
-5.71183
-5.71183
-5.71313
-5.71248
-5.71216
-5.71248
-5.71216
-5.71248
-5.71118
-5.71086
-5.71054
-5.71021
-5.70989
-5.70989
-5.70892
-5.70924
-5.70924
-5.70924
-5.70924
-5.70924
-5.70924
-5.70924
-5.7086
-5.70892
-5.70892
-5.70925
-5.70925
-5.70892
-5.70925
-5.70925
-5.70925
-5.70925
-5.70925
-5.70989
-5.70989
-5.70957
-5.70925
-5.70924
-5.70892
-5.70957
-5.70957
-5.70989
-5.70989
-5.70924
-5.7086
-5.7086
-5.70827
-5.7086
-5.7086
-5.70892
-5.70924
-5.70989
-5.70989
-5.71021
-5.71021
-5.71021
-5.71021
-5.71086
-5.71086
-5.71119
-5.71151
-5.71118
-5.71118
-5.71183
-5.71151
-5.71183
-5.71183
-5.71216
-5.71216
-5.71248
-5.71248
-5.71119
-5.71151
-5.71151
-5.71151
-5.71086
-5.71086
-5.70957
-5.70957
-5.71022
-5.71022
-5.70989
-5.70989
-5.70924
-5.70957
-5.70925
-5.70892
-5.70892
-5.7086
-5.7086
-5.7086
-5.70925
-5.70925
-5.70925
-5.70925
-5.70957
-5.70957
-5.70893
-5.70957
-5.71022
-5.7099
-5.71087
-5.71087
-5.71152
-5.71152
-5.71119
-5.71087
-5.71152
-5.71152
-5.71087
-5.71152
-5.71184
-5.71152
-5.71119
-5.71119
-5.71152
-5.71119
-5.71119
-5.71087
-5.71119
-5.71119
-5.71119
-5.71119
-5.71119
-5.71184
-5.71152
-5.71087
-5.71087
-5.71119
-5.71119
-5.71152
-5.71152
-5.71152
-5.7112
-5.71022
-5.70958
-5.7099
-5.7099
-5.71022
-5.71022
-5.71022
-5.7099
-5.71055
-5.71087
-5.71087
-5.70957
-5.70957
-5.71022
-5.7099
-5.71087
-5.71152
-5.71119
-5.71119
-5.71119
-5.71119
-5.71054
-5.7099
-5.70957
-5.70989
-5.70989
-5.71054
-5.71054
-5.71087
-5.71119
-5.71119
-5.71151
-5.71184
-5.71119
-5.71086
-5.71086
-5.71151
-5.71216
-5.71281
-5.71281
-5.71313
-5.71345
-5.71345
-5.7128
-5.71313
-5.71313
-5.71378
-5.71378
-5.7141
-5.7141
-5.71475
-5.71507
-5.71539
-5.71507
-5.71507
-5.71475
-5.71507
-5.71539
-5.71507
-5.71474
-5.71507
-5.71442
-5.71507
-5.71507
-5.71474
-5.71474
-5.71539
-5.71507
-5.71539
-5.71507
-5.71507
-5.71474
-5.71442
-5.71475
-5.71507
-5.71507
-5.71507
-5.71507
-5.71539
-5.71507
-5.71475
-5.71507
-5.71507
-5.71442
-5.71442
-5.71442
-5.71442
-5.7141
-5.71345
-5.71345
-5.71345
-5.71345
-5.7128
-5.71183
-5.71151
-5.71183
-5.71183
-5.71151
-5.71183
-5.71151
-5.71151
-5.71086
-5.71054
-5.71054
-5.70989
-5.71022
-5.71119
-5.71086
-5.71086
-5.70989
-5.70989
-5.70957
-5.70892
-5.70989
-5.71022
-5.71054
-5.71087
-5.71119
-5.71087
-5.71087
-5.71087
-5.71087
-5.71054
-5.71022
-5.71022
-5.71022
-5.70957
-5.70989
-5.70989
-5.71087
-5.71119
-5.71087
-5.71151
-5.71249
-5.71281
-5.71249
-5.71151
-5.71119
-5.71184
-5.71216
-5.71249
-5.71281
-5.7141
-5.71475
-5.71443
-5.71572
-5.71605
-5.71702
-5.71702
-5.71605
-5.71702
-5.71734
-5.71799
-5.71799
-5.71799
-5.71799
-5.71831
-5.71831
-5.71767
-5.71767
-5.71767
-5.71734
-5.7167
-5.71637
-5.71637
-5.71637
-5.71605
-5.7154
-5.7154
-5.7154
-5.71508
-5.71508
-5.71508
-5.71508
-5.7154
-5.71508
-5.71508
-5.71475
-5.71411
-5.71411
-5.71411
-5.71411
-5.71443
-5.71508
-5.71378
-5.71411
-5.71378
-5.71443
-5.71378
-5.71346
-5.71314
-5.71314
-5.71314
-5.71346
-5.71313
-5.71281
-5.71313
-5.71281
-5.71249
-5.71249
-5.71281
-5.71281
-5.71216
-5.71216
-5.71249
-5.71249
-5.71249
-5.71119
-5.71054
-5.71087
-5.71087
-5.71119
-5.71054
-5.71054
-5.71087
-5.71022
-5.7099
-5.7099
-5.70957
-5.71022
-5.71054
-5.71087
-5.71055
-5.71022
-5.7099
-5.71022
-5.71055
-5.71055
-5.7099
-5.70957
-5.70957
-5.70957
-5.70957
-5.7099
-5.70925
-5.70828
-5.70828
-5.70828
-5.70828
-5.70828
-5.70828
-5.70795
-5.70763
-5.70763
-5.70763
-5.70795
-5.70763
-5.70795
-5.7086
-5.70828
-5.70828
-5.70828
-5.70925
-5.70892
-5.70828
-5.70892
-5.70892
-5.7086
-5.70795
-5.70828
-5.70795
-5.70795
-5.70763
-5.70795
-5.7073
-5.7073
-5.7073
-5.7073
-5.70795
-5.70925
-5.70957
-5.7086
-5.70957
-5.71022
-5.70989
-5.70989
-5.71086
-5.71022
-5.70989
-5.71086
-5.71054
-5.71086
-5.71086
-5.71184
-5.71119
-5.71119
-5.71119
-5.71119
-5.71086
-5.71119
-5.71151
-5.71086
-5.71022
-5.70989
-5.70989
-5.71022
-5.70957
-5.70989
-5.70989
-5.70892
-5.7086
-5.70827
-5.70827
-5.70795
-5.70633
-5.70698
-5.7073
-5.70763
-5.7073
-5.7073
-5.70763
-5.70698
-5.70666
-5.70698
-5.70698
-5.70666
-5.70666
-5.70601
-5.70633
-5.70666
-5.70633
-5.70569
-5.70569
-5.70601
-5.70569
-5.70569
-5.70601
-5.70601
-5.70666
-5.70666
-5.70634
-5.70634
-5.70569
-5.70666
-5.70731
-5.70666
-5.70634
-5.70504
-5.70536
-5.70504
-5.70504
-5.70536
-5.70536
-5.70601
-5.70634
-5.70634
-5.70634
-5.70601
-5.70601
-5.70666
-5.70698
-5.70763
-5.70796
-5.70796
-5.70763
-5.70731
-5.70699
-5.70731
-5.70731
-5.70796
-5.70763
-5.70828
-5.7086
-5.70925
-5.7086
-5.70828
-5.70828
-5.70796
-5.70731
-5.70731
-5.70731
-5.70731
-5.70698
-5.70601
-5.70601
-5.70601
-5.70569
-5.70569
-5.70569
-5.70601
-5.70601
-5.70634
-5.70634
-5.70634
-5.70666
-5.70731
-5.70731
-5.70763
-5.70795
-5.70828
-5.70828
-5.70763
-5.70828
-5.7086
-5.70957
-5.70892
-5.70957
-5.71022
-5.71022
-5.70989
-5.71054
-5.71086
-5.71086
-5.71086
-5.71151
-5.71313
-5.71313
-5.71281
-5.71249
-5.71281
-5.71281
-5.71281
-5.71313
-5.71313
-5.71313
-5.71346
-5.71346
-5.71313
-5.71281
-5.71216
-5.71216
-5.71248
-5.71281
-5.71216
-5.71248
-5.71151
-5.71151
-5.71183
-5.71183
-5.71216
-5.71151
-5.71216
-5.71248
-5.71216
-5.71184
-5.71184
-5.71216
-5.71248
-5.71281
-5.71216
-5.71216
-5.71184
-5.71184
-5.71119
-5.71119
-5.71184
-5.71151
-5.71151
-5.71151
-5.71151
-5.71184
-5.71184
-5.71216
-5.71249
-5.71249
-5.71216
-5.71249
-5.71216
-5.71216
-5.71216
-5.71249
-5.71249
-5.71249
-5.71216
-5.71249
-5.71281
-5.71314
-5.71217
-5.71184
-5.71281
-5.71249
-5.71249
-5.71249
-5.71249
-5.71249
-5.71217
-5.71249
-5.71281
-5.71314
-5.71346
-5.71314
-5.71314
-5.71281
-5.71249
-5.71217
-5.71184
-5.71184
-5.71217
-5.71152
-5.71184
-5.71184
-5.71152
-5.71152
-5.71152
-5.71152
-5.71087
-5.71055
-5.71054
-5.71054
-5.71022
-5.70925
-5.7086
-5.70925
-5.70957
-5.70957
-5.7099
-5.7099
-5.71022
-5.71022
-5.70957
-5.7099
-5.70957
-5.70925
-5.70925
-5.70925
-5.70892
-5.70892
-5.7086
-5.70763
-5.70763
-5.7086
-5.7086
-5.70892
-5.70892
-5.70892
-5.70828
-5.70795
-5.70763
-5.70795
-5.7086
-5.70828
-5.7073
-5.70763
-5.70763
-5.70763
-5.70795
-5.70795
-5.70795
-5.70828
-5.70828
-5.70828
-5.70828
-5.70763
-5.7073
-5.70698
-5.70666
-5.70666
-5.70698
-5.70666
-5.70763
-5.70763
-5.70795
-5.70828
-5.70828
-5.70892
-5.7086
-5.7086
-5.70892
-5.7086
-5.70763
-5.70763
-5.70763
-5.7086
-5.70925
-5.70892
-5.70892
-5.70892
-5.70892
-5.70892
-5.7086
-5.70892
-5.7086
-5.70893
-5.70893
-5.70925
-5.7099
-5.70957
-5.7099
-5.71054
-5.7099
-5.70957
-5.70892
-5.70893
-5.70925
-5.7086
-5.7086
-5.70828
-5.70828
-5.70828
-5.70828
-5.70925
-5.70957
-5.7099
-5.7099
-5.70957
-5.70925
-5.7086
-5.70892
-5.70892
-5.7086
-5.70892
-5.70925
-5.70925
-5.7099
-5.71022
-5.71022
-5.7099
-5.70925
-5.70925
-5.7086
-5.70892
-5.70828
-5.70828
-5.70892
-5.70925
-5.70957
-5.70925
-5.70892
-5.70925
-5.7099
-5.7099
-5.7099
-5.71022
-5.71022
-5.71054
-5.71054
-5.71022
-5.70957
-5.70957
-5.7099
-5.71022
-5.71022
-5.71022
-5.71119
-5.71184
-5.71216
-5.71249
-5.71248
-5.71216
-5.71248
-5.71248
-5.71313
-5.71313
-5.71313
-5.71345
-5.71345
-5.71281
-5.71248
-5.71248
-5.71281
-5.71281
-5.71281
-5.71313
-5.71281
-5.71281
-5.71313
-5.71313
-5.71248
-5.71248
-5.7128
-5.71281
-5.71183
-5.71086
-5.71021
-5.71021
-5.71054
-5.71086
-5.71151
-5.71119
-5.71086
-5.71054
-5.71054
-5.71119
-5.71151
-5.71119
-5.71118
-5.71118
-5.71054
-5.71054
-5.71086
-5.71119
-5.71086
-5.71119
-5.71054
-5.71119
-5.71184
-5.71184
-5.71151
-5.71184
-5.71184
-5.71216
-5.71184
-5.71184
-5.71184
-5.71184
-5.71184
-5.71184
-5.71184
-5.71216
-5.71152
-5.71119
-5.71119
-5.71184
-5.71216
-5.71216
-5.71087
-5.71152
-5.71152
-5.71152
-5.71184
-5.71184
-5.71087
-5.71119
-5.71119
-5.71087
-5.71119
-5.71152
-5.71087
-5.71054
-5.71054
-5.7099
-5.70957
-5.70925
-5.70925
-5.70957
-5.70957
-5.70957
-5.70957
-5.7099
-5.71119
-5.71087
-5.71184
-5.71119
-5.71087
-5.71119
-5.71152
-5.71152
-5.71152
-5.71152
-5.71119
-5.71119
-5.71119
-5.71152
-5.71119
-5.71087
-5.71054
-5.71054
-5.7099
-5.70957
-5.70925
-5.70925
-5.7099
-5.71087
-5.71119
-5.71184
-5.71119
-5.71119
-5.71022
-5.71022
-5.71022
-5.71087
-5.71087
-5.71087
-5.71087
-5.71087
-5.71119
-5.71151
-5.71216
-5.71216
-5.71216
-5.71151
-5.71216
-5.71184
-5.71184
-5.71184
-5.71216
-5.71249
-5.71249
-5.71249
-5.71249
-5.71249
-5.71281
-5.71249
-5.71216
-5.71184
-5.71151
-5.71054
-5.71022
-5.70989
-5.70957
-5.70892
-5.7086
-5.70827
-5.7086
-5.7086
-5.70795
-5.70763
-5.70763
-5.70763
-5.70827
-5.70827
-5.70827
-5.7086
-5.7086
-5.70827
-5.70827
-5.7086
-5.70892
-5.70924
-5.70892
-5.70892
-5.70892
-5.70827
-5.70795
-5.70924
-5.70957
-5.70957
-5.70957
-5.70924
-5.70892
-5.7086
-5.70859
-5.70892
-5.70859
-5.70827
-5.70827
-5.70795
-5.70827
-5.70892
-5.70892
-5.70924
-5.70957
-5.70957
-5.70989
-5.70989
-5.70892
-5.70957
-5.70924
-5.7086
-5.70795
-5.70762
-5.70762
-5.7073
-5.70795
-5.70795
-5.70827
-5.70827
-5.70827
-5.70795
-5.7073
-5.70827
-5.70827
-5.70827
-5.70892
-5.70892
-5.70957
-5.70989
-5.70924
-5.70827
-5.70827
-5.70795
-5.70763
-5.70795
-5.7086
-5.70827
-5.70827
-5.70795
-5.70763
-5.7073
-5.7073
-5.7073
-5.70795
-5.70795
-5.70795
-5.70827
-5.70763
-5.70763
-5.70763
-5.70795
-5.7073
-5.70763
-5.70763
-5.7073
-5.7073
-5.7073
-5.70763
-5.70666
-5.70666
-5.70666
-5.70633
-5.70633
-5.70665
-5.70665
-5.70698
-5.70763
-5.70698
-5.70666
-5.70666
-5.70698
-5.70666
-5.70698
-5.70698
-5.70698
-5.70666
-5.7073
-5.70763
-5.70795
-5.7086
-5.70795
-5.7086
-5.7086
-5.7086
-5.7086
-5.70763
-5.70795
-5.7086
-5.70892
-5.70892
-5.70892
-5.7086
-5.70795
-5.70892
-5.70892
-5.70957
-5.70925
-5.70957
-5.7099
-5.71022
-5.71054
-5.71022
-5.71054
-5.71054
-5.71087
-5.71022
-5.7099
-5.70989
-5.70957
-5.70989
-5.71022
-5.71022
-5.70989
-5.71022
-5.71054
-5.70957
-5.70957
-5.71087
-5.71054
-5.71054
-5.71054
-5.71054
-5.71022
-5.71022
-5.71022
-5.7099
-5.70892
-5.7086
-5.7086
-5.7086
-5.70892
-5.70892
-5.70828
-5.70828
-5.7086
-5.7086
-5.70925
-5.7099
-5.7099
-5.7099
-5.7099
-5.7099
-5.7099
-5.7099
-5.71022
-5.71054
-5.71087
-5.71087
-5.71054
-5.71054
-5.7099
-5.70957
-5.70892
-5.70795
-5.70795
-5.70795
-5.70795
-5.70795
-5.70795
-5.70795
-5.70731
-5.70828
-5.70795
-5.70763
-5.70763
-5.70731
-5.70698
-5.70731
-5.70698
-5.70698
-5.70698
-5.70666
-5.70666
-5.70633
-5.70731
-5.70698
-5.70731
-5.70698
-5.70666
-5.70633
-5.70633
-5.70601
-5.70601
-5.70568
-5.70536
-5.70503
-5.70471
-5.70471
-5.70471
-5.70503
-5.70536
-5.70568
-5.70503
-5.70471
-5.70568
-5.70568
-5.70568
-5.706
-5.70633
-5.706
-5.70568
-5.70568
-5.70503
-5.70503
-5.70438
-5.70373
-5.70373
-5.70373
-5.70471
-5.70535
-5.70438
-5.70438
-5.70471
-5.70438
-5.70471
-5.70503
-5.70503
-5.70535
-5.70503
-5.70503
-5.70503
-5.70471
-5.70438
-5.70438
-5.70438
-5.70406
-5.70374
-5.70374
-5.70471
-5.70536
-5.70568
-5.706
-5.70633
-5.70535
-5.70535
-5.70568
-5.70568
-5.70568
-5.70536
-5.70568
-5.706
-5.70633
-5.70633
-5.706
-5.706
-5.70568
-5.70568
-5.70568
-5.70601
-5.70665
-5.70698
-5.7073
-5.70795
-5.70795
-5.70763
-5.70795
-5.70763
-5.70795
-5.70795
-5.70763
-5.70763
-5.70795
-5.70827
-5.70827
-5.7086
-5.7086
-5.7086
-5.7086
-5.7086
-5.7086
-5.70795
-5.7086
-5.70925
-5.70925
-5.70957
-5.7099
-5.71022
-5.71054
-5.71054
-5.71087
-5.71151
-5.71119
-5.71087
-5.71119
-5.71119
-5.71184
-5.71216
-5.71216
-5.71152
-5.71152
-5.71152
-5.71249
-5.71281
-5.71346
-5.71346
-5.71346
-5.71281
-5.71281
-5.71346
-5.71314
-5.71281
-5.71281
-5.71249
-5.71346
-5.71411
-5.71443
-5.71411
-5.71443
-5.71475
-5.71443
-5.71443
-5.71443
-5.71411
-5.71378
-5.71346
-5.71281
-5.71249
-5.71216
-5.71216
-5.71216
-5.71152
-5.71184
-5.71184
-5.71184
-5.71152
-5.71152
-5.71152
-5.71119
-5.71119
-5.71119
-5.71119
-5.71152
-5.71087
-5.71055
-5.71055
-5.70925
-5.70957
-5.70957
-5.70957
-5.70925
-5.70957
-5.70957
-5.70957
-5.71054
-5.70957
-5.70925
-5.70892
-5.70925
-5.7086
-5.70892
-5.70892
-5.70828
-5.70763
-5.70828
-5.7086
-5.7086
-5.70892
-5.70795
-5.70827
-5.70795
-5.70763
-5.7073
-5.70665
-5.70633
-5.70601
-5.70633
-5.70633
-5.70633
-5.70665
-5.70633
-5.70633
-5.70633
-5.70633
-5.70665
-5.70665
-5.70665
-5.7073
-5.70762
-5.70859
-5.70892
-5.70989
-5.70957
-5.70989
-5.70989
-5.70989
-5.70989
-5.70957
-5.70957
-5.70989
-5.71054
-5.71021
-5.71021
-5.70924
-5.70924
-5.70956
-5.70956
-5.70956
-5.70956
-5.70956
-5.70956
-5.70924
-5.70989
-5.70956
-5.70924
-5.70924
-5.70989
-5.71021
-5.71021
-5.71053
-5.71021
-5.70989
-5.70989
-5.71021
-5.71053
-5.71053
-5.71021
-5.70989
-5.70989
-5.71021
-5.71021
-5.70989
-5.70924
-5.70924
-5.70892
-5.70924
-5.70859
-5.70827
-5.70892
-5.70956
-5.70892
-5.70924
-5.70956
-5.70989
-5.71021
-5.71053
-5.70989
-5.70989
-5.71021
-5.71021
-5.71021
-5.70988
-5.70956
-5.71021
-5.70988
-5.70924
-5.70956
-5.70988
-5.70988
-5.70988
-5.70988
-5.71021
-5.71021
-5.71021
-5.71021
-5.71053
-5.71053
-5.70988
-5.71021
-5.71021
-5.71021
-5.71086
-5.71053
-5.71053
-5.71053
-5.71053
-5.70988
-5.71021
-5.71053
-5.71183
-5.7115
-5.71118
-5.71118
-5.71118
-5.71053
-5.71118
-5.71053
-5.71086
-5.71053
-5.71021
-5.70989
-5.70924
-5.70924
-5.70892
-5.70892
-5.70956
-5.70989
-5.70989
-5.70989
-5.70989
-5.70989
-5.70956
-5.70956
-5.71054
-5.71021
-5.70989
-5.70957
-5.70989
-5.70989
-5.70924
-5.70957
-5.70924
-5.70957
-5.70924
-5.70892
-5.7086
-5.70827
-5.70892
-5.70827
-5.70827
-5.7086
-5.70827
-5.70827
-5.70827
-5.7086
-5.7086
-5.70957
-5.70957
-5.70989
-5.70989
-5.70957
-5.70925
-5.70989
-5.7086
-5.70828
-5.70892
-5.70892
-5.7086
-5.70925
-5.70925
-5.70892
-5.70925
-5.71022
-5.7099
-5.7099
-5.71022
-5.71022
-5.71054
-5.71054
-5.71087
-5.71087
-5.71087
-5.71119
-5.71087
-5.71054
-5.71054
-5.71022
-5.7099
-5.70925
-5.70925
-5.7086
-5.70828
-5.70795
-5.70698
-5.70698
-5.70763
-5.70795
-5.70795
-5.70698
-5.70666
-5.70731
-5.70763
-5.70731
-5.70731
-5.70698
-5.70731
-5.70666
-5.70666
-5.70731
-5.70666
-5.70698
-5.70666
-5.70698
-5.70698
-5.70698
-5.70698
-5.70763
-5.70731
-5.70731
-5.70763
-5.70795
-5.70795
-5.7086
-5.70763
-5.70763
-5.7073
-5.70698
-5.7073
-5.70698
-5.70763
-5.70763
-5.70795
-5.70795
-5.70892
-5.70892
-5.70925
-5.70925
-5.70989
-5.71022
-5.71054
-5.71054
-5.71022
-5.71054
-5.71119
-5.71119
-5.71119
-5.71151
-5.71183
-5.71151
-5.71151
-5.71119
-5.71151
-5.71216
-5.71248
-5.71248
-5.71216
-5.71151
-5.71183
-5.7128
-5.7128
-5.71248
-5.71248
-5.71216
-5.71215
-5.71183
-5.71118
-5.71086
-5.71054
-5.71054
-5.71054
-5.71086
-5.71021
-5.70989
-5.70989
-5.70989
-5.70956
-5.70989
-5.71021
-5.70956
-5.71021
-5.70989
-5.70956
-5.70924
-5.71021
-5.71021
-5.71021
-5.70989
-5.70989
-5.70924
-5.70892
-5.70892
-5.70892
-5.70924
-5.70859
-5.70794
-5.70892
-5.70892
-5.70892
-5.70892
-5.70859
-5.70892
-5.70956
-5.70924
-5.70956
-5.70989
-5.70989
-5.70924
-5.70859
-5.70827
-5.70795
-5.70795
-5.70827
-5.7073
-5.70665
-5.70665
-5.70665
-5.7073
-5.70762
-5.70762
-5.70795
-5.70827
-5.70795
-5.70859
-5.70827
-5.70827
-5.70827
-5.70795
-5.70762
-5.7086
-5.70795
-5.70795
-5.70762
-5.70795
-5.70795
-5.70762
-5.70763
-5.7073
-5.7073
-5.70698
-5.70698
-5.70698
-5.70698
-5.70698
-5.70665
-5.70665
-5.70665
-5.70665
-5.70666
-5.70568
-5.70665
-5.70698
-5.70666
-5.70698
-5.70698
-5.70698
-5.70698
-5.70763
-5.7073
-5.7073
-5.70763
-5.70828
-5.7086
-5.7086
-5.70892
-5.70892
-5.7099
-5.71022
-5.71087
-5.71087
-5.71151
-5.71151
-5.71216
-5.71184
-5.71184
-5.71249
-5.71184
-5.71184
-5.71184
-5.71184
-5.71087
-5.71087
-5.71054
-5.70925
-5.70957
-5.70925
-5.7086
-5.7086
-5.70893
-5.70795
-5.70763
-5.70795
-5.7086
-5.7086
-5.7086
-5.70828
-5.70828
-5.70892
-5.70925
-5.70957
-5.70957
-5.70957
-5.70957
-5.70957
-5.7099
-5.70957
-5.71054
-5.71054
-5.71119
-5.71054
-5.71119
-5.71087
-5.71087
-5.71151
-5.71151
-5.71119
-5.71119
-5.71119
-5.71119
-5.71054
-5.71022
-5.71119
-5.71151
-5.71054
-5.71054
-5.71022
-5.71086
-5.71086
-5.71119
-5.71119
-5.71087
-5.71054
-5.71022
-5.70989
-5.70989
-5.70925
-5.70957
-5.70989
-5.71054
-5.71087
-5.71119
-5.71087
-5.71086
-5.71054
-5.71086
-5.71119
-5.71184
-5.71151
-5.71119
-5.71119
-5.71086
-5.71054
-5.71151
-5.71151
-5.71151
-5.71151
-5.71151
-5.71183
-5.71281
-5.71248
-5.71313
-5.71248
-5.71248
-5.71151
-5.71183
-5.71151
-5.71151
-5.71118
-5.71054
-5.71086
-5.71118
-5.71086
-5.71054
-5.71054
-5.71216
-5.71216
-5.71183
-5.71151
-5.71151
-5.71183
-5.71151
-5.71086
-5.71054
-5.71054
-5.71021
-5.71118
-5.71118
-5.71086
-5.71086
-5.71118
-5.71086
-5.71086
-5.71086
-5.71054
-5.71086
-5.71086
-5.71118
-5.71118
-5.71118
-5.71054
-5.71118
-5.71151
-5.71183
-5.71183
-5.71183
-5.71183
-5.71216
-5.71183
-5.71216
-5.7128
-5.71216
-5.71216
-5.71151
-5.71086
-5.71086
-5.71054
-5.71086
-5.71021
-5.70989
-5.71021
-5.70989
-5.70989
-5.71054
-5.71021
-5.70989
-5.70989
-5.70957
-5.70924
-5.70924
-5.70892
-5.70892
-5.70892
-5.7086
-5.7086
-5.70827
-5.70795
-5.70762
-5.70827
-5.71022
-5.70957
-5.70957
-5.71054
-5.71022
-5.70989
-5.70989
-5.70957
-5.70957
-5.70924
-5.70989
-5.70924
-5.70957
-5.70957
-5.70957
-5.71086
-5.71119
-5.71151
-5.71216
-5.71248
-5.71248
-5.71281
-5.71183
-5.71151
-5.71151
-5.71183
-5.71119
-5.71151
-5.71183
-5.71183
-5.71183
-5.71183
-5.71216
-5.71216
-5.71216
-5.71248
-5.71248
-5.71248
-5.71183
-5.71118
-5.71086
-5.71151
-5.71183
-5.71183
-5.71151
-5.71151
-5.71215
-5.71248
-5.71248
-5.71183
-5.71215
-5.71215
-5.71151
-5.71086
-5.71118
-5.71021
-5.71021
-5.71053
-5.71021
-5.70989
-5.70989
-5.70989
-5.71021
-5.71021
-5.71021
-5.71053
-5.71053
-5.71021
-5.71053
-5.7115
-5.7115
-5.71248
-5.71215
-5.7128
-5.71345
-5.71409
-5.71442
-5.71474
-5.71442
-5.71442
-5.71474
-5.71442
-5.7141
-5.7128
-5.7128
-5.71312
-5.7128
-5.7128
-5.71215
-5.71118
-5.71118
-5.71151
-5.71118
-5.71118
-5.71118
-5.71151
-5.71054
-5.71054
-5.70956
-5.70956
-5.70859
-5.70859
-5.70795
-5.70762
-5.70698
-5.70698
-5.70698
-5.70762
-5.70795
-5.70795
-5.70795
-5.70795
-5.70762
-5.70795
-5.70795
-5.7086
-5.70892
-5.70924
-5.70957
-5.70957
-5.70957
-5.70989
-5.70892
-5.7086
-5.70892
-5.7086
-5.70924
-5.70924
-5.70957
-5.70924
-5.70892
-5.70859
-5.70827
-5.70859
-5.70859
-5.70795
-5.7073
-5.70762
-5.70827
-5.70827
-5.7073
-5.70762
-5.70697
-5.70665
-5.70665
-5.70633
-5.70665
-5.70665
-5.70665
-5.70632
-5.706
-5.70568
-5.706
-5.70729
-5.70697
-5.70762
-5.70729
-5.70729
-5.70729
-5.70729
-5.70729
-5.70729
-5.70729
-5.70729
-5.70697
-5.70697
-5.70664
-5.70697
-5.70697
-5.70729
-5.70729
-5.70697
-5.70697
-5.70729
-5.70697
-5.70664
-5.70762
-5.70762
-5.70729
-5.70729
-5.70762
-5.70794
-5.70826
-5.70859
-5.70859
-5.70891
-5.70924
-5.70924
-5.70956
-5.70956
-5.70956
-5.70924
-5.70924
-5.70956
-5.70956
-5.70956
-5.70956
-5.70924
-5.70924
-5.70956
-5.70924
-5.70989
-5.70924
-5.70956
-5.70956
-5.70956
-5.70989
-5.70989
-5.70989
-5.70989
-5.71054
-5.71021
-5.70989
-5.71021
-5.71021
-5.71021
-5.70957
-5.70924
-5.70892
-5.70892
-5.7086
-5.7086
-5.70827
-5.7086
-5.70827
-5.70892
-5.70795
-5.70762
-5.70762
-5.70827
-5.70827
-5.7086
-5.70924
-5.70924
-5.70957
-5.70957
-5.71022
-5.70989
-5.70989
-5.70989
-5.70957
-5.70957
-5.70957
-5.70957
-5.70924
-5.70924
-5.70925
-5.70892
-5.70892
-5.70892
-5.70925
-5.70827
-5.70827
-5.7086
-5.70989
-5.71054
-5.71086
-5.71086
-5.71086
-5.71086
-5.71086
-5.71151
-5.71183
-5.71183
-5.7128
-5.7128
-5.7128
-5.7128
-5.71377
-5.71442
-5.71474
-5.71474
-5.71474
-5.71442
-5.7141
-5.7141
-5.71442
-5.71442
-5.71442
-5.71409
-5.71409
-5.71409
-5.71442
-5.71442
-5.71474
-5.71409
-5.71345
-5.7128
-5.7128
-5.71312
-5.71344
-5.71377
-5.71344
-5.71377
-5.71344
-5.71279
-5.71312
-5.71279
-5.71247
-5.71247
-5.71312
-5.71214
-5.71214
-5.71214
-5.7115
-5.71214
-5.71214
-5.7115
-5.71085
-5.71053
-5.71053
-5.71117
-5.71182
-5.7115
-5.71117
-5.71117
-5.71117
-5.71085
-5.7102
-5.70955
-5.70955
-5.70955
-5.7102
-5.71053
-5.70988
-5.70988
-5.70988
-5.7102
-5.71053
-5.71053
-5.7102
-5.70956
-5.70955
-5.70923
-5.70858
-5.70826
-5.70826
-5.70794
-5.70761
-5.70729
-5.70729
-5.70697
-5.70697
-5.70729
-5.70729
-5.70697
-5.70761
-5.70858
-5.70858
-5.70826
-5.70826
-5.70858
-5.70826
-5.70729
-5.70729
-5.70729
-5.70697
-5.70664
-5.70697
-5.70729
-5.70729
-5.70762
-5.70762
-5.70826
-5.70794
-5.70826
-5.70891
-5.70891
-5.70956
-5.70924
-5.70924
-5.70956
-5.70988
-5.70988
-5.70988
-5.70956
-5.70924
-5.70956
-5.71021
-5.71053
-5.71053
-5.71021
-5.71053
-5.70988
-5.71021
-5.71086
-5.71053
-5.71085
-5.71086
-5.7115
-5.7115
-5.71183
-5.7115
-5.71118
-5.71053
-5.71053
-5.71021
-5.71021
-5.71021
-5.70956
-5.71021
-5.70988
-5.71021
-5.71021
-5.70988
-5.70956
-5.70988
-5.70988
-5.70956
-5.70924
-5.70988
-5.71021
-5.71021
-5.71021
-5.70923
-5.70923
-5.70923
-5.70956
-5.70923
-5.70891
-5.70923
-5.70988
-5.7102
-5.70988
-5.70923
-5.70923
-5.70891
-5.70891
-5.70923
-5.70956
-5.70956
-5.70988
-5.70988
-5.70988
-5.71117
-5.7115
-5.71117
-5.71117
-5.71053
-5.71053
-5.7102
-5.70988
-5.70988
-5.70988
-5.70955
-5.70923
-5.70891
-5.70891
-5.70923
-5.70955
-5.70988
-5.70923
-5.70955
-5.70955
-5.70988
-5.70955
-5.70923
-5.70923
-5.70858
-5.70793
-5.70761
-5.70761
-5.70793
-5.70793
-5.7089
-5.70858
-5.7089
-5.70988
-5.70923
-5.70955
-5.70988
-5.70988
-5.70955
-5.70955
-5.7089
-5.70826
-5.7089
-5.70923
-5.7089
-5.7089
-5.70988
-5.70988
-5.70955
-5.70826
-5.7089
-5.7089
-5.70923
-5.70858
-5.70826
-5.70793
-5.70761
-5.70761
-5.70728
-5.70826
-5.70793
-5.70761
-5.70761
-5.70793
-5.70793
-5.70826
-5.70826
-5.70858
-5.70891
-5.70891
-5.70891
-5.70826
-5.70826
-5.70826
-5.70891
-5.70891
-5.70891
-5.70891
-5.70793
-5.70826
-5.70826
-5.70826
-5.70793
-5.70794
-5.70826
-5.70826
-5.70858
-5.70891
-5.70923
-5.7102
-5.71053
-5.71053
-5.71053
-5.71085
-5.71118
-5.71182
-5.71215
-5.71215
-5.71247
-5.71279
-5.71344
-5.71409
-5.71441
-5.71409
-5.71409
-5.71409
-5.71409
-5.71377
-5.71344
-5.71344
-5.7128
-5.7128
-5.7128
-5.71247
-5.7128
-5.7115
-5.7115
-5.71183
-5.71118
-5.71053
-5.70924
-5.70924
-5.70924
-5.70859
-5.70859
-5.70859
-5.70859
-5.70826
-5.70859
-5.70794
-5.70826
-5.70891
-5.70891
-5.70923
-5.70859
-5.70923
-5.70891
-5.70956
-5.70988
-5.70988
-5.70956
-5.70956
-5.70988
-5.70956
-5.70956
-5.70891
-5.70858
-5.70891
-5.70858
-5.70891
-5.70923
-5.70891
-5.70858
-5.70826
-5.70761
-5.70696
-5.70696
-5.70696
-5.70696
-5.70632
-5.70632
-5.70599
-5.70696
-5.70729
-5.70793
-5.70793
-5.70826
-5.70858
-5.70826
-5.7089
-5.70923
-5.70923
-5.70923
-5.70987
-5.71052
-5.71052
-5.71052
-5.71052
-5.7102
-5.70987
-5.70955
-5.70987
-5.70955
-5.70955
-5.70987
-5.71052
-5.70988
-5.70988
-5.70923
-5.70858
-5.70858
-5.70858
-5.70826
-5.70793
-5.70793
-5.70761
-5.70729
-5.70729
-5.70729
-5.70761
-5.70729
-5.70761
-5.70761
-5.70761
-5.70696
-5.70696
-5.70729
-5.70729
-5.70729
-5.70761
-5.70697
-5.70632
-5.70567
-5.70567
-5.70567
-5.70535
-5.70567
-5.706
-5.706
-5.70567
-5.706
-5.70535
-5.70535
-5.70535
-5.70567
-5.70503
-5.70535
-5.70535
-5.70567
-5.70567
-5.70535
-5.706
-5.706
-5.70632
-5.706
-5.70535
-5.70535
-5.70568
-5.70568
-5.70568
-5.70535
-5.70503
-5.70535
-5.70632
-5.70632
-5.70632
-5.70632
-5.70665
-5.70632
-5.706
-5.70665
-5.70665
-5.70762
-5.70729
-5.70762
-5.70794
-5.70794
-5.70859
-5.70826
-5.70859
-5.70988
-5.70988
-5.71053
-5.71053
-5.71118
-5.71085
-5.7115
-5.71085
-5.7115
-5.71182
-5.71215
-5.71215
-5.71247
-5.71247
-5.71312
-5.71279
-5.71312
-5.71344
-5.71344
-5.71312
-5.71312
-5.71344
-5.71312
-5.71312
-5.71344
-5.71312
-5.71247
-5.71214
-5.71117
-5.71182
-5.71247
-5.71247
-5.71182
-5.7115
-5.7115
-5.71182
-5.71182
-5.71117
-5.7102
-5.7102
-5.71085
-5.71085
-5.71053
-5.71085
-5.71052
-5.7102
-5.71053
-5.70988
-5.70955
-5.70955
-5.70955
-5.70988
-5.70955
-5.70923
-5.70955
-5.70923
-5.70923
-5.70988
-5.70988
-5.7102
-5.7102
-5.70988
-5.7102
-5.7102
-5.7102
-5.7102
-5.7102
-5.7102
-5.70988
-5.7102
-5.7102
-5.7102
-5.70988
-5.70955
-5.70955
-5.70923
-5.70955
-5.70956
-5.70923
-5.70858
-5.70891
-5.70891
-5.70858
-5.70858
-5.70794
-5.70761
-5.70696
-5.70696
-5.70761
-5.70794
-5.70826
-5.70826
-5.70794
-5.70794
-5.70858
-5.70891
-5.70891
-5.70923
-5.70923
-5.70826
-5.70793
-5.70826
-5.70794
-5.70858
-5.70826
-5.70858
-5.70891
-5.70826
-5.70826
-5.70858
-5.70793
-5.70793
-5.70793
-5.70793
-5.70826
-5.70858
-5.70858
-5.70923
-5.70923
-5.70988
-5.70955
-5.70923
-5.7089
-5.70955
-5.70923
-5.70988
-5.70987
-5.7102
-5.7102
-5.7102
-5.7102
-5.70987
-5.70987
-5.71052
-5.70923
-5.70923
-5.7089
-5.70858
-5.70923
-5.70858
-5.7089
-5.70858
-5.70793
-5.70793
-5.70696
-5.70632
-5.70632
-5.70632
-5.70632
-5.70696
-5.70632
-5.70664
-5.70696
-5.70697
-5.70664
-5.70599
-5.70632
-5.70664
-5.70632
-5.70697
-5.70697
-5.70729
-5.70761
-5.70794
-5.70826
-5.70794
-5.70761
-5.70761
-5.70729
-5.70794
-5.70858
-5.70826
-5.70794
-5.70794
-5.70761
-5.70697
-5.70697
-5.70761
-5.70761
-5.70729
-5.70729
-5.70761
-5.70729
-5.70729
-5.70664
-5.70567
-5.70664
-5.70567
-5.70567
-5.70599
-5.70599
-5.70502
-5.70534
-5.70469
-5.70567
-5.70566
-5.70534
-5.70534
-5.70534
-5.70534
-5.70566
-5.70534
-5.70566
-5.70534
-5.70599
-5.70631
-5.70534
-5.70566
-5.70566
-5.70599
-5.70566
-5.70566
-5.70534
-5.70566
-5.70501
-5.70469
-5.70501
-5.70469
-5.70437
-5.70437
-5.70404
-5.70339
-5.70339
-5.70307
-5.70372
-5.70372
-5.70404
-5.70372
-5.70437
-5.70469
-5.70469
-5.70437
-5.70437
-5.70372
-5.70339
-5.70339
-5.70339
-5.70437
-5.70437
-5.70372
-5.70339
-5.70372
-5.70372
-5.7034
-5.70372
-5.70404
-5.70404
-5.7034
-5.70307
-5.70307
-5.70372
-5.70404
-5.70404
-5.70437
-5.70534
-5.70534
-5.70534
-5.70534
-5.70534
-5.70534
-5.70534
-5.70534
-5.70566
-5.70534
-5.70502
-5.70599
-5.70566
-5.70599
-5.70663
-5.70696
-5.70696
-5.70696
-5.70696
-5.70696
-5.70728
-5.70761
-5.70825
-5.70858
-5.7089
-5.70858
-5.70825
-5.7089
-5.7089
-5.70858
-5.70825
-5.70793
-5.70793
-5.70793
-5.70793
-5.70761
-5.70761
-5.70793
-5.70858
-5.7089
-5.7089
-5.7089
-5.70922
-5.70987
-5.7102
-5.7102
-5.7102
-5.70987
-5.70955
-5.70955
-5.70955
-5.7089
-5.70922
-5.7089
-5.7102
-5.71084
-5.71084
-5.71084
-5.71117
-5.71117
-5.71117
-5.71084
-5.70987
-5.70987
-5.7089
-5.70923
-5.70955
-5.70923
-5.70826
-5.70728
-5.70728
-5.70696
-5.70664
-5.70631
-5.70566
-5.70599
-5.70631
-5.70664
-5.70664
-5.70696
-5.70728
-5.70761
-5.70826
-5.70793
-5.70761
-5.70793
-5.70793
-5.70761
-5.70728
-5.70728
-5.70761
-5.70761
-5.70793
-5.70825
-5.70825
-5.70761
-5.70696
-5.70761
-5.70728
-5.70761
-5.70728
-5.70696
-5.70696
-5.70664
-5.70631
-5.70599
-5.70664
-5.70696
-5.70696
-5.70728
-5.70696
-5.70728
-5.70696
-5.70664
-5.70696
-5.70761
-5.70761
-5.70728
-5.70761
-5.70761
-5.70858
-5.70825
-5.70793
-5.70793
-5.70793
-5.70761
-5.70728
-5.70728
-5.70696
-5.70696
-5.70696
-5.70728
-5.70728
-5.70728
-5.70728
-5.70696
-5.70761
-5.70728
-5.70664
-5.70599
-5.70599
-5.70631
-5.70631
-5.70663
-5.70663
-5.70696
-5.70696
-5.70696
-5.70793
-5.7076
-5.70728
-5.70631
-5.70598
-5.70566
-5.70566
-5.70598
-5.70598
-5.70598
-5.70631
-5.70631
-5.70631
-5.70631
-5.70695
-5.7076
-5.70728
-5.70695
-5.70793
-5.7076
-5.70857
-5.70857
-5.70857
-5.70825
-5.7076
-5.7076
-5.70792
-5.70825
-5.7089
-5.70857
-5.70825
-5.70825
-5.70792
-5.7076
-5.70792
-5.70825
-5.70825
-5.70857
-5.70825
-5.70695
-5.70695
-5.70663
-5.70695
-5.70695
-5.7076
-5.7076
-5.7076
-5.7076
-5.70825
-5.70825
-5.70825
-5.70825
-5.70857
-5.70792
-5.70825
-5.70857
-5.70922
-5.70889
-5.70889
-5.70922
-5.70922
-5.70922
-5.70922
-5.70987
-5.71019
-5.71051
-5.71051
-5.71116
-5.71116
-5.71116
-5.71116
-5.71084
-5.71116
-5.71084
-5.71019
-5.71052
-5.71019
-5.70954
-5.70987
-5.70987
-5.71019
-5.71019
-5.71052
-5.71052
-5.70987
-5.7089
-5.70955
-5.70955
-5.71052
-5.71052
-5.71052
-5.71019
-5.71052
-5.71019
-5.70987
-5.7089
-5.70955
-5.70987
-5.71019
-5.71019
-5.71116
-5.71116
-5.71116
-5.71052
-5.71052
-5.71084
-5.71116
-5.71149
-5.71181
-5.71181
-5.71149
-5.71246
-5.71246
-5.71214
-5.71214
-5.71116
-5.71116
-5.71116
-5.71116
-5.71084
-5.71116
-5.71149
-5.71052
-5.71084
-5.70922
-5.70825
-5.70825
-5.70825
-5.70825
-5.70825
-5.7089
-5.70857
-5.7089
-5.7089
-5.70922
-5.70922
-5.70922
-5.70954
-5.70954
-5.70922
-5.70987
-5.70987
-5.71019
-5.70954
-5.70987
-5.70987
-5.70954
-5.70987
-5.71019
-5.70954
-5.70954
-5.70954
-5.70987
-5.70922
-5.71019
-5.71051
-5.71051
-5.71051
-5.71051
-5.71116
-5.71116
-5.71148
-5.71084
-5.71148
-5.71213
-5.71181
-5.71181
-5.71181
-5.71181
-5.71213
-5.71181
-5.71181
-5.71246
-5.71246
-5.7131
-5.71343
-5.71375
-5.71375
-5.71343
-5.71375
-5.71375
-5.7131
-5.71343
-5.71343
-5.71375
-5.71375
-5.71245
-5.71245
-5.71278
-5.71245
-5.71245
-5.71278
-5.71278
-5.71245
-5.71245
-5.71278
-5.71343
-5.7131
-5.71343
-5.71278
-5.71245
-5.71213
-5.71278
-5.71246
-5.71245
-5.71245
-5.71213
-5.71213
-5.71245
-5.71181
-5.71181
-5.71148
-5.71083
-5.70986
-5.70986
-5.70986
-5.70954
-5.70889
-5.70921
-5.70921
-5.70986
-5.70986
-5.71051
-5.71018
-5.71018
-5.71018
-5.70986
-5.71083
-5.71083
-5.71051
-5.71083
-5.71051
-5.71051
-5.71018
-5.71018
-5.71018
-5.71051
-5.71018
-5.70954
-5.70986
-5.70954
-5.70954
-5.70986
-5.70986
-5.70921
-5.70921
-5.70954
-5.70986
-5.71083
-5.71116
-5.71148
-5.7118
-5.7118
-5.71213
-5.71245
-5.71148
-5.7118
-5.7118
-5.7118
-5.71213
-5.71245
-5.71245
-5.7118
-5.71213
-5.7118
-5.71245
-5.71245
-5.71278
-5.71278
-5.71278
-5.71278
-5.7131
-5.71245
-5.71213
-5.71213
-5.71213
-5.71213
-5.71278
-5.71278
-5.7131
-5.71245
-5.7118
-5.7118
-5.71148
-5.7118
-5.71213
-5.71148
-5.71148
-5.71083
-5.71051
-5.71083
-5.71116
-5.71148
-5.71116
-5.71051
-5.71083
-5.70986
-5.70922
-5.70792
-5.70824
-5.7076
-5.70727
-5.7076
-5.70792
-5.70727
-5.70727
-5.70695
-5.70663
-5.70663
-5.70566
-5.70566
-5.70598
-5.70533
-5.70566
-5.70598
-5.70598
-5.7063
-5.7063
-5.70663
-5.70663
-5.70695
-5.70663
-5.7076
-5.7076
-5.7076
-5.70792
-5.7076
-5.70792
-5.7076
-5.7076
-5.70727
-5.70695
-5.70663
-5.70727
-5.70695
-5.70695
-5.7076
-5.7076
-5.70695
-5.70695
-5.70727
-5.70727
-5.70727
-5.7076
-5.70792
-5.70792
-5.70824
-5.70824
-5.70824
-5.70792
-5.70824
-5.70824
-5.70824
-5.70889
-5.70889
-5.70921
-5.71018
-5.70986
-5.71083
-5.71116
-5.71148
-5.7118
-5.7118
-5.71213
-5.71277
-5.71245
-5.71245
-5.71213
-5.7131
-5.7131
-5.71375
-5.71342
-5.71439
-5.71439
-5.71439
-5.71407
-5.71375
-5.7131
-5.71342
-5.71375
-5.71407
-5.71407
-5.71342
-5.71342
-5.71245
-5.71213
-5.7131
-5.7131
-5.71342
-5.71342
-5.71342
-5.71245
-5.71277
-5.71277
-5.71245
-5.71278
-5.7131
-5.71342
-5.71407
-5.71342
-5.71342
-5.71342
-5.71342
-5.7131
-5.71278
-5.71278
-5.71213
-5.71245
-5.71213
-5.71181
-5.71181
-5.71148
-5.71148
-5.71181
-5.71278
-5.71245
-5.71245
-5.71245
-5.71278
-5.7131
-5.71245
-5.71245
-5.71213
-5.71245
-5.71213
-5.71278
-5.71278
-5.71278
-5.71245
-5.7131
-5.7131
-5.7131
-5.71278
-5.71245
-5.71245
-5.71246
-5.7131
-5.7131
-5.71278
-5.71278
-5.7131
-5.71407
-5.71407
-5.7144
-5.7144
-5.71407
-5.71407
-5.7144
-5.71375
-5.71278
-5.71278
-5.71278
-5.71245
-5.7131
-5.7131
-5.71213
-5.71213
-5.71213
-5.71213
-5.71213
-5.71213
-5.71181
-5.71213
-5.71181
-5.71181
-5.71245
-5.71245
-5.71245
-5.71245
-5.71245
-5.71245
-5.71245
-5.71245
-5.71213
-5.71181
-5.71083
-5.71051
-5.70986
-5.70986
-5.70889
-5.70889
-5.70889
-5.70921
-5.70921
-5.70889
-5.70921
-5.70954
-5.70954
-5.70986
-5.70954
-5.70954
-5.70954
-5.70889
-5.70856
-5.70856
-5.70889
-5.70889
-5.70921
-5.70921
-5.70921
-5.70986
-5.70986
-5.70921
-5.70921
-5.70921
-5.70986
-5.7105
-5.71018
-5.71083
-5.71018
-5.71018
-5.70986
-5.71018
-5.70986
-5.70953
-5.70921
-5.70921
-5.70953
-5.70921
-5.70889
-5.70856
-5.70856
-5.70889
-5.70856
-5.70791
-5.70791
-5.70759
-5.70759
-5.70856
-5.70824
-5.70759
-5.70824
-5.70824
-5.70856
-5.70856
-5.70824
-5.70856
-5.70824
-5.70824
-5.70792
-5.70856
-5.70824
-5.70856
-5.70856
-5.70889
-5.70921
-5.70921
-5.70921
-5.70921
-5.70921
-5.70889
-5.70889
-5.70857
-5.70857
-5.70857
-5.70824
-5.70824
-5.7076
-5.70727
-5.70727
-5.70695
-5.70695
-5.70662
-5.70598
-5.70533
-5.70533
-5.70533
-5.7063
-5.70662
-5.70695
-5.7063
-5.7063
-5.7063
-5.70598
-5.70565
-5.70598
-5.70565
-5.70565
-5.70565
-5.70598
-5.70598
-5.70598
-5.70598
-5.70598
-5.7063
-5.70598
-5.70598
-5.7063
-5.7063
-5.70598
-5.70598
-5.70598
-5.70598
-5.70695
-5.70759
-5.70727
-5.70727
-5.70727
-5.70759
-5.70695
-5.7063
-5.7063
-5.70597
-5.70597
-5.7063
-5.70597
-5.70533
-5.70533
-5.70533
-5.70565
-5.70565
-5.70597
-5.70662
-5.70662
-5.70727
-5.70759
-5.70792
-5.70824
-5.70792
-5.70824
-5.70889
-5.70953
-5.70986
-5.71018
-5.71018
-5.70986
-5.70953
-5.70889
-5.70921
-5.70921
-5.70921
-5.70889
-5.71018
-5.71018
-5.71018
-5.70953
-5.70921
-5.70921
-5.70888
-5.70888
-5.70888
-5.70888
-5.70856
-5.70921
-5.70856
-5.70888
-5.70953
-5.71018
-5.71018
-5.70986
-5.71147
-5.71083
-5.71115
-5.7118
-5.71244
-5.71309
-5.71342
-5.71277
-5.71277
-5.71309
-5.71277
-5.71277
-5.71309
-5.71277
-5.71277
-5.71245
-5.71245
-5.71309
-5.71309
-5.71309
-5.71245
-5.7118
-5.71212
-5.71212
-5.71212
-5.71212
-5.71245
-5.71342
-5.71374
-5.71342
-5.71407
-5.71407
-5.71374
-5.71342
-5.71277
-5.71277
-5.71245
-5.71245
-5.71277
-5.71245
-5.71245
-5.71277
-5.71245
-5.71245
-5.71245
-5.71115
-5.7118
-5.71115
-5.71147
-5.71115
-5.71083
-5.71083
-5.7105
-5.70986
-5.70986
-5.70986
-5.70953
-5.70921
-5.70921
-5.70888
-5.70986
-5.71018
-5.71018
-5.7105
-5.71018
-5.70986
-5.70986
-5.7105
-5.71083
-5.71018
-5.70986
-5.70953
-5.70921
-5.70953
-5.70888
-5.70888
-5.70856
-5.70856
-5.70888
-5.70953
-5.70921
-5.70953
-5.70921
-5.70986
-5.70986
-5.70986
-5.70986
-5.70953
-5.70953
-5.70953
-5.70953
-5.70856
-5.70856
-5.70889
-5.70921
-5.70857
-5.70792
-5.70792
-5.70792
-5.7076
-5.70727
-5.7076
-5.70727
-5.70727
-5.70695
-5.70695
-5.70662
-5.70695
-5.70662
-5.70662
-5.7063
-5.70662
-5.70662
-5.70695
-5.7076
-5.7076
-5.70824
-5.70889
-5.70922
-5.70922
-5.70889
-5.70922
-5.70889
-5.70954
-5.70922
-5.70954
-5.70986
-5.70986
-5.70954
-5.70922
-5.70922
-5.70889
-5.70857
-5.70857
-5.70792
-5.70792
-5.70824
-5.70824
-5.70792
-5.70792
-5.70792
-5.70824
-5.70889
-5.70857
-5.70792
-5.70857
-5.70857
-5.70824
-5.70856
-5.70856
-5.70856
-5.70824
-5.70792
-5.70792
-5.70792
-5.70856
-5.70889
-5.70856
-5.70856
-5.70856
-5.70824
-5.70824
-5.70824
-5.70824
-5.70824
-5.70824
-5.70727
-5.70727
-5.70629
-5.70629
-5.70662
-5.70629
-5.70629
-5.70629
-5.70597
-5.70629
-5.70694
-5.70662
-5.70662
-5.70694
-5.70694
-5.70726
-5.70726
-5.70694
-5.70694
-5.70694
-5.70694
-5.70694
-5.70662
-5.70694
-5.70629
-5.70662
-5.70662
-5.70694
-5.70694
-5.70726
-5.70888
-5.70921
-5.70856
-5.70856
-5.70824
-5.70791
-5.70726
-5.70726
-5.70759
-5.70759
-5.70759
-5.70759
-5.70824
-5.70856
-5.70824
-5.70824
-5.70791
-5.70759
-5.70726
-5.70726
-5.70726
-5.70759
-5.70759
-5.70759
-5.70791
-5.70791
-5.70759
-5.70727
-5.70759
-5.70759
-5.70759
-5.70791
-5.70759
-5.70791
-5.70824
-5.70856
-5.70889
-5.70824
-5.70792
-5.70792
-5.70824
-5.70824
-5.70824
-5.70759
-5.70824
-5.70792
-5.70824
-5.70824
-5.70824
-5.70792
-5.70824
-5.70856
-5.70856
-5.70824
-5.70856
-5.70889
-5.70921
-5.70889
-5.70921
-5.70953
-5.70889
-5.70921
-5.70921
-5.70889
-5.70889
-5.70921
-5.70921
-5.70986
-5.71018
-5.70986
-5.71018
-5.7105
-5.71115
-5.71115
-5.7105
-5.71083
-5.7105
-5.71018
-5.71018
-5.70986
-5.70953
-5.70921
-5.70856
-5.70856
-5.70856
-5.70791
-5.70824
-5.70824
-5.70856
-5.70856
-5.70888
-5.70888
-5.70921
-5.70888
-5.70888
-5.70856
-5.70856
-5.70824
-5.70856
-5.70888
-5.70888
-5.70823
-5.70823
-5.70823
-5.70823
-5.70823
-5.70856
-5.70791
-5.70791
-5.70759
-5.70856
-5.70823
-5.70823
-5.70759
-5.70759
-5.70791
-5.70791
-5.70759
-5.70694
-5.70662
-5.70629
-5.70564
-5.705
-5.70532
-5.70564
-5.70629
-5.70629
-5.70629
-5.70629
-5.70532
-5.70532
-5.70564
-5.70597
-5.70597
-5.70597
-5.70597
-5.70597
-5.70629
-5.70597
-5.70662
-5.70662
-5.70727
-5.70759
-5.70856
-5.70856
-5.70824
-5.70856
-5.70856
-5.70889
-5.70856
-5.70888
-5.70888
-5.70921
-5.70953
-5.71018
-5.70953
-5.70889
-5.70889
-5.70889
-5.70824
-5.70856
-5.70856
-5.70856
-5.70889
-5.70856
-5.70824
-5.70791
-5.70727
-5.70759
-5.70759
-5.70759
-5.70791
-5.70759
-5.70792
-5.70824
-5.70824
-5.70856
-5.70856
-5.70856
-5.70824
-5.70824
-5.70824
-5.70791
-5.70791
-5.70824
-5.70824
-5.70856
-5.70824
-5.70791
-5.70694
-5.70694
-5.70791
-5.70791
-5.70791
-5.70791
-5.70759
-5.70759
-5.70824
-5.70759
-5.70759
-5.70791
-5.70759
-5.70726
-5.70726
-5.70726
-5.70726
-5.70726
-5.70726
-5.70662
-5.70694
-5.70662
-5.70694
-5.70726
-5.70694
-5.70694
-5.70759
-5.70791
-5.70791
-5.70791
-5.70791
-5.70791
-5.70758
-5.70758
-5.70856
-5.70888
-5.70856
-5.70823
-5.70888
-5.70888
-5.70888
-5.70953
-5.70953
-5.71017
-5.70985
-5.70953
-5.70953
-5.70953
-5.70985
-5.70953
-5.70985
-5.71018
-5.70985
-5.71017
-5.71017
-5.70985
-5.70953
-5.70953
-5.70953
-5.70985
-5.70953
-5.70953
-5.7105
-5.71082
-5.71082
-5.71017
-5.7105
-5.7105
-5.7105
-5.70985
-5.70985
-5.70953
-5.70985
-5.70953
-5.70953
-5.7092
-5.7092
-5.7092
-5.7092
-5.70953
-5.70953
-5.70888
-5.70888
-5.70888
-5.70888
-5.7092
-5.70888
-5.70823
-5.70823
-5.70823
-5.70758
-5.70758
-5.70726
-5.70726
-5.70694
-5.70661
-5.70629
-5.70629
-5.70629
-5.70596
-5.70564
-5.70629
-5.70564
-5.70564
-5.70564
-5.70564
-5.70596
-5.70661
-5.70629
-5.70564
-5.70596
-5.70629
-5.70693
-5.70693
-5.70596
-5.70564
-5.70596
-5.70564
-5.70564
-5.70596
-5.70532
-5.70532
-5.70629
-5.70629
-5.70629
-5.70564
-5.70564
-5.70531
-5.70499
-5.70467
-5.70434
-5.70467
-5.70467
-5.70402
-5.70467
-5.70467
-5.70435
-5.70467
-5.70499
-5.70499
-5.70499
-5.70499
-5.70532
-5.70532
-5.70532
-5.70596
-5.70629
-5.70597
-5.70629
-5.70661
-5.70597
-5.70597
-5.70564
-5.70532
-5.70467
-5.705
-5.705
-5.70467
-5.70467
-5.70402
-5.70435
-5.70402
-5.7037
-5.70402
-5.70435
-5.70273
-5.70273
-5.70338
-5.70305
-5.70273
-5.70241
-5.70208
-5.70241
-5.70208
-5.70208
-5.70208
-5.70305
-5.70305
-5.70305
-5.70338
-5.70338
-5.7037
-5.7037
-5.70338
-5.7037
-5.70403
-5.70468
-5.70467
-5.70403
-5.705
-5.705
-5.705
-5.70532
-5.70532
-5.70532
-5.70564
-5.70662
-5.70662
-5.70662
-5.70629
-5.70597
-5.70629
-5.70629
-5.70694
-5.70726
-5.70759
-5.70791
-5.70759
-5.70759
-5.70726
-5.70759
-5.70694
-5.70726
-5.70726
-5.70759
-5.70726
-5.70726
-5.70694
-5.70662
-5.70694
-5.70726
-5.70759
-5.70791
-5.70694
-5.70726
-5.70791
-5.70791
-5.70759
-5.70823
-5.70856
-5.70823
-5.70759
-5.70791
-5.70694
-5.70759
-5.70791
-5.70856
-5.70856
-5.70856
-5.70888
-5.70856
-5.70823
-5.70888
-5.70921
-5.70985
-5.70953
-5.70921
-5.70921
-5.70921
-5.70985
-5.70953
-5.70985
-5.70921
-5.70985
-5.7105
-5.71082
-5.7105
-5.7105
-5.7105
-5.71018
-5.7105
-5.7105
-5.7105
-5.7105
-5.71115
-5.71115
-5.71147
-5.71147
