-6.91332
-6.91376
-6.9135
-6.91318
-6.91249
-6.91271
-6.91287
-6.91264
-6.91301
-6.91266
-6.91226
-6.91244
-6.91288
-6.91228
-6.91194
-6.91121
-6.91106
-6.91052
-6.90991
-6.90891
-6.9072
-6.90575
-6.90584
-6.9049
-6.90356
-6.90248
-6.90068
-6.89978
-6.8985
-6.89714
-6.89507
-6.89293
-6.89202
-6.89039
-6.88903
-6.88727
-6.88642
-6.88389
-6.88194
-6.8796
-6.87818
-6.87636
-6.87417
-6.87191
-6.86927
-6.86657
-6.86414
-6.86197
-6.86007
-6.85714
-6.85449
-6.85178
-6.84902
-6.84653
-6.84367
-6.84142
-6.83814
-6.83482
-6.83243
-6.82935
-6.82622
-6.82274
-6.81954
-6.81598
-6.81239
-6.80909
-6.80544
-6.80208
-6.79836
-6.79495
-6.79054
-6.78741
-6.78328
-6.77979
-6.77725
-6.77372
-6.76986
-6.76567
-6.76179
-6.75855
-6.75402
-6.75046
-6.7469
-6.74334
-6.73947
-6.73626
-6.73306
-6.73052
-6.72638
-6.72259
-6.71914
-6.7154
-6.71136
-6.70768
-6.70404
-6.70044
-6.69656
-6.6937
-6.69122
-6.68814
-6.68544
-6.68249
-6.68024
-6.67742
-6.67467
-6.67232
-6.66939
-6.66688
-6.66477
-6.66308
-6.66084
-6.65868
-6.65598
-6.65403
-6.65219
-6.65045
-6.64947
-6.64924
-6.64816
-6.64719
-6.6457
-6.64464
-6.64338
-6.64257
-6.64123
-6.64067
-6.63925
-6.63861
-6.63842
-6.63933
-6.63938
-6.63924
-6.63922
-6.63932
-6.64019
-6.64118
-6.64196
-6.64285
-6.64386
-6.64497
-6.64652
-6.64785
-6.64929
-6.64953
-6.65083
-6.65223
-6.65405
-6.6566
-6.65858
-6.66064
-6.66213
-6.66401
-6.66629
-6.66798
-6.67037
-6.67185
-6.67435
-6.67754
-6.67947
-6.68208
-6.68505
-6.68772
-6.69106
-6.69377
-6.69649
-6.69953
-6.70193
-6.7053
-6.70737
-6.70974
-6.71306
-6.71507
-6.71801
-6.7206
-6.7225
-6.72532
-6.72778
-6.73051
-6.73382
-6.73675
-6.73962
-6.74209
-6.74384
-6.74551
-6.74742
-6.74924
-6.75033
-6.75132
-6.75287
-6.75399
-6.75469
-6.75593
-6.75674
-6.75874
-6.75966
-6.75981
-6.76018
-6.76075
-6.76186
-6.76188
-6.76275
-6.76221
-6.76252
-6.76207
-6.7615
-6.76081
-6.76066
-6.76006
-6.75935
-6.7582
-6.75759
-6.75655
-6.7554
-6.75446
-6.75279
-6.75133
-6.74978
-6.74782
-6.74609
-6.74427
-6.74237
-6.74073
-6.73868
-6.73657
-6.73408
-6.73185
-6.72989
-6.72723
-6.72486
-6.7231
-6.72033
-6.71755
-6.71506
-6.71224
-6.71038
-6.70722
-6.70471
-6.70221
-6.69972
-6.69693
-6.69482
-6.69273
-6.69037
-6.68739
-6.68414
-6.68192
-6.68009
-6.67799
-6.67629
-6.67401
-6.67279
-6.67068
-6.66865
-6.66704
-6.66553
-6.66379
-6.66248
-6.66224
-6.66147
-6.66081
-6.65962
-6.65919
-6.65823
-6.65836
-6.65764
-6.65737
-6.65754
-6.65881
-6.65924
-6.65914
-6.65948
-6.65996
-6.66055
-6.66158
-6.66242
-6.66272
-6.66379
-6.6653
-6.66692
-6.66833
-6.67049
-6.67178
-6.67447
-6.67597
-6.67755
-6.67923
-6.68132
-6.68252
-6.68444
-6.68676
-6.6898
-6.69194
-6.69413
-6.69671
-6.69966
-6.70265
-6.70569
-6.70877
-6.7122
-6.71468
-6.71752
-6.72037
-6.72355
-6.72642
-6.72929
-6.73216
-6.73469
-6.73787
-6.7407
-6.74383
-6.74694
-6.7497
-6.75178
-6.75446
-6.75743
-6.76003
-6.7629
-6.7654
-6.76784
-6.77054
-6.77253
-6.77478
-6.77729
-6.77972
-6.78047
-6.78276
-6.78432
-6.78581
-6.78786
-6.78983
-6.79139
-6.79286
-6.79361
-6.79491
-6.79646
-6.79727
-6.79767
-6.79863
-6.7995
-6.79964
-6.80035
-6.80064
-6.80149
-6.80162
-6.80198
-6.80161
-6.80246
-6.80259
-6.80296
-6.8026
-6.80185
-6.80103
-6.80014
-6.79951
-6.79913
-6.79869
-6.79884
-6.79893
-6.79929
-6.79862
-6.79757
-6.7968
-6.79565
-6.79446
-6.79355
-6.79227
-6.79128
-6.79025
-6.78919
-6.78777
-6.78697
-6.78614
-6.78496
-6.78278
-6.78155
-6.77933
-6.77806
-6.77742
-6.77579
-6.77446
-6.77344
-6.77241
-6.77137
-6.77065
-6.76926
-6.76819
-6.76647
-6.76506
-6.76333
-6.76224
-6.76082
-6.75908
-6.75799
-6.75657
-6.75516
-6.7544
-6.75332
-6.75192
-6.75053
-6.74914
-6.74712
-6.74575
-6.74504
-6.7437
-6.7427
-6.74171
-6.74106
-6.7401
-6.73916
-6.73792
-6.73703
-6.73551
-6.73434
-6.73319
-6.7324
-6.7313
-6.73024
-6.72953
-6.72853
-6.72757
-6.72631
-6.72574
-6.72488
-6.72406
-6.72328
-6.72286
-6.72249
-6.72183
-6.72089
-6.72065
-6.72012
-6.71964
-6.71921
-6.71882
-6.71815
-6.71785
-6.71792
-6.71804
-6.71755
-6.71744
-6.71802
-6.718
-6.71802
-6.71809
-6.71852
-6.71899
-6.71918
-6.71909
-6.72
-6.72063
-6.72098
-6.72266
-6.72307
-6.72385
-6.724
-6.72483
-6.72537
-6.72593
-6.72619
-6.72616
-6.72744
-6.72842
-6.72941
-6.73042
-6.7308
-6.73119
-6.73224
-6.73298
-6.73307
-6.73382
-6.7349
-6.73631
-6.73707
-6.73751
-6.7386
-6.73968
-6.74012
-6.74023
-6.74098
-6.74076
-6.74248
-6.74322
-6.74331
-6.74371
-6.74476
-6.74547
-6.7465
-6.74719
-6.74788
-6.74856
-6.74923
-6.74957
-6.75055
-6.7512
-6.75119
-6.75215
-6.75246
-6.75341
-6.75371
-6.75465
-6.7556
-6.75686
-6.7578
-6.75842
-6.75872
-6.75902
-6.759
-6.75964
-6.75996
-6.76061
-6.76159
-6.76225
-6.76326
-6.76395
-6.76497
-6.76602
-6.76643
-6.76718
-6.76794
-6.76873
-6.76889
-6.76939
-6.77024
-6.77014
-6.77039
-6.77099
-6.77194
-6.77259
-6.77327
-6.77495
-6.77536
-6.77612
-6.77757
-6.77904
-6.78022
-6.78143
-6.78332
-6.78524
-6.78655
-6.78788
-6.78958
-6.79098
-6.79176
-6.79387
-6.79568
-6.7972
-6.79875
-6.80065
-6.80193
-6.80421
-6.80587
-6.80755
-6.80926
-6.81131
-6.81306
-6.81515
-6.81629
-6.81908
-6.82025
-6.82209
-6.8246
-6.82581
-6.82736
-6.83022
-6.83178
-6.83367
-6.83524
-6.83714
-6.83903
-6.84124
-6.8428
-6.84467
-6.84653
-6.84806
-6.84957
-6.85106
-6.85286
-6.85528
-6.85704
-6.85877
-6.86014
-6.86214
-6.86346
-6.86538
-6.86695
-6.86784
-6.86966
-6.87078
-6.87219
-6.87387
-6.8755
-6.87612
-6.877
-6.87784
-6.87829
-6.87869
-6.88001
-6.88127
-6.88279
-6.88425
-6.88533
-6.88634
-6.8873
-6.88786
-6.88836
-6.8888
-6.88885
-6.88915
-6.88972
-6.89119
-6.89098
-6.89135
-6.89069
-6.89093
-6.89079
-6.89026
-6.88999
-6.88934
-6.88895
-6.88916
-6.88866
-6.8881
-6.88814
-6.88748
-6.88676
-6.88632
-6.8855
-6.88464
-6.88405
-6.88343
-6.88275
-6.88139
-6.87999
-6.87855
-6.87643
-6.8746
-6.87306
-6.87117
-6.86989
-6.86858
-6.86725
-6.8659
-6.86517
-6.86312
-6.86235
-6.86124
-6.86109
-6.85962
-6.85717
-6.85601
-6.85353
-6.85201
-6.85114
-6.84896
-6.84645
-6.8449
-6.84366
-6.8421
-6.83988
-6.83863
-6.8377
-6.83676
-6.83517
-6.83326
-6.83166
-6.82941
-6.82749
-6.8262
-6.82395
-6.82234
-6.82073
-6.81912
-6.81751
-6.81558
-6.81397
-6.81333
-6.81237
-6.81045
-6.80853
-6.80693
-6.80566
-6.8044
-6.80347
-6.8019
-6.80001
-6.7991
-6.79756
-6.79635
-6.79483
-6.79397
-6.79248
-6.79166
-6.79021
-6.78878
-6.78737
-6.78631
-6.78366
-6.78265
-6.78069
-6.77974
-6.7785
-6.77761
-6.77611
-6.77497
-6.77419
-6.7728
-6.77178
-6.7708
-6.76954
-6.76865
-6.7678
-6.767
-6.76657
-6.76522
-6.76424
-6.76266
-6.76211
-6.7616
-6.76148
-6.76172
-6.7617
-6.76173
-6.76213
-6.76194
-6.76147
-6.76171
-6.76167
-6.762
-6.76173
-6.76119
-6.76135
-6.76123
-6.76147
-6.76144
-6.7621
-6.76151
-6.76258
-6.76239
-6.76289
-6.76343
-6.764
-6.76494
-6.76493
-6.76528
-6.76598
-6.76672
-6.76748
-6.76762
-6.76843
-6.76926
-6.77044
-6.77099
-6.77189
-6.77345
-6.77471
-6.775
-6.77564
-6.77629
-6.77695
-6.77859
-6.77959
-6.77996
-6.78131
-6.78169
-6.78305
-6.78409
-6.78417
-6.78522
-6.78596
-6.78702
-6.78777
-6.78884
-6.79057
-6.791
-6.79209
-6.79286
-6.79298
-6.79408
-6.79486
-6.79597
-6.79741
-6.79853
-6.79965
-6.80045
-6.80125
-6.80239
-6.80352
-6.80563
-6.80677
-6.80758
-6.80937
-6.81051
-6.81165
-6.81343
-6.8136
-6.81473
-6.81586
-6.81763
-6.81875
-6.81954
-6.82032
-6.82109
-6.82346
-6.82485
-6.82655
-6.82759
-6.82958
-6.83123
-6.83253
-6.83381
-6.83474
-6.83565
-6.83685
-6.83802
-6.83819
-6.8393
-6.84004
-6.84075
-6.84174
-6.84237
-6.84296
-6.84382
-6.844
-6.84446
-6.84487
-6.84524
-6.84523
-6.84453
-6.84508
-6.84558
-6.84636
-6.84644
-6.84582
-6.84581
-6.84606
-6.8453
-6.84514
-6.84494
-6.84501
-6.84471
-6.84437
-6.8443
-6.84387
-6.84211
-6.84095
-6.84007
-6.83948
-6.83885
-6.83753
-6.83651
-6.83577
-6.83566
-6.83519
-6.83436
-6.83351
-6.83296
-6.83206
-6.83081
-6.8302
-6.82891
-6.82826
-6.82662
-6.82659
-6.82492
-6.82325
-6.82222
-6.82184
-6.8208
-6.81976
-6.81937
-6.81833
-6.81762
-6.81691
-6.8162
-6.81518
-6.81384
-6.81316
-6.81151
-6.81085
-6.81053
-6.80925
-6.80862
-6.80737
-6.80614
-6.80589
-6.80534
-6.80448
-6.80364
-6.80314
-6.80136
-6.80026
-6.7995
-6.79909
-6.79869
-6.798
-6.79668
-6.79635
-6.79507
-6.79446
-6.79419
-6.79459
-6.79437
-6.79416
-6.79334
-6.79285
-6.79271
-6.79195
-6.79152
-6.78982
-6.78912
-6.78811
-6.78776
-6.78744
-6.78681
-6.7862
-6.78561
-6.78535
-6.78577
-6.78555
-6.78503
-6.78452
-6.78468
-6.78485
-6.78537
-6.78557
-6.78514
-6.78538
-6.78498
-6.78459
-6.78486
-6.7845
-6.78415
-6.78445
-6.78444
-6.78412
-6.7838
-6.78381
-6.78318
-6.78321
-6.78356
-6.78359
-6.78362
-6.78301
-6.78239
-6.78275
-6.78277
-6.78312
-6.78313
-6.7841
-6.78409
-6.78406
-6.78402
-6.78429
-6.78454
-6.78379
-6.78432
-6.78417
-6.78302
-6.78282
-6.78258
-6.78231
-6.782
-6.78164
-6.78125
-6.77984
-6.77903
-6.7785
-6.77727
-6.77728
-6.77659
-6.77617
-6.77471
-6.77417
-6.77324
-6.77257
-6.77151
-6.77007
-6.7692
-6.76826
-6.76661
-6.76585
-6.76438
-6.76252
-6.7609
-6.75922
-6.75746
-6.7553
-6.75405
-6.75175
-6.74906
-6.74793
-6.74543
-6.74287
-6.74057
-6.73756
-6.73481
-6.73265
-6.73044
-6.72786
-6.72522
-6.72189
-6.71917
-6.71608
-6.71328
-6.71077
-6.70694
-6.7047
-6.7018
-6.69855
-6.69561
-6.69299
-6.68972
-6.68612
-6.68253
-6.67895
-6.67635
-6.67312
-6.67023
-6.66802
-6.66552
-6.66175
-6.65932
-6.65726
-6.65459
-6.65198
-6.64942
-6.64627
-6.64415
-6.64178
-6.6398
-6.63756
-6.63572
-6.63364
-6.63164
-6.63004
-6.62886
-6.62743
-6.62578
-6.62389
-6.62209
-6.62007
-6.61911
-6.61793
-6.61684
-6.61618
-6.61529
-6.6145
-6.61381
-6.61354
-6.61305
-6.61265
-6.61236
-6.61184
-6.61173
-6.61205
-6.61214
-6.61232
-6.61292
-6.61329
-6.61375
-6.61429
-6.61362
-6.61466
-6.61579
-6.61635
-6.6173
-6.61899
-6.61977
-6.62095
-6.62123
-6.62287
-6.62393
-6.6257
-6.62786
-6.62878
-6.63072
-6.63272
-6.63509
-6.63622
-6.63772
-6.63959
-6.6415
-6.64409
-6.64706
-6.64876
-6.65114
-6.65421
-6.65633
-6.65881
-6.66099
-6.66352
-6.66575
-6.66735
-6.66962
-6.67191
-6.67486
-6.67686
-6.6792
-6.68155
-6.68424
-6.68694
-6.68965
-6.69204
-6.69379
-6.69653
-6.69861
-6.70071
-6.7028
-6.70523
-6.70765
-6.71007
-6.71282
-6.71524
-6.71765
-6.71974
-6.72215
-6.7239
-6.72597
-6.72836
-6.73074
-6.73311
-6.73579
-6.73781
-6.74015
-6.74279
-6.74574
-6.74835
-6.75062
-6.75288
-6.75543
-6.75829
-6.76049
-6.76265
-6.76448
-6.7666
-6.76837
-6.77044
-6.77216
-6.77352
-6.77551
-6.77779
-6.78036
-6.78193
-6.78412
-6.78595
-6.78808
-6.78921
-6.79095
-6.79267
-6.79467
-6.79665
-6.79795
-6.79954
-6.80077
-6.80198
-6.80317
-6.8053
-6.80707
-6.80883
-6.81023
-6.81161
-6.81265
-6.8143
-6.81627
-6.81724
-6.81851
-6.81977
-6.82134
-6.82289
-6.82345
-6.82497
-6.82551
-6.82668
-6.82817
-6.82932
-6.83013
-6.83126
-6.83206
-6.83349
-6.83459
-6.83535
-6.83611
-6.83654
-6.83792
-6.83897
-6.84001
-6.84072
-6.84174
-6.8421
-6.84309
-6.84374
-6.84503
-6.84565
-6.84658
-6.84781
-6.84934
-6.84955
-6.85103
-6.85152
-6.85262
-6.85272
-6.85343
-6.85378
-6.85442
-6.8547
-6.85558
-6.85609
-6.85753
-6.8586
-6.85897
-6.85961
-6.8602
-6.86073
-6.86184
-6.86064
-6.86067
-6.86063
-6.8615
-6.86134
-6.8611
-6.86048
-6.86011
-6.86032
-6.85948
-6.85824
-6.85888
-6.85783
-6.85702
-6.85582
-6.85519
-6.85416
-6.85305
-6.85123
-6.84998
-6.84833
-6.84725
-6.8461
-6.84424
-6.84263
-6.84095
-6.83985
-6.83868
-6.83648
-6.83518
-6.83285
-6.83046
-6.82833
-6.82615
-6.82391
-6.82194
-6.81928
-6.81689
-6.81412
-6.81132
-6.80847
-6.80623
-6.80363
-6.80035
-6.79834
-6.79564
-6.79293
-6.79019
-6.78776
-6.78498
-6.78252
-6.77972
-6.77627
-6.77379
-6.77033
-6.76818
-6.76538
-6.76227
-6.7595
-6.75675
-6.75402
-6.75228
-6.74928
-6.74632
-6.74404
-6.74147
-6.7396
-6.73713
-6.73471
-6.73234
-6.72971
-6.72617
-6.72431
-6.72219
-6.71983
-6.71754
-6.71564
-6.71383
-6.71177
-6.71012
-6.70921
-6.70839
-6.70733
-6.70605
-6.70583
-6.70441
-6.70406
-6.70381
-6.70302
-6.702
-6.70174
-6.70125
-6.70119
-6.69994
-6.70041
-6.70001
-6.70004
-6.70016
-6.69942
-6.69943
-6.70018
-6.70071
-6.701
-6.70139
-6.70219
-6.70373
-6.70472
-6.70578
-6.70628
-6.70783
-6.70881
-6.71051
-6.71196
-6.71348
-6.71474
-6.71703
-6.71873
-6.72082
-6.7223
-6.72448
-6.72638
-6.728
-6.73063
-6.73233
-6.73373
-6.73581
-6.73791
-6.73971
-6.74218
-6.74434
-6.74651
-6.74869
-6.75055
-6.75306
-6.75492
-6.75711
-6.75961
-6.76211
-6.76362
-6.76545
-6.76759
-6.76971
-6.77214
-6.77487
-6.77661
-6.77995
-6.78197
-6.78396
-6.78594
-6.78788
-6.79012
-6.792
-6.79354
-6.79471
-6.79683
-6.79892
-6.80032
-6.80202
-6.80401
-6.80565
-6.80758
-6.80915
-6.81101
-6.8135
-6.81562
-6.81707
-6.81881
-6.81987
-6.82155
-6.82287
-6.82449
-6.82575
-6.82731
-6.82819
-6.82904
-6.83019
-6.83164
-6.83241
-6.83412
-6.83452
-6.83553
-6.83652
-6.83716
-6.8381
-6.83836
-6.83893
-6.83947
-6.83999
-6.84113
-6.84193
-6.84173
-6.84183
-6.84255
-6.84325
-6.84361
-6.84394
-6.84522
-6.84551
-6.84707
-6.84796
-6.84786
-6.84838
-6.8492
-6.84968
-6.85013
-6.85088
-6.85162
-6.85135
-6.85139
-6.85173
-6.85204
-6.85201
-6.85164
-6.85188
-6.85179
-6.85166
-6.85152
-6.85199
-6.85244
-6.85287
-6.85295
-6.85333
-6.85337
-6.85305
-6.85271
-6.85267
-6.85261
-6.85285
-6.85307
-6.85262
-6.85279
-6.85197
-6.8521
-6.85156
-6.851
-6.85074
-6.85111
-6.85081
-6.85049
-6.85016
-6.84948
-6.84846
-6.84807
-6.84897
-6.84887
-6.84812
-6.84703
-6.84592
-6.84545
-6.84562
-6.84512
-6.84559
-6.84508
-6.84456
-6.84403
-6.84414
-6.84232
-6.8421
-6.84254
-6.84233
-6.8418
-6.84126
-6.84074
-6.83989
-6.83937
-6.83951
-6.83805
-6.83757
-6.8371
-6.83664
-6.83685
-6.83675
-6.8357
-6.83434
-6.83398
-6.83396
-6.83332
-6.83368
-6.83374
-6.83382
-6.83361
-6.83278
-6.83263
-6.83122
-6.83242
-6.83204
-6.83267
-6.83268
-6.8324
-6.83214
-6.83257
-6.83239
-6.83288
-6.83341
-6.83364
-6.8339
-6.83452
-6.83485
-6.8352
-6.8359
-6.83599
-6.83545
-6.83624
-6.83607
-6.83691
-6.83743
-6.83734
-6.8379
-6.83881
-6.83941
-6.84034
-6.84129
-6.84225
-6.84289
-6.84419
-6.84517
-6.84551
-6.84585
-6.84619
-6.84654
-6.84721
-6.84755
-6.84821
-6.84984
-6.84984
-6.85016
-6.85047
-6.85142
-6.85203
-6.85231
-6.85322
-6.85314
-6.85467
-6.85489
-6.85542
-6.85529
-6.85579
-6.85627
-6.85705
-6.85717
-6.85759
-6.85897
-6.85969
-6.85974
-6.86042
-6.86075
-6.86042
-6.86039
-6.86067
-6.8606
-6.86051
-6.86137
-6.86157
-6.86174
-6.86189
-6.86202
-6.86245
-6.86286
-6.86325
-6.86264
-6.86298
-6.86265
-6.86229
-6.86223
-6.86247
-6.86204
-6.86222
-6.86173
-6.86089
-6.86131
-6.86105
-6.86142
-6.8611
-6.86042
-6.85939
-6.85929
-6.85981
-6.85867
-6.8578
-6.8569
-6.85661
-6.85562
-6.85555
-6.85447
-6.85334
-6.85281
-6.8519
-6.85094
-6.85058
-6.84984
-6.84871
-6.84754
-6.84662
-6.84436
-6.84268
-6.84095
-6.83947
-6.83826
-6.83602
-6.83436
-6.83264
-6.83086
-6.82869
-6.82678
-6.82481
-6.82246
-6.82036
-6.81853
-6.81535
-6.81308
-6.81042
-6.80835
-6.8059
-6.8034
-6.80051
-6.7979
-6.79523
-6.79251
-6.78942
-6.78661
-6.78375
-6.78085
-6.77726
-6.77395
-6.77094
-6.76821
-6.76513
-6.76234
-6.75985
-6.75702
-6.75384
-6.75032
-6.74712
-6.7439
-6.74069
-6.73714
-6.73425
-6.73135
-6.72815
-6.72495
-6.72177
-6.71828
-6.71578
-6.71267
-6.70894
-6.70588
-6.70287
-6.69957
-6.69632
-6.69279
-6.6906
-6.68815
-6.6851
-6.6818
-6.6792
-6.677
-6.67422
-6.67216
-6.66953
-6.6673
-6.66515
-6.66308
-6.66078
-6.65824
-6.65612
-6.65441
-6.65214
-6.64933
-6.64856
-6.64724
-6.64634
-6.64457
-6.6442
-6.64361
-6.64312
-6.64273
-6.64179
-6.64128
-6.64088
-6.64025
-6.63973
-6.63963
-6.63963
-6.63973
-6.64057
-6.64022
-6.64094
-6.64174
-6.64264
-6.64331
-6.64407
-6.64523
-6.64615
-6.6478
-6.64855
-6.65003
-6.65158
-6.65255
-6.65358
-6.65468
-6.65584
-6.65738
-6.65929
-6.66093
-6.66229
-6.66402
-6.66611
-6.66759
-6.66942
-6.67096
-6.67221
-6.67379
-6.67605
-6.67929
-6.68191
-6.68388
-6.68586
-6.68752
-6.6895
-6.69083
-6.69249
-6.69413
-6.69577
-6.69739
-6.69899
-6.70091
-6.70312
-6.70532
-6.70684
-6.70931
-6.71078
-6.71287
-6.71428
-6.71565
-6.71763
-6.71958
-6.7202
-6.72176
-6.72359
-6.72507
-6.72618
-6.72789
-6.72924
-6.73023
-6.7315
-6.73272
-6.73422
-6.73569
-6.73743
-6.73848
-6.73885
-6.74047
-6.74139
-6.74228
-6.74248
-6.74361
-6.74405
-6.74444
-6.74545
-6.74609
-6.74701
-6.74757
-6.74841
-6.74857
-6.74966
-6.75006
-6.75075
-6.75172
-6.75234
-6.75259
-6.75248
-6.75297
-6.75376
-6.7545
-6.75488
-6.75554
-6.75519
-6.75481
-6.75438
-6.75423
-6.75469
-6.75446
-6.75419
-6.7542
-6.7532
-6.7528
-6.75268
-6.7522
-6.75167
-6.75174
-6.75113
-6.75079
-6.75009
-6.74966
-6.74887
-6.74771
-6.74683
-6.7459
-6.74493
-6.7436
-6.7432
-6.74211
-6.74098
-6.73982
-6.73797
-6.73642
-6.73548
-6.73452
-6.73353
-6.73122
-6.73019
-6.72849
-6.72711
-6.72604
-6.72464
-6.72292
-6.72152
-6.71981
-6.71875
-6.71706
-6.71571
-6.71471
-6.71309
-6.71182
-6.71058
-6.70874
-6.70791
-6.70519
-6.70381
-6.70248
-6.70121
-6.69999
-6.69884
-6.69806
-6.69736
-6.69672
-6.69646
-6.6953
-6.69518
-6.69512
-6.69481
-6.69391
-6.6934
-6.69295
-6.69224
-6.69224
-6.69229
-6.6924
-6.69321
-6.69342
-6.6953
-6.69529
-6.69532
-6.69539
-6.6955
-6.69629
-6.69615
-6.697
-6.69788
-6.69782
-6.69973
-6.70036
-6.70102
-6.70104
-6.70076
-6.70114
-6.70153
-6.70291
-6.70365
-6.7044
-6.70581
-6.70658
-6.70768
-6.70912
-6.70959
-6.71007
-6.71056
-6.71138
-6.71221
-6.71306
-6.71358
-6.7138
-6.71533
-6.71655
-6.71745
-6.71837
-6.71931
-6.71995
-6.72092
-6.72225
-6.72262
-6.72399
-6.72506
-6.72681
-6.72793
-6.72941
-6.7306
-6.73247
-6.73405
-6.73566
-6.73699
-6.73835
-6.74008
-6.74153
-6.74302
-6.74487
-6.74709
-6.74968
-6.7507
-6.75339
-6.75579
-6.75759
-6.75944
-6.76133
-6.76327
-6.76525
-6.76727
-6.76966
-6.77177
-6.77392
-6.77578
-6.77768
-6.77994
-6.78256
-6.78489
-6.78725
-6.78931
-6.79173
-6.79449
-6.79663
-6.79911
-6.80162
-6.80543
-6.80764
-6.81017
-6.81272
-6.81527
-6.81782
-6.82101
-6.82356
-6.82577
-6.82829
-6.83144
-6.83329
-6.83608
-6.83885
-6.8403
-6.84237
-6.84506
-6.84771
-6.85001
-6.85194
-6.85415
-6.85632
-6.85747
-6.85987
-6.86255
-6.8642
-6.86645
-6.86833
-6.86982
-6.87125
-6.87328
-6.87492
-6.87649
-6.87801
-6.87979
-6.88086
-6.88348
-6.88475
-6.88563
-6.88645
-6.88752
-6.88821
-6.88787
-6.88909
-6.88992
-6.89133
-6.89172
-6.89269
-6.89425
-6.89478
-6.89526
-6.896
-6.89636
-6.89731
-6.89725
-6.89745
-6.8976
-6.89804
-6.89809
-6.89843
-6.89872
-6.89865
-6.89854
-6.89871
-6.89852
-6.89797
-6.89706
-6.8971
-6.8971
-6.89772
-6.89798
-6.89757
-6.89779
-6.89798
-6.8975
-6.89732
-6.89583
-6.89496
-6.8944
-6.89285
-6.89258
-6.89261
-6.89133
-6.89133
-6.89067
-6.88998
-6.88961
-6.88857
-6.88881
-6.88839
-6.88698
-6.88588
-6.88541
-6.88363
-6.8828
-6.88228
-6.8811
-6.88021
-6.87931
-6.87775
-6.87681
-6.87585
-6.87487
-6.8742
-6.87447
-6.87343
-6.87302
-6.87291
-6.87116
-6.86971
-6.86921
-6.86707
-6.86555
-6.86466
-6.86277
-6.8615
-6.86022
-6.85858
-6.85724
-6.85621
-6.85482
-6.85374
-6.85199
-6.85054
-6.84875
-6.84758
-6.84575
-6.84423
-6.84236
-6.84048
-6.83891
-6.83668
-6.83476
-6.8338
-6.83218
-6.8299
-6.82859
-6.82694
-6.82529
-6.82298
-6.82164
-6.81998
-6.81799
-6.81632
-6.81465
-6.81298
-6.81132
-6.80965
-6.80734
-6.80504
-6.80339
-6.80142
-6.80076
-6.79881
-6.79752
-6.79591
-6.79334
-6.79111
-6.79018
-6.7896
-6.78772
-6.78651
-6.78499
-6.78348
-6.78199
-6.78084
-6.77905
-6.77825
-6.77682
-6.77475
-6.7727
-6.77131
-6.76962
-6.76827
-6.76693
-6.76561
-6.76398
-6.7627
-6.7624
-6.76116
-6.75929
-6.75712
-6.75562
-6.75414
-6.75269
-6.75191
-6.75116
-6.74978
-6.74811
-6.74744
-6.74647
-6.74553
-6.74462
-6.74342
-6.7429
-6.74241
-6.74163
-6.74121
-6.7405
-6.73982
-6.73885
-6.73792
-6.73671
-6.73585
-6.73536
-6.73588
-6.73578
-6.73572
-6.73538
-6.73442
-6.73383
-6.73295
-6.73307
-6.73356
-6.73376
-6.73367
-6.73459
-6.73393
-6.73427
-6.73432
-6.7344
-6.7342
-6.73402
-6.73323
-6.73376
-6.73368
-6.73394
-6.73391
-6.73455
-6.7349
-6.73559
-6.73566
-6.73608
-6.73587
-6.73665
-6.73746
-6.73764
-6.73848
-6.73935
-6.73893
-6.73887
-6.73946
-6.7404
-6.74167
-6.74296
-6.74362
-6.74429
-6.74465
-6.74535
-6.74606
-6.7471
-6.74783
-6.74858
-6.74901
-6.75042
-6.75119
-6.75197
-6.75244
-6.75356
-6.75372
-6.75551
-6.75633
-6.75716
-6.75799
-6.75883
-6.76032
-6.7615
-6.76235
-6.76224
-6.76376
-6.76398
-6.76485
-6.76573
-6.76628
-6.76684
-6.76773
-6.76797
-6.76853
-6.76975
-6.77096
-6.77218
-6.7734
-6.77462
-6.77617
-6.77675
-6.77765
-6.77888
-6.78044
-6.78069
-6.78193
-6.78219
-6.78309
-6.78335
-6.78362
-6.78421
-6.78577
-6.78701
-6.78728
-6.78819
-6.78911
-6.79003
-6.79095
-6.79284
-6.79343
-6.79468
-6.79658
-6.79782
-6.79907
-6.79967
-6.8006
-6.80152
-6.80276
-6.80303
-6.8046
-6.8052
-6.80611
-6.80702
-6.80858
-6.80949
-6.81039
-6.81129
-6.81218
-6.81274
-6.8133
-6.81417
-6.81536
-6.81589
-6.81674
-6.8179
-6.81775
-6.81921
-6.82002
-6.82081
-6.82158
-6.82299
-6.82309
-6.82349
-6.82388
-6.82393
-6.82461
-6.82527
-6.82591
-6.82555
-6.82615
-6.82704
-6.82759
-6.8265
-6.82732
-6.82779
-6.82824
-6.828
-6.82807
-6.82842
-6.82875
-6.82937
-6.82963
-6.83018
-6.83006
-6.83055
-6.83035
-6.83045
-6.83052
-6.83055
-6.83055
-6.83083
-6.83076
-6.83001
-6.83019
-6.83034
-6.83045
-6.82989
-6.82993
-6.8293
-6.82895
-6.82889
-6.8288
-6.82836
-6.82852
-6.82768
-6.82745
-6.82719
-6.82593
-6.82561
-6.82525
-6.82486
-6.82444
-6.82399
-6.82318
-6.82202
-6.8218
-6.82026
-6.81966
-6.81903
-6.81806
-6.81705
-6.81537
-6.81432
-6.81324
-6.81279
-6.81167
-6.81052
-6.80936
-6.80818
-6.80697
-6.80608
-6.80451
-6.80358
-6.80263
-6.80135
-6.79908
-6.79744
-6.79611
-6.79477
-6.7931
-6.79207
-6.79071
-6.78933
-6.78828
-6.78625
-6.78454
-6.78315
-6.78208
-6.78069
-6.7793
-6.77791
-6.77619
-6.77481
-6.77278
-6.7714
-6.77003
-6.76802
-6.76731
-6.76596
-6.76431
-6.76233
-6.7607
-6.75972
-6.75844
-6.7562
-6.75494
-6.75306
-6.75216
-6.75064
-6.74913
-6.74797
-6.74716
-6.74604
-6.7443
-6.74258
-6.74153
-6.7405
-6.7395
-6.7382
-6.73693
-6.736
-6.73543
-6.73423
-6.73306
-6.73256
-6.73208
-6.73067
-6.7296
-6.72888
-6.72818
-6.72751
-6.72718
-6.72656
-6.72596
-6.72506
-6.72418
-6.72364
-6.72313
-6.72296
-6.72281
-6.72236
-6.72192
-6.7215
-6.72239
-6.72168
-6.72196
-6.7216
-6.7206
-6.72026
-6.72123
-6.72091
-6.72027
-6.71964
-6.71966
-6.71872
-6.71875
-6.71814
-6.71785
-6.71756
-6.71857
-6.71829
-6.71768
-6.7174
-6.71679
-6.71649
-6.71619
-6.71589
-6.71526
-6.71462
-6.7143
-6.71366
-6.713
-6.71267
-6.71233
-6.71166
-6.71131
-6.71095
-6.71124
-6.7112
-6.71116
-6.71111
-6.71074
-6.71037
-6.71032
-6.70995
-6.71023
-6.70987
-6.70918
-6.70818
-6.70847
-6.70813
-6.70779
-6.70778
-6.70746
-6.70748
-6.70718
-6.70657
-6.7063
-6.70605
-6.70614
-6.70527
-6.7054
-6.7049
-6.70475
-6.70462
-6.70419
-6.70443
-6.70405
-6.7037
-6.70338
-6.70309
-6.70347
-6.70356
-6.70401
-6.70417
-6.70404
-6.70394
-6.70355
-6.70352
-6.70417
-6.70422
-6.70462
-6.70506
-6.70554
-6.7067
-6.70693
-6.70752
-6.70783
-6.70914
-6.70984
-6.71026
-6.71136
-6.7125
-6.71303
-6.71392
-6.71484
-6.71579
-6.71742
-6.71876
-6.72014
-6.72121
-6.72199
-6.72248
-6.72331
-6.72547
-6.72699
-6.72757
-6.72881
-6.73072
-6.73199
-6.73328
-6.73457
-6.7362
-6.73686
-6.73785
-6.73916
-6.7408
-6.74114
-6.74245
-6.74343
-6.74569
-6.74729
-6.74791
-6.74915
-6.75039
-6.75192
-6.75343
-6.75459
-6.75508
-6.75587
-6.75728
-6.75832
-6.75966
-6.76097
-6.76223
-6.76281
-6.76368
-6.76483
-6.76561
-6.76571
-6.76609
-6.76674
-6.768
-6.76825
-6.76877
-6.76958
-6.77001
-6.77105
-6.77139
-6.77201
-6.77225
-6.77213
-6.77229
-6.77176
-6.77183
-6.77185
-6.77215
-6.77209
-6.77263
-6.77249
-6.7723
-6.7724
-6.77182
-6.77119
-6.77086
-6.77049
-6.77074
-6.76998
-6.76985
-6.76936
-6.76852
-6.76765
-6.76709
-6.76683
-6.76655
-6.76561
-6.76465
-6.764
-6.76301
-6.76234
-6.76134
-6.76098
-6.76061
-6.75993
-6.75956
-6.75888
-6.75852
-6.75753
-6.75752
-6.75655
-6.75624
-6.75529
-6.75502
-6.75444
-6.75388
-6.75399
-6.75348
-6.75332
-6.75287
-6.75277
-6.75238
-6.75234
-6.75169
-6.75141
-6.74986
-6.74933
-6.74949
-6.74969
-6.74929
-6.75022
-6.75088
-6.75093
-6.75102
-6.75116
-6.75134
-6.75157
-6.75152
-6.75215
-6.75251
-6.75292
-6.75337
-6.75386
-6.75439
-6.75562
-6.75721
-6.75722
-6.75824
-6.7593
-6.75976
-6.76122
-6.76271
-6.76295
-6.76386
-6.76448
-6.76611
-6.76744
-6.76783
-6.76954
-6.7703
-6.77109
-6.77222
-6.77337
-6.77455
-6.77574
-6.77695
-6.77817
-6.7794
-6.78065
-6.78159
-6.78319
-6.78414
-6.78543
-6.78705
-6.78835
-6.78965
-6.79095
-6.79258
-6.79388
-6.79616
-6.79778
-6.79876
-6.79972
-6.80068
-6.80228
-6.80355
-6.80449
-6.80574
-6.80698
-6.80755
-6.80844
-6.80996
-6.81211
-6.8136
-6.81443
-6.81426
-6.81602
-6.81679
-6.81754
-6.81892
-6.82027
-6.82063
-6.82097
-6.82193
-6.82254
-6.82377
-6.82497
-6.82615
-6.82665
-6.82777
-6.82886
-6.82991
-6.83029
-6.83031
-6.83127
-6.83219
-6.83308
-6.83361
-6.8341
-6.8352
-6.83562
-6.836
-6.83634
-6.83664
-6.83723
-6.83712
-6.83698
-6.83712
-6.83754
-6.83759
-6.8376
-6.83724
-6.83716
-6.83575
-6.83558
-6.83569
-6.83544
-6.83513
-6.83414
-6.83374
-6.8333
-6.83248
-6.83226
-6.83167
-6.83103
-6.83067
-6.83026
-6.82981
-6.82897
-6.82842
-6.82781
-6.82684
-6.82582
-6.82442
-6.82331
-6.82279
-6.82126
-6.81968
-6.81773
-6.81638
-6.81532
-6.81357
-6.81113
-6.81026
-6.80904
-6.8068
-6.80518
-6.80384
-6.80247
-6.80075
-6.79867
-6.79688
-6.79475
-6.79356
-6.79138
-6.78983
-6.78858
-6.78667
-6.78507
-6.78281
-6.78086
-6.77794
-6.77631
-6.77469
-6.77274
-6.77048
-6.76854
-6.7663
-6.76439
-6.76249
-6.76062
-6.75909
-6.75791
-6.75644
-6.755
-6.75294
-6.75125
-6.75025
-6.74799
-6.74676
-6.7446
-6.74282
-6.74142
-6.74007
-6.73879
-6.73692
-6.73641
-6.73533
-6.73464
-6.73402
-6.73284
-6.73173
-6.73103
-6.73074
-6.73021
-6.72977
-6.72942
-6.72949
-6.72933
-6.72926
-6.72897
-6.72943
-6.72966
-6.72935
-6.72979
-6.73001
-6.73033
-6.73174
-6.73325
-6.73455
-6.73628
-6.73748
-6.7391
-6.74117
-6.74269
-6.74367
-6.74541
-6.74758
-6.74986
-6.75192
-6.75377
-6.75604
-6.75776
-6.76056
-6.76346
-6.76613
-6.7689
-6.77144
-6.77439
-6.7771
-6.78022
-6.78407
-6.78767
-6.79135
-6.7951
-6.79794
-6.80149
-6.80477
-6.80778
-6.81117
-6.8146
-6.81807
-6.8219
-6.82576
-6.82899
-6.83257
-6.8368
-6.84072
-6.84465
-6.84857
-6.85216
-6.85573
-6.85961
-6.86379
-6.86729
-6.87108
-6.87483
-6.87918
-6.88381
-6.88676
-6.8903
-6.89409
-6.89749
-6.90113
-6.90438
-6.90721
-6.91092
-6.91422
-6.91644
-6.91889
-6.9209
-6.92345
-6.92654
-6.92886
-6.93105
-6.9328
-6.93409
-6.9359
-6.93758
-6.93945
-6.94053
-6.9418
-6.94261
-6.94295
-6.94379
-6.94448
-6.94471
-6.94543
-6.94504
-6.94547
-6.94543
-6.94524
-6.94426
-6.9441
-6.94283
-6.94205
-6.94082
-6.93976
-6.93792
-6.93626
-6.93447
-6.93287
-6.93081
-6.9283
-6.92631
-6.92419
-6.9226
-6.92025
-6.9181
-6.91585
-6.91316
-6.91069
-6.90812
-6.90546
-6.90206
-6.89856
-6.89531
-6.8923
-6.88922
-6.88477
-6.88091
-6.8773
-6.87331
-6.86992
-6.86615
-6.86234
-6.85816
-6.85459
-6.85099
-6.84736
-6.84403
-6.84036
-6.83667
-6.83296
-6.8299
-6.82554
-6.82182
-6.8181
-6.81407
-6.81004
-6.80538
-6.80171
-6.7974
-6.79279
-6.78885
-6.78429
-6.78073
-6.77622
-6.7724
-6.7686
-6.76484
-6.7621
-6.75841
-6.75445
-6.75053
-6.74762
-6.74411
-6.74065
-6.7366
-6.73324
-6.72897
-6.72604
-6.72253
-6.71842
-6.71568
-6.71299
-6.70972
-6.70652
-6.70403
-6.70161
-6.69894
-6.697
-6.69449
-6.69205
-6.6897
-6.68775
-6.68524
-6.68315
-6.68115
-6.68022
-6.67841
-6.67574
-6.67479
-6.67329
-6.67159
-6.67096
-6.66948
-6.66811
-6.66751
-6.6667
-6.66666
-6.66577
-6.665
-6.66436
-6.66384
-6.66377
-6.66382
-6.66433
-6.66463
-6.66537
-6.66592
-6.66626
-6.66705
-6.66762
-6.66799
-6.66976
-6.67099
-6.67265
-6.67376
-6.67529
-6.67691
-6.67894
-6.68138
-6.68325
-6.68454
-6.68688
-6.68831
-6.69044
-6.69231
-6.69487
-6.6978
-6.70012
-6.70214
-6.70452
-6.70628
-6.70902
-6.71177
-6.71421
-6.71568
-6.71715
-6.71991
-6.72233
-6.72441
-6.72583
-6.72819
-6.73117
-6.73412
-6.73638
-6.7386
-6.74078
-6.74324
-6.74532
-6.74767
-6.74932
-6.75155
-6.7534
-6.75486
-6.75658
-6.75888
-6.76175
-6.76358
-6.76501
-6.7667
-6.76765
-6.7695
-6.77063
-6.7707
-6.77199
-6.7719
-6.7727
-6.77342
-6.77405
-6.77427
-6.77473
-6.77479
-6.77509
-6.77465
-6.77479
-6.77419
-6.77449
-6.77405
-6.77386
-6.77392
-6.77325
-6.7725
-6.77169
-6.77112
-6.77048
-6.7701
-6.76933
-6.76882
-6.76792
-6.76566
-6.76497
-6.76358
-6.76343
-6.76193
-6.76103
-6.75977
-6.75846
-6.75647
-6.75541
-6.754
-6.75256
-6.75109
-6.74895
-6.74777
-6.74657
-6.7447
-6.74348
-6.74322
-6.74134
-6.74043
-6.7392
-6.73798
-6.73644
-6.73427
-6.73179
-6.73128
-6.72949
-6.72805
-6.72664
-6.72559
-6.72392
-6.72261
-6.72135
-6.72045
-6.71927
-6.71782
-6.71674
-6.71571
-6.71506
-6.71414
-6.7136
-6.71279
-6.71173
-6.71169
-6.71108
-6.71085
-6.71004
-6.70962
-6.70991
-6.70995
-6.71006
-6.7096
-6.71017
-6.70984
-6.70991
-6.71005
-6.71025
-6.71052
-6.71054
-6.71062
-6.71142
-6.71228
-6.71289
-6.71388
-6.7146
-6.71539
-6.71623
-6.71713
-6.71808
-6.71908
-6.72046
-6.72124
-6.72238
-6.72389
-6.72479
-6.72638
-6.728
-6.72998
-6.7307
-6.73209
-6.7335
-6.73429
-6.73542
-6.73755
-6.73936
-6.74054
-6.74237
-6.74421
-6.74638
-6.74759
-6.74879
-6.75064
-6.75281
-6.75432
-6.7555
-6.75602
-6.75782
-6.75895
-6.76007
-6.76182
-6.76354
-6.76589
-6.76724
-6.76792
-6.76889
-6.77048
-6.77171
-6.77291
-6.77375
-6.77488
-6.77564
-6.77702
-6.77771
-6.77901
-6.77897
-6.77987
-6.78072
-6.78152
-6.78229
-6.78333
-6.78433
-6.78529
-6.78588
-6.78675
-6.78726
-6.78772
-6.78748
-6.78818
-6.78851
-6.78814
-6.78839
-6.78826
-6.78843
-6.78855
-6.78831
-6.78867
-6.78868
-6.78866
-6.78859
-6.78882
-6.78967
-6.78951
-6.78932
-6.78877
-6.7882
-6.78696
-6.78634
-6.78667
-6.78632
-6.78596
-6.78526
-6.78454
-6.78412
-6.78305
-6.78326
-6.78314
-6.78204
-6.78223
-6.78209
-6.78162
-6.78147
-6.781
-6.78052
-6.78005
-6.7799
-6.77912
-6.77769
-6.77724
-6.77583
-6.77573
-6.77563
-6.77426
-6.77387
-6.77318
-6.77282
-6.77216
-6.77184
-6.77122
-6.77127
-6.77134
-6.77079
-6.77058
-6.77039
-6.77023
-6.77042
-6.77064
-6.77088
-6.7705
-6.77048
-6.77048
-6.77051
-6.77121
-6.77163
-6.77206
-6.77188
-6.77237
-6.77289
-6.77214
-6.77207
-6.77266
-6.77198
-6.77165
-6.77296
-6.77332
-6.77337
-6.77376
-6.77352
-6.77394
-6.77469
-6.7748
-6.77589
-6.77601
-6.77646
-6.7782
-6.77832
-6.77909
-6.78017
-6.78091
-6.781
-6.78075
-6.7808
-6.78083
-6.78149
-6.7818
-6.78241
-6.78266
-6.78289
-6.78276
-6.78259
-6.78303
-6.78312
-6.78349
-6.78414
-6.78475
-6.78434
-6.78422
-6.7847
-6.78482
-6.78424
-6.78426
-6.78424
-6.78353
-6.78342
-6.78263
-6.78211
-6.78155
-6.78159
-6.78063
-6.77994
-6.77922
-6.77878
-6.77798
-6.77715
-6.77596
-6.7744
-6.77315
-6.77251
-6.77119
-6.77018
-6.76947
-6.76808
-6.76732
-6.7672
-6.76576
-6.76464
-6.76317
-6.7617
-6.76022
-6.75777
-6.7566
-6.75544
-6.75459
-6.75343
-6.75194
-6.75079
-6.74996
-6.74818
-6.74737
-6.74594
-6.74484
-6.74408
-6.74205
-6.74069
-6.74
-6.73901
-6.73805
-6.73744
-6.73653
-6.73598
-6.73513
-6.73432
-6.73387
-6.73346
-6.73211
-6.73177
-6.73083
-6.73057
-6.73068
-6.73052
-6.7291
-6.72773
-6.72771
-6.72708
-6.72618
-6.72631
-6.72616
-6.72639
-6.72666
-6.72667
-6.72705
-6.72684
-6.72765
-6.72819
-6.72879
-6.72911
-6.72851
-6.72926
-6.73006
-6.73156
-6.73181
-6.73308
-6.73439
-6.73543
-6.73586
-6.73666
-6.73684
-6.73803
-6.73829
-6.73858
-6.73922
-6.73989
-6.74058
-6.74129
-6.74234
-6.74276
-6.74319
-6.74395
-6.74472
-6.74581
-6.74722
-6.74798
-6.74905
-6.75012
-6.75052
-6.7522
-6.75321
-6.75485
-6.75646
-6.75771
-6.75829
-6.75948
-6.75999
-6.76111
-6.76089
-6.7616
-6.76226
-6.76223
-6.76248
-6.76332
-6.76379
-6.76421
-6.76458
-6.76522
-6.76614
-6.76636
-6.76587
-6.76567
-6.76541
-6.76542
-6.76474
-6.76466
-6.76454
-6.76437
-6.76448
-6.76422
-6.7649
-6.7649
-6.76454
-6.76414
-6.76275
-6.7623
-6.76182
-6.76132
-6.76145
-6.76157
-6.76005
-6.75885
-6.75829
-6.75772
-6.75682
-6.75592
-6.75567
-6.75575
-6.75486
-6.75399
-6.7541
-6.75325
-6.75243
-6.75194
-6.75051
-6.75007
-6.74934
-6.74928
-6.7486
-6.74828
-6.74799
-6.74709
-6.74655
-6.74669
-6.7472
-6.74743
-6.74672
-6.74736
-6.74739
-6.74779
-6.74726
-6.74807
-6.74796
-6.74823
-6.74854
-6.74889
-6.74962
-6.7504
-6.75091
-6.75178
-6.75303
-6.75369
-6.75439
-6.75449
-6.75529
-6.75614
-6.75736
-6.75798
-6.7593
-6.76033
-6.76142
-6.76287
-6.76436
-6.7659
-6.76749
-6.76846
-6.7698
-6.7715
-6.77292
-6.77372
-6.77553
-6.77738
-6.77958
-6.78116
-6.78309
-6.78473
-6.78639
-6.78872
-6.79075
-6.79215
-6.79421
-6.79661
-6.79935
-6.80081
-6.8026
-6.80439
-6.80586
-6.80862
-6.80976
-6.81155
-6.813
-6.81445
-6.81588
-6.81794
-6.81999
-6.8217
-6.8237
-6.82504
-6.82667
-6.82859
-6.82983
-6.83169
-6.83352
-6.83531
-6.83705
-6.83844
-6.8401
-6.84107
-6.842
-6.84353
-6.84468
-6.84579
-6.8462
-6.8472
-6.84751
-6.8484
-6.84925
-6.85004
-6.8511
-6.85179
-6.85177
-6.85267
-6.85351
-6.85366
-6.85343
-6.85379
-6.85377
-6.85371
-6.85424
-6.85536
-6.85579
-6.85585
-6.85618
-6.85614
-6.85638
-6.85593
-6.85609
-6.85555
-6.8553
-6.85533
-6.855
-6.85431
-6.85391
-6.85315
-6.85301
-6.85283
-6.85198
-6.85207
-6.85148
-6.85087
-6.85056
-6.85055
-6.84987
-6.84885
-6.84781
-6.84707
-6.84535
-6.84523
-6.84412
-6.843
-6.84186
-6.84072
-6.83989
-6.83905
-6.8382
-6.83766
-6.83647
-6.83526
-6.83471
-6.83382
-6.83195
-6.8317
-6.8308
-6.83054
-6.82963
-6.82904
-6.82844
-6.82752
-6.82659
-6.82534
-6.8244
-6.82347
-6.8222
-6.82126
-6.81999
-6.81871
-6.81711
-6.81583
-6.81487
-6.81391
-6.81326
-6.81229
-6.81164
-6.81067
-6.80904
-6.80838
-6.80707
-6.80608
-6.80509
-6.80377
-6.80342
-6.80209
-6.80141
-6.8004
-6.79971
-6.79836
-6.79799
-6.79728
-6.79592
-6.79456
-6.79416
-6.79311
-6.79206
-6.79197
-6.79058
-6.78951
-6.78779
-6.78736
-6.7866
-6.78519
-6.7841
-6.783
-6.78093
-6.77951
-6.77906
-6.77698
-6.7762
-6.77542
-6.77366
-6.77255
-6.77111
-6.77
-6.76889
-6.76778
-6.76667
-6.76589
-6.76543
-6.76433
-6.76388
-6.76279
-6.7617
-6.76062
-6.76019
-6.7588
-6.75839
-6.75766
-6.7563
-6.7556
-6.75458
-6.75229
-6.7513
-6.75
-6.74904
-6.74842
-6.74815
-6.74756
-6.74732
-6.74645
-6.7456
-6.74509
-6.74396
-6.74252
-6.74176
-6.74069
-6.7403
-6.73962
-6.73831
-6.73735
-6.73642
-6.73552
-6.73465
-6.73413
-6.73332
-6.73287
-6.73309
-6.73238
-6.73235
-6.73235
-6.73174
-6.73116
-6.73061
-6.73075
-6.73092
-6.73081
-6.73104
-6.73099
-6.73097
-6.73099
-6.73136
-6.73176
-6.7322
-6.73202
-6.7322
-6.73273
-6.73265
-6.73325
-6.73388
-6.73421
-6.7349
-6.73562
-6.73572
-6.73617
-6.73633
-6.73651
-6.73736
-6.73824
-6.73882
-6.73942
-6.74004
-6.74133
-6.74199
-6.74267
-6.74336
-6.74342
-6.74415
-6.74456
-6.74402
-6.74415
-6.74525
-6.74636
-6.74684
-6.74797
-6.74878
-6.7496
-6.75075
-6.75125
-6.75175
-6.75226
-6.75309
-6.75392
-6.75475
-6.75526
-6.75673
-6.75821
-6.7587
-6.7592
-6.75969
-6.76049
-6.76129
-6.76241
-6.76352
-6.76398
-6.76475
-6.7655
-6.76657
-6.76731
-6.76836
-6.76907
-6.76945
-6.77046
-6.77082
-6.77148
-6.77278
-6.77342
-6.7734
-6.77369
-6.77397
-6.77423
-6.77481
-6.77537
-6.77592
-6.7758
-6.77665
-6.77683
-6.77765
-6.77846
-6.77796
-6.77874
-6.77919
-6.77962
-6.78004
-6.78044
-6.78148
-6.78186
-6.78223
-6.78226
-6.78292
-6.78293
-6.78325
-6.7842
-6.78449
-6.78412
-6.78374
-6.78399
-6.78422
-6.78412
-6.78433
-6.78452
-6.78503
-6.7852
-6.78535
-6.78549
-6.78529
-6.78508
-6.78583
-6.7856
-6.78567
-6.78573
-6.78545
-6.78484
-6.78518
-6.78519
-6.78615
-6.78614
-6.78643
-6.78607
-6.78699
-6.78725
-6.78782
-6.78807
-6.78863
-6.78918
-6.78941
-6.79028
-6.79083
-6.79072
-6.79062
-6.79051
-6.79106
-6.79032
-6.79056
-6.79048
-6.79009
-6.78971
-6.78934
-6.78931
-6.7893
-6.78931
-6.78934
-6.7894
-6.79013
-6.79024
-6.79038
-6.79055
-6.79076
-6.79068
-6.79161
-6.7916
-6.79196
-6.79203
-6.79279
-6.79263
-6.7938
-6.7947
-6.79531
-6.79597
-6.79699
-6.79774
-6.79788
-6.79838
-6.79958
-6.80016
-6.80111
-6.8021
-6.80312
-6.80385
-6.80494
-6.80572
-6.80686
-6.80738
-6.80823
-6.80975
-6.81097
-6.81154
-6.81212
-6.81336
-6.81491
-6.81614
-6.81704
-6.81826
-6.81913
-6.82031
-6.82115
-6.82196
-6.82339
-6.82447
-6.82584
-6.8262
-6.82685
-6.8281
-6.82899
-6.8295
-6.82997
-6.83038
-6.83107
-6.83137
-6.83194
-6.8318
-6.83224
-6.8323
-6.83326
-6.8348
-6.8353
-6.83541
-6.83481
-6.83478
-6.83501
-6.83516
-6.83492
-6.83429
-6.83326
-6.83248
-6.83195
-6.83136
-6.83005
-6.82996
-6.82883
-6.82731
-6.8267
-6.82537
-6.82463
-6.82318
-6.82231
-6.82105
-6.81941
-6.81804
-6.81628
-6.8148
-6.81326
-6.81231
-6.81067
-6.80866
-6.80691
-6.80513
-6.80362
-6.80174
-6.79982
-6.79787
-6.79587
-6.79384
-6.79242
-6.79032
-6.78754
-6.78571
-6.78384
-6.78228
-6.77971
-6.77713
-6.77484
-6.77286
-6.77021
-6.76786
-6.76518
-6.76312
-6.76106
-6.75865
-6.75688
-6.75445
-6.75234
-6.75021
-6.74743
-6.74561
-6.74314
-6.74098
-6.7385
-6.73633
-6.73384
-6.73135
-6.72885
-6.72636
-6.72321
-6.72071
-6.71822
-6.71605
-6.71356
-6.71171
-6.7089
-6.70577
-6.7033
-6.70082
-6.69803
-6.69557
-6.6928
-6.691
-6.68857
-6.68615
-6.68374
-6.68101
-6.67831
-6.67594
-6.67326
-6.6706
-6.66893
-6.66663
-6.66435
-6.66209
-6.65985
-6.65731
-6.6548
-6.65264
-6.65051
-6.64905
-6.64794
-6.6459
-6.64486
-6.64223
-6.64029
-6.63806
-6.63554
-6.63371
-6.63062
-6.62887
-6.62716
-6.62582
-6.62387
-6.62262
-6.62141
-6.61929
-6.6185
-6.61712
-6.61611
-6.61419
-6.61231
-6.61082
-6.6097
-6.60896
-6.60763
-6.60636
-6.60483
-6.604
-6.60355
-6.60252
-6.60219
-6.60161
-6.60076
-6.6003
-6.59991
-6.59925
-6.59866
-6.59911
-6.59801
-6.59762
-6.5973
-6.59803
-6.59817
-6.5987
-6.59833
-6.59868
-6.59878
-6.59991
-6.60112
-6.60174
-6.60243
-6.60319
-6.60305
-6.60426
-6.60555
-6.60755
-6.60896
-6.61044
-6.61166
-6.61359
-6.61526
-6.61666
-6.61813
-6.61965
-6.62091
-6.62287
-6.62489
-6.62664
-6.62876
-6.63062
-6.63252
-6.63479
-6.63647
-6.63916
-6.64124
-6.64369
-6.64554
-6.64808
-6.65065
-6.65293
-6.65526
-6.65761
-6.66032
-6.66209
-6.66486
-6.66668
-6.66886
-6.67171
-6.67459
-6.67748
-6.68008
-6.68269
-6.68662
-6.6896
-6.69227
-6.69496
-6.69766
-6.69973
-6.70246
-6.7052
-6.70827
-6.71168
-6.71413
-6.71658
-6.71937
-6.72249
-6.72529
-6.72842
-6.73188
-6.73469
-6.73718
-6.74032
-6.74314
-6.74595
-6.74844
-6.75126
-6.75439
-6.75687
-6.75839
-6.76119
-6.76399
-6.76711
-6.7699
-6.773
-6.77448
-6.77789
-6.78065
-6.78372
-6.7871
-6.79048
-6.7932
-6.79559
-6.79861
-6.8013
-6.80364
-6.80663
-6.8096
-6.81255
-6.81549
-6.81776
-6.82002
-6.82291
-6.82514
-6.82799
-6.83083
-6.833
-6.83515
-6.83759
-6.8397
-6.84113
-6.84351
-6.84522
-6.84788
-6.85019
-6.85246
-6.85471
-6.85693
-6.85879
-6.86095
-6.86307
-6.8642
-6.86658
-6.86925
-6.87091
-6.87351
-6.87606
-6.87793
-6.87975
-6.8825
-6.88455
-6.88656
-6.88852
-6.89044
-6.8923
-6.89346
-6.89555
-6.89693
-6.89826
-6.9005
-6.9014
-6.90256
-6.90335
-6.90505
-6.90604
-6.90665
-6.90688
-6.90738
-6.90814
-6.90917
-6.90948
-6.90974
-6.91059
-6.91138
-6.91276
-6.91279
-6.91276
-6.91267
-6.91318
-6.91331
-6.91274
-6.91277
-6.91306
-6.91299
-6.91286
-6.91269
-6.91215
-6.91189
-6.91127
-6.91158
-6.91087
-6.91078
-6.91033
-6.9105
-6.90999
-6.90978
-6.90889
-6.90766
-6.90641
-6.90611
-6.90547
-6.90482
-6.90318
-6.90186
-6.9015
-6.90016
-6.89882
-6.8978
-6.8971
-6.89673
-6.89571
-6.89534
-6.89498
-6.89494
-6.8946
-6.89361
-6.89329
-6.89265
-6.89202
-6.89205
-6.89177
-6.89216
-6.89094
-6.89071
-6.88953
-6.88901
-6.88884
-6.88835
-6.88724
-6.88646
-6.88603
-6.88626
-6.88553
-6.88547
-6.88445
-6.88377
-6.88343
-6.8831
-6.88311
-6.88217
-6.88221
-6.88226
-6.88199
-6.88174
-6.88149
-6.88061
-6.88071
-6.87952
-6.87931
-6.87975
-6.8802
-6.87968
-6.8795
-6.87932
-6.87817
-6.87799
-6.87815
-6.87798
-6.87813
-6.87829
-6.87748
-6.87764
-6.87812
-6.8773
-6.87681
-6.87664
-6.87615
-6.87695
-6.87742
-6.87692
-6.87674
-6.87688
-6.87637
-6.87553
-6.87565
-6.8748
-6.87426
-6.87469
-6.87478
-6.8752
-6.87463
-6.87405
-6.87476
-6.87385
-6.87357
-6.87327
-6.87329
-6.87168
-6.87103
-6.87198
-6.87162
-6.87125
-6.87086
-6.87045
-6.8697
-6.86893
-6.86846
-6.8683
-6.86877
-6.86824
-6.86801
-6.86647
-6.86588
-6.8656
-6.86464
-6.86398
-6.8633
-6.86228
-6.86091
-6.86081
-6.85939
-6.85893
-6.85811
-6.8576
-6.85674
-6.85521
-6.85496
-6.85306
-6.85212
-6.85116
-6.84985
-6.84918
-6.84913
-6.84875
-6.8477
-6.84664
-6.84557
-6.84415
-6.84305
-6.84161
-6.83984
-6.83838
-6.83757
-6.83609
-6.83494
-6.83378
-6.83294
-6.83145
-6.83061
-6.82977
-6.8286
-6.82712
-6.82628
-6.82415
-6.82236
-6.82186
-6.82041
-6.8196
-6.81881
-6.81769
-6.81627
-6.81517
-6.81474
-6.81399
-6.81293
-6.81189
-6.81118
-6.81015
-6.80752
-6.80653
-6.80586
-6.80489
-6.80264
-6.80202
-6.80076
-6.79951
-6.79892
-6.79737
-6.79616
-6.79495
-6.79376
-6.79258
-6.79205
-6.7912
-6.79036
-6.78953
-6.78805
-6.78658
-6.7864
-6.78623
-6.78574
-6.78524
-6.78443
-6.78296
-6.78246
-6.78163
-6.78112
-6.77996
-6.77912
-6.77827
-6.77741
-6.77686
-6.77566
-6.77541
-6.77419
-6.77359
-6.77267
-6.77237
-6.77206
-6.77077
-6.77011
-6.76911
-6.76843
-6.76772
-6.767
-6.76594
-6.76453
-6.76344
-6.762
-6.76152
-6.7607
-6.75921
-6.75739
-6.75587
-6.75402
-6.7515
-6.75027
-6.74903
-6.74778
-6.74651
-6.74524
-6.74396
-6.74235
-6.74073
-6.73878
-6.73748
-6.73586
-6.73553
-6.7339
-6.73292
-6.73163
-6.73066
-6.72937
-6.72809
-6.72714
-6.72556
-6.72464
-6.72308
-6.72187
-6.72002
-6.71884
-6.71704
-6.7159
-6.71447
-6.71339
-6.71232
-6.71097
-6.70996
-6.7093
-6.70803
-6.70582
-6.70525
-6.70408
-6.70325
-6.70214
-6.70074
-6.70002
-6.69965
-6.69868
-6.69806
-6.69877
-6.69823
-6.69772
-6.69757
-6.6968
-6.69672
-6.697
-6.69569
-6.69572
-6.69545
-6.69522
-6.6947
-6.69453
-6.69407
-6.69429
-6.69422
-6.69418
-6.69352
-6.69354
-6.69358
-6.69397
-6.69407
-6.69452
-6.69466
-6.69451
-6.6947
-6.69525
-6.69516
-6.69575
-6.69603
-6.69633
-6.69666
-6.69732
-6.69769
-6.69807
-6.69782
-6.69759
-6.69771
-6.69848
-6.69895
-6.69911
-6.69897
-6.70046
-6.70099
-6.70153
-6.70274
-6.70332
-6.70391
-6.70483
-6.70545
-6.70608
-6.70673
-6.70739
-6.70807
-6.70875
-6.70913
-6.7105
-6.71123
-6.711
-6.71177
-6.71222
-6.71269
-6.71351
-6.71401
-6.71518
-6.71636
-6.71692
-6.71879
-6.72002
-6.72096
-6.72191
-6.72223
-6.72321
-6.72454
-6.72524
-6.72661
-6.72735
-6.72908
-6.73018
-6.73129
-6.73146
-6.73261
-6.73378
-6.73464
-6.73584
-6.73673
-6.73796
-6.73856
-6.73949
-6.74011
-6.74139
-6.74269
-6.74431
-6.74595
-6.74759
-6.74956
-6.75056
-6.75189
-6.75322
-6.75488
-6.75589
-6.75786
-6.75984
-6.76181
-6.76248
-6.76346
-6.76508
-6.76637
-6.76732
-6.76858
-6.77015
-6.77138
-6.77292
-6.77445
-6.77562
-6.77646
-6.77695
-6.77839
-6.77948
-6.78023
-6.78127
-6.78229
-6.7836
-6.78424
-6.78518
-6.78608
-6.78696
-6.78878
-6.78928
-6.78975
-6.79148
-6.79222
-6.79324
-6.79457
-6.79554
-6.79648
-6.79707
-6.79763
-6.79816
-6.79866
-6.79882
-6.79894
-6.79936
-6.79944
-6.80013
-6.80048
-6.80081
-6.79981
-6.79945
-6.80003
-6.80027
-6.80048
-6.80133
-6.80183
-6.80264
-6.80246
-6.80227
-6.8027
-6.80182
-6.80255
-6.80262
-6.80268
-6.80207
-6.8021
-6.80244
-6.80277
-6.8031
-6.80309
-6.80339
-6.80305
-6.80367
-6.80332
-6.80328
-6.80357
-6.80386
-6.80383
-6.80347
-6.8044
-6.8047
-6.80499
-6.80432
-6.8043
-6.80429
-6.80493
-6.80494
-6.80527
-6.80497
-6.805
-6.80537
-6.8051
-6.80516
-6.80492
-6.80469
-6.80479
-6.80491
-6.8057
-6.80617
-6.80602
-6.80652
-6.80672
-6.80694
-6.80685
-6.80645
-6.80704
-6.80732
-6.80762
-6.80793
-6.80794
-6.8086
-6.80767
-6.80804
-6.8081
-6.80849
-6.80857
-6.80931
-6.80973
-6.81016
-6.8106
-6.81071
-6.81116
-6.81096
-6.81173
-6.81218
-6.81328
-6.81404
-6.81383
-6.81362
-6.81405
-6.81511
-6.81519
-6.81526
-6.81532
-6.81568
-6.81635
-6.81732
-6.81763
-6.81759
-6.81817
-6.81873
-6.81861
-6.81879
-6.81894
-6.81906
-6.8198
-6.81986
-6.8202
-6.82019
-6.81983
-6.81975
-6.82028
-6.82013
-6.81994
-6.81971
-6.81945
-6.81883
-6.81849
-6.81876
-6.81899
-6.81854
-6.81805
-6.81752
-6.81599
-6.81572
-6.81443
-6.81376
-6.81241
-6.81167
-6.81026
-6.80913
-6.8083
-6.80808
-6.80719
-6.80627
-6.805
-6.80468
-6.80401
-6.803
-6.80228
-6.8009
-6.7995
-6.79938
-6.7986
-6.79749
-6.79668
-6.79652
-6.79505
-6.79423
-6.79308
-6.79192
-6.79109
-6.78962
-6.78911
-6.78862
-6.78716
-6.78635
-6.78556
-6.78478
-6.78368
-6.78357
-6.78252
-6.78147
-6.7798
-6.77913
-6.7775
-6.77654
-6.77594
-6.77503
-6.77383
-6.77331
-6.77152
-6.77138
-6.77029
-6.76892
-6.76855
-6.76789
-6.76693
-6.76633
-6.76576
-6.7649
-6.76505
-6.7649
-6.76479
-6.76438
-6.76336
-6.76301
-6.76237
-6.76241
-6.76248
-6.76128
-6.76108
-6.76091
-6.76108
-6.76032
-6.7599
-6.75982
-6.75977
-6.76006
-6.75972
-6.75908
-6.75845
-6.75849
-6.75886
-6.75893
-6.75868
-6.75844
-6.75886
-6.75831
-6.75809
-6.75821
-6.758
-6.75812
-6.75856
-6.75868
-6.75879
-6.75858
-6.75837
-6.75847
-6.75825
-6.75834
-6.75842
-6.75882
-6.75888
-6.75893
-6.75897
-6.75868
-6.75869
-6.7587
-6.75868
-6.75801
-6.75861
-6.75855
-6.75815
-6.75774
-6.75795
-6.7575
-6.7567
-6.75653
-6.75634
-6.75614
-6.75526
-6.75501
-6.75539
-6.75511
-6.75447
-6.75447
-6.75477
-6.75537
-6.75434
-6.75361
-6.75286
-6.75274
-6.75227
-6.75179
-6.75096
-6.75043
-6.74956
-6.74932
-6.74841
-6.7478
-6.74783
-6.74718
-6.7462
-6.74584
-6.74578
-6.74474
-6.744
-6.74357
-6.74312
-6.74201
-6.74185
-6.74135
-6.74116
-6.74095
-6.74008
-6.7392
-6.73894
-6.73803
-6.73743
-6.73616
-6.73521
-6.7336
-6.7323
-6.73099
-6.72935
-6.72866
-6.72732
-6.7263
-6.72494
-6.72423
-6.7235
-6.72245
-6.7214
-6.72002
-6.71896
-6.7179
-6.71619
-6.71513
-6.71439
-6.71365
-6.71259
-6.71121
-6.70984
-6.70847
-6.70743
-6.70673
-6.70571
-6.70438
-6.70403
-6.70369
-6.70272
-6.70144
-6.7005
-6.69957
-6.69899
-6.69745
-6.69627
-6.69575
-6.69493
-6.69381
-6.69304
-6.69198
-6.6916
-6.69124
-6.69125
-6.69064
-6.69006
-6.6892
-6.68871
-6.68825
-6.68751
-6.68649
-6.68616
-6.68621
-6.68598
-6.68644
-6.68502
-6.68494
-6.6859
-6.68593
-6.68603
-6.68618
-6.68639
-6.68699
-6.68765
-6.68773
-6.6882
-6.68873
-6.68901
-6.68968
-6.69042
-6.6909
-6.69179
-6.69274
-6.69345
-6.69455
-6.69573
-6.6973
-6.69799
-6.69907
-6.70055
-6.70242
-6.70373
-6.70543
-6.70752
-6.70872
-6.71031
-6.71198
-6.71468
-6.71648
-6.71835
-6.72093
-6.72325
-6.72596
-6.72808
-6.73025
-6.73249
-6.7351
-6.73809
-6.73983
-6.74258
-6.74506
-6.74855
-6.75175
-6.75435
-6.75729
-6.76059
-6.76489
-6.76825
-6.77097
-6.77436
-6.77614
-6.77955
-6.78296
-6.78573
-6.78915
-6.79224
-6.79532
-6.7984
-6.80178
-6.80482
-6.80784
-6.81052
-6.81381
-6.8174
-6.8203
-6.82317
-6.82568
-6.82847
-6.83153
-6.83423
-6.83687
-6.83882
-6.84135
-6.84383
-6.84625
-6.84828
-6.85057
-6.8528
-6.85529
-6.8577
-6.85972
-6.86166
-6.86386
-6.86566
-6.8677
-6.86998
-6.87154
-6.87302
-6.87474
-6.87637
-6.87728
-6.87842
-6.87981
-6.87981
-6.88135
-6.88281
-6.88386
-6.88385
-6.88473
-6.88585
-6.88656
-6.88686
-6.88676
-6.88722
-6.88727
-6.88724
-6.88713
-6.88693
-6.88699
-6.88663
-6.88588
-6.8857
-6.88544
-6.88511
-6.88502
-6.88455
-6.88367
-6.88305
-6.88204
-6.88064
-6.87981
-6.87828
-6.87669
-6.87536
-6.87397
-6.87317
-6.87134
-6.8701
-6.86881
-6.86715
-6.86543
-6.86432
-6.86317
-6.86165
-6.85977
-6.85753
-6.85525
-6.85358
-6.85157
-6.84952
-6.84713
-6.84503
-6.8426
-6.84047
-6.838
-6.83521
-6.83305
-6.83056
-6.82872
-6.82592
-6.82311
-6.82097
-6.81915
-6.81768
-6.81526
-6.81318
-6.81112
-6.80845
-6.80581
-6.80418
-6.80194
-6.79974
-6.79791
-6.79613
-6.79407
-6.79271
-6.79077
-6.78952
-6.78866
-6.78722
-6.78552
-6.78388
-6.78296
-6.78178
-6.78099
-6.77995
-6.77833
-6.7771
-6.77626
-6.77516
-6.77446
-6.77382
-6.77324
-6.77272
-6.77227
-6.77219
-6.77216
-6.77154
-6.77097
-6.77207
-6.77223
-6.77211
-6.77169
-6.77196
-6.77192
-6.77191
-6.77159
-6.77128
-6.77228
-6.77231
-6.77202
-6.77172
-6.77173
-6.77173
-6.77204
-6.77232
-6.77225
-6.7728
-6.77235
-6.77186
-6.77133
-6.77075
-6.77077
-6.76978
-6.76937
-6.76957
-6.76873
-6.76784
-6.76721
-6.76716
-6.76576
-6.76494
-6.76406
-6.76245
-6.76111
-6.76002
-6.75886
-6.75764
-6.75635
-6.75531
-6.75454
-6.75305
-6.7515
-6.74989
-6.74854
-6.74649
-6.7447
-6.74319
-6.74194
-6.74001
-6.73835
-6.73568
-6.73361
-6.73217
-6.72972
-6.72756
-6.72506
-6.72318
-6.72
-6.71745
-6.71489
-6.71266
-6.70978
-6.70755
-6.70534
-6.70314
-6.70063
-6.69816
-6.69636
-6.69396
-6.69224
-6.68992
-6.68863
-6.68675
-6.6846
-6.68219
-6.68051
-6.6789
-6.67736
-6.67591
-6.6739
-6.67262
-6.67176
-6.67035
-6.66936
-6.66847
-6.66671
-6.6657
-6.66415
-6.66304
-6.66333
-6.66373
-6.66327
-6.66389
-6.66463
-6.66483
-6.66449
-6.66491
-6.66511
-6.66574
-6.66648
-6.66765
-6.66861
-6.66901
-6.66985
-6.6711
-6.67245
-6.67455
-6.67576
-6.67739
-6.67975
-6.68187
-6.68375
-6.68572
-6.6884
-6.69052
-6.69238
-6.69464
-6.69696
-6.69902
-6.70179
-6.70429
-6.7075
-6.71011
-6.71342
-6.71613
-6.71824
-6.72104
-6.72355
-6.72707
-6.72965
-6.73258
-6.73522
-6.73853
-6.74186
-6.74489
-6.74761
-6.75099
-6.75373
-6.7568
-6.76085
-6.76426
-6.768
-6.7714
-6.77449
-6.77724
-6.7803
-6.78303
-6.78607
-6.78877
-6.7921
-6.79541
-6.79838
-6.80164
-6.80488
-6.80745
-6.81063
-6.81411
-6.8169
-6.81966
-6.82238
-6.82474
-6.82738
-6.82965
-6.83285
-6.83536
-6.83782
-6.84088
-6.84324
-6.84458
-6.84715
-6.85
-6.85214
-6.85455
-6.85689
-6.85885
-6.86074
-6.86289
-6.86464
-6.86632
-6.86825
-6.86946
-6.87156
-6.87326
-6.87455
-6.87576
-6.87656
-6.87728
-6.87887
-6.87974
-6.87921
-6.87989
-6.88112
-6.88161
-6.88199
-6.88196
-6.88215
-6.88191
-6.88157
-6.88112
-6.88122
-6.88089
-6.87948
-6.87894
-6.87862
-6.87787
-6.87636
-6.87573
-6.87433
-6.87348
-6.87285
-6.87115
-6.87
-6.8681
-6.86674
-6.8653
-6.86343
-6.86115
-6.85845
-6.85631
-6.85409
-6.85211
-6.84973
-6.84759
-6.84506
-6.84213
-6.83946
-6.8364
-6.83426
-6.83109
-6.82787
-6.82461
-6.82098
-6.81828
-6.81523
-6.81214
-6.80871
-6.80558
-6.80178
-6.79797
-6.79481
-6.79163
-6.78846
-6.78562
-6.78214
-6.77933
-6.77653
-6.7731
-6.77035
-6.76698
-6.76365
-6.76067
-6.75709
-6.7542
-6.75135
-6.74888
-6.74679
-6.74475
-6.74244
-6.7402
-6.73769
-6.73525
-6.73288
-6.73025
-6.72834
-6.72553
-6.72409
-6.72208
-6.72047
-6.71862
-6.71684
-6.71547
-6.71451
-6.71331
-6.71122
-6.71019
-6.70892
-6.70773
-6.70599
-6.70498
-6.70438
-6.70354
-6.70312
-6.70311
-6.70286
-6.70238
-6.70231
-6.702
-6.7008
-6.6997
-6.69965
-6.69969
-6.69916
-6.69806
-6.69899
-6.69967
-6.69946
-6.69997
-6.70056
-6.70122
-6.70162
-6.70306
-6.70392
-6.70484
-6.7055
-6.70654
-6.70634
-6.70684
-6.70803
-6.70928
-6.71089
-6.71254
-6.7139
-6.71563
-6.71641
-6.7169
-6.71807
-6.71958
-6.72079
-6.72234
-6.7239
-6.72579
-6.72705
-6.72864
-6.72991
-6.73182
-6.73439
-6.73662
-6.73788
-6.73978
-6.742
-6.74355
-6.74509
-6.74629
-6.74651
-6.74768
-6.7498
-6.75094
-6.75303
-6.75412
-6.75585
-6.75723
-6.75859
-6.76026
-6.76125
-6.76256
-6.76416
-6.7651
-6.7657
-6.76693
-6.76912
-6.77032
-6.77248
-6.77365
-6.77449
-6.77564
-6.77646
-6.77824
-6.77936
-6.78114
-6.78258
-6.7837
-6.7845
-6.78562
-6.78674
-6.78787
-6.78998
-6.79145
-6.79294
-6.79313
-6.79432
-6.79649
-6.79804
-6.79895
-6.80021
-6.80182
-6.80247
-6.80413
-6.80451
-6.80557
-6.80795
-6.80874
-6.81021
-6.81138
-6.81258
-6.81414
-6.81605
-6.81766
-6.81898
-6.82163
-6.82301
-6.82442
-6.82618
-6.8283
-6.82979
-6.83131
-6.83317
-6.83506
-6.83664
-6.83889
-6.84083
-6.84279
-6.84346
-6.84544
-6.8471
-6.84941
-6.8514
-6.85372
-6.85539
-6.85672
-6.85869
-6.8613
-6.86357
-6.86615
-6.86774
-6.86995
-6.87117
-6.873
-6.8748
-6.87721
-6.87958
-6.88126
-6.88258
-6.88449
-6.88634
-6.88815
-6.8899
-6.89158
-6.89321
-6.89412
-6.89529
-6.89606
-6.89741
-6.89901
-6.90021
-6.90198
-6.9027
-6.90366
-6.90486
-6.90533
-6.90572
-6.90634
-6.90655
-6.90765
-6.90736
-6.90698
-6.90652
-6.90596
-6.90596
-6.90619
-6.90503
-6.90379
-6.9031
-6.90232
-6.90241
-6.9008
-6.89942
-6.89828
-6.89705
-6.89605
-6.89528
-6.89411
-6.89219
-6.89052
-6.88843
-6.88691
-6.88531
-6.88265
-6.88056
-6.87806
-6.87452
-6.87252
-6.87013
-6.86766
-6.86512
-6.86252
-6.86017
-6.85777
-6.85497
-6.85148
-6.84858
-6.84562
-6.84262
-6.83989
-6.83648
-6.83368
-6.83117
-6.82797
-6.82508
-6.82216
-6.8189
-6.81595
-6.81234
-6.80904
-6.80542
-6.80212
-6.79883
-6.79555
-6.79163
-6.78902
-6.78578
-6.7829
-6.78003
-6.77656
-6.77311
-6.77002
-6.7673
-6.76462
-6.76005
-6.75747
-6.75494
-6.75181
-6.74906
-6.74637
-6.74341
-6.74052
-6.73769
-6.73556
-6.73318
-6.73054
-6.72764
-6.72514
-6.72302
-6.72064
-6.71898
-6.71738
-6.71553
-6.71503
-6.71266
-6.71067
-6.7094
-6.70753
-6.70638
-6.70367
-6.70199
-6.70036
-6.69879
-6.69728
-6.69614
-6.69408
-6.69336
-6.69237
-6.69143
-6.69053
-6.68968
-6.68887
-6.68809
-6.68671
-6.68634
-6.68569
-6.68539
-6.68482
-6.68395
-6.68377
-6.68331
-6.68288
-6.68249
-6.68214
-6.68248
-6.68221
-6.68166
-6.68115
-6.68102
-6.6806
-6.68121
-6.68123
-6.68161
-6.68173
-6.68127
-6.68086
-6.68116
-6.68121
-6.68197
-6.68248
-6.68339
-6.68437
-6.68575
-6.68657
-6.6878
-6.68878
-6.68985
-6.69101
-6.69291
-6.69426
-6.69602
-6.69788
-6.69919
-6.70091
-6.70338
-6.70497
-6.70731
-6.70941
-6.71194
-6.71422
-6.71693
-6.71939
-6.72065
-6.72361
-6.72633
-6.72912
-6.73134
-6.73427
-6.73598
-6.73905
-6.74282
-6.74599
-6.74889
-6.75215
-6.75481
-6.75847
-6.76151
-6.76457
-6.76798
-6.77107
-6.77449
-6.77791
-6.78197
-6.78538
-6.78877
-6.79213
-6.7958
-6.79911
-6.80173
-6.8056
-6.80943
-6.81224
-6.81628
-6.8193
-6.82289
-6.82577
-6.82825
-6.83066
-6.83395
-6.83651
-6.83833
-6.84136
-6.84397
-6.84583
-6.84759
-6.84958
-6.85178
-6.85322
-6.85489
-6.85611
-6.85787
-6.8592
-6.8604
-6.86149
-6.86247
-6.86397
-6.86439
-6.86436
-6.86487
-6.86559
-6.86586
-6.86634
-6.86638
-6.8663
-6.86578
-6.86451
-6.86344
-6.86324
-6.8626
-6.86217
-6.86132
-6.86036
-6.85897
-6.85846
-6.85752
-6.85616
-6.85342
-6.85188
-6.8509
-6.84886
-6.84803
-6.8468
-6.84452
-6.84249
-6.84039
-6.83821
-6.83533
-6.83237
-6.82969
-6.82759
-6.82512
-6.82324
-6.82068
-6.81839
-6.81606
-6.81337
-6.81097
-6.80854
-6.80511
-6.80199
-6.79918
-6.79699
-6.7948
-6.7926
-6.78975
-6.78723
-6.78471
-6.78188
-6.77841
-6.77594
-6.77316
-6.77106
-6.76834
-6.76598
-6.76333
-6.76138
-6.75915
-6.75697
-6.7542
-6.75181
-6.74916
-6.74722
-6.74536
-6.74291
-6.74055
-6.7389
-6.73637
-6.73522
-6.7335
-6.73155
-6.73001
-6.72921
-6.72753
-6.72659
-6.7251
-6.72403
-6.72273
-6.72152
-6.72106
-6.72069
-6.72009
-6.71959
-6.71917
-6.71917
-6.71862
-6.71814
-6.71841
-6.71843
-6.71788
-6.71806
-6.71831
-6.71864
-6.71871
-6.71852
-6.71905
-6.71964
-6.72028
-6.72033
-6.7201
-6.72058
-6.72174
-6.72262
-6.72322
-6.72451
-6.72517
-6.72619
-6.7266
-6.72734
-6.72843
-6.7289
-6.73035
-6.73246
-6.73329
-6.73445
-6.73465
-6.73582
-6.73668
-6.73721
-6.73936
-6.74087
-6.74237
-6.74387
-6.74536
-6.7462
-6.74737
-6.74852
-6.74967
-6.75049
-6.7513
-6.75243
-6.75355
-6.75401
-6.75544
-6.75654
-6.7586
-6.76001
-6.76076
-6.76248
-6.76452
-6.76591
-6.76664
-6.76673
-6.76745
-6.76915
-6.77052
-6.77188
-6.77324
-6.77557
-6.77725
-6.77796
-6.78029
-6.78164
-6.78364
-6.78467
-6.78473
-6.78673
-6.78808
-6.78976
-6.79078
-6.7918
-6.79282
-6.79416
-6.79517
-6.79553
-6.79653
-6.79753
-6.7982
-6.79853
-6.79919
-6.80016
-6.80112
-6.80175
-6.80204
-6.80297
-6.80389
-6.80446
-6.80535
-6.80621
-6.80706
-6.80822
-6.8087
-6.80949
-6.80993
-6.81002
-6.81073
-6.81142
-6.81208
-6.81303
-6.81427
-6.81355
-6.81441
-6.81459
-6.8157
-6.81549
-6.81556
-6.81559
-6.81591
-6.81619
-6.81675
-6.81661
-6.81644
-6.81687
-6.81661
-6.8163
-6.81627
-6.81652
-6.8164
-6.81558
-6.81537
-6.81543
-6.81512
-6.81476
-6.81305
-6.81195
-6.81178
-6.81123
-6.81096
-6.80968
-6.80899
-6.80859
-6.80716
-6.80602
-6.80517
-6.80394
-6.80365
-6.80299
-6.8023
-6.80092
-6.79951
-6.79807
-6.79724
-6.79639
-6.79519
-6.79331
-6.79173
-6.79045
-6.78915
-6.78784
-6.78683
-6.78485
-6.78252
-6.78117
-6.7798
-6.77843
-6.77707
-6.7757
-6.77401
-6.77234
-6.77099
-6.76966
-6.76867
-6.76705
-6.76609
-6.76549
-6.76393
-6.76273
-6.76156
-6.76139
-6.75996
-6.75825
-6.75788
-6.7569
-6.75564
-6.7541
-6.75359
-6.75247
-6.75174
-6.75074
-6.75044
-6.74923
-6.74873
-6.74829
-6.74792
-6.74826
-6.74932
-6.74947
-6.7484
-6.74934
-6.75003
-6.74982
-6.75
-6.75123
-6.75091
-6.75098
-6.75242
-6.75264
-6.75357
-6.75426
-6.75598
-6.75615
-6.75704
-6.758
-6.75902
-6.75979
-6.76126
-6.7628
-6.76343
-6.76412
-6.76519
-6.76663
-6.76846
-6.76936
-6.77128
-6.77293
-6.77365
-6.77506
-6.77651
-6.77832
-6.77984
-6.7801
-6.78266
-6.78493
-6.78721
-6.78887
-6.79088
-6.79322
-6.79461
-6.79633
-6.7987
-6.80076
-6.8025
-6.80456
-6.80597
-6.80834
-6.81071
-6.81241
-6.81378
-6.81578
-6.81809
-6.81973
-6.82166
-6.82389
-6.82577
-6.82826
-6.83007
-6.83152
-6.83325
-6.83429
-6.83691
-6.83916
-6.84006
-6.84124
-6.84139
-6.8431
-6.84411
-6.84538
-6.84691
-6.84805
-6.84977
-6.8511
-6.85204
-6.8529
-6.85337
-6.85409
-6.85539
-6.85628
-6.85742
-6.85816
-6.8585
-6.85843
-6.85829
-6.85807
-6.85841
-6.85835
-6.85886
-6.85831
-6.85866
-6.85861
-6.8588
-6.85763
-6.8567
-6.85601
-6.85493
-6.85345
-6.85255
-6.85158
-6.85054
-6.84911
-6.84697
-6.84574
-6.84445
-6.84277
-6.84136
-6.8399
-6.83871
-6.83714
-6.83585
-6.8342
-6.8325
-6.8311
-6.82998
-6.82818
-6.82667
-6.82515
-6.82359
-6.8217
-6.81914
-6.81787
-6.81626
-6.8153
-6.81271
-6.81143
-6.81015
-6.80823
-6.806
-6.80475
-6.80321
-6.80136
-6.79954
-6.7984
-6.79826
-6.79655
-6.79455
-6.79259
-6.79133
-6.78979
-6.78831
-6.7872
-6.78583
-6.78452
-6.78359
-6.78241
-6.78097
-6.7796
-6.77798
-6.77708
-6.77658
-6.77615
-6.77483
-6.77456
-6.77308
-6.77264
-6.77261
-6.77234
-6.77246
-6.7717
-6.77231
-6.77267
-6.77246
-6.77232
-6.77258
-6.77324
-6.77396
-6.77476
-6.77464
-6.77524
-6.77557
-6.77628
-6.77639
-6.77721
-6.77871
-6.77929
-6.78024
-6.78121
-6.78222
-6.78357
-6.78463
-6.78602
-6.78743
-6.78853
-6.78931
-6.79073
-6.7915
-6.79259
-6.79367
-6.79505
-6.79609
-6.79711
-6.79778
-6.79906
-6.80031
-6.80152
-6.8014
-6.80188
-6.80361
-6.804
-6.80466
-6.80527
-6.80583
-6.80634
-6.80646
-6.80717
-6.80782
-6.8084
-6.80893
-6.80876
-6.80884
-6.80854
-6.80818
-6.80777
-6.80729
-6.80709
-6.80716
-6.8062
-6.80616
-6.80575
-6.80497
-6.80447
-6.80392
-6.80334
-6.80208
-6.8011
-6.80042
-6.79972
-6.79866
-6.79694
-6.79553
-6.7954
-6.79494
-6.79415
-6.79368
-6.79288
-6.79241
-6.79163
-6.7902
-6.78976
-6.78869
-6.78763
-6.78692
-6.78622
-6.78523
-6.78459
-6.78365
-6.7821
-6.78154
-6.78199
-6.7815
-6.78137
-6.78095
-6.78056
-6.77956
-6.77892
-6.77832
-6.77839
-6.77883
-6.77834
-6.77723
-6.77745
-6.77739
-6.77735
-6.77767
-6.7777
-6.77775
-6.77816
-6.77827
-6.7784
-6.77856
-6.7781
-6.77799
-6.7779
-6.77783
-6.7781
-6.77871
-6.77869
-6.77998
-6.78032
-6.78099
-6.78167
-6.78203
-6.78305
-6.78311
-6.7835
-6.78421
-6.78428
-6.7837
-6.7841
-6.78449
-6.78585
-6.78688
-6.78693
-6.7873
-6.78767
-6.78802
-6.78836
-6.78836
-6.789
-6.78897
-6.78958
-6.78984
-6.79041
-6.79129
-6.79117
-6.79168
-6.79249
-6.79198
-6.79177
-6.79121
-6.79127
-6.79163
-6.79099
-6.79097
-6.7906
-6.79052
-6.79041
-6.79028
-6.79108
-6.79121
-6.7913
-6.79104
-6.79043
-6.78978
-6.78878
-6.78872
-6.78831
-6.78754
-6.78739
-6.7872
-6.78667
-6.78675
-6.78649
-6.78587
-6.7849
-6.78358
-6.78288
-6.78151
-6.78109
-6.77967
-6.77888
-6.77871
-6.7782
-6.77766
-6.77647
-6.77525
-6.77467
-6.7744
-6.77347
-6.77252
-6.77189
-6.77092
-6.77027
-6.76929
-6.76798
-6.76634
-6.76536
-6.76469
-6.76402
-6.76304
-6.76206
-6.76206
-6.76175
-6.76112
-6.76051
-6.75958
-6.75835
-6.75779
-6.75691
-6.75671
-6.75589
-6.75509
-6.75464
-6.75389
-6.75253
-6.75153
-6.75088
-6.7506
-6.75003
-6.74949
-6.74933
-6.74856
-6.74816
-6.74813
-6.74782
-6.74692
-6.74671
-6.74689
-6.74679
-6.74578
-6.74482
-6.74425
-6.74438
-6.74489
-6.74546
-6.74642
-6.74647
-6.74657
-6.74673
-6.74728
-6.74853
-6.74952
-6.74992
-6.7507
-6.75154
-6.75179
-6.75274
-6.75407
-6.75544
-6.75622
-6.7577
-6.75825
-6.76013
-6.76206
-6.76338
-6.7644
-6.76611
-6.76753
-6.76929
-6.77044
-6.77193
-6.77344
-6.77497
-6.77651
-6.77805
-6.77961
-6.78149
-6.7824
-6.78364
-6.78519
-6.78738
-6.78924
-6.79076
-6.79097
-6.7931
-6.79457
-6.796
-6.79774
-6.79911
-6.79949
-6.80112
-6.8024
-6.8033
-6.80482
-6.80629
-6.80674
-6.80747
-6.80847
-6.80878
-6.80935
-6.80987
-6.81066
-6.81172
-6.81239
-6.813
-6.81355
-6.81437
-6.81609
-6.81614
-6.81741
-6.817
-6.81684
-6.81727
-6.81763
-6.8176
-6.81749
-6.81732
-6.81676
-6.81645
-6.81607
-6.81595
-6.81511
-6.8142
-6.81322
-6.8125
-6.81106
-6.80987
-6.80862
-6.80763
-6.80722
-6.80707
-6.80621
-6.80561
-6.80365
-6.80228
-6.79988
-6.79839
-6.79684
-6.79588
-6.79421
-6.7925
-6.79073
-6.78891
-6.78737
-6.78578
-6.78448
-6.78248
-6.78044
-6.77772
-6.77626
-6.7738
-6.77163
-6.76944
-6.76754
-6.76563
-6.76338
-6.76111
-6.75882
-6.75653
-6.75456
-6.75193
-6.7493
-6.74668
-6.74406
-6.7408
-6.73821
-6.73563
-6.73306
-6.7302
-6.72769
-6.72521
-6.7234
-6.72131
-6.71861
-6.71627
-6.7143
-6.71238
-6.71115
-6.70933
-6.70757
-6.70619
-6.70454
-6.70263
-6.70112
-6.69999
-6.69893
-6.69794
-6.69638
-6.69522
-6.69413
-6.69248
-6.69123
-6.69167
-6.69123
-6.69055
-6.68994
-6.6891
-6.68834
-6.68766
-6.6874
-6.68754
-6.68712
-6.68678
-6.68685
-6.68667
-6.68723
-6.68818
-6.68857
-6.68937
-6.69024
-6.69086
-6.69187
-6.69264
-6.69251
-6.69406
-6.69471
-6.69511
-6.69557
-6.69641
-6.69763
-6.69859
-6.70058
-6.70197
-6.70374
-6.70524
-6.70678
-6.70805
-6.70903
-6.71169
-6.71341
-6.71518
-6.71763
-6.71948
-6.722
-6.72424
-6.72555
-6.72656
-6.72858
-6.73031
-6.73206
-6.7345
-6.73729
-6.73913
-6.74133
-6.74323
-6.74516
-6.74711
-6.74941
-6.75174
-6.75474
-6.75711
-6.75951
-6.76225
-6.76405
-6.76651
-6.769
-6.77182
-6.7737
-6.77656
-6.77911
-6.78136
-6.78394
-6.78653
-6.78946
-6.7911
-6.79372
-6.79634
-6.79864
-6.80127
-6.80423
-6.80685
-6.8098
-6.81306
-6.81502
-6.8173
-6.81988
-6.82277
-6.82499
-6.82784
-6.83034
-6.83281
-6.83492
-6.83798
-6.84068
-6.84334
-6.84629
-6.8479
-6.85076
-6.85293
-6.85505
-6.85712
-6.85816
-6.86044
-6.86299
-6.86515
-6.86693
-6.86864
-6.86996
-6.87089
-6.87337
-6.8748
-6.87681
-6.87778
-6.87931
-6.88077
-6.88216
-6.88346
-6.88403
-6.88518
-6.88591
-6.88689
-6.88681
-6.88698
-6.88738
-6.88738
-6.88794
-6.88842
-6.88849
-6.88815
-6.88838
-6.88852
-6.88729
-6.88694
-6.88781
-6.88698
-6.8864
-6.88574
-6.88499
-6.88384
-6.88294
-6.88196
-6.88058
-6.87848
-6.87695
-6.87567
-6.87432
-6.87322
-6.87172
-6.86951
-6.86788
-6.86651
-6.86475
-6.86357
-6.86233
-6.86038
-6.85836
-6.85629
-6.85415
-6.85195
-6.8497
-6.84771
-6.84566
-6.84356
-6.84108
-6.83823
-6.83564
-6.83236
-6.82935
-6.82598
-6.82223
-6.81942
-6.81656
-6.81365
-6.81071
-6.80772
-6.8047
-6.80099
-6.79887
-6.79543
-6.79195
-6.78877
-6.78524
-6.78168
-6.77875
-6.77515
-6.77185
-6.76855
-6.7649
-6.76157
-6.75791
-6.75555
-6.75189
-6.74888
-6.74523
-6.74158
-6.73795
-6.73466
-6.73107
-6.72783
-6.72429
-6.72078
-6.71731
-6.71387
-6.7108
-6.70778
-6.70514
-6.70255
-6.70001
-6.69657
-6.69353
-6.69185
-6.68927
-6.68677
-6.68468
-6.68268
-6.68012
-6.67765
-6.6756
-6.673
-6.67115
-6.66876
-6.66648
-6.66496
-6.66356
-6.66324
-6.66271
-6.66069
-6.65976
-6.65928
-6.65827
-6.65803
-6.65791
-6.6576
-6.65773
-6.65733
-6.65739
-6.65756
-6.65754
-6.65763
-6.65817
-6.65883
-6.65928
-6.65984
-6.66084
-6.66293
-6.6648
-6.66645
-6.66821
-6.67007
-6.67073
-6.67246
-6.6746
-6.67651
-6.67851
-6.68026
-6.68274
-6.6853
-6.68793
-6.69031
-6.69242
-6.69493
-6.69717
-6.69978
-6.70245
-6.7055
-6.70891
-6.71204
-6.71522
-6.71875
-6.72167
-6.72429
-6.72759
-6.73026
-6.7336
-6.73664
-6.73937
-6.74243
-6.74583
-6.74923
-6.75231
-6.75572
-6.7588
-6.76188
-6.76495
-6.76801
-6.77106
-6.77345
-6.77712
-6.78077
-6.78375
-6.78704
-6.7903
-6.79353
-6.79674
-6.79959
-6.80273
-6.80616
-6.80859
-6.81098
-6.81398
-6.81661
-6.81985
-6.82273
-6.82524
-6.82705
-6.82946
-6.83182
-6.83511
-6.83769
-6.84054
-6.84269
-6.84478
-6.84617
-6.84814
-6.85071
-6.85224
-6.85371
-6.85544
-6.85677
-6.85934
-6.86152
-6.8633
-6.86437
-6.86602
-6.86759
-6.86845
-6.86956
-6.8706
-6.87123
-6.8718
-6.87228
-6.87237
-6.87271
-6.87298
-6.87349
-6.87392
-6.87362
-6.87422
-6.87442
-6.87454
-6.87426
-6.87422
-6.87411
-6.87359
-6.87332
-6.87297
-6.87254
-6.87236
-6.87112
-6.87014
-6.8694
-6.86729
-6.86673
-6.86577
-6.86473
-6.86329
-6.86244
-6.86118
-6.85986
-6.85944
-6.85701
-6.85516
-6.85324
-6.85191
-6.84955
-6.84809
-6.84626
-6.84371
-6.84111
-6.83976
-6.83803
-6.83592
-6.83409
-6.83092
-6.829
-6.82639
-6.82374
-6.82106
-6.81802
-6.81527
-6.81249
-6.81033
-6.80782
-6.80529
-6.80306
-6.80016
-6.79757
-6.79497
-6.79236
-6.79006
-6.78743
-6.7848
-6.78282
-6.78051
-6.77886
-6.77656
-6.77493
-6.77201
-6.76975
-6.76718
-6.76464
-6.76211
-6.75928
-6.75679
-6.75466
-6.75288
-6.75016
-6.7478
-6.7445
-6.74221
-6.74028
-6.73806
-6.73588
-6.73374
-6.73164
-6.72959
-6.72726
-6.72594
-6.7237
-6.72151
-6.71969
-6.71856
-6.71716
-6.71548
-6.71417
-6.71227
-6.71042
-6.70894
-6.70783
-6.70678
-6.70545
-6.70385
-6.7023
-6.70113
-6.70033
-6.69927
-6.69793
-6.69632
-6.6954
-6.69422
-6.69374
-6.69233
-6.69131
-6.6913
-6.69136
-6.69017
-6.69
-6.68989
-6.68984
-6.68983
-6.68988
-6.68902
-6.68886
-6.68908
-6.68903
-6.68904
-6.68878
-6.68857
-6.6894
-6.68931
-6.68896
-6.68963
-6.69037
-6.69085
-6.69138
-6.69197
-6.69295
-6.69367
-6.69444
-6.69529
-6.69651
-6.69748
-6.69787
-6.69929
-6.70044
-6.70167
-6.7036
-6.70463
-6.70605
-6.70753
-6.70907
-6.71003
-6.71203
-6.71408
-6.71718
-6.71871
-6.7203
-6.72228
-6.72431
-6.72575
-6.72853
-6.73008
-6.73265
-6.73463
-6.73665
-6.73872
-6.74052
-6.743
-6.74519
-6.74775
-6.75098
-6.75393
-6.75658
-6.75925
-6.76195
-6.76466
-6.76707
-6.76982
-6.77355
-6.77599
-6.77844
-6.78089
-6.78398
-6.78675
-6.78887
-6.79194
-6.79435
-6.79739
-6.79976
-6.8021
-6.80442
-6.8067
-6.80993
-6.81182
-6.81432
-6.81709
-6.81918
-6.82153
-6.82384
-6.82641
-6.82861
-6.83171
-6.83378
-6.83611
-6.83804
-6.83959
-6.84106
-6.84342
-6.84377
-6.84501
-6.84714
-6.84854
-6.84954
-6.85142
-6.85257
-6.85331
-6.8546
-6.85646
-6.85692
-6.85762
-6.85856
-6.85907
-6.85981
-6.86013
-6.86068
-6.86081
-6.86084
-6.8611
-6.86062
-6.86003
-6.85968
-6.85891
-6.85803
-6.85675
-6.85601
-6.85454
-6.85329
-6.85195
-6.84988
-6.84869
-6.84805
-6.847
-6.84555
-6.84303
-6.84108
-6.84002
-6.83855
-6.83636
-6.83441
-6.83206
-6.83028
-6.82746
-6.82521
-6.82355
-6.82051
-6.81839
-6.81555
-6.8133
-6.81067
-6.80798
-6.80523
-6.80308
-6.79991
-6.79702
-6.7944
-6.79174
-6.78871
-6.7863
-6.78223
-6.77909
-6.77561
-6.77209
-6.7692
-6.76564
-6.76303
-6.75976
-6.75679
-6.75349
-6.75115
-6.74784
-6.74485
-6.74154
-6.73887
-6.73589
-6.73292
-6.72963
-6.72604
-6.72311
-6.72052
-6.71732
-6.71414
-6.71131
-6.70851
-6.70511
-6.70206
-6.69874
-6.69611
-6.69385
-6.69132
-6.68851
-6.68544
-6.68211
-6.67981
-6.67822
-6.67574
-6.67299
-6.67065
-6.66805
-6.66586
-6.66343
-6.66075
-6.65849
-6.65631
-6.65454
-6.65287
-6.65162
-6.64948
-6.64777
-6.64648
-6.64529
-6.64387
-6.6432
-6.64264
-6.64121
-6.64117
-6.64027
-6.63947
-6.63878
-6.63949
-6.63932
-6.63927
-6.63899
-6.63914
-6.63874
-6.63877
-6.63922
-6.63977
-6.64074
-6.64084
-6.64103
-6.64294
-6.64397
-6.64508
-6.64629
-6.64726
-6.64896
-6.65107
-6.65229
-6.65424
-6.65626
-6.65804
-6.65924
-6.66051
-6.66218
-6.66391
-6.66603
-6.66854
-6.66982
-6.67148
-6.67384
-6.67626
-6.67938
-6.68222
-6.68479
-6.68773
-6.69072
-6.6931
-6.69649
-6.69895
-6.70177
-6.70462
-6.70718
-6.70978
-6.7137
-6.71602
-6.71902
-6.72172
-6.72509
-6.72815
-6.7309
-6.734
-6.73678
-6.73991
-6.74271
-6.74585
-6.749
-6.75214
-6.75529
-6.75812
-6.76127
-6.76441
-6.76755
-6.77067
-6.77282
-6.77689
-6.78031
-6.78306
-6.78644
-6.78947
-6.79248
-6.79546
-6.79906
-6.80166
-6.80455
-6.80773
-6.8112
-6.81431
-6.81704
-6.82006
-6.8227
-6.82627
-6.82913
-6.83227
-6.8347
-6.83772
-6.84004
-6.84294
-6.8448
-6.84692
-6.84962
-6.85096
-6.85287
-6.85471
-6.85647
-6.85719
-6.85881
-6.86003
-6.86019
-6.8619
-6.86288
-6.86346
-6.86461
-6.866
-6.86602
-6.86661
-6.86776
-6.86916
-6.86984
-6.87044
-6.87064
-6.87109
-6.87211
-6.87273
-6.87328
-6.87344
-6.87353
-6.87355
-6.87351
-6.87372
-6.87323
-6.87397
-6.87369
-6.87399
-6.87295
-6.87315
-6.87234
-6.87179
-6.87186
-6.87123
-6.87023
-6.86953
-6.86878
-6.86801
-6.86655
-6.86538
-6.86549
-6.86492
-6.86303
-6.86209
-6.8608
-6.86047
-6.85947
-6.85878
-6.85775
-6.85638
-6.85499
-6.8536
-6.85219
-6.8511
-6.84935
-6.84857
-6.84778
-6.8473
-6.84651
-6.8457
-6.84425
-6.84311
-6.84166
-6.84085
-6.84004
-6.83955
-6.8381
-6.83666
-6.83554
-6.8341
-6.83268
-6.83255
-6.83147
-6.8304
-6.82935
-6.82831
-6.82761
-6.82757
-6.82627
-6.82596
-6.82437
-6.82346
-6.8216
-6.82106
-6.81991
-6.8191
-6.818
-6.81662
-6.81623
-6.81588
-6.81491
-6.81398
-6.8134
-6.81448
-6.81397
-6.81317
-6.8124
-6.812
-6.81194
-6.81127
-6.81031
-6.8097
-6.80943
-6.80887
-6.80963
-6.80944
-6.80894
-6.80878
-6.80897
-6.80852
-6.8084
-6.8083
-6.80787
-6.8081
-6.808
-6.80823
-6.80813
-6.80802
-6.80726
-6.80779
-6.80798
-6.80816
-6.808
-6.80782
-6.80763
-6.80774
-6.80718
-6.80725
-6.80763
-6.80668
-6.80637
-6.80538
-6.80437
-6.80399
-6.80326
-6.80315
-6.80206
-6.80126
-6.80109
-6.80025
-6.79972
-6.79981
-6.79891
-6.79799
-6.79737
-6.79642
-6.79544
-6.79477
-6.79376
-6.79305
-6.79233
-6.79127
-6.79051
-6.78942
-6.7883
-6.78717
-6.78699
-6.78809
-6.78658
-6.7857
-6.78577
-6.78452
-6.78326
-6.78229
-6.78098
-6.77997
-6.7786
-6.77819
-6.77645
-6.77567
-6.77452
-6.77336
-6.77346
-6.77257
-6.77164
-6.77102
-6.77004
-6.7687
-6.76767
-6.7653
-6.76356
-6.76212
-6.76097
-6.75882
-6.75762
-6.75639
-6.75482
-6.75321
-6.75159
-6.75027
-6.7486
-6.74691
-6.74553
-6.7438
-6.74206
-6.73966
-6.73725
-6.73515
-6.73401
-6.73254
-6.73074
-6.72861
-6.72681
-6.72565
-6.72416
-6.72236
-6.71991
-6.71844
-6.71665
-6.71423
-6.71182
-6.7104
-6.7077
-6.70598
-6.70461
-6.70262
-6.70064
-6.69902
-6.69742
-6.69617
-6.69462
-6.69311
-6.69195
-6.6905
-6.68876
-6.6877
-6.68733
-6.68602
-6.68573
-6.68418
-6.68364
-6.68315
-6.6827
-6.68196
-6.68127
-6.67997
-6.67904
-6.67848
-6.67732
-6.67619
-6.67415
-6.67344
-6.67309
-6.67214
-6.67156
-6.67037
-6.66889
-6.66843
-6.66833
-6.66762
-6.66727
-6.66696
-6.66701
-6.66579
-6.66558
-6.66443
-6.66428
-6.66319
-6.6631
-6.66238
-6.66201
-6.66134
-6.66134
-6.66136
-6.66205
-6.66243
-6.6625
-6.66259
-6.66269
-6.66248
-6.66294
-6.66308
-6.66387
-6.66436
-6.66485
-6.66535
-6.66553
-6.66573
-6.66625
-6.66549
-6.66538
-6.66593
-6.66583
-6.66672
-6.66696
-6.66754
-6.66748
-6.66743
-6.66739
-6.66736
-6.66799
-6.66831
-6.668
-6.6677
-6.66839
-6.66943
-6.66984
-6.6693
-6.67008
-6.66991
-6.6701
-6.67064
-6.67088
-6.6718
-6.67244
-6.67311
-6.67349
-6.67392
-6.67439
-6.67556
-6.67774
-6.67835
-6.67999
-6.68071
-6.6818
-6.68296
-6.68417
-6.68544
-6.68678
-6.68817
-6.68963
-6.69084
-6.69243
-6.69377
-6.69583
-6.69763
-6.69983
-6.70177
-6.70346
-6.70555
-6.70803
-6.70993
-6.71191
-6.71525
-6.71769
-6.71988
-6.72245
-6.72542
-6.72845
-6.73154
-6.7347
-6.73758
-6.74085
-6.74417
-6.74722
-6.75064
-6.75378
-6.75695
-6.75985
-6.7631
-6.7667
-6.77
-6.77333
-6.77667
-6.77971
-6.78307
-6.78677
-6.78982
-6.79384
-6.79655
-6.80023
-6.80356
-6.80687
-6.81048
-6.81374
-6.81696
-6.82013
-6.82392
-6.82669
-6.8294
-6.83271
-6.83564
-6.8385
-6.84065
-6.84306
-6.84539
-6.84796
-6.85014
-6.85255
-6.85455
-6.85711
-6.85894
-6.86164
-6.86263
-6.86417
-6.86593
-6.86825
-6.86981
-6.8716
-6.87361
-6.87486
-6.87633
-6.87737
-6.87895
-6.87945
-6.88017
-6.88078
-6.88096
-6.88135
-6.88163
-6.88181
-6.88156
-6.88153
-6.8814
-6.88083
-6.88049
-6.88005
-6.87983
-6.87823
-6.87749
-6.87699
-6.87736
-6.877
-6.87623
-6.87505
-6.87379
-6.87245
-6.87103
-6.87018
-6.86894
-6.8673
-6.86657
-6.86481
-6.86299
-6.86111
-6.86015
-6.85883
-6.85713
-6.85507
-6.85297
-6.85052
-6.84804
-6.84586
-6.84398
-6.84176
-6.83953
-6.83697
-6.83473
-6.83249
-6.83057
-6.82835
-6.82645
-6.82361
-6.82078
-6.81798
-6.81586
-6.81409
-6.81236
-6.81067
-6.80838
-6.80678
-6.80458
-6.80211
-6.80068
-6.79865
-6.79669
-6.79512
-6.79426
-6.79185
-6.79049
-6.78921
-6.78735
-6.78687
-6.78582
-6.7842
-6.78266
-6.78153
-6.78081
-6.78082
-6.78092
-6.78012
-6.77942
-6.77912
-6.7789
-6.77845
-6.77775
-6.77714
-6.77725
-6.77745
-6.77837
-6.77906
-6.77885
-6.77936
-6.77995
-6.78093
-6.78199
-6.78279
-6.78334
-6.78363
-6.78463
-6.78537
-6.78585
-6.78671
-6.78795
-6.78892
-6.78994
-6.79101
-6.79245
-6.79361
-6.79514
-6.79702
-6.79863
-6.79994
-6.80226
-6.80493
-6.80665
-6.80807
-6.80984
-6.81195
-6.81342
-6.81426
-6.81608
-6.81791
-6.81941
-6.82091
-6.82305
-6.82519
-6.82699
-6.82911
-6.83088
-6.83329
-6.8347
-6.83673
-6.83906
-6.84071
-6.84298
-6.84423
-6.84578
-6.8476
-6.84938
-6.85079
-6.85216
-6.85314
-6.85407
-6.8556
-6.85739
-6.85879
-6.85982
-6.86045
-6.86167
-6.86185
-6.86293
-6.86427
-6.86457
-6.86544
-6.86592
-6.86697
-6.86729
-6.86787
-6.86773
-6.86751
-6.86689
-6.86684
-6.86639
-6.86619
-6.86592
-6.86492
-6.86514
-6.86432
-6.86407
-6.86343
-6.86239
-6.86128
-6.86076
-6.85984
-6.85854
-6.85718
-6.85672
-6.85588
-6.85466
-6.85338
-6.85107
-6.84969
-6.84826
-6.8471
-6.84525
-6.84335
-6.84207
-6.84107
-6.83972
-6.83768
-6.83529
-6.83353
-6.83141
-6.82959
-6.82808
-6.82655
-6.82469
-6.82313
-6.82124
-6.81934
-6.81874
-6.81716
-6.81493
-6.81302
-6.81048
-6.80859
-6.80638
-6.80418
-6.80232
-6.80048
-6.79832
-6.79619
-6.79408
-6.79232
-6.7909
-6.78951
-6.78815
-6.78585
-6.78454
-6.78295
-6.78171
-6.77985
-6.77803
-6.77657
-6.7745
-6.77246
-6.77079
-6.76948
-6.76853
-6.7673
-6.76708
-6.76561
-6.76482
-6.76473
-6.76306
-6.7624
-6.76179
-6.76089
-6.75972
-6.75891
-6.75749
-6.75612
-6.75609
-6.75578
-6.75486
-6.75431
-6.75478
-6.75431
-6.75357
-6.7519
-6.75222
-6.75193
-6.752
-6.75114
-6.75066
-6.75021
-6.7498
-6.74975
-6.74941
-6.75042
-6.75016
-6.74994
-6.75008
-6.75059
-6.7508
-6.75138
-6.75166
-6.7523
-6.75297
-6.75335
-6.75376
-6.75355
-6.75402
-6.75451
-6.75567
-6.75621
-6.75678
-6.75736
-6.75699
-6.75794
-6.75858
-6.75924
-6.75959
-6.76027
-6.76129
-6.76199
-6.76302
-6.76405
-6.76509
-6.76678
-6.76782
-6.76854
-6.76924
-6.77027
-6.77128
-6.7726
-6.77359
-6.77423
-6.77518
-6.77611
-6.77734
-6.77855
-6.7794
-6.77958
-6.78004
-6.78048
-6.78088
-6.78091
-6.7809
-6.78118
-6.78077
-6.78096
-6.78111
-6.78089
-6.78126
-6.77997
-6.77992
-6.78014
-6.77933
-6.77848
-6.77692
-6.7766
-6.77623
-6.77516
-6.77468
-6.77414
-6.77355
-6.77258
-6.7722
-6.7708
-6.77032
-6.77011
-6.76921
-6.76858
-6.76693
-6.76654
-6.76513
-6.76465
-6.76381
-6.76261
-6.76106
-6.75979
-6.75883
-6.75719
-6.75585
-6.75385
-6.75215
-6.75109
-6.74938
-6.7483
-6.74723
-6.7455
-6.74379
-6.74208
-6.74006
-6.73805
-6.73671
-6.73539
-6.7341
-6.73219
-6.73096
-6.72944
-6.72925
-6.72846
-6.72804
-6.72701
-6.72636
-6.72576
-6.72457
-6.72441
-6.72399
-6.7233
-6.72267
-6.72276
-6.72291
-6.72248
-6.72212
-6.72183
-6.72128
-6.7208
-6.72039
-6.72069
-6.72042
-6.72055
-6.72106
-6.72197
-6.72164
-6.72203
-6.72184
-6.72171
-6.72228
-6.72291
-6.72328
-6.72369
-6.72449
-6.725
-6.72556
-6.72649
-6.72746
-6.72879
-6.7295
-6.73089
-6.73199
-6.7331
-6.7336
-6.73475
-6.73625
-6.73743
-6.73861
-6.74013
-6.74067
-6.74121
-6.74175
-6.74292
-6.74408
-6.7449
-6.74635
-6.74777
-6.74885
-6.74958
-6.75092
-6.75125
-6.7522
-6.7531
-6.7543
-6.75447
-6.75557
-6.7563
-6.75731
-6.75794
-6.7582
-6.75938
-6.75986
-6.7606
-6.76065
-6.76031
-6.76057
-6.7611
-6.76124
-6.76133
-6.76104
-6.7607
-6.76094
-6.76179
-6.76161
-6.76137
-6.76109
-6.76109
-6.76038
-6.75963
-6.75981
-6.7593
-6.75972
-6.7588
-6.75849
-6.75815
-6.75746
-6.75738
-6.7563
-6.75585
-6.75634
-6.75552
-6.75533
-6.75448
-6.75426
-6.75306
-6.75283
-6.7513
-6.75106
-6.75049
-6.74993
-6.74905
-6.7485
-6.74764
-6.74745
-6.7463
-6.74581
-6.74534
-6.74457
-6.7435
-6.74277
-6.7424
-6.74141
-6.74077
-6.74048
-6.73957
-6.73838
-6.73754
-6.73609
-6.73629
-6.73653
-6.73616
-6.73518
-6.73455
-6.73429
-6.73439
-6.7342
-6.7334
-6.73231
-6.73223
-6.73283
-6.73281
-6.73251
-6.73289
-6.73265
-6.73245
-6.73292
-6.73245
-6.73233
-6.73256
-6.73281
-6.73341
-6.73339
-6.73339
-6.73406
-6.73409
-6.73447
-6.73551
-6.73592
-6.73667
-6.7371
-6.73722
-6.738
-6.73847
-6.73894
-6.73941
-6.73989
-6.74038
-6.74054
-6.74135
-6.74185
-6.74234
-6.74251
-6.74268
-6.74317
-6.74334
-6.74415
-6.74464
-6.7448
-6.74464
-6.74544
-6.74592
-6.74607
-6.74655
-6.74637
-6.74652
-6.74634
-6.74681
-6.74792
-6.74871
-6.7495
-6.74996
-6.75011
-6.75057
-6.75169
-6.75248
-6.75296
-6.75377
-6.75426
-6.75378
-6.75396
-6.7548
-6.755
-6.75618
-6.7564
-6.75729
-6.75818
-6.75812
-6.75872
-6.75966
-6.75965
-6.7603
-6.76096
-6.76165
-6.76267
-6.76372
-6.76445
-6.76586
-6.76663
-6.76807
-6.76856
-6.76906
-6.76959
-6.7711
-6.77166
-6.77321
-6.77413
-6.77538
-6.77633
-6.77728
-6.77825
-6.77891
-6.77989
-6.78153
-6.78123
-6.78223
-6.78291
-6.78359
-6.78523
-6.78557
-6.78688
-6.78753
-6.78785
-6.7888
-6.78876
-6.78903
-6.78992
-6.79079
-6.79163
-6.79309
-6.79322
-6.79429
-6.79533
-6.796
-6.7963
-6.79624
-6.7971
-6.79792
-6.79804
-6.79908
-6.79941
-6.80002
-6.80057
-6.80106
-6.8015
-6.80123
-6.8009
-6.80083
-6.80037
-6.80083
-6.80122
-6.80058
-6.79988
-6.79944
-6.79862
-6.79741
-6.7968
-6.79677
-6.79604
-6.79493
-6.7941
-6.79353
-6.79228
-6.79131
-6.78964
-6.78761
-6.78749
-6.7854
-6.78424
-6.78338
-6.78216
-6.77995
-6.77902
-6.77711
-6.7768
-6.77551
-6.77389
-6.7726
-6.7713
-6.77002
-6.76907
-6.76749
-6.76657
-6.76503
-6.76448
-6.76364
-6.76154
-6.76076
-6.7597
-6.75901
-6.75771
-6.75678
-6.75558
-6.75509
-6.75367
-6.75264
-6.75231
-6.7514
-6.75055
-6.75008
-6.74937
-6.74839
-6.74813
-6.74762
-6.74814
-6.74809
-6.74844
-6.74821
-6.74902
-6.74957
-6.74988
-6.74992
-6.75037
-6.75023
-6.75048
-6.75113
-6.75184
-6.75358
-6.75442
-6.75467
-6.7553
-6.75664
-6.75771
-6.75851
-6.76002
-6.76157
-6.76285
-6.76353
-6.76458
-6.76599
-6.7681
-6.76992
-6.77145
-6.77335
-6.77592
-6.77756
-6.77923
-6.78092
-6.78264
-6.78439
-6.78615
-6.78794
-6.79007
-6.79157
-6.79308
-6.7959
-6.79744
-6.79964
-6.80217
-6.80438
-6.80627
-6.80817
-6.81007
-6.81197
-6.81419
-6.81641
-6.81895
-6.82116
-6.82337
-6.82492
-6.82646
-6.82896
-6.8308
-6.83231
-6.8338
-6.83527
-6.83705
-6.83882
-6.84056
-6.84195
-6.84365
-6.84565
-6.84794
-6.84989
-6.85148
-6.85305
-6.85492
-6.85707
-6.85887
-6.86032
-6.86173
-6.86278
-6.8638
-6.8651
-6.86637
-6.86695
-6.86846
-6.86929
-6.8717
-6.87342
-6.87444
-6.87543
-6.87669
-6.87759
-6.87844
-6.87893
-6.87872
-6.87943
-6.87913
-6.88007
-6.88097
-6.88116
-6.88066
-6.88012
-6.88049
-6.88049
-6.88044
-6.88034
-6.87986
-6.88031
-6.8807
-6.88105
-6.88101
-6.88125
-6.88144
-6.88157
-6.88198
-6.88137
-6.88071
-6.88064
-6.88019
-6.87937
-6.8785
-6.8779
-6.87757
-6.87686
-6.87643
-6.87594
-6.87507
-6.87351
-6.87189
-6.87152
-6.87012
-6.86932
-6.86782
-6.86627
-6.86499
-6.86334
-6.86163
-6.85987
-6.85903
-6.85782
-6.85622
-6.8549
-6.85288
-6.85146
-6.84934
-6.84717
-6.8456
-6.84429
-6.8423
-6.83992
-6.83815
-6.83601
-6.83479
-6.83222
-6.82962
-6.82729
-6.82491
-6.82217
-6.81939
-6.81689
-6.81402
-6.81144
-6.80882
-6.80649
-6.8038
-6.80108
-6.79832
-6.79521
-6.79305
-6.78989
-6.78638
-6.78285
-6.77995
-6.77736
-6.77443
-6.77181
-6.76885
-6.76622
-6.76325
-6.76029
-6.75829
-6.75501
-6.75174
-6.74783
-6.74458
-6.74135
-6.73846
-6.73592
-6.73308
-6.73027
-6.72782
-6.72508
-6.72237
-6.71971
-6.71773
-6.71581
-6.71296
-6.71017
-6.70873
-6.70606
-6.70474
-6.70251
-6.70035
-6.69794
-6.69528
-6.69333
-6.69179
-6.69032
-6.68926
-6.68732
-6.68545
-6.684
-6.68231
-6.68071
-6.67985
-6.67908
-6.67807
-6.67749
-6.67635
-6.67434
-6.67371
-6.67286
-6.67275
-6.67242
-6.67283
-6.67268
-6.67263
-6.67267
-6.67346
-6.67369
-6.67401
-6.67442
-6.67525
-6.6752
-6.6762
-6.67729
-6.6788
-6.67941
-6.68043
-6.68186
-6.68304
-6.68429
-6.68562
-6.68767
-6.68946
-6.69131
-6.69291
-6.69522
-6.69694
-6.69871
-6.70054
-6.7021
-6.70435
-6.706
-6.70737
-6.70975
-6.71151
-6.71299
-6.71547
-6.71765
-6.72018
-6.72241
-6.72498
-6.72723
-6.72886
-6.73016
-6.73309
-6.73538
-6.73864
-6.74092
-6.7432
-6.74514
-6.74772
-6.74964
-6.75153
-6.75276
-6.75559
-6.75806
-6.76051
-6.76261
-6.76565
-6.76768
-6.76967
-6.77097
-6.77289
-6.77508
-6.77723
-6.77933
-6.78138
-6.78306
-6.78437
-6.78692
-6.78845
-6.7896
-6.79102
-6.79141
-6.79272
-6.79397
-6.79516
-6.79597
-6.79737
-6.79871
-6.7987
-6.79992
-6.79915
-6.79896
-6.79969
-6.80035
-6.80096
-6.80151
-6.80264
-6.80275
-6.80345
-6.80377
-6.80437
-6.80458
-6.80474
-6.80517
-6.80523
-6.80492
-6.80552
-6.80543
-6.80561
-6.80478
-6.80487
-6.8046
-6.80396
-6.80392
-6.80384
-6.80276
-6.80228
-6.80177
-6.80155
-6.80033
-6.80069
-6.80038
-6.79972
-6.79903
-6.79831
-6.79822
-6.79747
-6.79701
-6.79557
-6.79541
-6.79523
-6.79406
-6.79321
-6.79235
-6.79147
-6.79092
-6.78971
-6.78882
-6.78858
-6.78769
-6.78745
-6.78688
-6.78632
-6.78544
-6.78424
-6.78369
-6.78283
-6.78133
-6.78082
-6.78
-6.77951
-6.77871
-6.77663
-6.77586
-6.77544
-6.77438
-6.77367
-6.77329
-6.77262
-6.77164
-6.77101
-6.77072
-6.77078
-6.7699
-6.76969
-6.76853
-6.76771
-6.76693
-6.76714
-6.76641
-6.76603
-6.76567
-6.76502
-6.76472
-6.76476
-6.76386
-6.76364
-6.76311
-6.76229
-6.76117
-6.76105
-6.76095
-6.76054
-6.75984
-6.76013
-6.76012
-6.76078
-6.76082
-6.76152
-6.76127
-6.76137
-6.76149
-6.7613
-6.76243
-6.7626
-6.76247
-6.76301
-6.76291
-6.76316
-6.76309
-6.76337
-6.76366
-6.76429
-6.76429
-6.76398
-6.76465
-6.76469
-6.76507
-6.76578
-6.76618
-6.76595
-6.76637
-6.76713
-6.7679
-6.76933
-6.77012
-6.77092
-6.77173
-6.77223
-6.77305
-6.77389
-6.77344
-6.77429
-6.77483
-6.77537
-6.77624
-6.77711
-6.77766
-6.77758
-6.77846
-6.7787
-6.77992
-6.78049
-6.78138
-6.78195
-6.78251
-6.78308
-6.78396
-6.78387
-6.7841
-6.78464
-6.78518
-6.78572
-6.78689
-6.78741
-6.78824
-6.78809
-6.78793
-6.7884
-6.78853
-6.7893
-6.79005
-6.78982
-6.79021
-6.78994
-6.78998
-6.79064
-6.79128
-6.7919
-6.79185
-6.79146
-6.79201
-6.79125
-6.79079
-6.78965
-6.79011
-6.78957
-6.78933
-6.78972
-6.79007
-6.78943
-6.78941
-6.78903
-6.78863
-6.78853
-6.78743
-6.78727
-6.78741
-6.78656
-6.78665
-6.78671
-6.78642
-6.78644
-6.7861
-6.78607
-6.78569
-6.78561
-6.78486
-6.78539
-6.78492
-6.78444
-6.78426
-6.78342
-6.78321
-6.78234
-6.78178
-6.78088
-6.77998
-6.77907
-6.77911
-6.77819
-6.77758
-6.77761
-6.77699
-6.77573
-6.77512
-6.77483
-6.77422
-6.77362
-6.77334
-6.77308
-6.7725
-6.77225
-6.77169
-6.77115
-6.77029
-6.7701
-6.7696
-6.76912
-6.7693
-6.76885
-6.76875
-6.76932
-6.76861
-6.76922
-6.76921
-6.76922
-6.76926
-6.769
-6.76908
-6.76951
-6.76899
-6.76883
-6.76836
-6.76921
-6.76912
-6.76969
-6.76932
-6.77027
-6.77027
-6.77029
-6.77
-6.76974
-6.76917
-6.76959
-6.77003
-6.77049
-6.77065
-6.77017
-6.77035
-6.76957
-6.76946
-6.77065
-6.77087
-6.77143
-6.77167
-6.77192
-6.7712
-6.77177
-6.77203
-6.77196
-6.77254
-6.77312
-6.77369
-6.77458
-6.77418
-6.77441
-6.77463
-6.77484
-6.77472
-6.77459
-6.77476
-6.77427
-6.77474
-6.77454
-6.77433
-6.77442
-6.77416
-6.77421
-6.77456
-6.77553
-6.77519
-6.77515
-6.77508
-6.77531
-6.77552
-6.77472
-6.77455
-6.77402
-6.77411
-6.77353
-6.77389
-6.77357
-6.77323
-6.77253
-6.77277
-6.77234
-6.77187
-6.77105
-6.77021
-6.76965
-6.76907
-6.76911
-6.76847
-6.76748
-6.76679
-6.7664
-6.76663
-6.76586
-6.76539
-6.76457
-6.76341
-6.76254
-6.76198
-6.76042
-6.75852
-6.75757
-6.7566
-6.75529
-6.75493
-6.75391
-6.7519
-6.75085
-6.74979
-6.74871
-6.74763
-6.74653
-6.7451
-6.74432
-6.74288
-6.74176
-6.74128
-6.74016
-6.73903
-6.73791
-6.7368
-6.73568
-6.73458
-6.73348
-6.73207
-6.73068
-6.72865
-6.72729
-6.72562
-6.72462
-6.72268
-6.72173
-6.72081
-6.72024
-6.71938
-6.71823
-6.71777
-6.71734
-6.71663
-6.71629
-6.71535
-6.71478
-6.71425
-6.71314
-6.71239
-6.71203
-6.71204
-6.71179
-6.71193
-6.7118
-6.71173
-6.71237
-6.71243
-6.71191
-6.71209
-6.71235
-6.71332
-6.71435
-6.71448
-6.71565
-6.7156
-6.71625
-6.71665
-6.71776
-6.71828
-6.71888
-6.71953
-6.72057
-6.722
-6.72283
-6.72372
-6.72467
-6.72599
-6.72768
-6.72878
-6.7296
-6.73111
-6.73234
-6.73393
-6.73653
-6.73787
-6.73892
-6.7413
-6.74305
-6.74516
-6.74696
-6.74846
-6.75062
-6.75215
-6.75402
-6.75557
-6.7581
-6.75966
-6.76188
-6.76376
-6.76597
-6.76818
-6.77005
-6.77191
-6.77376
-6.77559
-6.77708
-6.77888
-6.78033
-6.78209
-6.78381
-6.78519
-6.78686
-6.78785
-6.78913
-6.79071
-6.79192
-6.79342
-6.79456
-6.79533
-6.79606
-6.79739
-6.79868
-6.8009
-6.80243
-6.80391
-6.80437
-6.80543
-6.80644
-6.80707
-6.80765
-6.80883
-6.80931
-6.81005
-6.81075
-6.81171
-6.8123
-6.81283
-6.81331
-6.81374
-6.81443
-6.81443
-6.81469
-6.81522
-6.81538
-6.81516
-6.81522
-6.81522
-6.81517
-6.81604
-6.81655
-6.81603
-6.81579
-6.8155
-6.8155
-6.81447
-6.81341
-6.81295
-6.81213
-6.81159
-6.81134
-6.8104
-6.80911
-6.80843
-6.80772
-6.8073
-6.80653
-6.80606
-6.80589
-6.80506
-6.80485
-6.80429
-6.80372
-6.80314
-6.8019
-6.80129
-6.801
-6.80071
-6.80008
-6.79945
-6.79849
-6.79721
-6.79593
-6.79433
-6.79371
-6.79277
-6.79183
-6.79059
-6.79097
-6.79007
-6.78918
-6.78767
-6.78649
-6.78566
-6.78451
-6.78372
-6.78294
-6.78219
-6.78113
-6.78107
-6.77974
-6.77941
-6.77942
-6.77946
-6.77888
-6.778
-6.77909
-6.77795
-6.7778
-6.77801
-6.77824
-6.77851
-6.77847
-6.77749
-6.77719
-6.77723
-6.77666
-6.77644
-6.77656
-6.77607
-6.77593
-6.77548
-6.77539
-6.77597
-6.77592
-6.7759
-6.77526
-6.77464
-6.77502
-6.77509
-6.77519
-6.7753
-6.77577
-6.7769
-6.7774
-6.77728
-6.77816
-6.7784
-6.77835
-6.77831
-6.77797
-6.77829
-6.77832
-6.77868
-6.77939
-6.77947
-6.7799
-6.78066
-6.7808
-6.78128
-6.78178
-6.781
-6.78219
-6.7821
-6.783
-6.78327
-6.78356
-6.78419
-6.78452
-6.78455
-6.78524
-6.78595
-6.78635
-6.78677
-6.78753
-6.78799
-6.78975
-6.79089
-6.79171
-6.79288
-6.79341
-6.79396
-6.79485
-6.79639
-6.79763
-6.7979
-6.79852
-6.79914
-6.79977
-6.80106
-6.80138
-6.80235
-6.80301
-6.80399
-6.8053
-6.80693
-6.80759
-6.80889
-6.80954
-6.81116
-6.81212
-6.81307
-6.81401
-6.81461
-6.81552
-6.8164
-6.81727
-6.81715
-6.81797
-6.81909
-6.82018
-6.82026
-6.82032
-6.82098
-6.82161
-6.82187
-6.82208
-6.8229
-6.82302
-6.82342
-6.82344
-6.82372
-6.82363
-6.82413
-6.82391
-6.82396
-6.82363
-6.82387
-6.82373
-6.82383
-6.8242
-6.82384
-6.82406
-6.82421
-6.82397
-6.82332
-6.82228
-6.82181
-6.82062
-6.82032
-6.81899
-6.81822
-6.81739
-6.81616
-6.81453
-6.81284
-6.8114
-6.80958
-6.80769
-6.80607
-6.80374
-6.802
-6.80052
-6.79868
-6.79646
-6.79453
-6.79255
-6.79085
-6.78945
-6.78705
-6.78429
-6.78281
-6.78066
-6.77816
-6.77631
-6.77412
-6.77192
-6.7694
-6.76688
-6.76469
-6.76252
-6.761
-6.75918
-6.75673
-6.75463
-6.75257
-6.75021
-6.74821
-6.74625
-6.74434
-6.74246
-6.74064
-6.7379
-6.73619
-6.73356
-6.73196
-6.73075
-6.72895
-6.72754
-6.72619
-6.72459
-6.7237
-6.72321
-6.72181
-6.72081
-6.7202
-6.71934
-6.71888
-6.71816
-6.71718
-6.7166
-6.7161
-6.71566
-6.71529
-6.71466
-6.71475
-6.71394
-6.71416
-6.71412
-6.71447
-6.71455
-6.71502
-6.71684
-6.71742
-6.71709
-6.71746
-6.71755
-6.7177
-6.71756
-6.71812
-6.71904
-6.71968
-6.72035
-6.72106
-6.72245
-6.72354
-6.72401
-6.72482
-6.72533
-6.72587
-6.72641
-6.7273
-6.72819
-6.72941
-6.73032
-6.73122
-6.73245
-6.73335
-6.73391
-6.73447
-6.73566
-6.73651
-6.73735
-6.73849
-6.73895
-6.74004
-6.74111
-6.74214
-6.74314
-6.74314
-6.74343
-6.744
-6.74486
-6.74535
-6.74581
-6.74557
-6.74659
-6.74659
-6.74719
-6.74742
-6.74761
-6.74742
-6.74784
-6.74821
-6.74821
-6.74785
-6.74808
-6.74827
-6.74842
-6.74788
-6.74794
-6.74797
-6.74698
-6.74693
-6.74653
-6.74576
-6.74528
-6.7451
-6.74457
-6.74466
-6.7444
-6.74347
-6.74317
-6.74286
-6.74285
-6.74219
-6.74087
-6.74051
-6.73951
-6.7385
-6.73782
-6.73681
-6.73582
-6.73482
-6.73352
-6.73287
-6.73224
-6.73098
-6.73071
-6.73013
-6.72989
-6.72936
-6.72918
-6.72869
-6.72856
-6.72782
-6.72742
-6.72674
-6.72641
-6.7258
-6.72587
-6.72597
-6.72579
-6.725
-6.7249
-6.72484
-6.72482
-6.72484
-6.72522
-6.72468
-6.72482
-6.72469
-6.72589
-6.72583
-6.72614
-6.72585
-6.72625
-6.727
-6.72748
-6.72767
-6.72757
-6.72784
-6.72815
-6.72817
-6.72822
-6.72929
-6.73038
-6.73183
-6.73267
-6.73353
-6.73443
-6.73438
-6.73533
-6.73663
-6.73795
-6.73897
-6.74001
-6.74107
-6.74215
-6.74357
-6.74436
-6.74613
-6.74727
-6.74906
-6.75054
-6.75267
-6.75384
-6.75468
-6.75618
-6.75735
-6.75885
-6.75969
-6.76118
-6.76233
-6.7638
-6.76526
-6.76703
-6.7675
-6.76794
-6.76902
-6.77008
-6.77047
-6.77181
-6.7728
-6.77377
-6.77503
-6.77562
-6.77618
-6.77671
-6.77689
-6.778
-6.77876
-6.77949
-6.78051
-6.78084
-6.78179
-6.7827
-6.78325
-6.78409
-6.78458
-6.78502
-6.78511
-6.78548
-6.78582
-6.7858
-6.78606
-6.78662
-6.78681
-6.7873
-6.7871
-6.78688
-6.78597
-6.786
-6.78698
-6.78695
-6.7869
-6.78682
-6.78639
-6.78625
-6.78674
-6.78592
-6.78572
-6.78582
-6.78526
-6.78467
-6.7844
-6.78411
-6.78381
-6.78349
-6.78316
-6.78218
-6.78216
-6.78148
-6.78144
-6.7814
-6.7807
-6.78033
-6.7806
-6.78055
-6.78017
-6.77979
-6.77941
-6.77903
-6.77833
-6.77795
-6.77854
-6.7785
-6.7778
-6.77711
-6.77739
-6.77703
-6.77667
-6.77697
-6.77662
-6.77692
-6.77625
-6.77558
-6.77524
-6.7749
-6.77489
-6.77423
-6.77422
-6.77421
-6.77356
-6.77355
-6.77322
-6.77256
-6.7719
-6.77157
-6.77123
-6.77121
-6.77055
-6.77021
-6.77084
-6.77082
-6.77047
-6.76947
-6.76944
-6.76908
-6.76872
-6.76771
-6.76734
-6.76664
-6.76659
-6.7659
-6.76553
-6.76483
-6.76446
-6.76408
-6.76371
-6.76366
-6.76329
-6.76228
-6.76192
-6.76157
-6.76122
-6.7612
-6.76055
-6.75958
-6.75928
-6.75898
-6.75806
-6.75781
-6.75725
-6.75703
-6.75651
-6.75602
-6.75555
-6.75543
-6.75534
-6.75496
-6.75461
-6.75526
-6.75466
-6.75475
-6.75487
-6.75504
-6.75556
-6.75646
-6.75642
-6.75611
-6.75681
-6.75755
-6.75866
-6.75917
-6.75876
-6.75904
-6.76002
-6.76039
-6.76113
-6.76224
-6.76243
-6.7633
-6.7652
-6.76616
-6.76717
-6.76757
-6.76865
-6.76945
-6.77029
-6.77116
-6.77206
-6.77364
-6.77492
-6.77559
-6.77757
-6.77893
-6.77999
-6.7817
-6.78344
-6.78486
-6.78629
-6.78773
-6.7895
-6.79095
-6.79239
-6.79449
-6.79625
-6.79737
-6.79911
-6.80085
-6.8016
-6.80298
-6.80402
-6.80504
-6.80571
-6.80733
-6.80861
-6.80952
-6.81074
-6.81127
-6.81274
-6.81354
-6.8143
-6.81567
-6.817
-6.81635
-6.81728
-6.81883
-6.81936
-6.81985
-6.82029
-6.82069
-6.8217
-6.82202
-6.82262
-6.82318
-6.82467
-6.82514
-6.82557
-6.82628
-6.82663
-6.82725
-6.82752
-6.82741
-6.82792
-6.82839
-6.82914
-6.82921
-6.82859
-6.82956
-6.82952
-6.82945
-6.82966
-6.82952
-6.82935
-6.82947
-6.83021
-6.82995
-6.82967
-6.82903
-6.82837
-6.82833
-6.82794
-6.82818
-6.82807
-6.82794
-6.82779
-6.82698
-6.82647
-6.82563
-6.82542
-6.82422
-6.82399
-6.82342
-6.82317
-6.82226
-6.82167
-6.82075
-6.81983
-6.81955
-6.81928
-6.819
-6.81873
-6.81717
-6.8169
-6.81697
-6.8164
-6.81551
-6.8156
-6.81539
-6.81454
-6.81338
-6.8132
-6.81176
-6.81195
-6.81183
-6.81206
-6.81166
-6.81129
-6.81126
-6.81062
-6.80999
-6.81037
-6.81045
-6.81088
-6.81036
-6.80988
-6.80975
-6.80965
-6.81023
-6.80987
-6.81018
-6.80956
-6.81026
-6.81099
-6.81143
-6.81126
-6.81143
-6.81164
-6.81155
-6.81214
-6.81243
-6.81275
-6.81309
-6.81411
-6.8145
-6.81525
-6.81569
