1	0.36367	0.36367	0
2	0.409535	0.386602	0.0229325
3	0.424158	0.399121	0.0182212
4	0.418532	0.403974	0.013768
5	0.429488	0.409076	0.0118225
6	0.408402	0.408964	0.00965373
7	0.337281	0.398724	0.0130933
8	0.462593	0.406707	0.0138677
9	0.422998	0.408517	0.0123634
10	0.385557	0.406221	0.011294
11	0.383336	0.404141	0.0104255
12	0.465257	0.409234	0.0107942
13	0.323635	0.402649	0.0119141
14	0.37871	0.400939	0.011162
15	0.364456	0.398507	0.0106722
16	0.367887	0.396593	0.0101647
17	0.394427	0.396466	0.0095489
18	0.473384	0.400739	0.00996548
19	0.406233	0.401028	0.00943083
20	0.435599	0.402757	0.00911232
21	0.464139	0.40568	0.00914713
22	0.398854	0.405369	0.00872697
23	0.435511	0.40668	0.00844125
24	0.4188	0.407185	0.00809765
25	0.396724	0.406767	0.00777825
26	0.394845	0.406308	0.00748716
27	0.436024	0.407409	0.0072881
28	0.374431	0.406231	0.00712106
29	0.485083	0.40895	0.00738956
30	0.37776	0.40791	0.0072143
31	0.457716	0.409517	0.00716028
32	0.391344	0.408949	0.00695613
33	0.461141	0.410531	0.00692507
34	0.399348	0.410202	0.00672635
35	0.415381	0.41035	0.00653302
36	0.412851	0.410419	0.00634933
37	0.41462	0.410533	0.00617639
38	0.408694	0.410484	0.00601185
39	0.404032	0.410319	0.00585801
40	0.43777	0.411005	0.00575078
41	0.376888	0.410173	0.00567015
42	0.427356	0.410582	0.00554861
43	0.399109	0.410315	0.0054246
44	0.36434	0.40927	0.0054019
45	0.410213	0.409291	0.00528054
46	0.393007	0.408937	0.00517658
47	0.396028	0.408663	0.00507269
48	0.413164	0.408756	0.00496677
49	0.416796	0.40892	0.00486712
50	0.348982	0.407722	0.00491715
51	0.42158	0.407993	0.00482742
52	0.402888	0.407895	0.00473469
53	0.417769	0.408082	0.00464824
54	0.421045	0.408322	0.00456766
55	0.392974	0.408043	0.00449252
56	0.389631	0.407714	0.0044238
57	0.362224	0.406916	0.00441817
58	0.388235	0.406594	0.00435326
59	0.377134	0.406094	0.00430787
60	0.407719	0.406121	0.00423555
61	0.364284	0.405436	0.00422163
62	0.348763	0.404521	0.00425238
63	0.457985	0.40537	0.00426952
64	0.422422	0.405637	0.00421072
65	0.456548	0.40642	0.00421878
66	0.387144	0.406128	0.00416462
67	0.37724	0.405697	0.00412459
68	0.428082	0.406026	0.00407679
69	0.447504	0.406627	0.004062
70	0.412089	0.406705	0.00400431
71	0.405151	0.406683	0.00394757
72	0.490376	0.407845	0.00406222
73	0.400019	0.407738	0.00400762
74	0.392439	0.407531	0.0039585
75	0.404891	0.407496	0.00390552
76	0.413951	0.407581	0.00385473
77	0.412755	0.407648	0.00380493
78	0.383048	0.407333	0.00376905
79	0.326282	0.406307	0.00385988
80	0.408845	0.406339	0.00381146
81	0.423902	0.406556	0.00377035
82	0.402924	0.406511	0.00372435
83	0.418047	0.40665	0.00368183
84	0.427428	0.406898	0.00364613
85	0.399706	0.406813	0.00360398
86	0.363247	0.406306	0.00359767
87	0.481895	0.407175	0.00366067
88	0.399495	0.407088	0.00361989
89	0.394739	0.406949	0.00358167
90	0.3914	0.406777	0.00354587
91	0.417541	0.406895	0.00350868
92	0.398463	0.406803	0.00347154
93	0.369429	0.406401	0.00345744
94	0.403535	0.406371	0.0034206
95	0.399508	0.406299	0.00338517
96	0.353379	0.405747	0.00339478
97	0.42671	0.405963	0.00336655
98	0.405304	0.405957	0.00333202
99	0.380572	0.4057	0.00330815
100	0.460452	0.406248	0.00332035
