1	0.04416	0.04416	0
2	0.0078	0.02598	0.01818
3	0.07644	0.0428	0.0198263
4	0.0428	0.0428	0.0140193
5	-0.01792	0.030656	0.0162912
6	-0.0098	0.0239133	0.014913
7	-0.12136	0.00316	0.0242808
8	-0.04704	-0.003115	0.0219441
9	0.02028	-0.000515556	0.0195267
10	0.03288	0.002824	0.0177816
11	-0.10592	-0.00706182	0.0188793
12	-0.00868	-0.00719667	0.0172349
13	0.00368	-0.00636	0.0158758
14	0.01016	-0.00518	0.0147454
15	-0.06628	-0.00925333	0.0143189
16	0.01204	-0.0079225	0.01346
17	0.0624	-0.00378588	0.013303
18	0.11012	0.00254222	0.0140482
19	0.0192	0.00341895	0.0133171
20	0.04408	0.005452	0.0127963
21	-0.07624	0.0015619	0.0127782
22	-0.16604	-0.00605636	0.0143693
23	-0.04644	-0.00781217	0.0138422
24	0.08292	-0.00403167	0.0137815
25	0.068	-0.0011504	0.0135291
26	0.00104	-0.00106615	0.0129986
27	-0.10492	-0.00491259	0.013086
28	-0.02572	-0.00565571	0.0126319
29	0.07232	-0.0029669	0.0124816
30	0.06616	-0.000662667	0.0122765
31	-0.02556	-0.00146581	0.011901
32	-0.04828	-0.00292875	0.0116156
33	-0.14136	-0.00712364	0.0120143
34	0.07752	-0.00463412	0.0119185
35	-0.02032	-0.00508229	0.0115816
36	-0.10872	-0.00796111	0.0116176
37	0.04156	-0.0066227	0.0113783
38	-0.09688	-0.00899789	0.0113266
39	0.01156	-0.00847077	0.011045
40	-0.06128	-0.009791	0.010846
41	-0.06052	-0.0110283	0.0106502
42	0.04608	-0.00966857	0.0104821
43	-0.09108	-0.0115619	0.0104091
44	0.0596	-0.00994455	0.0102976
45	-0.0058	-0.00985244	0.0100665
46	-0.03944	-0.0104957	0.00986627
47	0.01428	-0.00996851	0.00966844
48	0.01408	-0.0094675	0.00947813
49	-0.09468	-0.0112065	0.00944417
50	-0.09796	-0.0129416	0.00941462
51	-0.01176	-0.0129184	0.00922821
52	0.00244	-0.0126231	0.00905382
53	-0.00016	-0.0123879	0.00888446
54	-0.00704	-0.0122889	0.00871895
55	-0.10484	-0.0139716	0.0087228
56	0.04448	-0.0129279	0.00862898
57	-0.08764	-0.0142386	0.00857699
58	-0.04632	-0.0147917	0.00844595
59	-0.0128	-0.014758	0.00830163
60	0.01392	-0.01428	0.00817608
61	0.01464	-0.0138059	0.00805489
62	-0.07172	-0.01474	0.00797878
63	-8e-05	-0.0145073	0.00785456
64	0.03872	-0.0136756	0.00777546
65	0.0506	-0.0126868	0.00771851
66	0.0964	-0.0110339	0.0077783
67	0.04736	-0.0101624	0.00771074
68	-0.02024	-0.0103106	0.00759795
69	0.12864	-0.00829681	0.00775311
70	0.02916	-0.00776171	0.00766027
71	-0.03732	-0.00817803	0.00756307
72	0.06404	-0.007175	0.00752444
73	-0.04108	-0.00763945	0.00743517
74	-0.08292	-0.00865676	0.00740423
75	0.08628	-0.00739093	0.0074137
76	-0.05632	-0.00803474	0.00734378
77	0.00728	-0.00783584	0.0072505
78	0.0252	-0.00741231	0.00716947
79	0.01548	-0.00712253	0.00708406
80	0.032	-0.0066335	0.00701202
81	0.02424	-0.00625235	0.00693539
82	-0.02244	-0.00644976	0.00685314
83	0.03644	-0.00593301	0.00678976
84	-0.06716	-0.0066619	0.00674792
85	0.04172	-0.00609271	0.00669231
86	0.01656	-0.0058293	0.00661928
87	0.10868	-0.0045131	0.00667383
88	-0.02652	-0.00476318	0.00660229
89	0.05052	-0.00414202	0.00655718
90	-0.03896	-0.00452889	0.00649544
91	-0.06144	-0.00515429	0.00645404
92	-0.01868	-0.0053013	0.00638519
93	0.0118	-0.00511742	0.00631884
94	0.09172	-0.00408723	0.00633557
95	-0.05736	-0.004648	0.00629356
96	0.01824	-0.00440958	0.00623222
97	0.13012	-0.00302268	0.00632165
98	-0.08592	-0.00386857	0.00631373
99	-0.0442	-0.00427596	0.00626289
100	0.0014	-0.0042192	0.00620021
