1	-0.74896	-0.74896	0
2	-0.7444	-0.74668	0.00228
3	-0.73904	-0.744133	0.00286676
4	-0.7484	-0.7452	0.00229062
5	-0.74728	-0.745616	0.00182242
6	-0.74616	-0.745707	0.00149076
7	-0.73752	-0.744537	0.00171907
8	-0.74656	-0.74479	0.00151008
9	-0.72968	-0.743111	0.00214296
10	-0.73552	-0.742352	0.00206157
11	-0.74136	-0.742262	0.00186694
12	-0.74896	-0.74282	0.00179335
13	-0.74592	-0.743058	0.00166679
14	-0.7332	-0.742354	0.00169622
15	-0.73248	-0.741696	0.00171081
16	-0.74032	-0.74161	0.00160263
17	-0.74192	-0.741628	0.00150552
18	-0.73104	-0.74104	0.00153648
19	-0.7344	-0.740691	0.00149479
20	-0.7332	-0.740316	0.00146671
21	-0.74688	-0.740629	0.0014297
22	-0.74144	-0.740665	0.00136367
23	-0.73816	-0.740557	0.00130757
24	-0.74784	-0.74086	0.00128816
25	-0.75048	-0.741245	0.0012941
26	-0.74448	-0.741369	0.00124954
27	-0.75448	-0.741855	0.00129672
28	-0.74504	-0.741969	0.00125472
29	-0.73152	-0.741608	0.00126315
30	-0.74	-0.741555	0.0012215
31	-0.7404	-0.741517	0.00118203
32	-0.73888	-0.741435	0.00114746
33	-0.7388	-0.741355	0.001115
34	-0.74088	-0.741341	0.0010818
35	-0.74872	-0.741552	0.00107139
36	-0.7408	-0.741531	0.00104141
37	-0.74016	-0.741494	0.00101355
38	-0.73288	-0.741267	0.00101223
39	-0.73824	-0.74119	0.000988983
40	-0.75296	-0.741484	0.00100785
41	-0.73984	-0.741444	0.000983782
42	-0.742	-0.741457	0.000960165
43	-0.74304	-0.741494	0.000938292
44	-0.73152	-0.741267	0.000944329
45	-0.74936	-0.741447	0.00094046
46	-0.74504	-0.741525	0.000923099
47	-0.74648	-0.741631	0.000909376
48	-0.76312	-0.742078	0.000996463
49	-0.74024	-0.742041	0.000976636
50	-0.74744	-0.742149	0.000962978
51	-0.73744	-0.742056	0.000948412
52	-0.75056	-0.74222	0.000944262
53	-0.73728	-0.742127	0.000930952
54	-0.73704	-0.742033	0.000918394
55	-0.73928	-0.741983	0.000902929
56	-0.7472	-0.742076	0.00089154
57	-0.7364	-0.741976	0.000881402
58	-0.74776	-0.742076	0.000871795
59	-0.74272	-0.742087	0.000856961
60	-0.73272	-0.741931	0.000856898
61	-0.74616	-0.742	0.00084558
62	-0.73608	-0.741905	0.000837292
63	-0.7288	-0.741697	0.000849747
64	-0.72544	-0.741443	0.000874085
65	-0.73944	-0.741412	0.000861084
66	-0.73896	-0.741375	0.00084875
67	-0.73864	-0.741334	0.000836982
68	-0.74544	-0.741394	0.00082679
69	-0.72376	-0.741139	0.000853863
70	-0.7468	-0.741219	0.000845454
71	-0.73016	-0.741064	0.000847892
72	-0.732	-0.740938	0.000845457
73	-0.74424	-0.740983	0.000835021
74	-0.75056	-0.741112	0.000833765
75	-0.7316	-0.740986	0.000832294
76	-0.74424	-0.741028	0.000822385
77	-0.73384	-0.740935	0.000816986
78	-0.74728	-0.741016	0.000810536
79	-0.73472	-0.740937	0.00080417
80	-0.74392	-0.740974	0.000794929
81	-0.74256	-0.740994	0.000785298
82	-0.74792	-0.741078	0.000780248
83	-0.74112	-0.741079	0.00077079
84	-0.75008	-0.741186	0.000769061
85	-0.74664	-0.74125	0.000762664
86	-0.748	-0.741328	0.000757819
87	-0.73512	-0.741257	0.000752449
88	-0.73632	-0.741201	0.000745962
89	-0.73992	-0.741187	0.000737673
90	-0.74016	-0.741175	0.00072952
91	-0.75832	-0.741364	0.000745654
92	-0.74104	-0.74136	0.000737513
93	-0.74808	-0.741432	0.000733109
94	-0.73888	-0.741405	0.000725776
95	-0.71304	-0.741107	0.000777696
96	-0.74	-0.741095	0.000769639
97	-0.74344	-0.741119	0.000762047
98	-0.73592	-0.741066	0.000756094
99	-0.73576	-0.741013	0.000750335
100	-0.7408	-0.74101	0.000742797
