1	5.46743	5.46743	0
2	5.27825	5.37284	0.0945905
3	6.36229	5.70265	0.334307
4	5.3757	5.62091	0.250124
5	8.35291	6.16731	0.579733
6	8.0461	6.48044	0.567548
7	6.81707	6.52853	0.48207
8	9.30438	6.87551	0.542853
9	5.8995	6.76707	0.49088
10	6.17874	6.70824	0.442981
11	7.66446	6.79517	0.410012
12	7.01874	6.8138	0.374752
13	7.42933	6.86115	0.347958
14	5.43208	6.75907	0.337932
15	5.57082	6.67985	0.324418
16	7.096	6.70586	0.304578
17	5.6221	6.64211	0.293117
18	6.14865	6.6147	0.27771
19	5.85554	6.57474	0.265709
20	5.25029	6.50852	0.260627
21	7.53661	6.55747	0.252694
22	7.81326	6.61456	0.247603
23	4.85432	6.53802	0.248663
24	8.32419	6.61245	0.249438
25	7.12076	6.63278	0.240115
26	7.10476	6.65093	0.231409
27	8.69691	6.72671	0.235214
28	6.0048	6.70093	0.228119
29	5.74415	6.66794	0.222571
30	5.78179	6.6384	0.217044
31	6.42019	6.63136	0.210044
32	5.17661	6.5859	0.208393
33	6.51962	6.58389	0.201989
34	6.5824	6.58385	0.195958
35	6.99139	6.59549	0.190633
36	7.5363	6.62162	0.187096
37	6.16221	6.60921	0.182392
38	5.53341	6.5809	0.179771
39	5.29699	6.54798	0.178169
40	7.08236	6.56134	0.17417
41	6.03147	6.54841	0.17036
42	6.03154	6.53611	0.166709
43	7.2528	6.55277	0.163637
44	6.22796	6.54539	0.160045
45	7.98926	6.57748	0.159705
46	5.36853	6.5512	0.15839
47	6.93661	6.5594	0.1552
48	8.00564	6.58953	0.154891
49	5.5824	6.56897	0.153083
50	7.6016	6.58962	0.151405
51	6.24152	6.5828	0.148564
52	7.3619	6.59778	0.146447
53	6.07055	6.58783	0.144002
54	4.61806	6.55136	0.145942
55	6.30331	6.54685	0.143335
56	6.56686	6.5472	0.140752
57	5.49585	6.52876	0.139486
58	6.47101	6.52776	0.137064
59	6.83627	6.53299	0.134822
60	5.51756	6.51607	0.133632
61	5.85112	6.50517	0.131874
62	4.85432	6.47854	0.132434
63	6.05531	6.47182	0.130488
64	5.7155	6.46001	0.128975
65	7.97356	6.48329	0.129093
66	5.35086	6.46613	0.128275
67	7.83162	6.48651	0.127979
68	6.99596	6.49401	0.126305
69	6.03596	6.48737	0.124638
70	7.52297	6.50216	0.123732
71	5.46461	6.48755	0.12285
72	6.44472	6.48695	0.121133
73	5.8221	6.47785	0.119809
74	5.11779	6.45947	0.119599
75	5.1923	6.44257	0.119197
76	6.53806	6.44383	0.117625
77	6.09036	6.43924	0.116178
78	6.47512	6.4397	0.11468
79	4.82187	6.41922	0.115056
80	5.79825	6.41146	0.113874
81	6.32731	6.41042	0.112464
82	6.62621	6.41305	0.111115
83	7.08198	6.42111	0.110064
84	7.64168	6.43564	0.109712
85	6.91314	6.44126	0.108559
86	5.58446	6.43129	0.107751
87	6.61874	6.43345	0.106527
88	6.82979	6.43795	0.105406
89	6.28213	6.4362	0.104229
90	6.38126	6.43559	0.103066
91	8.19078	6.45488	0.103736
92	6.20792	6.45219	0.102638
93	6.8592	6.45657	0.101622
94	6.12808	6.45308	0.100596
95	4.47101	6.43221	0.101695
96	6.84678	6.43653	0.100723
97	7.97036	6.45234	0.100925
98	5.42339	6.44184	0.10044
99	5.39284	6.43125	0.0999838
100	6.7443	6.43438	0.0990284
