1	-0.471095	-0.471095	0
2	-0.464409	-0.467752	0.0033432
3	-0.461895	-0.4658	0.00274536
4	-0.463109	-0.465127	0.00205453
5	-0.457589	-0.463619	0.00219217
6	-0.459795	-0.462982	0.00189999
7	-0.468415	-0.463758	0.00178353
8	-0.459162	-0.463184	0.00164796
9	-0.466557	-0.463558	0.00150091
10	-0.464201	-0.463623	0.00134399
11	-0.46683	-0.463914	0.00125015
12	-0.464877	-0.463994	0.00114404
13	-0.46852	-0.464343	0.00110845
14	-0.473139	-0.464971	0.0012033
15	-0.462372	-0.464798	0.00113353
16	-0.462506	-0.464654	0.00106996
17	-0.468189	-0.464862	0.00102633
18	-0.462407	-0.464726	0.000977197
19	-0.458709	-0.464409	0.000977082
20	-0.46201	-0.464289	0.000934674
21	-0.461758	-0.464169	0.000897189
22	-0.467264	-0.464309	0.000866929
23	-0.469739	-0.464545	0.000861363
24	-0.462087	-0.464443	0.000831028
25	-0.46723	-0.464555	0.000804854
26	-0.465492	-0.464591	0.000774119
27	-0.459237	-0.464392	0.000770837
28	-0.475265	-0.464781	0.000838169
29	-0.465719	-0.464813	0.000809397
30	-0.458881	-0.464615	0.000806567
31	-0.463838	-0.46459	0.000780518
32	-0.468324	-0.464707	0.000764688
33	-0.468523	-0.464822	0.000750122
34	-0.474685	-0.465113	0.000783405
35	-0.458799	-0.464932	0.000781787
36	-0.474489	-0.465198	0.000804802
37	-0.465294	-0.4652	0.000782753
38	-0.459782	-0.465058	0.000775101
39	-0.456821	-0.464846	0.000783951
40	-0.464708	-0.464843	0.000764108
41	-0.457089	-0.464654	0.000768863
42	-0.470023	-0.464782	0.000761146
43	-0.467786	-0.464852	0.000746512
44	-0.467231	-0.464906	0.00073135
45	-0.465749	-0.464924	0.000715159
46	-0.460795	-0.464835	0.000705176
47	-0.450231	-0.464524	0.000756739
48	-0.454378	-0.464313	0.000770369
49	-0.454086	-0.464104	0.000782816
50	-0.453782	-0.463897	0.000794293
51	-0.467301	-0.463964	0.000781418
52	-0.461088	-0.463909	0.000768237
53	-0.471822	-0.464058	0.000768249
54	-0.461576	-0.464012	0.000755288
55	-0.468547	-0.464095	0.000745999
56	-0.461125	-0.464042	0.000734473
57	-0.455597	-0.463893	0.000736528
58	-0.458386	-0.463799	0.000729919
59	-0.461418	-0.463758	0.000718574
60	-0.463744	-0.463758	0.000706497
61	-0.463348	-0.463751	0.000694851
62	-0.471405	-0.463875	0.000694609
63	-0.461592	-0.463838	0.000684454
64	-0.462357	-0.463815	0.000674072
65	-0.454894	-0.463678	0.000677664
66	-0.471056	-0.46379	0.000676616
67	-0.46541	-0.463814	0.000666879
68	-0.472123	-0.463936	0.000668266
69	-0.461186	-0.463896	0.000659715
70	-0.467363	-0.463946	0.000652105
71	-0.46401	-0.463947	0.000642856
72	-0.465141	-0.463963	0.000634081
73	-0.466318	-0.463996	0.000626167
74	-0.466582	-0.464031	0.000618635
75	-0.454691	-0.463906	0.000622905
76	-0.468517	-0.463967	0.000617641
77	-0.46157	-0.463936	0.000610361
78	-0.45207	-0.463783	0.000621392
79	-0.458305	-0.463714	0.000617383
80	-0.458724	-0.463652	0.0006128
81	-0.459216	-0.463597	0.00060766
82	-0.452762	-0.463465	0.000614575
83	-0.458663	-0.463407	0.000609875
84	-0.46451	-0.46342	0.000602714
85	-0.464527	-0.463433	0.000595724
86	-0.461702	-0.463413	0.0005891
87	-0.45919	-0.463364	0.000584309
88	-0.454258	-0.463261	0.000586828
89	-0.455458	-0.463173	0.000586783
90	-0.469196	-0.46324	0.000584073
91	-0.465958	-0.46327	0.000578391
92	-0.457515	-0.463208	0.000575479
93	-0.458472	-0.463157	0.00057153
94	-0.458614	-0.463108	0.000567479
95	-0.466606	-0.463145	0.00056268
96	-0.471637	-0.463234	0.00056377
97	-0.46493	-0.463251	0.000558202
98	-0.459917	-0.463217	0.000553523
99	-0.463278	-0.463218	0.000547904
100	-0.454256	-0.463128	0.00054975
