1	1.4394	1.4394	0
2	1.4978	1.4686	0.0292
3	1.21052	1.38257	0.087663
4	1.31752	1.36631	0.0640851
5	1.3072	1.35449	0.0510284
6	1.33192	1.35073	0.0418339
7	1.3658	1.35288	0.0354217
8	1.38332	1.35668	0.0309111
9	1.36752	1.35789	0.0272876
10	1.37604	1.3597	0.0244742
11	1.3398	1.35789	0.0222116
12	1.47272	1.36746	0.0224207
13	1.48608	1.37659	0.0225523
14	1.33104	1.37333	0.0211313
15	1.25476	1.36543	0.021201
16	1.42448	1.36912	0.0201722
17	1.32632	1.3666	0.019115
18	1.34012	1.36513	0.0180818
19	1.3968	1.3668	0.0171847
20	1.36888	1.3669	0.0163032
21	1.37212	1.36715	0.0155094
22	1.32336	1.36516	0.014921
23	1.32528	1.36343	0.0143625
24	1.4322	1.36629	0.0140465
25	1.26	1.36204	0.0141279
26	1.50124	1.36739	0.0145913
27	1.29472	1.3647	0.0142962
28	1.52996	1.3706	0.0149872
29	1.4074	1.37187	0.0145167
30	1.2834	1.36892	0.0143312
31	1.28052	1.36607	0.0141515
32	1.4494	1.36868	0.0139474
33	1.25896	1.36535	0.013921
34	1.6116	1.37259	0.0153248
35	1.2998	1.37051	0.0150251
36	1.4458	1.37261	0.0147508
37	1.2652	1.3697	0.0146373
38	1.37016	1.36971	0.0142469
39	1.40576	1.37064	0.0139076
40	1.30092	1.3689	0.013667
41	1.37796	1.36912	0.0133313
42	1.29468	1.36734	0.0131302
43	1.43348	1.36888	0.0129132
44	1.31652	1.36769	0.0126723
45	1.38704	1.36812	0.0123949
46	1.29104	1.36645	0.0122377
47	1.33004	1.36567	0.0119996
48	1.40884	1.36657	0.0117813
49	1.492	1.36913	0.0118189
50	1.40352	1.36982	0.0116005
51	1.27296	1.36792	0.0115283
52	1.46464	1.36978	0.0114564
53	1.38212	1.37001	0.0112406
54	1.36056	1.36984	0.0110318
55	1.48128	1.37186	0.0110173
56	1.38984	1.37219	0.0108236
57	1.3712	1.37217	0.010632
58	1.18228	1.36889	0.0109481
59	1.33188	1.36827	0.0107792
60	1.43648	1.3694	0.0106588
61	1.27748	1.3679	0.0105904
62	1.46608	1.36948	0.0105378
63	1.21152	1.36697	0.010668
64	1.29384	1.36583	0.010562
65	1.4076	1.36647	0.0104181
66	1.39288	1.36687	0.0102668
67	1.42192	1.36769	0.0101458
68	1.28336	1.36645	0.0100721
69	1.38336	1.3667	0.00992807
70	1.5396	1.36917	0.0100921
71	1.43416	1.37008	0.00999101
72	1.4712	1.37149	0.00995087
73	1.42696	1.37225	0.00984298
74	1.36848	1.3722	0.00970919
75	1.53096	1.37431	0.00980997
76	1.44096	1.37519	0.00971967
77	1.3756	1.3752	0.00959261
78	1.42408	1.37582	0.00948955
79	1.36012	1.37562	0.00937077
80	1.66708	1.37927	0.00994429
81	1.3764	1.37923	0.00982081
82	1.42668	1.37981	0.00971755
83	1.4694	1.38089	0.00966025
84	1.38664	1.38096	0.0095448
85	1.4282	1.38151	0.0094482
86	1.34284	1.38107	0.00934851
87	1.32264	1.38039	0.0092648
88	1.4804	1.38153	0.00922915
89	1.35732	1.38126	0.00912892
90	1.23628	1.37965	0.00916952
91	1.5332	1.38133	0.00922385
92	1.28224	1.38026	0.00918641
93	1.45024	1.38101	0.0091182
94	1.36732	1.38086	0.00902185
95	1.37132	1.38076	0.00892694
96	1.36512	1.3806	0.00883497
97	1.36272	1.38042	0.00874535
98	1.51424	1.38178	0.00876271
99	1.51804	1.38316	0.00878227
100	1.41392	1.38347	0.00869944
