1	0.204904	0.204904	0
2	0.209958	0.207431	0.00252695
3	0.191062	0.201975	0.00564783
4	0.198891	0.201204	0.00406736
5	0.198426	0.200648	0.00319916
6	0.190773	0.199002	0.00308738
7	0.196883	0.1987	0.00262683
8	0.214144	0.20063	0.00298368
9	0.199706	0.200527	0.00263336
10	0.194188	0.199893	0.00243918
11	0.192691	0.199239	0.00230143
12	0.201216	0.199404	0.00210736
13	0.180245	0.19793	0.00243508
14	0.18518	0.197019	0.00243144
15	0.194311	0.196839	0.00227073
16	0.18791	0.196281	0.00219615
17	0.204211	0.196747	0.00211501
18	0.190254	0.196386	0.00202641
19	0.19276	0.196196	0.00192627
20	0.209727	0.196872	0.00194865
21	0.214239	0.197699	0.00202965
22	0.187708	0.197245	0.00198778
23	0.217136	0.19811	0.00208701
24	0.226158	0.199278	0.00231483
25	0.206294	0.199559	0.00223797
26	0.212043	0.200039	0.00220313
27	0.198313	0.199975	0.00212093
28	0.182793	0.199362	0.00213392
29	0.193427	0.199157	0.00206916
30	0.194551	0.199003	0.00200489
31	0.208918	0.199323	0.00196533
32	0.19367	0.199147	0.00191111
33	0.196461	0.199065	0.00185408
34	0.17992	0.198502	0.0018848
35	0.181378	0.198013	0.00189443
36	0.187608	0.197724	0.0018636
37	0.197742	0.197724	0.00181253
38	0.202742	0.197856	0.00176913
39	0.205608	0.198055	0.00173459
40	0.188836	0.197825	0.00170631
41	0.192537	0.197696	0.00166916
42	0.204468	0.197857	0.0016369
43	0.203244	0.197982	0.00160328
44	0.177733	0.197522	0.00163262
45	0.187639	0.197302	0.00161097
46	0.187093	0.19708	0.00159111
47	0.201486	0.197174	0.00155971
48	0.197909	0.197189	0.00152695
49	0.202623	0.1973	0.00149957
50	0.196148	0.197277	0.00146945
51	0.186789	0.197072	0.00145496
52	0.204187	0.197209	0.00143325
53	0.1969	0.197203	0.00140596
54	0.193703	0.197138	0.0013812
55	0.213271	0.197431	0.00138722
56	0.195871	0.197403	0.00136251
57	0.194782	0.197357	0.00133918
58	0.195732	0.197329	0.00131619
59	0.202687	0.19742	0.00129687
60	0.207946	0.197596	0.00128708
61	0.195464	0.197561	0.00126629
62	0.188975	0.197422	0.00125337
63	0.201941	0.197494	0.0012354
64	0.173078	0.197112	0.00127439
65	0.21387	0.19737	0.00128084
66	0.195674	0.197344	0.00126155
67	0.185601	0.197169	0.00125488
68	0.194643	0.197132	0.00123684
69	0.202774	0.197214	0.00122153
70	0.218653	0.19752	0.00124229
71	0.208721	0.197678	0.00123479
72	0.196646	0.197664	0.0012176
73	0.192741	0.197596	0.0012027
74	0.187039	0.197453	0.00119488
75	0.197442	0.197453	0.00117884
76	0.198395	0.197466	0.0011633
77	0.191269	0.197385	0.00115091
78	0.202536	0.197451	0.00113797
79	0.192073	0.197383	0.00112554
80	0.195772	0.197363	0.00111156
81	0.195868	0.197345	0.00109791
82	0.211953	0.197523	0.00109897
83	0.1967	0.197513	0.0010857
84	0.196289	0.197498	0.00107279
85	0.20814	0.197623	0.00106746
86	0.204426	0.197703	0.00105794
87	0.201252	0.197743	0.0010465
88	0.185693	0.197606	0.00104357
89	0.17595	0.197363	0.00106008
90	0.201984	0.197414	0.00104949
91	0.202738	0.197473	0.00103954
92	0.201172	0.197513	0.00102897
93	0.214681	0.197698	0.00103445
94	0.194866	0.197668	0.00102383
95	0.19529	0.197643	0.0010133
96	0.182319	0.197483	0.00101532
97	0.192899	0.197436	0.0010059
98	0.206252	0.197526	0.000999643
99	0.208473	0.197636	0.000995654
100	0.197997	0.19764	0.000985654
