1	0.03076	0.03076	0
2	0.07244	0.0516	0.02084
3	0.01476	0.03932	0.0171921
4	0.04744	0.04135	0.0123249
5	0.03544	0.040168	0.00961976
6	-0.01424	0.0311	0.0119967
7	0.04076	0.03248	0.0102326
8	0.03812	0.033185	0.00888967
9	0.03184	0.0330356	0.00784138
10	0.03804	0.033536	0.00703137
11	0.00948	0.0313491	0.0067256
12	0.03984	0.0320567	0.00618024
13	0.026	0.0315908	0.00570405
14	0.01696	0.0305457	0.00538334
15	0.0106	0.029216	0.00518502
16	0.02928	0.02922	0.00485014
17	0.02544	0.0289976	0.00456134
18	0.02436	0.02874	0.00430818
19	0.02344	0.0284611	0.00408467
20	0.04048	0.029062	0.00392138
21	0.03988	0.0295771	0.00376538
22	0.0192	0.0291055	0.003621
23	0.04696	0.0298817	0.003546
24	-0.00364	0.028485	0.00367113
25	0.02552	0.0283664	0.00352322
26	0.0266	0.0282985	0.00338568
27	0.02984	0.0283556	0.00325837
28	0.02324	0.0281729	0.00314516
29	0.04196	0.0286483	0.00307178
30	0.00804	0.0279613	0.00304609
31	0.01188	0.0274426	0.00299151
32	0.0162	0.0270913	0.00291775
33	0.00616	0.026457	0.00289821
34	0.05424	0.0272741	0.00292801
35	0.01596	0.0269509	0.00286144
36	0.03244	0.0271033	0.002785
37	0.05272	0.0277957	0.00279576
38	-0.01488	0.0266726	0.00294383
39	0.03704	0.0269385	0.00287965
40	0.0274	0.02695	0.00280676
41	0.02644	0.0269376	0.00273747
42	0.02516	0.0268952	0.00267184
43	0.03332	0.0270447	0.00261324
44	0.04156	0.0273745	0.00257438
45	0.01544	0.0271093	0.00253046
46	0.04376	0.0274713	0.00250117
47	0.03156	0.0275583	0.00244892
48	0.03092	0.0276283	0.00239838
49	0.02832	0.0276424	0.00234896
50	0.01712	0.027432	0.00231111
51	0.02104	0.0273067	0.0022688
52	0.0024	0.0268277	0.00227572
53	0.04308	0.0271343	0.00225333
54	0.0068	0.0267578	0.00224304
55	0.02736	0.0267687	0.00220191
56	0.02424	0.0267236	0.00216271
57	-0.00016	0.0262519	0.00217615
58	0.01132	0.0259945	0.00215374
59	0.03892	0.0262136	0.00212823
60	-0.0168	0.0254967	0.00221186
61	0.0314	0.0255934	0.00217745
62	0.01824	0.0254748	0.00214532
63	0.0156	0.0253181	0.0021168
64	0.04584	0.0256388	0.002108
65	0.02872	0.0256862	0.00207585
66	0.0408	0.0259152	0.00205695
67	0.03848	0.0261027	0.00203467
68	0.02216	0.0260447	0.00200537
69	0.01528	0.0258887	0.00198224
70	0.04816	0.0262069	0.00197945
71	0.06448	0.0267459	0.00202446
72	0.00504	0.0264444	0.00201878
73	0.01992	0.0263551	0.00199294
74	0.02912	0.0263924	0.00196618
75	0.04656	0.0266613	0.00195834
76	0.01384	0.0264926	0.00193975
77	0.03848	0.0266483	0.00192071
78	0.01152	0.0264544	0.00190582
79	0.01924	0.026363	0.00188376
80	0.0322	0.026436	0.00186149
81	0.0008	0.0261195	0.00186541
82	0.01812	0.026022	0.0018451
83	0.01716	0.0259152	0.00182586
84	0.02552	0.0259105	0.001804
85	0.03436	0.0260099	0.00178542
86	0.01308	0.0258595	0.00177093
87	0.01952	0.0257867	0.00175197
88	0.04888	0.0260491	0.00175172
89	0.02892	0.0260813	0.00173222
90	0.0398	0.0262338	0.00171964
91	0.02592	0.0262303	0.00170064
92	0.02376	0.0262035	0.00168227
93	0.0476	0.0264335	0.00167991
94	0.02668	0.0264362	0.00166194
95	0.03428	0.0265187	0.00164643
96	-0.01016	0.0261367	0.00167339
97	0.04248	0.0263052	0.0016646
98	0.00384	0.0260759	0.00166339
99	0.01188	0.0259325	0.00165274
100	0.0448	0.0261212	0.00164697
