1	0.036	0.036	0
2	0.07576	0.05588	0.01988
3	0.00048	0.0374133	0.021743
4	-0.08764	0.00615	0.0348393
5	-0.05396	-0.005872	0.0295431
6	0.04684	0.00291333	0.0256719
7	0.06596	0.01192	0.0234918
8	-0.009	0.009305	0.0205119
9	0.11184	0.0206978	0.0213784
10	0.0286	0.021488	0.0191377
11	0.05316	0.0243673	0.0175486
12	0.0466	0.02622	0.0161263
13	-0.02832	0.0220246	0.0154159
14	-0.15592	0.00931429	0.0191116
15	-0.03584	0.006304	0.0180448
16	0.00072	0.005955	0.016883
17	0.13724	0.0136776	0.0176392
18	-0.06508	0.00930222	0.0171963
19	0.16116	0.0172947	0.0181236
20	-0.08072	0.012394	0.0178784
21	0.08604	0.015901	0.0173636
22	-0.0774	0.01166	0.0170901
23	0.03272	0.0125757	0.0163558
24	0.01228	0.0125633	0.0156595
25	0.072	0.0149408	0.015207
26	0.03392	0.0156708	0.0146287
27	-0.00648	0.0148504	0.0141003
28	0.13472	0.0191314	0.0142459
29	0.1968	0.0252579	0.0150494
30	0.1266	0.028636	0.0149264
31	0.0296	0.0286671	0.0144369
32	-0.06516	0.025735	0.0142826
33	-0.07952	0.0225455	0.0142058
34	0.01816	0.0224165	0.0137822
35	0.13376	0.0255977	0.0137556
36	-0.05956	0.0232322	0.0135757
37	0.03424	0.0235297	0.013207
38	0.00388	0.0230126	0.0128652
39	0.09232	0.0247897	0.0126563
40	0.08092	0.026193	0.0124154
41	0.09864	0.02796	0.0122371
42	0.12996	0.0303886	0.0121866
43	0.02024	0.0301526	0.0119022
44	-0.04828	0.02837	0.0117643
45	0.05092	0.0288711	0.0115109
46	0.25368	0.0337583	0.0122729
47	-0.16712	0.0294843	0.0127468
48	-0.1362	0.0260325	0.012947
49	-0.10836	0.0232898	0.0129733
50	-0.00172	0.0227896	0.012721
51	-0.11068	0.0201725	0.0127408
52	0.08084	0.0213392	0.0125477
53	-0.07476	0.019526	0.0124415
54	-0.02676	0.0186689	0.012239
55	-0.0076	0.0181913	0.0120239
56	0.09096	0.0194907	0.0118785
57	-0.0738	0.017854	0.0117825
58	0.0056	0.0176428	0.0115795
59	-0.12936	0.0151512	0.0116511
60	-0.00628	0.014794	0.0114608
61	-0.00552	0.014461	0.0112763
62	-0.13264	0.0120884	0.0113438
63	0.0816	0.0131917	0.0112167
64	-0.0592	0.0120606	0.0110978
65	0.09532	0.0133415	0.0110006
66	-0.00108	0.013123	0.0108348
67	0.02312	0.0132722	0.0106729
68	-0.00272	0.0130371	0.0105174
69	-0.17056	0.0103762	0.0107
70	-0.0306	0.00979086	0.0105623
71	0.05048	0.0103639	0.0104282
72	0.05744	0.0110178	0.0103031
73	0.01152	0.0110247	0.010161
74	0.1476	0.0128703	0.0101913
75	-0.07204	0.0117381	0.010118
76	-0.07756	0.0105632	0.0100529
77	0.0394	0.0109377	0.00992853
78	0.04528	0.0113779	0.0098103
79	0.17512	0.0134506	0.00990462
80	0.0832	0.0143225	0.00981881
81	0.008	0.0142444	0.00969715
82	0.1274	0.0156244	0.00967706
83	-0.04104	0.0149417	0.0095841
84	-0.00148	0.0147462	0.00947134
85	0.13896	0.0162075	0.00947264
86	-0.05856	0.0153381	0.00940213
87	0.03548	0.0155697	0.00929631
88	-0.03732	0.0149686	0.0092097
89	0.01504	0.0149694	0.00910563
90	0.05544	0.0154191	0.00901511
91	0.06128	0.0159231	0.00892973
92	0.06664	0.0164743	0.00884932
93	-0.07136	0.0155299	0.00880445
94	0.04412	0.015834	0.00871559
95	0.05404	0.0162362	0.00863273
96	0.01168	0.0161887	0.00854247
97	0.02136	0.0162421	0.00845411
98	0.04292	0.0165143	0.00837182
99	0.06132	0.0169669	0.00829918
100	-0.05004	0.0162968	0.00824305
