1	0.379417	0.379417	0
2	0.525444	0.452431	0.0730135
3	0.422712	0.442525	0.0433027
4	0.465095	0.448167	0.0311352
5	0.397817	0.438097	0.0261351
6	0.384126	0.429102	0.0231576
7	0.40643	0.425863	0.019838
8	0.460101	0.430143	0.0177052
9	0.370773	0.423546	0.0169508
10	0.494133	0.430605	0.0167239
11	0.493005	0.436278	0.016156
12	0.410064	0.434093	0.0149093
13	0.389525	0.430665	0.0141365
14	0.465373	0.433144	0.0133206
15	0.430045	0.432937	0.0124025
16	0.39293	0.430437	0.0118679
17	0.502441	0.434672	0.0119255
18	0.431398	0.434491	0.0112449
19	0.391269	0.432216	0.0108772
20	0.437374	0.432474	0.0103222
21	0.405719	0.4312	0.00990069
22	0.357467	0.427848	0.0100172
23	0.37058	0.425358	0.00989034
24	0.37556	0.423283	0.00969395
25	0.379938	0.421549	0.00945837
26	0.386161	0.420188	0.00918868
27	0.394984	0.419255	0.00889095
28	0.376731	0.417736	0.0087011
29	0.475779	0.419738	0.00863097
30	0.447178	0.420652	0.00838833
31	0.331975	0.417792	0.00860275
32	0.4008	0.417261	0.00834649
33	0.357142	0.415439	0.0082922
34	0.382568	0.414472	0.00810251
35	0.433373	0.415012	0.00788611
36	0.50722	0.417574	0.0080806
37	0.511588	0.420114	0.00825971
38	0.40121	0.419617	0.00805479
39	0.48573	0.421312	0.00802659
40	0.480741	0.422798	0.00796318
41	0.413215	0.422564	0.00777005
42	0.375908	0.421453	0.00766373
43	0.440883	0.421905	0.00749701
44	0.466533	0.422919	0.00739453
45	0.408269	0.422594	0.00723567
46	0.44599	0.423102	0.00709488
47	0.447965	0.423631	0.0069624
48	0.435244	0.423873	0.0068201
49	0.436237	0.424126	0.00668423
50	0.373324	0.42311	0.00662753
51	0.44867	0.423611	0.00651558
52	0.42032	0.423548	0.00638937
53	0.396196	0.423031	0.00628886
54	0.398253	0.422573	0.00618834
55	0.434187	0.422784	0.00607845
56	0.4992	0.424148	0.00612291
57	0.452864	0.424652	0.0060356
58	0.396286	0.424163	0.00595075
59	0.46622	0.424876	0.0058923
60	0.482506	0.425836	0.00587235
61	0.469024	0.426544	0.00581851
62	0.487492	0.427527	0.00580769
63	0.47088	0.428216	0.00575605
64	0.484188	0.42909	0.0057325
65	0.46949	0.429712	0.00567774
66	0.472701	0.430363	0.00562886
67	0.421575	0.430232	0.00554577
68	0.35828	0.429174	0.00556512
69	0.418898	0.429025	0.0054859
70	0.451113	0.42934	0.00541616
71	0.357735	0.428332	0.00543374
72	0.419015	0.428202	0.0053593
73	0.455073	0.428571	0.00529818
74	0.468605	0.429112	0.00525402
75	0.418688	0.428973	0.00518536
76	0.507763	0.430009	0.00522065
77	0.360628	0.429108	0.0052306
78	0.419398	0.428984	0.0051646
79	0.429037	0.428984	0.00509881
80	0.4739	0.429546	0.00506588
81	0.450015	0.429799	0.00500932
82	0.403178	0.429474	0.0049585
83	0.451601	0.42974	0.00490564
84	0.460786	0.43011	0.00486096
85	0.400415	0.429761	0.00481612
86	0.410971	0.429542	0.0047648
87	0.347368	0.428598	0.00480349
88	0.3953	0.428219	0.00476364
89	0.486463	0.428874	0.00475506
90	0.428237	0.428867	0.00470194
91	0.428114	0.428858	0.00464999
92	0.38569	0.428389	0.00462304
93	0.410459	0.428196	0.00457712
94	0.390889	0.4278	0.00454553
95	0.393986	0.427444	0.00451149
96	0.357167	0.426712	0.00452387
97	0.465383	0.42711	0.0044947
98	0.451873	0.427363	0.00445577
99	0.491763	0.428013	0.00445825
100	0.41317	0.427865	0.00441594
