1	-0.8112	-0.8112	0
2	-0.80504	-0.80812	0.00308
3	-0.79976	-0.805333	0.0033057
4	-0.80216	-0.80454	0.00246844
5	-0.7916	-0.801952	0.00321771
6	-0.79672	-0.80108	0.00276818
7	-0.8028	-0.801326	0.00235241
8	-0.80296	-0.80153	0.00204746
9	-0.80472	-0.801884	0.00184015
10	-0.7932	-0.801016	0.00186095
11	-0.81928	-0.802676	0.00236437
12	-0.8124	-0.803487	0.00230546
13	-0.79968	-0.803194	0.00214084
14	-0.8196	-0.804366	0.00230254
15	-0.80856	-0.804645	0.00216171
16	-0.83312	-0.806425	0.00269371
17	-0.80112	-0.806113	0.00254947
18	-0.8124	-0.806462	0.00242891
19	-0.7968	-0.805954	0.00235313
20	-0.81312	-0.806312	0.00226095
21	-0.8044	-0.806221	0.00215252
22	-0.81048	-0.806415	0.00206145
23	-0.79496	-0.805917	0.00203177
24	-0.79536	-0.805477	0.00199438
25	-0.79272	-0.804966	0.00197983
26	-0.80184	-0.804846	0.00190595
27	-0.79888	-0.804625	0.00184727
28	-0.8016	-0.804517	0.00178335
29	-0.81424	-0.804852	0.00175311
30	-0.79928	-0.804667	0.00170382
31	-0.80936	-0.804818	0.00165489
32	-0.80592	-0.804852	0.00160271
33	-0.82176	-0.805365	0.00163569
34	-0.794	-0.805031	0.00162168
35	-0.8044	-0.805013	0.00157477
36	-0.8072	-0.805073	0.0015316
37	-0.81104	-0.805235	0.00149834
38	-0.81648	-0.805531	0.0014881
39	-0.81088	-0.805668	0.00145591
40	-0.81456	-0.80589	0.00143636
41	-0.79944	-0.805733	0.00140969
42	-0.80176	-0.805638	0.00137897
43	-0.79968	-0.8055	0.00135362
44	-0.78264	-0.80498	0.00142089
45	-0.81304	-0.805159	0.00140046
46	-0.79736	-0.80499	0.00138013
47	-0.82264	-0.805365	0.00140169
48	-0.80136	-0.805282	0.00137471
49	-0.79392	-0.80505	0.00136618
50	-0.80256	-0.805	0.00133951
51	-0.80384	-0.804977	0.00131318
52	-0.79936	-0.804869	0.0012922
53	-0.80984	-0.804963	0.00127105
54	-0.78712	-0.804633	0.00129031
55	-0.78736	-0.804319	0.00130499
56	-0.8144	-0.804499	0.00129406
57	-0.81064	-0.804606	0.00127571
58	-0.8216	-0.804899	0.00128731
59	-0.80872	-0.804964	0.00126696
60	-0.81728	-0.805169	0.00126246
61	-0.80224	-0.805121	0.00124252
62	-0.80048	-0.805046	0.00122461
63	-0.79376	-0.804867	0.00121826
64	-0.8016	-0.804816	0.00120015
65	-0.80784	-0.804863	0.00118246
66	-0.80592	-0.804879	0.00116452
67	-0.80664	-0.804905	0.00114731
68	-0.81216	-0.805012	0.00113533
69	-0.79136	-0.804814	0.00113612
70	-0.82088	-0.805043	0.00114305
71	-0.79824	-0.804948	0.0011309
72	-0.80296	-0.80492	0.00111543
73	-0.80512	-0.804923	0.00110004
74	-0.80496	-0.804923	0.00108508
75	-0.79888	-0.804843	0.00107354
76	-0.79344	-0.804693	0.00106989
77	-0.81048	-0.804768	0.00105858
78	-0.7904	-0.804584	0.00106103
79	-0.80008	-0.804527	0.00104906
80	-0.81832	-0.804699	0.00105012
81	-0.8136	-0.804809	0.00104288
82	-0.79072	-0.804637	0.00104431
83	-0.80976	-0.804699	0.0010335
84	-0.81552	-0.804828	0.00102922
85	-0.78856	-0.804636	0.00103488
86	-0.81784	-0.80479	0.00103424
87	-0.80656	-0.80481	0.00102249
88	-0.79312	-0.804677	0.00101949
89	-0.80968	-0.804733	0.00100954
90	-0.7996	-0.804676	0.000999886
91	-0.81248	-0.804762	0.000992548
92	-0.81512	-0.804875	0.000988135
93	-0.8116	-0.804947	0.000980124
94	-0.79352	-0.804826	0.000977231
95	-0.80656	-0.804844	0.000967062
96	-0.80712	-0.804867	0.000957229
97	-0.816	-0.804982	0.000954237
98	-0.80112	-0.804943	0.000945271
99	-0.8068	-0.804962	0.000935862
100	-0.81136	-0.805026	0.000928663
