1	10.9769	10.9769	0
2	12.2261	11.6015	0.624622
3	9.63733	10.9468	0.747474
4	12.9894	11.4574	0.734936
5	6.75209	10.5164	1.09986
6	7.85787	10.0733	1.00139
7	10.0049	10.0635	0.846387
8	10.38	10.1031	0.73406
9	8.09511	9.87997	0.684746
10	10.652	9.95717	0.617302
11	12.8788	10.2228	0.618324
12	11.1386	10.2991	0.569586
13	7.74791	10.1029	0.559489
14	10.1236	10.1043	0.517989
15	10.5067	10.1312	0.482967
16	14.8727	10.4275	0.540298
17	11.4545	10.4879	0.511104
18	9.06978	10.4091	0.488272
19	10.4372	10.4106	0.461861
20	10.2037	10.4003	0.438282
21	10.0792	10.385	0.417169
22	10.8193	10.4047	0.398245
23	8.38756	10.317	0.390512
24	8.31191	10.2335	0.383107
25	8.0512	10.1462	0.377689
26	8.08587	10.0669	0.371424
27	10.4695	10.0818	0.357714
28	7.78204	9.99971	0.354352
29	13.2428	10.1115	0.359739
30	8.29929	10.0511	0.352752
31	9.66098	10.0385	0.341415
32	10.7946	10.0622	0.331417
33	12.9911	10.1509	0.333254
34	5.62738	10.0179	0.349609
35	13.0716	10.1051	0.350506
36	10.6691	10.1208	0.340991
37	10.4224	10.1289	0.331747
38	10.385	10.1357	0.322969
39	12.738	10.2024	0.321577
40	10.7839	10.2169	0.313772
41	9.80853	10.207	0.306185
42	9.2904	10.1852	0.299602
43	11.9461	10.2261	0.295404
44	12.6076	10.2802	0.293643
45	13.726	10.3568	0.297081
46	10.8281	10.3671	0.290732
47	14.1746	10.4481	0.295789
48	8.18338	10.4009	0.29338
49	8.8648	10.3695	0.289035
50	8.92613	10.3407	0.284663
51	8.19831	10.2987	0.28217
52	10.2205	10.2972	0.276694
53	11.7617	10.3248	0.272826
54	9.75938	10.3143	0.267931
55	8.76907	10.2862	0.264511
56	12.2053	10.3205	0.261995
57	10.4803	10.3233	0.257373
58	11.6443	10.3461	0.25392
59	10.7136	10.3523	0.249657
60	13.4024	10.4031	0.25067
61	11.2025	10.4162	0.246874
62	12.2693	10.4461	0.244692
63	10.112	10.4408	0.240835
64	10.0011	10.434	0.237142
65	13.0312	10.4739	0.236859
66	11.3498	10.4872	0.23362
67	9.60107	10.474	0.230487
68	7.48551	10.43	0.231286
69	10.2501	10.4274	0.227924
70	15.1862	10.4954	0.234706
71	9.95271	10.4877	0.231503
72	9.3152	10.4715	0.228845
73	9.76356	10.4618	0.225896
74	12.3516	10.4873	0.224282
75	8.56969	10.4617	0.222743
76	10.3514	10.4603	0.219798
77	10.3905	10.4594	0.216926
78	8.29529	10.4316	0.215917
79	9.89262	10.4248	0.213276
80	13.6334	10.4649	0.214378
81	12.4084	10.4889	0.21307
82	8.25289	10.4616	0.212215
83	10.8892	10.4668	0.209706
84	12.3204	10.4889	0.208366
85	10.2066	10.4855	0.205927
86	13.0471	10.5153	0.205686
87	8.17698	10.4884	0.205077
88	6.60738	10.4443	0.207475
89	12.1314	10.4633	0.206005
90	9.34844	10.4509	0.204079
91	9.48924	10.4403	0.202101
92	7.5744	10.4092	0.202305
93	10.6596	10.4119	0.200136
94	7.37893	10.3796	0.200607
95	11.2484	10.3888	0.198695
96	7.73298	10.3611	0.198551
97	12.5042	10.3832	0.197731
98	9.91902	10.3785	0.195761
99	10.2826	10.3775	0.193775
100	8.95298	10.3632	0.192356
