1	1.84686	1.84686	0
2	1.65307	1.74997	0.0968914
3	1.91497	1.80497	0.0784508
4	1.74578	1.79017	0.0574125
5	1.78235	1.78861	0.044499
6	2.01006	1.82552	0.0517911
7	2.05362	1.8581	0.0545695
8	1.79246	1.8499	0.0479657
9	1.98491	1.8649	0.0448832
10	1.62999	1.84141	0.0465127
11	1.88114	1.84502	0.0422271
12	1.65605	1.82927	0.0416405
13	1.81102	1.82787	0.0383294
14	1.89371	1.83257	0.0357965
15	1.63954	1.8197	0.0357231
16	1.71849	1.81338	0.0340093
17	1.77842	1.81132	0.0320123
18	1.76786	1.80891	0.0302779
19	1.62359	1.79915	0.0302553
20	1.58231	1.78831	0.0306822
21	1.78318	1.78807	0.0291856
22	1.82427	1.78971	0.0278761
23	1.6827	1.78506	0.0270398
24	1.8565	1.78804	0.0260592
25	1.63675	1.78198	0.0257172
26	1.62898	1.7761	0.0253994
27	1.87822	1.77988	0.0247315
28	1.8597	1.78273	0.0240018
29	2.03273	1.79135	0.0247117
30	1.65207	1.78671	0.0243211
31	1.83922	1.7884	0.0235843
32	1.95003	1.79346	0.0233874
33	1.71735	1.79115	0.0227846
34	2.0613	1.7991	0.023489
35	1.82245	1.79976	0.0228178
36	1.80023	1.79978	0.0221749
37	1.69184	1.79686	0.0217637
38	1.7941	1.79679	0.0211833
39	1.97975	1.80148	0.0211596
40	1.72128	1.79947	0.0207211
41	1.70921	1.79727	0.0203289
42	1.63579	1.79343	0.0202081
43	1.63049	1.78964	0.0200931
44	1.79671	1.7898	0.0196318
45	1.87086	1.7916	0.0192749
46	1.78779	1.79152	0.0188514
47	1.76814	1.79102	0.0184527
48	1.86144	1.79249	0.0181236
49	1.79493	1.79254	0.01775
50	1.64677	1.78962	0.017634
51	2.10734	1.79585	0.0183732
52	1.96064	1.79902	0.018293
53	1.54414	1.79421	0.0185777
54	1.81074	1.79452	0.018233
55	1.8805	1.79608	0.0179666
56	1.82286	1.79656	0.0176493
57	1.73472	1.79547	0.0173708
58	1.68334	1.79354	0.0171779
59	1.55767	1.78954	0.017351
60	1.7136	1.78828	0.0171063
61	1.79287	1.78835	0.0168237
62	1.76827	1.78803	0.0165533
63	1.89143	1.78967	0.0163709
64	1.74085	1.78891	0.0161311
65	1.67817	1.7872	0.0159721
66	1.95451	1.78974	0.0159313
67	1.70103	1.78841	0.0157474
68	1.81746	1.78884	0.01552
69	1.65952	1.78697	0.0154078
70	1.84242	1.78776	0.0152068
71	2.05527	1.79153	0.0154573
72	1.80535	1.79172	0.0152423
73	1.67186	1.79008	0.0151215
74	1.62816	1.78789	0.0150753
75	1.69765	1.78668	0.0149216
76	1.6587	1.785	0.0148199
77	1.60302	1.78264	0.0148159
78	1.97335	1.78508	0.0148277
79	1.80549	1.78534	0.0146411
80	1.82153	1.78579	0.014464
81	1.86382	1.78676	0.0143168
82	1.78789	1.78677	0.0141411
83	1.85659	1.78761	0.013995
84	1.96485	1.78972	0.0139874
85	1.68457	1.78848	0.0138771
86	1.68891	1.78733	0.0137636
87	1.89746	1.78859	0.0136633
88	1.98496	1.79082	0.0136902
89	1.69454	1.78974	0.0135787
90	1.57641	1.78737	0.0136346
91	1.98697	1.78957	0.0136611
92	1.50583	1.78648	0.0138593
93	1.71611	1.78572	0.0137304
94	1.54811	1.7832	0.0138167
95	1.75264	1.78287	0.0136743
96	1.6859	1.78186	0.0135687
97	2.03721	1.7845	0.0136837
98	1.69504	1.78358	0.0135741
99	2.06839	1.78646	0.0137408
100	1.5984	1.78458	0.0137321
