1	0.01088	0.01088	0
2	-0.0086	0.00114	0.00974
3	0.00864	0.00364	0.00615407
4	0.0354	0.01158	0.00905427
5	0.01884	0.013032	0.00716214
6	0.00952	0.0124467	0.00587708
7	-0.005	0.00995429	0.00555729
8	0.01536	0.01063	0.00485996
9	-0.01928	0.00730667	0.00542356
10	0.02472	0.009048	0.00515405
11	0.01208	0.00932364	0.00467016
12	0.01936	0.01016	0.00434452
13	0.0036	0.00965538	0.00402811
14	-0.00236	0.00879714	0.00382678
15	0.00652	0.00864533	0.00356577
16	-0.02888	0.0063	0.0040775
17	-0.02508	0.00445412	0.00425174
18	0.0136	0.00496222	0.00404065
19	-0.00416	0.00448211	0.00385211
20	-0.00244	0.004136	0.00367079
21	-0.02636	0.00268381	0.00378156
22	-0.00688	0.00224909	0.00363169
23	-0.01972	0.00129391	0.00359926
24	-0.0058	0.000998333	0.00345868
25	-0.02376	8e-06	0.00346211
26	0.01152	0.000450769	0.00335563
27	-0.03216	-0.000757037	0.00344746
28	0.0126	-0.00028	0.00335613
29	-0.03288	-0.00140414	0.0034279
30	-0.015	-0.00185733	0.00334253
31	0.01524	-0.00130581	0.00327962
32	-0.00716	-0.00148875	0.00318074
33	-0.02284	-0.00213576	0.00315001
34	-0.01684	-0.00256824	0.00308641
35	-0.00576	-0.00265943	0.00299832
36	0.00064	-0.00256778	0.00291528
37	-0.01588	-0.00292757	0.00285813
38	-0.03432	-0.00375368	0.00290197
39	0.02588	-0.00299385	0.00292693
40	-0.00988	-0.003166	0.00285801
41	-0.00388	-0.00318341	0.00278748
42	0.01868	-0.00266286	0.00276967
43	0.02812	-0.00194698	0.00279763
44	-0.04692	-0.00296909	0.00291817
45	-0.03724	-0.00373067	0.00295249
46	-0.00488	-0.00375565	0.0028877
47	-0.0136	-0.00396511	0.00283335
48	0.00228	-0.003835	0.00277674
49	0.00096	-0.00373714	0.00272124
50	0.0094	-0.0034744	0.00267918
51	-0.02392	-0.00387529	0.00265654
52	-0.00316	-0.00386154	0.00260499
53	-0.0292	-0.00433962	0.0025997
54	-0.00184	-0.00429333	0.00255153
55	0.0208	-0.00383709	0.00254592
56	-0.01772	-0.004085	0.00251231
57	-0.00892	-0.00416982	0.00246929
58	-0.01844	-0.00441586	0.00243879
59	0.01456	-0.00409424	0.00241858
60	-0.0278	-0.00448933	0.00241053
61	0.015	-0.00416984	0.00239211
62	0.01228	-0.00390452	0.00236812
63	0.01932	-0.00353587	0.00235921
64	-0.00172	-0.0035075	0.00232223
65	-0.04032	-0.00407385	0.00235533
66	0.0106	-0.00385152	0.00233
67	0.01496	-0.00357075	0.00231207
68	0.03188	-0.00304941	0.00233671
69	0.01144	-0.00283942	0.00231215
70	-0.02644	-0.00317657	0.00230369
71	0.01028	-0.00298704	0.00227891
72	-0.03568	-0.00344111	0.00229245
73	0.01792	-0.00314849	0.00227969
74	-0.00608	-0.00318811	0.00224902
75	0.01248	-0.0029792	0.00222864
76	0.01208	-0.00278105	0.00220803
77	-0.00576	-0.00281974	0.00217951
78	0.025	-0.00246308	0.00218075
79	0.01988	-0.00218025	0.00217147
80	-0.05392	-0.002827	0.00223957
81	-0.0374	-0.00325383	0.00225255
82	0.00264	-0.00318195	0.00222607
83	-0.0062	-0.00321831	0.00219939
84	0.00148	-0.00316238	0.00217377
85	0.04952	-0.00254259	0.00223567
86	-0.00356	-0.00255442	0.00220956
87	-0.00772	-0.00261379	0.00218482
88	0.02636	-0.00228455	0.0021848
89	0.00248	-0.00223101	0.00216078
90	0.00712	-0.00212711	0.00213916
91	-0.04924	-0.00264484	0.00217795
92	0.0012	-0.00260304	0.00215455
93	-0.02616	-0.00285634	0.00214626
94	0.00076	-0.00281787	0.00212365
95	-0.01948	-0.00299326	0.00210848
96	-0.00372	-0.00300083	0.00208642
97	-0.03832	-0.00336495	0.00209666
98	-0.01548	-0.00348857	0.00207883
99	0.00408	-0.00341212	0.00205914
100	-0.007	-0.003448	0.00203876
