1	-0.51808	-0.51808	0
2	-0.50888	-0.51348	0.0046
3	-0.52728	-0.51808	0.00531162
4	-0.49992	-0.51354	0.00589222
5	-0.51256	-0.513344	0.0045683
6	-0.51688	-0.513933	0.00377627
7	-0.50888	-0.513211	0.00327216
8	-0.51768	-0.51377	0.0028883
9	-0.51792	-0.514231	0.00258864
10	-0.52176	-0.514984	0.00243468
11	-0.51232	-0.514742	0.00221553
12	-0.50688	-0.514087	0.00212596
13	-0.51408	-0.514086	0.0019556
14	-0.52032	-0.514531	0.00186448
15	-0.5048	-0.513883	0.00185302
16	-0.51272	-0.51381	0.00173486
17	-0.51744	-0.514024	0.00164355
18	-0.522	-0.514467	0.00161167
19	-0.50672	-0.514059	0.00157807
20	-0.51384	-0.514048	0.00149713
21	-0.5172	-0.514198	0.00143194
22	-0.52024	-0.514473	0.00139265
23	-0.51728	-0.514595	0.00133631
24	-0.51368	-0.514557	0.00127999
25	-0.51256	-0.514477	0.00123031
26	-0.5188	-0.514643	0.00119369
27	-0.51768	-0.514756	0.00115412
28	-0.51648	-0.514817	0.00111384
29	-0.51624	-0.514866	0.00107587
30	-0.516	-0.514904	0.00104007
31	-0.52112	-0.515105	0.00102575
32	-0.52296	-0.51535	0.00102307
33	-0.51848	-0.515445	0.000996107
34	-0.51472	-0.515424	0.000966601
35	-0.5244	-0.51568	0.000972988
36	-0.50416	-0.51536	0.000998254
37	-0.52344	-0.515578	0.000995155
38	-0.52448	-0.515813	0.000996537
39	-0.51928	-0.515902	0.000974712
40	-0.51664	-0.51592	0.000950211
41	-0.51472	-0.515891	0.000927207
42	-0.5116	-0.515789	0.00091061
43	-0.51928	-0.51587	0.000892881
44	-0.5152	-0.515855	0.000872485
45	-0.52696	-0.516101	0.000887863
46	-0.50872	-0.515941	0.000883049
47	-0.5184	-0.515993	0.00086564
48	-0.52104	-0.516098	0.000853911
49	-0.52136	-0.516206	0.000843169
50	-0.52672	-0.516416	0.000852476
51	-0.51368	-0.516362	0.000837314
52	-0.51584	-0.516352	0.000821116
53	-0.512	-0.51627	0.000809649
54	-0.50848	-0.516126	0.000807505
55	-0.51808	-0.516161	0.000793483
56	-0.5148	-0.516137	0.000779564
57	-0.51528	-0.516122	0.000765913
58	-0.51456	-0.516095	0.000753074
59	-0.51368	-0.516054	0.000741331
60	-0.5244	-0.516193	0.000742024
61	-0.5232	-0.516308	0.000738743
62	-0.51552	-0.516295	0.000726841
63	-0.50824	-0.516168	0.000726551
64	-0.52552	-0.516314	0.000729886
65	-0.51984	-0.516368	0.000720615
66	-0.51232	-0.516307	0.000712258
67	-0.51304	-0.516258	0.000703239
68	-0.51384	-0.516222	0.000693732
69	-0.51192	-0.51616	0.000686442
70	-0.51752	-0.516179	0.000676843
71	-0.52008	-0.516234	0.0006695
72	-0.51592	-0.51623	0.00066015
73	-0.5172	-0.516243	0.00065118
74	-0.50224	-0.516054	0.000669615
75	-0.51616	-0.516055	0.000660628
76	-0.51136	-0.515994	0.000654799
77	-0.5124	-0.515947	0.000647922
78	-0.51464	-0.51593	0.000639781
79	-0.52064	-0.51599	0.000634438
80	-0.5156	-0.515985	0.000626476
81	-0.51568	-0.515981	0.000618705
82	-0.5152	-0.515972	0.000611187
83	-0.51712	-0.515986	0.000603937
84	-0.5252	-0.516095	0.000606703
85	-0.52224	-0.516168	0.000603866
86	-0.51168	-0.516115	0.00059908
87	-0.5124	-0.516073	0.000593692
88	-0.51368	-0.516045	0.000587536
89	-0.51752	-0.516062	0.000581133
90	-0.50064	-0.515891	0.000599645
91	-0.50592	-0.515781	0.000603056
92	-0.51512	-0.515774	0.000596508
93	-0.51296	-0.515744	0.000590834
94	-0.52	-0.515789	0.000586266
95	-0.51432	-0.515773	0.000580268
96	-0.5136	-0.515751	0.000574638
97	-0.51872	-0.515781	0.000569506
98	-0.51056	-0.515728	0.000566178
99	-0.51648	-0.515736	0.000560481
100	-0.5144	-0.515722	0.000555009
