1	0.240266	0.240266	0
2	0.256175	0.248221	0.00795455
3	0.241029	0.245823	0.00518066
4	0.246178	0.245912	0.00366435
5	0.236811	0.244092	0.00337194
6	0.255737	0.246033	0.00336849
7	0.252205	0.246914	0.00298032
8	0.239716	0.246015	0.00273337
9	0.255093	0.247023	0.00261316
10	0.215616	0.243883	0.00391495
11	0.252111	0.244631	0.00361936
12	0.220589	0.242627	0.00386399
13	0.223872	0.241184	0.003836
14	0.259551	0.242496	0.003786
15	0.244287	0.242616	0.0035266
16	0.234341	0.242099	0.00333912
17	0.238548	0.24189	0.0031435
18	0.223856	0.240888	0.00312848
19	0.244344	0.24107	0.00296483
20	0.235841	0.240808	0.00282481
21	0.248035	0.241152	0.00270888
22	0.234161	0.240835	0.00260229
23	0.211993	0.239581	0.00278487
24	0.250437	0.240033	0.0027044
25	0.24308	0.240155	0.00259683
26	0.246468	0.240398	0.00250674
27	0.244523	0.24055	0.00241695
28	0.231974	0.240244	0.00234909
29	0.242708	0.240329	0.00226823
30	0.250305	0.240662	0.00221641
31	0.240724	0.240664	0.00214372
32	0.242378	0.240717	0.00207634
33	0.22869	0.240353	0.00204517
34	0.242797	0.240425	0.00198541
35	0.230084	0.240129	0.00195035
36	0.226617	0.239754	0.00193221
37	0.239611	0.23975	0.00187927
38	0.230804	0.239515	0.00184423
39	0.242512	0.239591	0.00179797
40	0.248083	0.239804	0.00176525
41	0.259933	0.240295	0.0017903
42	0.225277	0.239937	0.00178336
43	0.232899	0.239774	0.00174907
44	0.235144	0.239668	0.00171209
45	0.240685	0.239691	0.00167377
46	0.242742	0.239757	0.00163832
47	0.234642	0.239648	0.00160677
48	0.246474	0.239791	0.00157935
49	0.261926	0.240242	0.0016114
50	0.242724	0.240292	0.00157963
51	0.231629	0.240122	0.00155763
52	0.255091	0.24041	0.00155427
53	0.237192	0.240349	0.00152587
54	0.240459	0.240351	0.00149735
55	0.232116	0.240202	0.00147748
56	0.261514	0.240582	0.00149995
57	0.236097	0.240503	0.0014755
58	0.232111	0.240359	0.00145703
59	0.240824	0.240367	0.00143215
60	0.247429	0.240484	0.00141299
61	0.247056	0.240592	0.0013938
62	0.230804	0.240434	0.0013802
63	0.264087	0.24081	0.00140905
64	0.228649	0.24062	0.00139981
65	0.230086	0.240458	0.0013876
66	0.223272	0.240197	0.00139101
67	0.212891	0.23979	0.00142942
68	0.25026	0.239944	0.00141664
69	0.232887	0.239841	0.0013997
70	0.241793	0.239869	0.00137984
71	0.25903	0.240139	0.00138678
72	0.252698	0.240313	0.00137846
73	0.229227	0.240162	0.0013679
74	0.240192	0.240162	0.00134929
75	0.223785	0.239944	0.00134897
76	0.227823	0.239784	0.00134062
77	0.214619	0.239457	0.00136286
78	0.24247	0.239496	0.00134583
79	0.247425	0.239596	0.00133247
80	0.227158	0.239441	0.00132486
81	0.259457	0.239688	0.00133154
82	0.253952	0.239862	0.00132665
83	0.232041	0.239768	0.00131395
84	0.242288	0.239798	0.00129856
85	0.224989	0.239624	0.00129497
86	0.221433	0.239412	0.00129718
87	0.236144	0.239374	0.00128274
88	0.246884	0.23946	0.00127094
89	0.212536	0.239157	0.00129248
90	0.250717	0.239286	0.00128448
91	0.229776	0.239181	0.00127458
92	0.255089	0.239354	0.00127245
93	0.252056	0.239491	0.00126608
94	0.232385	0.239415	0.00125482
95	0.233217	0.23935	0.00124325
96	0.23506	0.239305	0.00123105
97	0.233403	0.239244	0.00121981
98	0.233856	0.239189	0.00120855
99	0.24305	0.239228	0.00119691
100	0.243576	0.239272	0.00118568
