1	27.4781	27.4781	0
2	24.039	25.7586	1.71952
3	33.4705	28.3292	2.75569
4	27.1213	28.0272	1.97183
5	26.9471	27.8112	1.54257
6	29.1056	28.0269	1.27785
7	26.9383	27.8714	1.09112
8	35.7779	28.8597	1.36736
9	24.7484	28.4029	1.28952
10	16.1979	27.1824	1.67926
11	23.1669	26.8174	1.5622
12	35.0849	27.5063	1.58379
13	22.6543	27.1331	1.50392
14	22.2143	26.7818	1.43601
15	25.047	26.6661	1.34184
16	34.361	27.147	1.34416
17	21.2122	26.7979	1.30999
18	23.3909	26.6086	1.24949
19	28.0807	26.6861	1.18444
20	26.2447	26.6641	1.12387
21	26.24	26.6439	1.06921
22	19.0622	26.2992	1.07612
23	31.1806	26.5115	1.04995
24	17.7127	26.1449	1.07001
25	14.8019	25.6911	1.12214
26	30.8687	25.8903	1.09635
27	35.474	26.2452	1.11308
28	17.3988	25.9293	1.11815
29	26.5468	25.9506	1.07912
30	34.5174	26.2361	1.08093
31	31.2788	26.3988	1.05806
32	21.5998	26.2488	1.03538
33	39.472	26.6495	1.08056
34	21.4114	26.4955	1.05955
35	29.1225	26.5705	1.03157
36	27.0579	26.5841	1.0026
37	14.6431	26.2613	1.02714
38	29.8188	26.355	1.00412
39	24.6845	26.3121	0.978972
40	27.9166	26.3522	0.955026
41	22.9033	26.2681	0.935233
42	16.6603	26.0394	0.940925
43	19.2404	25.8812	0.932288
44	14.4971	25.6225	0.946888
45	27.0356	25.6539	0.926139
46	20.7664	25.5477	0.911992
47	31.3654	25.6714	0.900921
48	25.2423	25.6625	0.881998
49	26.6433	25.6825	0.864042
50	22.9556	25.628	0.84834
51	26.738	25.6498	0.831824
52	14.7909	25.4409	0.841977
53	21.6258	25.3689	0.829069
54	19.0036	25.2511	0.822066
55	15.7995	25.0792	0.825076
56	18.0182	24.9531	0.819961
57	27.4527	24.997	0.80664
58	14.6444	24.8185	0.81246
59	17.0707	24.6872	0.809296
60	28.6589	24.7534	0.798442
61	18.8463	24.6565	0.791192
62	28.0239	24.7108	0.780219
63	23.8331	24.6969	0.767861
64	18.2181	24.5957	0.762518
65	29.856	24.6766	0.755045
66	14.5956	24.5239	0.759043
67	20.9335	24.4703	0.749547
68	27.1197	24.5092	0.739469
69	28.6525	24.5693	0.731143
70	31.2443	24.6646	0.726904
71	20.4435	24.6052	0.719055
72	21.4838	24.5618	0.710322
73	24.3739	24.5593	0.700528
74	24.3497	24.5564	0.691003
75	24.9349	24.5615	0.681746
76	29.5097	24.6266	0.675859
77	31.5558	24.7166	0.673067
78	10.1085	24.5293	0.690274
79	36.5637	24.6816	0.698299
80	13.1431	24.5374	0.704438
81	25.5788	24.5503	0.695806
82	33.9809	24.6653	0.696825
83	33.8998	24.7765	0.697311
84	13.523	24.6426	0.701865
85	34.2919	24.7561	0.702787
86	23.2964	24.7391	0.694775
87	11.267	24.5842	0.703985
88	22.2663	24.5579	0.696437
89	21.1198	24.5193	0.68965
90	24.5162	24.5192	0.681944
91	19.0944	24.4596	0.677039
92	15.4541	24.3617	0.676756
93	11.5315	24.2238	0.683507
94	24.5054	24.2268	0.676203
95	13.2446	24.1112	0.678961
96	38.5872	24.262	0.688565
97	38.3913	24.4076	0.696824
98	19.2857	24.3554	0.691655
99	14.0779	24.2516	0.692459
100	17.7584	24.1866	0.688568
