1	0.51988	0.51988	0
2	0.28648	0.40318	0.1167
3	0.59456	0.466973	0.0927859
4	0.53936	0.48507	0.0680595
5	-0.00532	0.386992	0.111349
6	0.4514	0.397727	0.0915474
7	0.221	0.37248	0.0813866
8	0.61424	0.4027	0.0766882
9	0.37584	0.399716	0.0676985
10	0.09116	0.36886	0.0679598
11	0.27864	0.360658	0.0620167
12	0.56188	0.377427	0.0590444
13	-0.18152	0.334431	0.0692715
14	-0.11148	0.30258	0.0716066
15	0.31944	0.303704	0.0666716
16	0.56216	0.319858	0.0644236
17	0.39776	0.32444	0.0606887
18	0.28928	0.322487	0.0572512
19	0.32588	0.322665	0.0541545
20	0.11	0.312032	0.0524643
21	0.46024	0.31909	0.0504001
22	0.33248	0.319698	0.0480585
23	0.24176	0.31631	0.0460463
24	0.21196	0.311962	0.0442999
25	0.10416	0.30365	0.0432963
26	0.4432	0.309017	0.0419426
27	0.15884	0.303455	0.0407407
28	0.2836	0.302746	0.0392652
29	0.45584	0.308025	0.038253
30	0.39004	0.310759	0.0370569
31	0.3898	0.313308	0.0359322
32	0.18752	0.309377	0.0350125
33	0.73248	0.322199	0.0362763
34	0.29552	0.321414	0.0352019
35	0.53564	0.327535	0.034725
36	0.49864	0.332288	0.0340797
37	0.27156	0.330646	0.0331865
38	0.49844	0.335062	0.0326017
39	0.20612	0.331756	0.0319265
40	0.39304	0.333288	0.0311557
41	0.488	0.337061	0.0306198
42	0.32848	0.336857	0.0298825
43	0.3626	0.337456	0.0291854
44	0.16112	0.333448	0.0287947
45	0.55556	0.338384	0.028577
46	0.35044	0.338646	0.0279501
47	0.55212	0.343188	0.0277235
48	0.50364	0.346531	0.0273449
49	0.52932	0.350261	0.0270396
50	0.06372	0.34453	0.027106
51	0.55092	0.348577	0.0268756
52	0.26908	0.347048	0.026398
53	0.04704	0.341388	0.0265066
54	0.16484	0.338119	0.0262158
55	0.2636	0.336764	0.0257704
56	0.2822	0.335789	0.0253248
57	0.46004	0.337969	0.0249718
58	0.14004	0.334557	0.0247737
59	0.35008	0.33482	0.0243516
60	0.50356	0.337632	0.0241069
61	0.02704	0.33254	0.024249
62	0.51312	0.335453	0.0240318
63	0.325	0.335287	0.0236479
64	0.32468	0.335121	0.023276
65	0.2152	0.333276	0.0229893
66	0.38128	0.334004	0.02265
67	0.24768	0.332715	0.0223465
68	0.37292	0.333306	0.0220234
69	0.43556	0.334788	0.0217524
70	0.62188	0.33889	0.0218281
71	0.24832	0.337614	0.0215563
72	0.39972	0.338477	0.0212723
73	0.36356	0.33882	0.0209817
74	0.22632	0.3373	0.020752
75	0.47764	0.339171	0.0205587
76	0.59028	0.342475	0.0205537
77	0.37848	0.342943	0.0202904
78	-0.09452	0.337334	0.020799
79	0.65068	0.341301	0.0209136
80	0.09372	0.338206	0.0208812
81	0.25996	0.33724	0.0206444
82	0.62644	0.340767	0.0206938
83	0.5982	0.343868	0.0206769
84	0.13224	0.341349	0.0205841
85	0.63188	0.344767	0.0206256
86	0.03936	0.341216	0.0206914
87	0.16736	0.339217	0.0205496
88	0.2358	0.338042	0.0203487
89	0.3736	0.338442	0.0201227
90	0.4338	0.339501	0.0199261
91	0.41696	0.340353	0.0197243
92	0.02528	0.336928	0.019807
93	0.22552	0.33573	0.0196295
94	0.2236	0.334537	0.0194561
95	0.23784	0.333519	0.0192771
96	0.72764	0.337625	0.019512
97	0.69952	0.341355	0.019667
98	0.27652	0.340694	0.0194765
99	0.16184	0.338887	0.0193632
100	0.22988	0.337797	0.0191996
