1	0.494106	0.494106	0
2	0.329087	0.411597	0.0825098
3	0.518768	0.447321	0.059544
4	0.444929	0.446723	0.0421082
5	0.455069	0.448392	0.0326595
6	0.578672	0.470105	0.0343885
7	0.528088	0.478388	0.0302209
8	0.66355	0.501534	0.0349382
9	0.459913	0.496909	0.0311577
10	0.291659	0.476384	0.0346109
11	0.51522	0.479915	0.0315052
12	0.533055	0.484343	0.0290991
13	0.527012	0.487625	0.0269678
14	0.365985	0.478937	0.0264359
15	0.516826	0.481463	0.0247398
16	0.647347	0.49183	0.0253583
17	0.601337	0.498272	0.0246756
18	0.466717	0.496519	0.0233303
19	0.43669	0.49337	0.0222918
20	0.429118	0.490157	0.0213905
21	0.521581	0.491654	0.0204013
22	0.381173	0.486632	0.0200897
23	0.511753	0.487724	0.0192274
24	0.466108	0.486823	0.0184309
25	0.411859	0.483825	0.0179308
26	0.495547	0.484276	0.0172332
27	0.416758	0.481775	0.0167702
28	0.43566	0.480128	0.0162438
29	0.458743	0.479391	0.015691
30	0.626903	0.484308	0.0159365
31	0.535243	0.485951	0.0155012
32	0.439127	0.484488	0.0150801
33	0.393871	0.481742	0.0148717
34	0.539026	0.483426	0.0145257
35	0.516187	0.484362	0.0141356
36	0.560842	0.486487	0.0139006
37	0.370043	0.48334	0.0138812
38	0.453339	0.48255	0.013534
39	0.422069	0.480999	0.0132733
40	0.67021	0.48573	0.0137749
41	0.382389	0.483209	0.0136691
42	0.419125	0.481683	0.0134267
43	0.41548	0.480144	0.0132008
44	0.536626	0.481427	0.012961
45	0.558706	0.483145	0.0127856
46	0.382187	0.48095	0.0126957
47	0.431717	0.479903	0.0124667
48	0.445737	0.479191	0.012225
49	0.54133	0.480459	0.0120398
50	0.466028	0.48017	0.0118001
51	0.406056	0.478717	0.0116574
52	0.493404	0.478999	0.0114345
53	0.448451	0.478423	0.0112315
54	0.457778	0.478041	0.0110281
55	0.417745	0.476944	0.0108811
56	0.485601	0.477099	0.0106862
57	0.599315	0.479243	0.0107138
58	0.363825	0.477253	0.0107139
59	0.382813	0.475653	0.0106517
60	0.534614	0.476635	0.0105186
61	0.407232	0.475497	0.0104071
62	0.524781	0.476292	0.0102687
63	0.565597	0.47771	0.0102034
64	0.48024	0.477749	0.0100427
65	0.566754	0.479119	0.0099814
66	0.378453	0.477594	0.00994664
67	0.648628	0.480146	0.0101242
68	0.469086	0.479984	0.0099755
69	0.465014	0.479767	0.00983226
70	0.421261	0.478931	0.00972676
71	0.488765	0.479069	0.00958978
72	0.368432	0.477533	0.0095797
73	0.416078	0.476691	0.00948499
74	0.47969	0.476731	0.00935602
75	0.59982	0.478373	0.0093752
76	0.555051	0.479382	0.00930588
77	0.658446	0.481707	0.00947407
78	0.263627	0.478911	0.00976082
79	0.411983	0.478064	0.00967364
80	0.374188	0.476766	0.0096398
81	0.647533	0.478874	0.00975069
82	0.496066	0.479083	0.00963333
83	0.694201	0.481675	0.00986317
84	0.46441	0.48147	0.00974722
85	0.505858	0.481757	0.00963613
86	0.387175	0.480657	0.00958672
87	0.320973	0.478821	0.00965201
88	0.397195	0.477894	0.00958668
89	0.457396	0.477663	0.00948115
90	0.577618	0.478774	0.00944076
91	0.394034	0.477843	0.00938276
92	0.355758	0.476516	0.00937461
93	0.365124	0.475318	0.0093503
94	0.478415	0.475351	0.00925035
95	0.46481	0.47524	0.00915313
96	0.414418	0.474607	0.00907942
97	0.45343	0.474388	0.00898798
98	0.457246	0.474213	0.00889751
99	0.41376	0.473603	0.00882832
100	0.541323	0.47428	0.00876579
