1	-0.895678	-0.895678	0
2	-0.90445	-0.900064	0.004386
3	-0.908291	-0.902806	0.0037328
4	-0.902707	-0.902781	0.00263961
5	-0.876774	-0.89758	0.00558898
6	-0.903748	-0.898608	0.00467775
7	-0.88394	-0.896512	0.0044744
8	-0.910045	-0.898204	0.00422806
9	-0.898397	-0.898225	0.00372886
10	-0.889743	-0.897377	0.00344137
11	-0.885813	-0.896326	0.00328557
12	-0.918758	-0.898195	0.00353414
13	-0.87101	-0.896104	0.00386545
14	-0.89065	-0.895714	0.00359985
15	-0.897669	-0.895845	0.00335381
16	-0.905883	-0.896472	0.00319932
17	-0.873955	-0.895148	0.00328418
18	-0.875946	-0.894081	0.00327497
19	-0.900518	-0.89442	0.00311628
20	-0.8778	-0.893589	0.00307093
21	-0.889205	-0.89338	0.00292849
22	-0.88113	-0.892823	0.00284718
23	-0.889235	-0.892667	0.00272505
24	-0.877999	-0.892056	0.00267966
25	-0.861443	-0.890831	0.00284703
26	-0.899904	-0.89118	0.0027575
27	-0.913817	-0.892019	0.00278271
28	-0.871192	-0.891275	0.00278273
29	-0.896797	-0.891465	0.00269181
30	-0.905801	-0.891943	0.00264407
31	-0.900276	-0.892212	0.00257144
32	-0.87215	-0.891585	0.00256751
33	-0.92409	-0.89257	0.00267633
34	-0.86775	-0.89184	0.00269709
35	-0.893753	-0.891895	0.00261947
36	-0.897973	-0.892064	0.00255126
37	-0.868791	-0.891435	0.00255983
38	-0.909169	-0.891901	0.00253488
39	-0.881322	-0.89163	0.00248389
40	-0.892261	-0.891646	0.00242104
41	-0.89136	-0.891639	0.00236127
42	-0.87577	-0.891261	0.00233513
43	-0.884212	-0.891097	0.00228606
44	-0.857542	-0.890334	0.00236011
45	-0.885031	-0.890217	0.00231007
46	-0.888529	-0.89018	0.00225959
47	-0.896402	-0.890312	0.00221495
48	-0.894233	-0.890394	0.00216986
49	-0.888186	-0.890349	0.00212559
50	-0.881994	-0.890182	0.00208934
51	-0.896778	-0.890311	0.00205204
52	-0.867462	-0.889872	0.00205961
53	-0.872301	-0.88954	0.0020474
54	-0.874177	-0.889256	0.00202917
55	-0.874392	-0.888985	0.00201018
56	-0.874924	-0.888734	0.00198987
57	-0.889681	-0.888751	0.00195471
58	-0.870801	-0.888441	0.00194549
59	-0.876522	-0.888239	0.00192287
60	-0.899191	-0.888422	0.00189935
61	-0.870701	-0.888131	0.00189041
62	-0.889942	-0.888161	0.00185989
63	-0.87546	-0.887959	0.0018412
64	-0.880494	-0.887842	0.00181596
65	-0.898704	-0.88801	0.00179559
66	-0.859226	-0.887573	0.00182117
67	-0.875434	-0.887392	0.00180291
68	-0.898258	-0.887552	0.00178337
69	-0.898871	-0.887716	0.00176498
70	-0.910198	-0.888037	0.00176898
71	-0.893526	-0.888115	0.0017456
72	-0.884394	-0.888063	0.00172196
73	-0.884391	-0.888013	0.00169895
74	-0.881566	-0.887925	0.0016781
75	-0.896673	-0.888042	0.00165967
76	-0.885566	-0.88801	0.00163801
77	-0.89285	-0.888072	0.00161782
78	-0.87171	-0.887863	0.00161067
79	-0.929174	-0.888386	0.00167392
80	-0.868754	-0.88814	0.00167098
81	-0.882959	-0.888076	0.00165146
82	-0.919809	-0.888463	0.00167648
83	-0.898524	-0.888584	0.00166058
84	-0.863685	-0.888288	0.00166726
85	-0.917438	-0.888631	0.00168284
86	-0.880947	-0.888542	0.00166555
87	-0.874147	-0.888376	0.00165459
88	-0.888716	-0.88838	0.00163569
89	-0.886432	-0.888358	0.00161735
90	-0.892996	-0.88841	0.00160011
91	-0.879619	-0.888313	0.00158537
92	-0.858586	-0.88799	0.00160099
93	-0.85963	-0.887685	0.00161278
94	-0.877992	-0.887582	0.00159886
95	-0.873477	-0.887433	0.00158889
96	-0.917513	-0.887747	0.00160317
97	-0.92743	-0.888156	0.00163845
98	-0.87777	-0.88805	0.00162511
99	-0.865877	-0.887826	0.00162412
100	-0.862358	-0.887571	0.00162785
