1	0.09676	0.09676	0
2	0.02444	0.0606	0.03616
3	0.198	0.1064	0.0503338
4	0.10008	0.10482	0.0356264
5	-0.041	0.075656	0.0401508
6	-0.1874	0.0318133	0.054744
7	-0.13632	0.00779429	0.0521302
8	0.24908	0.037955	0.054294
9	0.12652	0.0477956	0.0488835
10	-0.05364	0.037652	0.044884
11	0.00368	0.0345636	0.0407164
12	0.02476	0.0337467	0.0371778
13	0.13808	0.0417723	0.0351277
14	-0.0924	0.0321886	0.0339046
15	0.07412	0.034984	0.031687
16	-0.02716	0.0311	0.0298939
17	-0.172	0.0191529	0.0305163
18	-0.04988	0.0153178	0.0290255
19	-0.14164	0.00705684	0.0286712
20	-0.07212	0.003098	0.0274865
21	0.15284	0.0102286	0.0270998
22	-0.02148	0.00878727	0.0258788
23	0.02852	0.00964522	0.024743
24	0.03244	0.010595	0.0237086
25	-0.15076	0.0041408	0.0236387
26	-0.03292	0.00271538	0.022756
27	0.18096	0.00931704	0.0228705
28	0.13308	0.0137371	0.0224774
29	0.05476	0.0151517	0.0217346
30	-0.10932	0.0110027	0.0214036
31	-0.02284	0.00991097	0.0207304
32	0.02572	0.010405	0.0200782
33	-0.07228	0.00789939	0.0196209
34	-0.16036	0.00295059	0.0196679
35	0.1138	0.00611771	0.0193585
36	-0.16168	0.00145667	0.0193819
37	0.13004	0.00493189	0.0191684
38	0.0144	0.00518105	0.0186588
39	-0.3098	-0.00289538	0.0198879
40	-0.1868	-0.007493	0.0199221
41	-0.02276	-0.00786537	0.0194337
42	-0.0708	-0.00936381	0.0190244
43	0.08528	-0.00716279	0.0187067
44	0.20436	-0.00235545	0.0188982
45	-0.24732	-0.00779911	0.0192589
46	-0.13376	-0.0105374	0.0190335
47	-0.01488	-0.0106298	0.0186244
48	-0.14352	-0.0133983	0.0184413
49	0.10692	-0.0109429	0.0182271
50	0.08916	-0.0089408	0.0179707
51	0.22732	-0.00430824	0.0182138
52	0.0716	-0.00284846	0.0179197
53	-0.05772	-0.00388377	0.0176088
54	-0.00464	-0.00389778	0.0172796
55	-0.2524	-0.008416	0.017554
56	-0.08052	-0.00970357	0.0172857
57	0.02636	-0.00907088	0.0169915
58	0.1466	-0.0063869	0.0169103
59	0.13672	-0.00396136	0.0167973
60	0.06364	-0.00283467	0.0165534
61	0.16736	-4.45902e-05	0.0165171
62	0.13116	0.00207161	0.0163857
63	-0.0336	0.0015054	0.0161335
64	-0.08064	0.000221875	0.0159312
65	0.08532	0.00153108	0.0157387
66	-0.12032	-0.000315152	0.015608
67	-0.0442	-0.000970149	0.0153872
68	0.06368	-1.94118e-05	0.015189
69	-0.0648	-0.000958261	0.0149967
70	0.22944	0.00233314	0.0151429
71	0.02192	0.00260901	0.0149307
72	0.0766	0.00363667	0.0147577
73	-0.02332	0.0032674	0.0145588
74	0.1794	0.00564757	0.0145566
75	0.24132	0.00878987	0.014701
76	0.02076	0.00894737	0.0145071
77	-0.02856	0.00846026	0.0143257
78	0.21624	0.0111241	0.0143896
79	-0.11936	0.00947241	0.014302
80	-0.24044	0.0063485	0.0144635
81	-0.10244	0.00500543	0.0143468
82	0.34588	0.00916244	0.0147679
83	-0.0052	0.0089894	0.0145899
84	-0.08456	0.00787571	0.0144581
85	-0.0552	0.00713365	0.0143063
86	0.09896	0.0082014	0.0141792
87	0.20112	0.0104189	0.0141896
88	0.13636	0.01185	0.0141003
89	-0.02716	0.0114117	0.0139478
90	0.0926	0.0123138	0.0138215
91	0.03436	0.012556	0.0136709
92	0.07636	0.0132496	0.0135392
93	-0.1822	0.011148	0.0135568
94	-0.02276	0.0107872	0.0134166
95	0.12732	0.0120139	0.0133312
96	0.00876	0.01198	0.0131916
97	-0.01576	0.011694	0.0130581
98	-0.1108	0.0104441	0.0129844
99	0.08308	0.0111778	0.0128735
100	0.04036	0.0114696	0.0127475
