1	-0.80896	-0.80896	0
2	-0.79672	-0.80284	0.00612
3	-0.80424	-0.803307	0.00356407
4	-0.79576	-0.80142	0.00314814
5	-0.79376	-0.799888	0.00287984
6	-0.79872	-0.799693	0.00235943
7	-0.80008	-0.799749	0.00199485
8	-0.8168	-0.80188	0.00274364
9	-0.79064	-0.800631	0.00272295
10	-0.80072	-0.80064	0.0024355
11	-0.80744	-0.801258	0.00228808
12	-0.79464	-0.800707	0.00216031
13	-0.79728	-0.800443	0.0020046
14	-0.81568	-0.801531	0.00215148
15	-0.80776	-0.801947	0.00204551
16	-0.8212	-0.80315	0.00226033
17	-0.828	-0.804612	0.00257775
18	-0.79056	-0.803831	0.00255263
19	-0.82656	-0.805027	0.00269463
20	-0.80384	-0.804968	0.00255704
21	-0.8212	-0.805741	0.0025521
22	-0.80504	-0.805709	0.00243354
23	-0.79792	-0.80537	0.00234986
24	-0.80584	-0.80539	0.0022499
25	-0.8024	-0.80527	0.00216134
26	-0.8128	-0.80556	0.00209665
27	-0.80904	-0.805689	0.00202161
28	-0.81368	-0.805974	0.00196887
29	-0.8048	-0.805934	0.0019002
30	-0.8064	-0.805949	0.00183583
31	-0.81592	-0.806271	0.00180452
32	-0.80312	-0.806172	0.00174999
33	-0.7944	-0.805816	0.00173324
34	-0.80048	-0.805659	0.0016888
35	-0.80472	-0.805632	0.00164006
36	-0.8184	-0.805987	0.00163283
37	-0.7952	-0.805695	0.00161463
38	-0.79952	-0.805533	0.00157994
39	-0.81808	-0.805854	0.00157217
40	-0.81992	-0.806206	0.00157219
41	-0.81408	-0.806398	0.00154534
42	-0.79272	-0.806072	0.00154286
43	-0.80368	-0.806017	0.00150758
44	-0.78968	-0.805645	0.001519
45	-0.8148	-0.805849	0.00149873
46	-0.8	-0.805722	0.00147129
47	-0.79856	-0.805569	0.00144769
48	-0.79744	-0.8054	0.00142729
49	-0.8052	-0.805396	0.00139786
50	-0.79784	-0.805245	0.00137793
51	-0.79576	-0.805059	0.00136339
52	-0.80416	-0.805042	0.00133702
53	-0.79824	-0.804913	0.00131782
54	-0.79984	-0.804819	0.00129659
55	-0.79944	-0.804721	0.00127655
56	-0.7888	-0.804437	0.00128539
57	-0.80496	-0.804446	0.00126267
58	-0.80256	-0.804414	0.00124113
59	-0.80552	-0.804433	0.00122006
60	-0.80464	-0.804436	0.00119956
61	-0.812	-0.80456	0.00118623
62	-0.7756	-0.804093	0.00125695
63	-0.7972	-0.803983	0.00124167
64	-0.80896	-0.804061	0.00122458
65	-0.8104	-0.804159	0.00120953
66	-0.79696	-0.80405	0.00119605
67	-0.80776	-0.804105	0.00117937
68	-0.80624	-0.804136	0.00116232
69	-0.80896	-0.804206	0.00114748
70	-0.7988	-0.804129	0.0011336
71	-0.80088	-0.804083	0.00111846
72	-0.80664	-0.804119	0.00110339
73	-0.81008	-0.804201	0.00109123
74	-0.79152	-0.804029	0.00108993
75	-0.81848	-0.804222	0.00109243
76	-0.80256	-0.8042	0.00107818
77	-0.78768	-0.803985	0.0010855
78	-0.7968	-0.803893	0.00107544
79	-0.80096	-0.803856	0.00106239
80	-0.81768	-0.804029	0.00106317
81	-0.79024	-0.803859	0.00106367
82	-0.81384	-0.80398	0.00105765
83	-0.80808	-0.80403	0.00104599
84	-0.80424	-0.804032	0.00103347
85	-0.8128	-0.804136	0.00102643
86	-0.79808	-0.804065	0.00101687
87	-0.81568	-0.804199	0.00101394
88	-0.80512	-0.804209	0.00100241
89	-0.81368	-0.804316	0.000996775
90	-0.79632	-0.804227	0.000989634
91	-0.80024	-0.804183	0.000979678
92	-0.80512	-0.804193	0.000969024
93	-0.79168	-0.804058	0.000967945
94	-0.8032	-0.804049	0.000957636
95	-0.81064	-0.804119	0.000950039
96	-0.80504	-0.804128	0.000940139
97	-0.80792	-0.804167	0.000931217
98	-0.78712	-0.803993	0.000937938
99	-0.81408	-0.804095	0.000933989
100	-0.79664	-0.804021	0.000927603
