1	9.30871	9.30871	0
2	10.7265	10.0176	0.708889
3	9.13796	9.72439	0.503471
4	7.93849	9.27791	0.571035
5	10.8621	9.59476	0.544094
6	11.1727	9.85775	0.51626
7	7.86933	9.57369	0.520638
8	11.8132	9.85363	0.530723
9	7.49876	9.59198	0.536224
10	8.25484	9.45827	0.497904
11	11.4343	9.63791	0.484876
12	7.40791	9.45207	0.480057
13	7.77902	9.32338	0.45996
14	9.47698	9.33435	0.425981
15	10.8234	9.43362	0.408803
16	12.3379	9.61513	0.423294
17	14.7374	9.91644	0.498885
18	9.78569	9.90918	0.470409
19	14.9731	10.1757	0.518676
20	7.29129	10.0315	0.512759
21	11.8513	10.1181	0.49537
22	8.71209	10.0542	0.476621
23	9.39369	10.0255	0.456332
24	8.55884	9.9644	0.441158
25	13.1212	10.0907	0.441582
26	11.6365	10.1501	0.428404
27	10.9778	10.1808	0.41337
28	10.2653	10.1838	0.398345
29	9.72667	10.168	0.384687
30	10.5012	10.1791	0.371809
31	10.1276	10.1775	0.359619
32	11.2847	10.2121	0.349914
33	7.8648	10.1409	0.346524
34	8.35938	10.0885	0.340237
35	9.04596	10.0588	0.331713
36	7.73493	9.99421	0.328766
37	6.69716	9.9051	0.331942
38	10.0354	9.90853	0.323106
39	12.9347	9.98612	0.324137
40	14.3765	10.0959	0.334453
41	12.1096	10.145	0.329871
42	9.5872	10.1317	0.322195
43	9.47556	10.1165	0.314982
44	9.95191	10.1127	0.307763
45	13.6588	10.1915	0.310995
46	11.4128	10.2181	0.305316
47	10.9445	10.2335	0.299149
48	10.9234	10.2479	0.293203
49	6.93307	10.1802	0.295017
50	7.65644	10.1298	0.293431
51	9.32311	10.114	0.288054
52	7.66364	10.0668	0.286364
53	5.63422	9.9832	0.293095
54	6.9568	9.92715	0.293025
55	11.8162	9.9615	0.289692
56	5.64027	9.88433	0.294752
57	10.2061	9.88998	0.289589
58	7.75938	9.85325	0.286914
59	9.81511	9.8526	0.28201
60	8.58533	9.83148	0.278073
61	13.2341	9.88726	0.279107
62	7.50978	9.84891	0.277234
63	9.70649	9.84665	0.272807
64	6.208	9.7898	0.274464
65	7.83671	9.75975	0.271874
66	7.90649	9.73167	0.269191
67	9.35653	9.72607	0.265202
68	9.99556	9.73004	0.261303
69	9.06613	9.72041	0.257668
70	8.06684	9.69679	0.255056
71	9.20053	9.6898	0.251536
72	10.6077	9.70255	0.248345
73	8.64756	9.6881	0.245345
74	8.70729	9.67484	0.24237
75	10.6115	9.68733	0.239442
76	8.57449	9.67269	0.236724
77	7.66738	9.64665	0.235076
78	7.32178	9.61684	0.23395
79	10.1762	9.62392	0.231078
80	11.1443	9.64293	0.228961
81	7.93733	9.62187	0.227095
82	17.9903	9.72392	0.246433
83	10.7794	9.73664	0.243778
84	11.2268	9.75438	0.241511
85	10.0796	9.75821	0.238683
86	9.91093	9.75998	0.235898
87	12.3074	9.78926	0.235002
88	6.44151	9.75122	0.235411
89	13.8813	9.79763	0.237332
90	6.90604	9.7655	0.236869
91	8.50356	9.75163	0.234662
92	12.033	9.77643	0.233418
93	7.39831	9.75086	0.232306
94	13.2817	9.78842	0.232871
95	12.7311	9.81939	0.232479
96	9.30818	9.81407	0.230106
97	11.6082	9.83256	0.228472
98	7.35716	9.80731	0.227535
99	15.2353	9.86213	0.231802
100	7.73022	9.84081	0.230461
