1	0.454896	0.454896	0
2	0.486842	0.470869	0.0159729
3	0.414495	0.452078	0.0209322
4	0.404224	0.440114	0.0190317
5	0.545152	0.461122	0.025664
6	0.468442	0.462342	0.02099
7	0.359506	0.447651	0.0230331
8	0.474825	0.451048	0.0202344
9	0.489999	0.455376	0.0183624
10	0.367375	0.446576	0.0186328
11	0.397176	0.442085	0.0174421
12	0.412251	0.439599	0.0161153
13	0.502062	0.444403	0.0155832
14	0.407539	0.44177	0.0146655
15	0.415838	0.440042	0.0137619
16	0.465294	0.44162	0.0129695
17	0.413037	0.439938	0.0122982
18	0.478845	0.4421	0.0117946
19	0.406035	0.440202	0.0113169
20	0.390201	0.437702	0.0110234
21	0.432109	0.437435	0.0104887
22	0.43142	0.437162	0.0100043
23	0.42877	0.436797	0.00956641
24	0.407179	0.435563	0.0092419
25	0.476879	0.437216	0.00901726
26	0.474232	0.438639	0.00877971
27	0.431894	0.438389	0.00845197
28	0.403263	0.437135	0.00824057
29	0.39443	0.435662	0.00808655
30	0.400435	0.434488	0.00790011
31	0.373886	0.432533	0.00788713
32	0.507448	0.434874	0.00798747
33	0.423941	0.434543	0.00774873
34	0.35001	0.432057	0.00791785
35	0.434773	0.432134	0.00768869
36	0.394706	0.431095	0.00754405
37	0.416553	0.430702	0.00734784
38	0.504085	0.432633	0.00740799
39	0.427032	0.432489	0.00721697
40	0.439308	0.43266	0.0070363
41	0.397837	0.43181	0.0069149
42	0.435247	0.431892	0.00674875
43	0.48509	0.433129	0.00670505
44	0.461969	0.433785	0.0065836
45	0.451862	0.434186	0.00644816
46	0.453531	0.434607	0.00632043
47	0.413107	0.43415	0.00620139
48	0.457867	0.434644	0.00609089
49	0.43764	0.434705	0.00596561
50	0.480897	0.435629	0.00591764
51	0.487187	0.43664	0.00588788
52	0.442981	0.436762	0.00577483
53	0.385389	0.435792	0.00574715
54	0.403752	0.435199	0.00567085
55	0.461413	0.435675	0.00558715
56	0.426825	0.435517	0.00548875
57	0.442531	0.43564	0.005393
58	0.427052	0.435492	0.00530127
59	0.38844	0.434695	0.00527132
60	0.409535	0.434276	0.00519966
61	0.470716	0.434873	0.00514848
62	0.380435	0.433995	0.00514031
63	0.426973	0.433883	0.00505928
64	0.428822	0.433804	0.00498023
65	0.359151	0.432656	0.00503574
66	0.381059	0.431874	0.0050201
67	0.438752	0.431977	0.00494567
68	0.444016	0.432154	0.00487561
69	0.460427	0.432564	0.00482187
70	0.44159	0.432693	0.00475424
71	0.400545	0.43224	0.00470862
72	0.398661	0.431773	0.00466613
73	0.388	0.431174	0.00464067
74	0.444351	0.431352	0.00458099
75	0.384252	0.430724	0.00456292
76	0.434163	0.430769	0.00450271
77	0.43626	0.43084	0.00444442
78	0.347022	0.429766	0.00451676
79	0.477178	0.430366	0.00449942
80	0.45952	0.43073	0.00445774
81	0.383651	0.430149	0.00444057
82	0.536522	0.431446	0.00457389
83	0.411575	0.431207	0.00452479
84	0.470594	0.431676	0.00449512
85	0.416553	0.431498	0.00444548
86	0.459624	0.431825	0.00440564
87	0.383836	0.431273	0.00438951
88	0.403715	0.43096	0.00435062
89	0.468053	0.431377	0.00432161
90	0.427411	0.431333	0.00427355
91	0.335799	0.430283	0.00435476
92	0.431369	0.430295	0.00430718
93	0.371036	0.429658	0.004308
94	0.444998	0.429821	0.00426505
95	0.410197	0.429614	0.00422497
96	0.443272	0.429757	0.00418315
97	0.492326	0.430402	0.00418975
98	0.43776	0.430477	0.00414745
99	0.532158	0.431504	0.00423188
100	0.437822	0.431567	0.00418982
