1	-0.940118	-0.940118	0
2	-0.93308	-0.936599	0.0035188
3	-0.939596	-0.937598	0.00226395
4	-0.956901	-0.942424	0.00508433
5	-0.93077	-0.940093	0.00457626
6	-0.932479	-0.938824	0.0039461
7	-0.947126	-0.94001	0.00353968
8	-0.947842	-0.940989	0.003218
9	-0.933173	-0.940121	0.00296792
10	-0.961174	-0.942226	0.00338809
11	-0.965079	-0.944303	0.00370247
12	-0.92515	-0.942707	0.00373779
13	-0.942923	-0.942724	0.00343831
14	-0.93202	-0.941959	0.00327379
15	-0.932914	-0.941356	0.00310681
16	-0.952072	-0.942026	0.00298233
17	-0.934731	-0.941597	0.00283408
18	-0.919443	-0.940366	0.00294183
19	-0.960743	-0.941439	0.00298221
20	-0.901677	-0.939451	0.00345785
21	-0.921893	-0.938615	0.00339368
22	-0.92431	-0.937964	0.00330042
23	-0.945484	-0.938291	0.00317057
24	-0.903656	-0.936848	0.00336116
25	-0.939839	-0.936968	0.00322613
26	-0.931994	-0.936777	0.00310547
27	-0.934786	-0.936703	0.00298915
28	-0.939031	-0.936786	0.00288161
29	-0.915824	-0.936063	0.00287289
30	-0.936158	-0.936066	0.00277548
31	-0.9402	-0.9362	0.00268776
32	-0.913886	-0.935502	0.00269421
33	-0.962758	-0.936328	0.00273879
34	-0.96283	-0.937108	0.00276899
35	-0.970075	-0.93805	0.00284893
36	-0.965748	-0.938819	0.00287358
37	-0.923297	-0.9384	0.00282615
38	-0.960353	-0.938977	0.00281078
39	-0.908239	-0.938189	0.00284895
40	-0.929591	-0.937974	0.00278512
41	-0.948306	-0.938226	0.00272801
42	-0.968599	-0.938949	0.00275873
43	-0.963985	-0.939532	0.00275601
44	-0.938572	-0.93951	0.00269274
45	-0.945668	-0.939647	0.00263577
46	-0.921708	-0.939257	0.00260717
47	-0.956069	-0.939614	0.00257605
48	-0.936362	-0.939547	0.00252272
49	-0.959598	-0.939956	0.00250436
50	-0.924226	-0.939641	0.00247385
51	-0.972142	-0.940278	0.00250719
52	-0.925002	-0.939985	0.00247599
53	-0.925016	-0.939702	0.00244519
54	-0.954266	-0.939972	0.00241459
55	-0.920296	-0.939614	0.00239713
56	-0.917218	-0.939214	0.00238767
57	-0.988297	-0.940075	0.00249848
58	-0.930514	-0.93991	0.00246056
59	-0.944226	-0.939984	0.0024196
60	-0.907378	-0.93944	0.00244021
61	-0.937428	-0.939407	0.0024001
62	-0.981166	-0.940081	0.00245526
63	-0.949577	-0.940231	0.00242067
64	-0.920822	-0.939928	0.00240177
65	-0.912362	-0.939504	0.00240226
66	-0.933138	-0.939408	0.00236755
67	-0.962122	-0.939747	0.00235646
68	-0.937271	-0.93971	0.00232183
69	-0.930054	-0.93957	0.00229221
70	-0.928774	-0.939416	0.00226448
71	-0.954822	-0.939633	0.00224288
72	-0.947748	-0.939746	0.00221438
73	-0.922342	-0.939507	0.00219681
74	-0.934164	-0.939435	0.00216812
75	-0.947334	-0.93954	0.00214161
76	-0.941745	-0.939569	0.00211344
77	-0.949982	-0.939705	0.00209019
78	-0.928524	-0.939561	0.0020682
79	-0.92379	-0.939362	0.00205158
80	-0.927714	-0.939216	0.002031
81	-0.965129	-0.939536	0.00203112
82	-0.948581	-0.939646	0.00200923
83	-0.928024	-0.939506	0.00198981
84	-0.97	-0.939869	0.00199921
85	-0.908391	-0.939499	0.00200996
86	-0.934694	-0.939443	0.00198724
87	-0.9092	-0.939095	0.00199479
88	-0.939902	-0.939105	0.00197201
89	-0.950593	-0.939234	0.001954
90	-0.944454	-0.939292	0.00193303
91	-0.947427	-0.939381	0.00191376
92	-0.93693	-0.939355	0.00189303
93	-0.918536	-0.939131	0.0018859
94	-0.9355	-0.939092	0.00186613
95	-0.94468	-0.939151	0.00184732
96	-0.934474	-0.939102	0.00182862
97	-0.9376	-0.939087	0.00180974
98	-0.947418	-0.939172	0.00179319
99	-0.915866	-0.938936	0.00179053
100	-0.923518	-0.938782	0.00177923
