1	0.06188	0.06188	0
2	0.502	0.28194	0.22006
3	0.6678	0.41056	0.180791
4	0.78104	0.50318	0.157864
5	0.51452	0.505448	0.122302
6	0.53996	0.5112	0.100025
7	0.59632	0.52336	0.0854064
8	0.48812	0.518955	0.0740952
9	0.55064	0.522476	0.0654406
10	0.79868	0.550096	0.0647214
11	0.69796	0.563538	0.0600662
12	0.54152	0.561703	0.0548634
13	0.65016	0.568508	0.0509236
14	0.529	0.565686	0.0472305
15	0.65372	0.571555	0.0443591
16	0.7516	0.582808	0.0429929
17	0.60856	0.584322	0.0404132
18	0.48416	0.578758	0.0385061
19	0.54116	0.576779	0.0364769
20	0.05584	0.550732	0.0433122
21	0.19464	0.533775	0.0445513
22	0.51952	0.533127	0.042483
23	0.4982	0.531609	0.0406223
24	0.2908	0.521575	0.0401663
25	0.53996	0.52231	0.0385332
26	0.47572	0.520518	0.0370648
27	0.59132	0.523141	0.0357619
28	0.41956	0.519441	0.034659
29	0.2512	0.510192	0.0346981
30	0.69588	0.516381	0.0340882
31	0.554	0.517595	0.0329926
32	0.38232	0.513368	0.0322234
33	0.79388	0.521868	0.0323678
34	0.79748	0.529974	0.0324308
35	0.84376	0.538939	0.0327419
36	0.7914	0.545952	0.0325831
37	0.34484	0.540517	0.032153
38	0.65364	0.543494	0.0314367
39	0.37996	0.539301	0.0309058
40	0.63956	0.541807	0.0302273
41	0.33132	0.536673	0.0299245
42	0.72996	0.541275	0.0295637
43	0.81924	0.54774	0.0295829
44	0.6326	0.549668	0.0289671
45	0.7314	0.553707	0.0286026
46	0.2134	0.546309	0.0289356
47	0.71144	0.549822	0.0285304
48	0.51808	0.549161	0.0279375
49	0.73188	0.55289	0.0276143
50	0.42728	0.550378	0.0271728
51	0.85908	0.556431	0.0273138
52	0.41412	0.553694	0.0269229
53	-0.2012	0.539451	0.030006
54	0.61328	0.540818	0.0294768
55	0.2028	0.534672	0.0295813
56	0.36888	0.531711	0.0291988
57	0.92684	0.538644	0.0295078
58	0.34172	0.535248	0.0291927
59	0.46728	0.534096	0.0287167
60	0.26492	0.52961	0.0285883
61	0.5874	0.530557	0.0281316
62	0.89828	0.536488	0.0283026
63	0.59084	0.537351	0.0278631
64	0.35712	0.534535	0.0275685
65	0.31808	0.531205	0.0273446
66	0.62092	0.532564	0.0269614
67	0.84208	0.537184	0.0269547
68	0.60356	0.53816	0.0265733
69	0.52668	0.537994	0.0261859
70	0.57872	0.538575	0.0258156
71	0.74908	0.54154	0.0256216
72	0.6354	0.542844	0.0252968
73	0.16912	0.537724	0.0254677
74	0.6642	0.539434	0.0251793
75	0.68668	0.541397	0.0249188
76	0.69124	0.543368	0.0246676
77	0.71908	0.54565	0.0244519
78	0.5262	0.545401	0.0241376
79	0.22552	0.541352	0.0241717
80	0.40168	0.539606	0.0239314
81	0.82444	0.543122	0.0238943
82	0.75304	0.545682	0.0237395
83	0.6172	0.546544	0.0234676
84	0.872	0.550419	0.023508
85	0.11556	0.545303	0.0237865
86	0.54268	0.545272	0.0235083
87	0.204	0.541349	0.0235653
88	0.50308	0.540915	0.0233
89	0.70164	0.54272	0.0231074
90	0.65472	0.543965	0.0228831
91	0.73136	0.546024	0.0227237
92	0.52252	0.545769	0.0224768
93	0.3268	0.543414	0.0223581
94	0.499	0.542942	0.0221241
95	0.39	0.541332	0.0219491
96	0.46368	0.540523	0.0217343
97	0.52	0.540311	0.0215101
98	0.69488	0.541889	0.0213478
99	0.38932	0.540347	0.0211872
100	0.24388	0.537383	0.0211827
