1	53.9598	53.9598	0
2	34.1671	44.0634	9.89631
3	43.1334	43.7534	5.72204
4	53.9796	46.31	4.7861
5	41.1307	45.2741	3.84929
6	36.8917	43.877	3.43945
7	43.4814	43.8205	2.90742
8	52.6263	44.9212	2.74798
9	39.6081	44.3309	2.49436
10	53.6932	45.2671	2.4195
11	54.0203	46.0629	2.3287
12	32.927	44.9682	2.39109
13	50.5666	45.3989	2.24124
14	38.7462	44.9237	2.1287
15	40.6997	44.6421	2.00162
16	48.8455	44.9048	1.89069
17	39.9852	44.6154	1.79941
18	31.5707	43.8907	1.84481
19	50.68	44.248	1.78123
20	32.3276	43.652	1.79185
21	34.1814	43.201	1.76305
22	36.5986	42.9009	1.70758
23	43.2887	42.9178	1.63173
24	25.1783	42.1786	1.7283
25	40.5527	42.1136	1.659
26	38.9168	41.9907	1.59865
27	39.6661	41.9046	1.54071
28	42.2985	41.9186	1.48473
29	30.5809	41.5277	1.48501
30	44.3214	41.6208	1.43767
31	36.7313	41.4631	1.39944
32	29.4026	41.0862	1.40644
33	54.9754	41.5071	1.42665
34	55.352	41.9143	1.44271
35	58.7166	42.3943	1.48086
36	60.1166	42.8866	1.52101
37	39.2673	42.7888	1.48256
38	54.5348	43.0979	1.47575
39	21.35	42.5403	1.54179
40	39.5615	42.4658	1.50459
41	50.2463	42.6556	1.47966
42	58.9732	43.0441	1.49535
43	57.9472	43.3907	1.50073
44	39.9954	43.3135	1.46826
45	49.765	43.4569	1.4424
46	29.1696	43.1463	1.44448
47	51.0565	43.3146	1.4234
48	38.221	43.2085	1.39746
49	50.2411	43.352	1.37615
50	36.5233	43.2154	1.35525
51	61.2951	43.5699	1.3749
52	33.2614	43.3717	1.36269
53	36.5662	43.2433	1.34289
54	49.6214	43.3614	1.32307
55	30.0935	43.1201	1.321
56	33.0338	42.94	1.30964
57	67.6725	43.3739	1.35767
58	43.561	43.3772	1.33406
59	43.6465	43.3817	1.31126
60	26.3113	43.0972	1.32024
61	38.0494	43.0145	1.30105
62	64.922	43.3678	1.32777
63	45.2287	43.3974	1.30686
64	33.2839	43.2393	1.29595
65	28.3018	43.0095	1.29639
66	44.1508	43.0268	1.27671
67	57.5938	43.2442	1.27617
68	40.7268	43.2072	1.25781
69	39.0332	43.1467	1.24092
70	36.0928	43.0459	1.22721
71	53.3596	43.1912	1.21849
72	43.8416	43.2002	1.20148
73	35.1985	43.0906	1.18997
74	42.1754	43.0783	1.17384
75	45.9738	43.1169	1.15873
76	46.2716	43.1584	1.14413
77	48.1599	43.2233	1.13104
78	35.483	43.1241	1.12085
79	37.8545	43.0574	1.10858
80	31.0715	42.9076	1.10484
81	58.3036	43.0976	1.10755
82	48.9935	43.1695	1.09632
83	37.0922	43.0963	1.0855
84	61.3908	43.3141	1.09439
85	26.7745	43.1195	1.0988
86	36.2012	43.0391	1.08893
87	24.4153	42.825	1.09742
88	45.6959	42.8576	1.08537
89	47.368	42.9083	1.0743
90	43.2992	42.9127	1.0623
91	48.3264	42.9722	1.05225
92	31.4079	42.8465	1.04831
93	35.5454	42.768	1.03994
94	40.5084	42.7439	1.0291
95	47.6679	42.7957	1.01953
96	40.7087	42.774	1.00909
97	39.9476	42.7449	0.999057
98	46.2636	42.7808	0.989462
99	26.1175	42.6125	0.993773
100	35.1332	42.5377	0.986625
