1	0.522607	0.522607	0
2	0.426133	0.47437	0.0482373
3	0.557115	0.501952	0.0391963
4	0.465691	0.492886	0.0291608
5	0.584932	0.511296	0.0291395
6	0.4796	0.506013	0.0243717
7	0.54276	0.511263	0.0212563
8	0.477685	0.507065	0.0188809
9	0.479817	0.504038	0.0169244
10	0.418795	0.495514	0.0173727
11	0.421923	0.488824	0.017079
12	0.429905	0.483914	0.0163458
13	0.698895	0.500451	0.0223507
14	0.616631	0.508749	0.0222947
15	0.569342	0.512789	0.0211447
16	0.384868	0.504794	0.0213338
17	0.590951	0.509862	0.0206706
18	0.547645	0.511961	0.0196011
19	0.428187	0.507552	0.0190579
20	0.457412	0.505045	0.0182529
21	0.561255	0.507722	0.0175671
22	0.563407	0.510253	0.0169397
23	0.441591	0.507267	0.0164594
24	0.486838	0.506416	0.0157817
25	0.486801	0.505632	0.0151576
26	0.520923	0.50622	0.0145748
27	0.424601	0.503197	0.0143467
28	0.406688	0.49975	0.014248
29	0.496248	0.499629	0.0137484
30	0.495821	0.499502	0.0132829
31	0.443053	0.497681	0.0129757
32	0.57528	0.500106	0.0127955
33	0.475743	0.499368	0.0124237
34	0.399597	0.496434	0.0124048
35	0.39782	0.493616	0.0123703
36	0.446858	0.492317	0.0120917
37	0.547754	0.493816	0.0118555
38	0.505911	0.494134	0.0115436
39	0.305545	0.489298	0.0122395
40	0.452037	0.488367	0.0119659
41	0.543666	0.489715	0.0117481
42	0.442843	0.488599	0.0115191
43	0.619801	0.491651	0.0116546
44	0.428779	0.490222	0.0114759
45	0.538349	0.491291	0.0112689
46	0.400742	0.489323	0.0111956
47	0.413651	0.487713	0.0110725
48	0.583442	0.489707	0.0110213
49	0.405181	0.487982	0.010931
50	0.50849	0.488392	0.010718
51	0.497411	0.488569	0.0105072
52	0.412489	0.487106	0.0104065
53	0.269587	0.483002	0.0110024
54	0.478432	0.482917	0.0107971
55	0.462813	0.482552	0.0106052
56	0.51837	0.483191	0.0104338
57	0.249792	0.479097	0.0110368
58	0.527102	0.479924	0.0108764
59	0.518955	0.480586	0.0107109
60	0.316809	0.477856	0.0108789
61	0.476385	0.477832	0.0106991
62	0.381396	0.476277	0.0106394
63	0.421705	0.47541	0.0105049
64	0.476552	0.475428	0.0103395
65	0.542007	0.476453	0.0102306
66	0.570502	0.477878	0.0101747
67	0.397793	0.476682	0.0100927
68	0.525635	0.477402	0.00996919
69	0.596269	0.479125	0.00997355
70	0.454813	0.478778	0.00983617
71	0.524978	0.479428	0.00971845
72	0.539051	0.480256	0.00961824
73	0.460347	0.479984	0.00948949
74	0.535934	0.48074	0.00939086
75	0.399311	0.479654	0.0093282
76	0.527992	0.48029	0.00922659
77	0.517663	0.480775	0.0091189
78	0.492124	0.480921	0.00900241
79	0.462021	0.480682	0.00889094
80	0.46888	0.480534	0.00878034
81	0.496967	0.480737	0.00867364
82	0.482183	0.480755	0.00856723
83	0.453891	0.480431	0.00846957
84	0.399629	0.479469	0.00842324
85	0.345628	0.477894	0.00847118
86	0.434199	0.477386	0.0083875
87	0.426378	0.4768	0.00831124
88	0.631109	0.478554	0.00840128
89	0.427088	0.477975	0.00832645
90	0.507835	0.478307	0.0082401
91	0.480663	0.478333	0.00814909
92	0.36677	0.47712	0.00815073
93	0.423222	0.476541	0.00808342
94	0.535975	0.477173	0.00802192
95	0.565425	0.478102	0.00799121
96	0.453138	0.477842	0.0079118
97	0.586223	0.478959	0.00790913
98	0.484819	0.479019	0.00782824
99	0.527974	0.479514	0.00776452
100	0.50086	0.479727	0.00768945
