0  0  0  0       funzdue  4.5461  4.5461  0
1  0  0  0       funzdue  4.86029  4.7032  0.157096
2  0  0  0       funzdue  5.83974  5.08204  0.389556
3  0  0  0       funzdue  5.16413  5.10257  0.276221
4  0  0  0       funzdue  4.58636  4.99932  0.237566
5  0  0  0       funzdue  5.13212  5.02146  0.19523
6  0  0  0       funzdue  4.69811  4.97526  0.171343
7  0  0  0       funzdue  4.39941  4.90328  0.164925
8  0  0  0       funzdue  5.56406  4.9767  0.16293
9  0  0  0       funzdue  4.8852  4.96755  0.146016
10  0  0  0       funzdue  5.57353  5.02264  0.143105
11  0  0  0       funzdue  5.2114  5.03837  0.13158
12  0  0  0       funzdue  5.12605  5.04511  0.121224
13  0  0  0       funzdue  6.23523  5.13012  0.140792
14  0  0  0       funzdue  5.33664  5.14389  0.131791
15  0  0  0       funzdue  5.22223  5.14879  0.123376
16  0  0  0       funzdue  5.40211  5.16369  0.116846
17  0  0  0       funzdue  4.80961  5.14402  0.111906
18  0  0  0       funzdue  4.95182  5.1339  0.106335
19  0  0  0       funzdue  5.1637  5.13539  0.100889
20  0  0  0       funzdue  4.95165  5.12664  0.0963627
21  0  0  0       funzdue  5.64736  5.15031  0.0948779
22  0  0  0       funzdue  5.52965  5.1668  0.092147
23  0  0  0       funzdue  5.39381  5.17626  0.0887296
24  0  0  0       funzdue  6.66124  5.23566  0.103785
25  0  0  0       funzdue  5.05177  5.22859  0.0999642
26  0  0  0       funzdue  4.28124  5.1935  0.10239
27  0  0  0       funzdue  5.12805  5.19116  0.0986933
28  0  0  0       funzdue  4.93565  5.18235  0.095636
29  0  0  0       funzdue  4.77624  5.16882  0.0933796
30  0  0  0       funzdue  4.41814  5.1446  0.093507
31  0  0  0       funzdue  5.0136  5.14051  0.0906303
32  0  0  0       funzdue  4.87505  5.13246  0.0882085
33  0  0  0       funzdue  4.96796  5.12762  0.0857115
34  0  0  0       funzdue  5.52459  5.13897  0.0839959
35  0  0  0       funzdue  4.93137  5.1332  0.0818327
36  0  0  0       funzdue  5.42014  5.14095  0.0799672
37  0  0  0       funzdue  4.60286  5.12679  0.079112
38  0  0  0       funzdue  4.3378  5.10656  0.0796683
39  0  0  0       funzdue  5.48223  5.11596  0.0782169
40  0  0  0       funzdue  5.3064  5.1206  0.0764266
41  0  0  0       funzdue  5.64266  5.13303  0.0756134
42  0  0  0       funzdue  4.4875  5.11802  0.0753448
43  0  0  0       funzdue  5.0545  5.11657  0.0736266
44  0  0  0       funzdue  4.30515  5.09854  0.0741963
45  0  0  0       funzdue  4.68868  5.08963  0.0731104
46  0  0  0       funzdue  5.27758  5.09363  0.0716496
47  0  0  0       funzdue  5.20049  5.09586  0.0701764
48  0  0  0       funzdue  5.81876  5.11061  0.0702948
49  0  0  0       funzdue  4.64123  5.10122  0.0695114
50  0  0  0       funzdue  4.25723  5.08467  0.0701157
51  0  0  0       funzdue  4.95963  5.08227  0.0687962
52  0  0  0       funzdue  5.503  5.09021  0.067951
53  0  0  0       funzdue  4.58461  5.08085  0.0673349
54  0  0  0       funzdue  5.14948  5.08209  0.066111
55  0  0  0       funzdue  5.40801  5.08791  0.0651801
56  0  0  0       funzdue  5.95394  5.10311  0.0658044
57  0  0  0       funzdue  4.5643  5.09382  0.0653238
58  0  0  0       funzdue  5.78212  5.10548  0.0652583
59  0  0  0       funzdue  5.8741  5.11829  0.0654278
60  0  0  0       funzdue  4.86976  5.11422  0.0644751
61  0  0  0       funzdue  4.45115  5.10352  0.064322
62  0  0  0       funzdue  5.15895  5.1044  0.0632989
63  0  0  0       funzdue  4.82643  5.10006  0.0624532
64  0  0  0       funzdue  4.67591  5.09354  0.0618302
65  0  0  0       funzdue  4.82506  5.08947  0.0610219
66  0  0  0       funzdue  6.16716  5.10555  0.0622193
67  0  0  0       funzdue  4.96191  5.10344  0.0613339
68  0  0  0       funzdue  5.3796  5.10744  0.0605708
69  0  0  0       funzdue  5.34191  5.11079  0.0597931
70  0  0  0       funzdue  5.49375  5.11619  0.0591912
71  0  0  0       funzdue  5.22074  5.11764  0.0583814
72  0  0  0       funzdue  4.99773  5.11599  0.0575995
73  0  0  0       funzdue  4.04835  5.10157  0.0586191
74  0  0  0       funzdue  5.13539  5.10202  0.057834
75  0  0  0       funzdue  5.05483  5.1014  0.0570713
76  0  0  0       funzdue  4.94779  5.0994  0.0563606
77  0  0  0       funzdue  5.87517  5.10935  0.0565153
78  0  0  0       funzdue  5.43812  5.11351  0.0559503
79  0  0  0       funzdue  4.55078  5.10648  0.0556925
80  0  0  0       funzdue  4.98156  5.10493  0.0550223
81  0  0  0       funzdue  5.61236  5.11112  0.0546983
82  0  0  0       funzdue  4.35508  5.10201  0.0547977
83  0  0  0       funzdue  5.31959  5.1046  0.0542033
84  0  0  0       funzdue  5.06306  5.10411  0.053564
85  0  0  0       funzdue  5.11609  5.10425  0.0529377
86  0  0  0       funzdue  4.33583  5.09542  0.0530659
87  0  0  0       funzdue  6.08295  5.10664  0.0536463
88  0  0  0       funzdue  4.48822  5.09969  0.0534933
89  0  0  0       funzdue  4.64521  5.09464  0.0531361
90  0  0  0       funzdue  5.09887  5.09469  0.0525489
91  0  0  0       funzdue  4.46618  5.08786  0.0524217
92  0  0  0       funzdue  4.20244  5.07834  0.0527217
93  0  0  0       funzdue  4.78329  5.0752  0.0522522
94  0  0  0       funzdue  4.65808  5.07081  0.0518853
95  0  0  0       funzdue  4.88797  5.0689  0.0513773
96  0  0  0       funzdue  4.80206  5.06615  0.0509193
97  0  0  0       funzdue  4.39637  5.05932  0.0508583
98  0  0  0       funzdue  5.2517  5.06126  0.0503795
99  0  0  0       funzdue  4.65466  5.0572  0.0500386
