-1.02086    0.795555    0.90359    
-0.427947    1.13898    0.167987    
0.635946    2.23171    -0.953014    
0.299775    0.615157    0.126348    
-0.417094    0.0853027    0.344494    
-0.720817    -0.577672    0.648666    
0.116816    -0.533315    -0.393966    
-2.96036    1.28961    -0.0864961    
0.680319    -1.08239    -0.580184    
-1.23391    1.02659    -1.92981    
-1.07564    1.05177    1.85822    
-0.859341    -1.41362    -0.154652    
0.353535    0.298328    -2.96148    
0.714799    0.717562    0.582832    
-0.389485    0.102201    -0.0932708    
0.0704895    -0.671786    -0.803526    
0.70286    -2.05389    -0.781854    
0.783541    -1.416    -0.705981    
0.301415    0.628747    0.649449    
1.38931    -1.09188    -1.31838    
0.229251    -0.129405    1.84073    
-0.575435    -0.107619    0.336946    
1.8914    0.669513    0.219887    
-0.655806    2.08454    -0.0501135    
-0.042653    -0.338775    1.2903    
0.242269    -0.350731    -0.651615    
0.354621    -0.975943    0.399249    
-0.320656    0.894959    0.0973587    
0.238675    1.70323    -2.7975    
-0.253756    0.545947    -0.434855    
0.0856768    -1.22836    0.0842831    
0.037754    -0.509967    -0.115197    
-0.0411207    -0.371267    0.358431    
0.227103    -0.148852    -0.162881    
-0.273873    0.615165    0.0500113    
-0.533388    1.01011    0.605225    
-0.436871    0.221672    -1.99117    
4.93024    0.935728    0.280456    
1.7407    -1.72004    1.54186    
-2.81997    -0.358508    -0.236174    
1.0482    0.500172    -0.615537    
0.0362767    -0.266914    -0.275209    
0.916678    -0.235402    0.25442    
0.197561    -1.06647    -4.35374    
-0.345544    -0.949099    -1.97022    
-1.30379    -1.65293    -0.0073236    
1.19791    0.797179    0.952757    
-0.178378    -0.940492    -0.855891    
-0.268336    -0.984853    -0.748216    
-0.528003    0.00282387    -0.705334    
0.666933    1.31783    0.583513    
-1.25705    -0.408943    2.45585    
3.12538    1.32766    -1.41083    
0.9176    0.55972    -0.885276    
1.24511    -0.620595    -0.199826    
1.2942    0.218154    -2.00089    
-2.24227    0.043246    -0.553711    
2.18572    -0.346046    -2.42848    
0.0590802    0.498351    -2.02473    
-0.344896    -0.259749    -0.293862    
1.29415    1.94182    0.0845561    
0.228081    0.170955    -0.574427    
0.601943    1.07513    0.173247    
-1.23926    -0.195945    0.330834    
0.288715    1.20408    -0.818209    
2.34787    -0.0575423    0.550635    
-0.64728    1.6018    -1.56433    
-0.469371    -0.862852    -0.107312    
0.973383    0.417779    -0.637509    
0.453125    -0.517115    -0.468557    
-0.326246    0.0469524    -0.837789    
-0.65852    0.616272    -0.5098    
-0.936114    -0.669388    0.439074    
0.362746    0.047536    -0.440073    
0.286518    -1.17092    0.187033    
-1.25342    0.617148    -0.317332    
-0.285073    -0.317149    0.737312    
1.0544    0.779066    1.32048    
-0.00402192    2.78728    0.918158    
0.517717    -1.41888    0.279661    
-1.15826    0.803248    0.771584    
-2.04538    0.226086    0.867706    
-2.12342    -3.20364    -0.82659    
-0.681134    -0.03257    1.51704    
0.314999    1.93948    -0.552462    
-1.70936    2.0378    -2.32067    
-0.386836    -1.02739    1.20983    
-0.448902    -0.603384    -0.09467    
0.59647    1.38996    -2.20894    
-0.114576    -1.07321    -0.417492    
-0.76714    1.3367    -0.165726    
-0.55635    -0.42031    -0.214806    
0.715862    0.928937    0.685017    
0.68098    -0.643978    -0.930402    
0.229175    -0.497085    -0.382986    
-0.230221    1.35039    0.745296    
-2.61514    0.899983    -0.968733    
-2.36291    0.601815    0.3414    
0.467392    0.0360951    -0.409793    
0.231133    0.266367    1.86917    
0.602376    0.777633    -0.183736    
0.770767    -0.349438    0.724473    
-1.03984    0.946399    0.10773    
1.13904    -0.642377    -0.123185    
2.29283    2.13105    0.724812    
0.2145    0.219873    1.68712    
-3.15319    0.308607    2.19784    
0.413806    0.883419    -0.938181    
0.279075    0.582374    0.290538    
-0.170857    0.941085    0.302212    
-0.725006    0.309856    0.412754    
-0.987519    -0.289171    0.808131    
0.448787    -0.101266    -0.466064    
-0.347759    -1.15479    0.715622    
-0.272377    -1.26784    0.694604    
0.636422    0.68611    -1.37847    
-0.963668    -0.431738    0.846436    
0.343058    0.460068    -0.0158803    
-0.964826    -0.668322    2.44462    
0.260072    0.328999    0.26497    
0.568283    -1.13144    0.930297    
0.301456    -0.606598    -0.0262063    
0.62679    0.547993    -0.49386    
0.0736858    0.0625962    0.163373    
1.95729    -0.725177    -3.33474    
0.852039    0.102638    -0.41285    
0.100097    0.192623    0.0420134    
-0.612993    -0.964442    1.78731    
0.982448    0.750182    1.10931    
0.0131978    -0.530264    -0.526077    
0.160123    -1.68599    -0.607446    
-0.810549    -0.371029    -0.573624    
-0.842369    0.57939    0.30375    
1.57438    0.0297602    1.12562    
-2.11475    0.656749    1.14568    
0.1384    -0.859234    -0.324351    
0.28435    -0.259088    -0.565708    
-0.571284    -0.403601    0.426967    
0.649475    -1.51495    -0.193962    
0.0899379    1.36533    -2.75615    
-0.320241    -0.323866    0.0370092    
-0.498272    -1.59133    0.941902    
-1.24117    -0.78879    -1.28302    
-0.0217713    -0.117461    0.677146    
0.288527    2.49916    0.93195    
2.01214    0.517408    -0.482477    
0.702076    3.09481    0.899242    
-0.670312    0.408802    -0.905802    
-0.312789    0.090077    0.379494    
1.10674    0.684308    0.329731    
-1.99494    -0.406569    1.10385    
0.39071    -0.363131    0.400465    
0.0479333    -0.730372    -0.128984    
-1.17006    -1.29406    -1.53823    
-1.09388    -0.0880911    -0.191734    
-0.473782    1.48467    -0.208265    
1.86202    1.87881    1.63552    
-0.256946    -0.522953    -0.378005    
-0.0501169    0.0894819    0.487875    
1.15652    -1.09361    -1.61923    
-1.77947    0.0162227    1.07943    
2.2802    -0.181641    -0.563019    
-0.358258    2.13025    0.868374    
-0.185167    0.509452    1.02059    
1.89193    2.603    2.06808    
-1.33265    -1.25424    -0.667494    
-1.22635    1.48374    -0.556706    
1.92483    1.05786    0.852818    
0.49218    2.10152    -0.786362    
-1.41635    0.714646    -0.201839    
-0.640985    -0.279876    1.34012    
-0.187943    1.12722    0.345853    
0.104858    0.104103    -0.0920214    
1.35821    -0.187302    -0.972603    
-1.83154    -1.20798    -1.97147    
1.07566    -0.234998    0.259876    
-0.149241    -0.523344    -1.09522    
0.966853    0.141732    0.913523    
-1.21785    -1.37625    1.02619    
0.919834    2.00616    2.24075    
-1.00623    -0.761767    0.223768    
-0.114404    0.898283    0.631063    
0.338443    0.808031    -0.989324    
-0.344782    0.341005    -0.520134    
1.21473    -1.10176    -1.00283    
0.243352    0.892445    0.347552    
-0.304943    2.08657    -0.739494    
-0.823678    -0.0196028    0.329615    
-1.08502    0.66036    -0.314583    
0.473707    0.692162    0.28863    
0.989176    1.03646    0.107799    
-0.631389    -0.588189    -1.7865    
0.629588    0.676186    -0.893413    
0.118494    0.0209526    -0.801216    
0.619171    0.262517    -1.67483    
-1.37371    1.97712    0.616933    
1.78048    -1.21287    -0.915962    
0.0104188    -0.328945    -0.0450374    
4.68484    -2.04519    0.872189    
0.360066    0.80911    -0.610494    
0.216975    0.302312    0.275647    
-0.46165    0.363034    -0.682206    
-1.63795    -0.407265    -0.605068    
2.93354    0.786036    0.469446    
-0.418386    -1.31139    1.50475    
0.13791    0.0607429    0.367883    
-0.720821    0.456252    -0.150903    
0.00204448    1.49423    0.197471    
0.755984    -0.339044    0.377529    
-0.837609    0.527528    0.584359    
0.803965    -1.37755    1.02741    
-0.669056    -0.676964    0.860649    
1.54174    0.0493834    2.64718    
0.0864153    -0.783614    -0.0948164    
0.422454    0.644917    0.0758688    
-2.29759    0.316933    -0.109608    
-0.656947    -0.581595    -0.679629    
2.33863    2.95798    -1.17806    
-0.443905    0.292196    0.0348513    
-0.512657    -0.781828    -0.660834    
1.5968    -0.514792    0.884977    
0.183975    -1.9958    -0.862868    
0.0885585    -0.12166    0.639341    
0.307067    1.36798    0.0405395    
-0.0502943    0.349336    -0.0745933    
0.324436    0.996886    0.0873074    
1.3498    0.47182    -2.68854    
-0.528695    -0.533258    -0.974221    
-3.62024    -0.293634    1.65798    
-0.921974    -0.65671    1.11097    
-1.40657    0.314725    -1.26255    
-0.387956    -1.40783    0.693201    
0.151589    -0.64121    0.567268    
1.89771    -0.895311    -0.146042    
-0.311456    0.283929    -0.124434    
-2.31436    1.55139    -1.42955    
-0.832934    1.35253    -1.02402    
-0.371494    1.8822    -1.48324    
-0.420769    0.293547    -0.287807    
0.353127    0.162215    0.972561    
0.0291208    -1.56126    -0.389389    
-0.790269    0.528925    -0.569377    
-0.259329    0.354901    -0.912575    
1.70829    0.865345    0.200897    
0.22697    -0.42947    -0.0967318    
-1.40926    0.925215    -0.551224    
0.84855    -0.370652    -0.00863389    
-0.866702    -1.07715    -0.225232    
-0.118471    -1.05158    0.438189    
-0.373921    -0.810199    -1.73562    
1.15579    -0.220642    -0.396973    
-1.07974    -0.736903    0.292878    
0.197981    0.439571    2.21666    
0.027315    -0.210697    0.18187    
2.73032    -0.473713    1.29927    
-1.24137    0.12894    -0.410697    
-2.86072    0.958919    1.10953    
1.28136    -0.311617    0.616518    
0.387373    -0.20537    1.52396    
0.182371    -0.119842    -1.00785    
0.326059    -1.72954    1.35075    
-0.0983174    0.927817    -0.868611    
-0.796591    0.327103    -0.653176    
2.6854    0.671981    0.235467    
-0.258386    -0.30635    1.17177    
1.76289    -1.65983    -0.16104    
0.234507    0.336096    -0.639376    
0.206504    -0.450692    0.590263    
-0.168097    0.604213    -1.06666    
-0.000130046    -1.20315    1.27291    
-0.328654    0.828684    0.953213    
0.155484    0.367396    -0.275823    
0.0257831    0.159482    -0.73671    
-0.52672    -0.880632    -1.53033    
-0.442771    0.675885    0.0400768    
0.0731502    0.170748    0.156462    
-1.72749    0.605521    0.162102    
-0.370692    -1.55682    -0.621628    
0.826821    1.2    2.32132    
-1.36794    -1.37918    1.39176    
-0.787092    0.333323    0.816409    
0.487188    0.132864    0.136672    
-0.263566    -0.472499    -0.85205    
-0.398313    1.40138    -0.826262    
-0.564509    0.395431    0.907431    
-2.14415    0.645999    -1.61955    
0.253125    -0.674015    0.484402    
0.750559    1.81089    -0.83698    
-0.438385    -0.227357    -0.0383678    
1.81495    -0.074335    0.25823    
1.79926    0.579575    -1.4274    
-0.294335    0.757698    0.685812    
-0.00807065    -0.310771    2.05948    
-0.0787237    -0.396209    0.115717    
-0.662512    0.0166056    0.211583    
0.125763    0.455577    0.441333    
0.469745    0.0502075    0.187325    
-0.0558701    0.425568    -0.575401    
-0.346859    0.382047    -1.14036    
1.19379    1.53535    -3.22141    
0.584474    -0.636288    1.18105    
-1.64914    0.776923    -0.0740324    
0.0637635    0.239814    0.170122    
0.585777    -1.28859    0.638007    
-0.277752    -0.614178    0.747014    
-0.0867105    1.10457    0.41001    
-0.725156    -1.51786    0.4819    
-1.1574    0.518093    -0.916752    
-1.37806    -1.03828    0.248096    
2.16943    -1.44387    1.92967    
-0.0983774    0.196012    -0.996995    
0.858922    -0.0435289    -0.103093    
0.0240824    -0.0834388    -1.11564    
0.340655    0.740812    -0.383509    
-0.265097    -0.715719    0.305396    
-0.311661    0.904311    -0.752113    
0.0521273    -0.426338    0.053038    
0.61896    0.664861    0.380425    
-0.667963    -0.933067    0.0790913    
-1.05791    -1.11805    -1.01792    
-0.110557    -0.257946    -0.11653    
0.380419    0.347692    -0.102639    
-0.078825    -0.466351    -1.23677    
0.679839    0.350456    -1.57409    
-1.70242    -0.013014    0.0960302    
0.288068    -0.791043    0.290691    
0.804757    0.343845    1.16374    
0.145836    -0.340248    -0.100568    
-0.897968    0.316839    -0.0270284    
-0.614141    -0.238076    -1.35895    
0.260997    1.18179    0.520461    
-0.442097    -0.029938    0.154611    
-0.855963    -0.978069    -0.733234    
-2.83022    0.41066    -0.00249747    
0.461724    0.639853    0.531337    
-1.4066    0.0542345    1.06306    
3.34541    -1.28147    1.31652    
0.41794    -0.180018    2.23193    
-0.022988    1.05222    -1.00585    
0.669272    -0.387106    -0.0335622    
-0.347779    -1.67057    -0.802016    
1.15148    -0.0710456    -0.62186    
-0.666104    -0.384651    -1.40598    
-0.533806    -1.16739    0.587191    
1.70315    0.828333    0.882718    
2.59746    -0.0666792    1.50682    
0.519284    -0.796845    0.58848    
2.13773    -0.662768    0.583698    
-0.0852239    -0.678108    -0.704    
-1.11443    -0.0961229    0.30906    
0.630626    -1.08407    -0.875611    
0.107437    -0.467304    -0.0958819    
-1.31868    -0.674649    -0.958305    
-0.326845    -0.101159    0.78052    
-0.177467    -0.0679796    0.0432609    
-1.49382    -0.91218    0.535507    
1.66333    0.820697    0.0348252    
0.144819    -0.496796    0.743863    
-0.262569    0.292744    0.638819    
0.627748    -0.738837    -1.22183    
0.34324    0.830723    0.556652    
-0.119808    -1.28215    0.310399    
0.0336819    0.171319    1.1487    
3.19433    1.03037    0.101304    
0.582327    2.3538    -0.521237    
-1.31531    0.354722    -0.215588    
1.69243    0.680633    0.212344    
-0.448235    0.616347    0.632648    
-0.985754    0.019347    -1.84074    
-0.623759    -0.0270369    -0.717771    
0.580546    0.81544    -1.43037    
-0.656918    1.25764    0.808314    
0.483441    -0.299547    1.09631    
0.112446    -0.837627    0.345093    
-0.869332    0.669236    0.740123    
-0.35058    0.745182    -0.888428    
1.50781    -0.111542    0.501669    
0.502021    0.720805    0.628103    
-0.310408    0.823984    -1.04968    
0.082227    0.17813    0.537493    
-0.682814    -0.0272904    -2.182    
0.889641    -0.0137205    0.237549    
-0.64499    -1.59393    0.400856    
1.15006    0.433861    -0.657878    
-0.898382    -0.35294    0.597401    
0.948107    -0.0331089    -0.373174    
-0.62073    -0.203467    -0.502798    
-0.427634    0.337121    0.116881    
-1.18377    0.309321    -0.460501    
-0.283137    1.41524    -1.12071    
0.502497    -0.374339    0.245849    
-1.10366    -1.40554    2.32745    
-1.70806    1.28305    1.31145    
0.474312    0.464981    1.46683    
1.6617    -0.583414    0.866521    
-1.14359    -0.191238    -1.28976    
-0.0566018    2.05718    -0.620854    
0.737689    0.260671    0.291536    
1.47983    1.37393    1.69163    
0.0841427    1.05591    1.50169    
-1.08048    0.196438    -1.7822    
-0.557301    0.61767    0.29159    
-0.939338    0.116588    0.0981069    
-0.22718    -0.270619    -0.141634    
0.65931    0.146509    -0.114881    
0.404837    0.390145    -0.20533    
-0.132188    -0.0909165    0.0349495    
-0.0700179    0.430153    -0.396947    
0.459307    0.0656826    0.790364    
-0.580836    0.392161    -0.960547    
0.291137    1.10684    -1.53205    
0.198366    0.622915    -0.555517    
-1.19429    -1.17038    0.519105    
-1.09324    0.56849    1.02219    
-1.23588    -0.655898    0.015053    
-0.154023    0.0483849    0.32513    
1.11158    3.10698    -0.041925    
0.141831    0.871087    -1.83556    
0.341684    0.617073    -1.71954    
-0.511168    -0.966898    1.85569    
-0.190251    -1.33303    -0.255251    
-0.0422562    -0.238418    -0.583849    
1.32452    0.586626    0.46381    
-0.905733    0.0158795    -0.270135    
0.399896    0.257695    -0.202163    
-1.8254    -0.170852    -2.14851    
1.25728    -0.722928    0.844935    
-0.645736    0.362633    -0.0670684    
2.79405    -0.744753    0.0313844    
0.310095    0.0153244    0.37288    
1.27278    -0.0262728    1.15361    
0.21712    -0.540879    0.163668    
0.0112798    0.68118    -0.177721    
0.174493    -0.0261828    -0.447677    
-0.53767    -1.95985    0.500937    
0.0890956    -0.890767    -0.693097    
-1.08983    0.37139    -0.787664    
0.742772    -0.267228    0.553531    
0.00514598    0.302472    0.814897    
-0.470766    -0.33018    -0.639592    
-0.230654    0.62291    0.479666    
-0.265673    0.753137    0.519742    
0.528236    -0.306768    0.42179    
-1.56411    1.9076    2.18238    
-1.14685    -2.11129    -1.43192    
0.740862    -1.58424    -0.803834    
0.356311    -1.19156    0.380496    
-1.1599    -0.0757428    -1.54735    
0.131194    -0.740831    -0.435863    
0.271893    0.248923    0.303924    
0.340752    -0.744586    0.0100782    
-1.11235    0.100517    -0.0338869    
1.03297    3.25073    -0.990745    
0.0972447    -0.538493    -0.166878    
-0.502449    0.204844    0.27812    
1.10952    -1.98861    -0.360125    
-0.12875    0.317677    0.39387    
0.286246    0.542691    0.390437    
0.16465    -0.510777    -0.314667    
-1.45087    0.201173    1.22811    
-0.39027    -1.64786    0.56773    
-0.0236336    -0.13435    -0.0113167    
-0.18396    -0.441747    1.18595    
0.652002    0.338789    0.83984    
1.24763    0.220653    -2.26332    
0.881662    0.481216    -0.116495    
-1.03764    1.35151    0.0802143    
-0.612805    0.498387    1.41749    
-0.224944    -0.678876    0.11077    
-1.73066    0.229569    -1.9936    
-0.353893    1.12299    0.174818    
0.331107    -0.0301081    0.047822    
-2.02484    0.106089    2.05346    
1.62541    2.73291    -0.504067    
-0.0419602    -0.0893988    0.495898    
1.0181    -0.300816    -0.913376    
-2.19796    -1.03436    1.24293    
-1.37052    -0.98865    -0.67405    
-0.934012    -0.0750705    0.31545    
-0.0400843    0.414053    -0.193793    
-1.50669    -1.09972    2.32447    
-1.40239    -0.410418    -0.271723    
-0.00575366    1.80089    0.234887    
-0.536713    -1.57466    1.45292    
-1.66199    -0.354088    -0.24395    
0.207724    -0.0182521    -2.28989    
-0.629825    0.390279    0.415202    
0.2217    1.0435    -0.172668    
0.706718    -1.35713    -0.876786    
-0.3702    -1.17323    0.345464    
3.90999    0.755867    2.75194    
0.2796    0.587017    1.60177    
-0.796555    -0.152458    -0.958941    
-0.688796    0.270836    -0.668307    
-0.539646    0.915813    0.352264    
-1.15777    -0.819214    -1.87557    
0.734466    -0.351068    -0.207199    
1.99555    -0.578571    0.510632    
0.123554    0.518817    0.0559873    
0.542429    -0.0177907    1.30642    
-0.981902    0.112384    -0.291521    
-0.360242    0.956102    -0.285244    
1.0369    -0.765284    0.704612    
-1.18064    0.33422    0.379967    
0.841083    -0.959244    0.927467    
-0.353847    0.206072    0.108496    
0.651544    -0.0217544    -0.0851064    
0.237893    0.922775    0.463694    
0.782622    0.0543867    0.527942    
0.466917    0.953529    0.252954    
-0.528175    -1.24438    0.182249    
-1.11306    -0.801135    0.886825    
0.942846    -1.59752    -0.535826    
-0.296285    -1.58952    0.923989    
-0.222036    -0.922638    0.0976499    
0.772747    0.129171    -0.288854    
0.141895    2.37764    1.86639    
0.121322    -1.50676    1.36343    
0.917252    -0.686286    3.10511    
0.0271686    0.024861    0.0838186    
-0.321178    -0.257394    -0.194106    
-0.93071    -3.29253    0.449335    
0.218843    -0.138542    -0.0490679    
-0.848312    -0.24115    -0.251435    
0.04595    -0.657854    -0.607583    
-1.0289    -0.796704    0.636703    
-0.848735    -0.434988    0.314681    
0.0734802    0.25622    0.0614952    
-1.87746    0.449106    -0.360011    
0.199483    -0.068505    0.0492294    
-0.0238982    -1.42666    -0.275387    
-0.785156    0.0730364    2.55204    
0.440676    0.278377    -0.637788    
0.961851    1.6424    2.76508    
0.00281722    0.151159    -0.150226    
1.11835    -0.914251    0.0725266    
-0.521392    -0.112887    0.235582    
-1.88558    -0.516736    -0.347547    
-0.523993    -0.287083    -0.149067    
1.6071    1.14239    -0.50753    
-1.10505    2.41327    -0.281588    
-0.00519085    -0.288407    0.457191    
0.141477    0.671896    -0.631433    
-0.522955    0.581927    -0.248545    
1.10099    0.271381    -1.29062    
0.950559    0.20158    -0.230978    
1.82611    -1.43182    -0.85203    
-0.151362    1.83792    -0.466203    
0.0588276    0.684216    0.279533    
1.47684    1.32956    -0.245297    
1.05971    -0.458754    -0.545512    
-0.46503    -0.572997    -1.74259    
-0.903922    -0.928633    -0.797976    
1.61998    0.441557    0.851532    
1.35384    0.284192    0.739183    
-0.242683    0.870773    -0.0198318    
0.0488407    -1.62167    0.678977    
0.392787    0.104464    3.96417    
0.197734    0.525974    1.20535    
0.679096    0.270637    0.139615    
0.000639576    0.376656    0.408762    
0.20598    -0.0761175    0.0841318    
0.407173    1.22458    -2.33015    
-0.0952539    -1.01086    -1.0133    
1.54037    -2.60908    0.144615    
2.33578    -0.886528    -0.817815    
-0.0864821    -1.20481    0.717804    
0.894727    -0.685629    1.46715    
-0.532197    -1.22803    -0.364633    
-1.54546    0.82219    -0.552485    
1.26908    0.666334    -0.618581    
1.30216    0.0388611    -0.706512    
-0.692109    -0.593716    -0.648419    
-0.563878    -0.296127    -0.295532    
1.55896    0.0753258    -0.115496    
-0.580269    -0.161405    0.0760622    
-0.427403    -0.0261908    0.128292    
1.53349    1.35704    1.51893    
0.455156    -0.522127    -0.658765    
-0.657462    0.0729786    1.36051    
0.738592    0.390664    1.45741    
-0.461043    0.38911    0.613332    
-0.0378391    -0.927282    -0.749357    
-1.75149    -0.0820296    0.264583    
0.282869    -1.07672    0.111522    
-0.659723    -0.207882    -0.233401    
-0.748214    0.00585554    0.112178    
1.87417    1.32152    0.0578512    
0.735696    -0.305728    0.481106    
-0.286206    0.132065    0.890744    
-0.838853    -1.0887    -0.66242    
1.01415    -0.268205    -0.131373    
-2.99173    1.81004    -0.172783    
0.256466    -0.449114    0.0544741    
0.0526421    -0.443257    0.241248    
0.319286    -0.449064    -0.501027    
-0.488972    -0.58716    0.327101    
1.43023    1.99096    0.465252    
-0.582525    0.730372    1.14189    
-0.145409    0.0729393    -0.257082    
2.67478    -0.689734    -0.156221    
-0.083232    0.0467831    -0.235787    
-0.230703    0.762585    -0.337064    
1.52332    -0.610729    -0.0169604    
0.95128    0.61409    -1.72929    
-0.377775    0.879945    0.85403    
0.733582    -0.289488    0.630942    
-0.00274871    -0.215125    0.233998    
-0.791801    0.150328    -0.0237085    
0.407382    0.583247    0.454657    
1.11137    -0.981232    -1.41251    
-0.851896    -1.36673    -0.85379    
-0.124514    -1.10033    -0.762669    
3.26416    -0.0337453    0.717409    
0.148889    0.222601    1.43428    
-0.152972    2.03206    -0.128662    
-0.21545    1.61714    0.0918285    
0.457025    1.31427    0.547685    
-0.136357    -0.653195    -0.329675    
0.755565    0.737989    0.293763    
-0.350012    -0.0592802    0.243786    
0.284271    -0.0650918    -1.14621    
-1.46828    -1.78567    -0.840396    
1.92606    -0.529906    -2.82468    
0.163845    0.555159    0.142112    
-0.692529    -0.458647    -0.987622    
0.607529    -0.212058    -0.532057    
-1.7944    -1.27367    -0.133785    
-1.3404    0.0198644    0.503369    
0.259646    -0.115518    -1.7997    
-0.167875    1.23323    0.972496    
-0.509193    0.0511888    0.170991    
1.14344    -0.0198339    -3.20462    
-0.384591    -0.0885274    1.08268    
-0.198279    -0.237352    -0.28717    
0.971482    0.379701    -0.889511    
0.420509    0.384429    0.411332    
0.104188    -0.395349    -0.742147    
0.541831    -0.0490934    0.29607    
-0.402555    0.341084    -0.548156    
1.14143    -0.0378501    -0.770164    
-0.740368    -1.61878    0.360295    
-0.360741    -0.0783274    0.426343    
-0.369547    -0.338408    -0.47995    
-0.610836    -3.12758    0.417286    
1.25658    -0.744893    0.576666    
0.782388    -1.54788    0.177057    
0.27204    0.0964558    0.371292    
0.230932    -0.706793    1.38773    
0.414925    0.484227    0.987005    
-2.47313    -1.30338    0.118607    
-0.485187    0.852998    0.227194    
0.46557    -1.27955    0.408676    
-0.208104    -0.268058    -0.852657    
-0.664811    0.717571    0.238941    
0.577519    0.593026    -0.361203    
-0.951577    0.591466    0.111823    
0.299459    1.1398    -1.27305    
0.975887    -0.805812    1.28173    
1.99964    -1.06249    0.448888    
-0.525823    1.70517    1.09536    
1.29022    0.926959    0.264579    
-2.07956    -0.721326    -1.65785    
-2.54407    1.71603    -0.421593    
-2.16951    -0.60528    0.908572    
0.51141    0.193428    -0.50614    
0.806542    0.278602    -0.24503    
-1.06368    -0.845741    0.242421    
-0.332281    2.07153    -1.21242    
0.416023    -0.861073    0.351206    
-0.995596    1.6994    -3.27685    
0.166389    0.289042    -0.562237    
0.485467    -0.112707    0.929329    
1.37942    -0.580907    1.30927    
-0.418753    -0.557247    0.636378    
-1.6983    1.11549    -0.653832    
0.00300658    0.393478    0.321907    
-0.108976    -0.481704    0.332549    
0.177223    -0.460844    -1.07074    
0.0451382    0.172229    -0.219446    
-0.0800147    -1.74821    -1.42499    
-0.876319    -0.0760235    -0.197468    
-0.574109    0.14648    -0.372296    
-1.24671    -0.00724693    -0.759203    
-0.0486296    -0.697849    0.00228484    
0.33513    -0.115639    -0.471587    
-2.24781    0.0449773    3.03397    
-0.610278    0.88259    1.0257    
1.04301    -0.455365    -0.986837    
-1.02424    -0.813146    1.47677    
-0.604563    -1.66278    0.770077    
0.690768    1.00339    0.954149    
0.426484    -0.0719264    0.322267    
1.09629    -0.177865    -1.05287    
-1.94231    -0.285802    -0.590727    
0.236102    -1.1803    -2.17649    
-0.481351    0.554963    0.429149    
1.09284    2.91913    0.685661    
-0.506495    -0.373096    0.525941    
-0.0872345    1.96327    -0.75632    
-0.399089    0.952523    -0.632468    
0.57344    -1.78442    0.0874314    
1.01793    1.77898    1.5241    
-3.57575    -0.462656    1.34404    
0.374801    0.0743153    -0.366954    
1.04871    1.10174    -0.970848    
-0.600753    0.727592    -0.42871    
-0.759227    0.701849    0.155564    
0.418713    0.344158    0.0395654    
-0.464129    0.220578    -1.09902    
0.2186    -0.549628    0.927178    
1.4981    -1.44936    -1.3382    
0.280495    0.747869    0.923433    
0.714503    0.879127    2.72161    
1.34187    1.05814    1.80261    
-0.362339    0.332665    -0.646887    
-1.5416    2.03875    0.484136    
0.681459    -0.347077    -0.382198    
1.05019    0.70831    0.28314    
0.561652    -0.544358    -0.601827    
-0.334606    -0.511473    0.424389    
-0.899775    0.564797    0.221459    
0.516083    -0.315867    -0.532989    
0.666058    -0.626855    0.0443324    
2.82985    -0.521896    -0.805419    
-0.419272    0.896611    0.457656    
-0.340734    -1.43479    1.47208    
-0.540939    0.0312228    -0.532297    
1.70983    0.0359559    -3.89768    
0.324503    -0.895528    -1.8135    
-0.791372    0.712615    -1.28422    
-0.16971    -0.96995    -0.372201    
0.213663    -0.309335    1.64906    
1.70541    -0.615862    -1.3839    
0.0460552    -0.810628    1.78718    
-0.105732    0.970712    1.97359    
-1.37472    0.815152    -0.20535    
-0.700737    -0.170971    -0.595068    
-0.687095    -0.59645    -1.22049    
-1.17524    0.686345    -0.43257    
-0.68841    -0.0656178    0.187255    
0.262764    0.325226    0.31044    
0.224697    0.120343    1.45627    
-0.0536821    0.386629    -1.17223    
-1.25146    0.152456    0.415486    
-0.667162    -2.01134    -0.142636    
-1.61992    -0.766767    0.242745    
1.25626    -1.44918    -2.0206    
1.55504    -0.745314    1.12677    
0.097071    -0.480329    1.23139    
-0.586221    -1.30182    0.312577    
0.817319    -1.06156    0.080078    
0.569965    0.174076    0.17478    
1.14527    0.0789562    0.245317    
-1.01803    1.3171    0.196473    
1.081    2.05459    -2.51134    
-1.61224    -1.5319    0.954226    
-0.595565    1.24288    1.152    
0.359074    0.578786    0.525755    
0.253047    -0.569704    0.0625801    
1.38239    0.591275    0.640333    
-2.91952    -1.64061    -0.914309    
-0.150367    -0.0342691    -0.092753    
-0.383366    -0.00973823    0.163948    
0.888186    -0.0987066    0.542674    
0.0493023    -0.0323607    -0.392484    
-2.3437    0.149352    0.707116    
2.08387    0.971027    -1.65515    
-1.0729    3.43118    0.287506    
0.385362    0.20062    0.911525    
-1.57613    0.183198    -0.374111    
1.39423    -0.811549    0.576848    
0.139063    0.942012    -0.953778    
1.09124    0.593501    -1.8803    
0.363011    0.254786    -0.318162    
1.10694    -0.321294    -0.0444737    
0.310301    -0.790933    -0.113802    
-1.41564    -0.384172    -0.192244    
-0.207187    0.427282    -0.417974    
1.48438    0.75195    0.240077    
0.280571    1.351    -0.677596    
1.50314    -0.214556    2.89056    
-0.446125    -1.95408    -0.220244    
-0.0988848    -1.09786    -0.252504    
0.0703472    0.0264886    -0.593559    
-0.684189    -1.11222    1.04524    
0.0175861    0.199767    -0.0442771    
-1.0651    0.39612    -0.999487    
-0.436579    -0.99092    0.191    
-0.523501    -2.19414    -0.781284    
-1.45076    1.48608    1.60174    
-1.90386    0.306344    0.110989    
-0.583126    0.0698868    -0.630162    
-0.0564368    0.30309    0.585288    
0.241646    -0.681435    0.566931    
0.677399    1.09353    0.438531    
-0.442915    -0.436077    -0.654357    
-0.173079    -0.143165    -0.523816    
-1.31216    -0.360302    -1.72168    
0.959902    2.48454    1.87558    
0.0681847    0.0499027    -0.542616    
0.310592    -0.328742    0.83729    
-0.0187601    0.990016    0.333581    
-1.16561    -0.226342    -0.876598    
-2.6349    0.814152    0.3972    
-0.660935    -0.0770001    1.23612    
0.631825    -0.563497    0.834959    
2.0325    -0.864178    -0.01291    
0.817947    0.729627    -0.1745    
0.531378    0.24487    0.997634    
1.82218    -1.03259    -3.76346    
-1.20455    -0.982263    -1.22258    
0.074984    -0.151634    -0.0633559    
0.234595    -0.390363    -0.0854999    
1.12129    -0.175536    -0.788962    
2.43925    -1.5487    -0.294824    
0.346469    -0.667444    0.81804    
0.432916    -2.01435    0.0238702    
-0.386047    -1.25986    0.932171    
1.17873    0.620258    0.579714    
0.444527    -1.54045    -1.36521    
0.594617    -0.794248    0.296512    
1.34606    -0.69674    0.509516    
-0.929831    -0.738795    0.479606    
1.43727    0.426644    0.375784    
-0.287656    -0.141458    -0.244042    
0.645895    -1.93796    -1.31513    
-0.579068    0.474398    -1.07267    
1.62143    1.48082    0.20243    
0.311377    -0.370891    1.25284    
0.155692    0.224625    0.061091    
0.866292    0.0121952    0.888798    
0.558943    1.84449    -0.321547    
0.00475972    -0.423072    0.519281    
0.360525    0.143639    -0.431781    
0.545943    1.05755    -0.111051    
0.0379063    -0.832036    0.74017    
1.7856    -0.907839    -4.04514    
-0.431623    0.0805458    0.405768    
1.56442    0.173413    0.650299    
-0.0501827    0.515643    1.83058    
0.644312    -0.260407    -0.277297    
-0.700755    -0.31662    0.322105    
3.43405    -0.434394    0.816328    
0.556203    1.09259    0.486721    
-0.0216206    0.12035    0.0379075    
0.695962    -1.23963    -1.01602    
-1.83389    0.866985    -0.83834    
0.22077    -0.122386    0.52146    
0.480141    -0.837709    -1.74932    
-0.16352    -0.288546    -0.984908    
0.466015    0.123844    -0.996627    
2.40977    1.36895    -1.33215    
0.103632    1.30863    -1.19671    
0.247364    0.56184    -0.799272    
-0.0316652    1.07887    1.57305    
-1.22133    -1.34361    0.493661    
1.25421    1.46693    -1.16613    
-0.291199    0.242125    1.65093    
-0.428211    0.151869    -0.502311    
0.637985    -0.9508    0.0945998    
-0.638485    0.624043    0.65164    
0.956521    1.46047    1.24991    
-0.0842112    0.841023    0.685243    
0.0331203    -0.847023    1.08751    
0.0563296    1.61079    -0.486535    
0.926218    -1.43326    -0.524387    
0.915455    -0.00365238    0.472765    
-0.210833    -0.10214    0.0853899    
0.133747    -0.971212    -0.792643    
0.655038    0.642168    1.41993    
2.78287    -1.52488    -0.1591    
0.659048    0.286332    1.18332    
2.32135    0.731487    0.130973    
0.633097    -1.38981    -0.204242    
-0.430145    1.15463    -0.316589    
0.146349    0.55334    -0.422799    
0.44442    -0.630401    -0.411565    
-2.63335    0.589509    -1.81883    
0.755605    0.758915    -0.0754338    
-0.325806    2.37102    0.1296    
-0.755774    0.00817351    -0.477297    
0.505911    0.484949    0.215255    
0.561092    0.332434    -1.89468    
-1.76348    0.629907    -0.960155    
-0.331393    0.51716    0.32345    
0.149874    0.348101    0.055078    
-0.234533    0.413506    -0.565785    
-0.21979    -0.28044    -0.0422157    
-3.76318    2.13471    3.96044    
-1.03074    -2.11367    -1.10207    
0.999011    0.750338    -0.63453    
1.57662    3.33625    0.26309    
-0.87057    0.784987    -0.932974    
0.608845    -1.27807    1.21814    
0.296158    0.786351    -0.407308    
-1.96951    1.2129    -0.197361    
-0.330547    -0.613617    -0.630778    
0.0469122    0.419838    -0.562767    
-0.134761    0.15716    1.17957    
0.431961    -1.73431    -0.561696    
-0.372365    -0.476657    -1.16128    
4.58881    -0.534781    -0.37405    
0.651667    1.3299    0.874095    
-0.233321    -0.141374    0.201678    
-0.631124    -0.194084    -0.525441    
-0.651522    -1.58138    -1.1535    
-0.424143    -0.100449    -0.0880394    
-0.266737    -0.499841    -1.27957    
-0.152401    0.210178    1.97966    
0.181456    -0.172412    -0.317947    
0.327021    0.481856    1.57174    
0.483015    1.09681    -0.416795    
-1.60484    -0.03914    1.55662    
-0.191451    1.18309    -2.00147    
-0.247521    -1.56103    -0.423417    
1.35188    -1.73279    -0.0384619    
-0.484125    0.120147    0.250036    
0.46666    -0.824014    0.400036    
-0.810466    0.266832    0.0209066    
0.55532    -0.145743    -0.463641    
-1.35198    -2.2106    0.61038    
0.207136    0.918714    -1.34361    
1.86803    0.445471    0.525421    
0.590128    -0.551684    -1.31422    
-0.419748    0.110871    0.958229    
0.935859    0.540239    1.57989    
-0.430538    0.290797    0.424282    
-1.35489    -2.48693    0.852412    
0.0151948    1.27459    -1.23715    
0.997942    -1.07046    0.76954    
1.71422    0.135549    0.765381    
0.0950898    -0.504461    0.887608    
1.28904    0.662521    -3.22845    
0.0951483    0.022387    0.00223211    
-0.284137    2.15894    -2.85906    
0.185542    -0.0980647    -0.0739363    
1.94217    0.15757    -0.468005    
-1.18113    2.37386    0.371349    
-0.581546    0.363661    0.528134    
0.43756    0.67765    -0.681073    
3.35634    -0.101223    0.100512    
-1.42659    1.78568    -0.343846    
0.00374603    0.211287    -0.418369    
-0.675176    2.38295    -0.769642    
-0.908473    -0.0140838    0.1436    
3.39509    0.181023    1.2214    
0.524514    1.34304    -0.0953962    
0.285057    0.657285    1.04193    
1.31464    1.73783    -0.267036    
0.237863    1.24156    0.512558    
0.737172    0.437871    -0.985463    
2.18231    -0.32907    -1.36177    
0.411271    0.388813    0.432754    
-2.35224    -1.60888    -1.79625    
-0.427786    -0.782895    -0.93711    
-1.06916    1.5337    0.0987669    
0.917799    0.122686    -0.93264    
-1.95127    0.620521    1.76091    
0.109791    0.18163    -1.19881    
0.373971    0.504187    0.240305    
-0.171188    -0.193104    -0.0260689    
1.02789    -0.0277658    1.35368    
0.448008    -0.419756    -0.126015    
-0.119559    -0.422342    0.499734    
-0.241783    0.998801    -0.281209    
0.496012    0.963788    0.819812    
0.447036    0.173574    -0.0602075    
-0.334409    0.134724    0.770483    
-0.260497    -0.178385    1.06816    
0.512995    0.0163873    0.450544    
0.941201    -0.664243    1.22291    
-1.50824    -1.0441    -3.3637    
-0.166055    1.18886    -1.83666    
-2.67105    0.495529    -0.521442    
-0.831997    -1.60748    -1.30242    
0.540199    -0.233242    0.849894    
-0.132503    0.178598    -0.181951    
-0.0151604    -1.04434    0.099193    
0.810241    0.226342    -0.26215    
1.11726    -0.76506    0.384081    
-0.649913    0.756815    0.339992    
0.857036    -0.743526    -1.14082    
-0.286426    0.38276    -0.210548    
-0.186961    0.14126    -0.0375051    
-0.647951    0.547893    -0.160621    
0.457239    -0.138666    -0.0370439    
1.14385    0.880799    -0.367267    
0.176824    -0.422853    -0.983047    
-1.32364    -0.721661    0.00629468    
-0.32659    0.168279    -2.11926    
-0.400602    -0.884699    0.047205    
1.21829    0.239037    1.49388    
1.11294    -0.974235    1.78776    
-0.227103    0.486005    0.324147    
-0.391271    -0.193146    -0.553302    
-1.0326    0.749976    -0.147662    
-0.739215    -0.905382    -1.72017    
-0.0127828    0.0788497    -0.734203    
-0.619444    0.4951    -0.776919    
-0.168169    0.874734    4.70776    
3.285    0.619742    -4.27894    
-0.18713    6.00712    -3.84674    
0.752393    -0.735871    4.43521    
-2.00796    -0.0974636    0.640868    
0.26834    -5.34465    4.40787    
-0.445098    4.99114    2.39798    
-0.295422    2.836    -7.23006    
2.18922    -0.283977    -4.68156    
1.57544    -3.57389    -3.32786    
-0.399994    -1.03396    2.05255    
-2.8098    -0.253838    -3.07976    
-0.752921    -0.623149    -1.22646    
0.963951    1.49743    2.99669    
-3.62021    -1.98697    5.53574    
-2.52091    -2.64486    -5.49114    
10.6785    0.584642    -5.46142    
0.760987    -3.34157    1.92691    
-5.44926    -1.28174    4.68932    
2.5395    0.247227    1.77265    
3.11768    -2.40661    -3.08335    
0.98074    -0.677015    -1.9373    
-0.601327    -2.97942    -12.8714    
-0.213428    -1.97957    2.22128    
-0.872323    -4.51443    4.45631    
-0.162175    2.41789    -2.41938    
0.293143    -3.16775    -4.05256    
1.95702    -3.72343    -7.93615    
-1.2495    2.19406    -5.40739    
-1.88651    -1.32206    3.33228    
-3.12098    -0.83368    9.31644    
4.27234    3.13757    4.27302    
1.73199    0.316462    3.41689    
0.323039    -0.627089    2.6838    
-1.55809    -1.27217    -3.14769    
-6.18163    1.20599    -3.48325    
8.05665    2.02117    -11.6244    
1.89168    2.44241    -7.48645    
-0.252011    -1.97471    -3.67981    
1.7126    3.62613    -2.15351    
1.54256    -1.1252    -5.49016    
1.08733    2.00534    -2.894    
-2.59424    -0.843701    4.38969    
-0.52585    1.55733    3.20147    
3.37177    -0.691144    4.33828    
0.0946774    2.03281    -3.01704    
-0.500402    -4.05851    4.52046    
0.405402    0.77919    -3.45003    
0.971961    -2.32436    2.2674    
1.4838    2.034    -1.09508    
-0.313563    1.38018    -5.06527    
-3.87622    -0.736278    6.82064    
2.8672    -0.0115776    1.90857    
0.678288    -5.57783    6.32306    
-4.11125    4.51923    2.75356    
1.2865    -0.277829    4.71372    
1.38    -0.401325    4.50094    
1.12117    4.54093    -0.716923    
1.62729    -2.82319    3.55832    
-3.11498    2.8901    6.10365    
-6.49054    0.92998    7.01668    
-3.02992    -5.13006    2.32336    
-1.70591    -0.128465    -0.958626    
-1.36786    3.53345    -2.93917    
-4.07647    1.25828    -7.05427    
-1.03977    -2.27131    -2.25771    
-2.75808    -1.20833    2.20853    
0.373749    1.62938    -6.05387    
-1.59117    -3.02088    -4.65691    
-1.98316    2.17076    -2.55281    
-2.27354    -0.166986    2.8069    
2.00966    2.41014    4.20237    
3.53446    -1.65416    3.14331    
0.244147    -1.67215    2.85103    
-0.60791    2.46643    2.92478    
-5.39854    3.19733    -5.24047    
-8.13445    2.27264    4.05465    
-0.254257    1.09424    2.24071    
0.259282    -0.296126    1.65021    
2.36311    0.430551    2.84192    
0.403573    -0.433941    4.06922    
-2.30951    -0.114692    4.41871    
1.76485    -2.15416    3.86564    
5.88506    2.4305    -2.89048    
0.300913    1.31826    -3.02409    
-3.63693    -0.119634    8.46241    
0.686821    2.71117    -4.94185    
0.529411    -0.695282    -1.80709    
-1.2637    1.45988    -1.49638    
-2.87553    -1.65903    -3.04109    
-1.57096    -2.22438    -0.883968    
-0.720419    3.96487    3.87844    
0.327965    -0.743483    6.10717    
1.00938    -0.855231    3.13334    
-0.504102    0.242918    -1.79697    
-4.04198    -0.529225    4.38739    
-1.79527    2.97625    4.43687    
-1.09418    0.186062    9.04173    
1.69871    1.59462    4.39188    
0.356659    -3.41419    5.41193    
-0.530221    -2.12157    -5.00776    
1.48518    -1.31926    2.5201    
-2.45265    0.15105    3.00983    
5.15711    -4.30476    -9.14103    
0.784234    -1.19926    -3.05453    
1.2808    1.64358    -2.5354    
-0.294595    -2.78209    0.676958    
2.68308    1.81616    -1.30526    
1.73481    -0.500504    1.90962    
-0.237791    -3.62043    -3.77589    
-1.72391    -1.99394    1.63216    
-0.398212    -1.37421    -3.35358    
1.84987    2.12555    -1.90892    
-3.35083    2.50609    -1.69538    
-1.21309    -0.650735    1.8628    
0.00103797    0.738733    -5.84986    
-1.17004    -2.10867    4.88176    
1.24603    -3.78649    -1.81153    
-1.61731    2.76603    -5.49658    
1.12064    -0.599092    1.26165    
-2.7431    -1.63292    -1.41043    
-2.59077    1.34693    -6.15496    
-1.38659    0.109408    -2.89403    
-0.0696729    3.13309    -1.91009    
4.21502    2.58303    -4.40046    
1.9069    4.3121    1.58731    
-0.88857    1.34739    3.35309    
-4.15973    -0.177704    3.66233    
5.26327    3.36926    -3.49452    
-9.25253    0.0147797    5.0566    
-0.0159748    0.700585    -2.19505    
1.55703    -1.98167    1.91092    
-6.62191    -2.41959    1.39535    
-1.58265    -1.15627    -3.14477    
0.187687    -0.0831688    -2.73885    
0.301449    1.76167    -1.78048    
-0.0265528    -1.86486    2.08538    
0.549843    1.4735    5.25088    
0.635644    -0.897697    -5.59096    
-2.98104    -2.714    -2.10743    
4.00122    -0.84758    3.87176    
-0.713922    3.32747    4.44836    
2.93709    4.05269    8.14604    
3.76577    4.86777    8.36921    
-1.88037    -5.21267    1.71443    
-1.40452    0.729435    1.36672    
2.82707    2.12738    -1.76366    
2.02985    4.18619    2.39753    
-2.48042    0.682857    -2.16324    
1.40696    1.10977    5.33075    
2.18659    0.984179    -2.11866    
1.86596    1.4263    -3.39316    
4.90765    2.25504    3.71354    
-3.57032    -0.951198    -4.69166    
3.23907    -1.01609    -4.10329    
3.24491    -0.14241    3.55954    
-0.106294    -1.55918    -0.828886    
-1.32273    -2.90429    5.06223    
1.18837    2.74952    6.15769    
-0.218251    -0.439935    0.994653    
2.07653    0.0732369    6.09568    
-0.368062    2.68203    -4.5149    
-0.825493    -0.42264    -4.09964    
2.55544    -1.95625    -4.93172    
-1.10032    1.64775    2.52062    
1.48019    5.80852    -3.12754    
-1.33498    0.438859    -1.768    
-1.25823    1.91594    -4.98308    
2.65899    2.66788    3.25627    
3.69233    3.20578    -0.979572    
-1.7462    0.603328    -2.35513    
0.683274    1.32269    -3.97178    
1.13363    -0.489844    -3.38027    
2.31188    0.876976    -6.76689    
-4.73721    5.43048    -2.81975    
4.73361    -2.24314    -7.28095    
-1.21693    0.3864    -2.31053    
5.77527    -0.986265    -6.9167    
1.48142    1.95793    -5.64364    
-0.261595    1.01545    -0.98319    
1.43702    -1.00199    3.79562    
-3.83816    -2.27735    -3.70716    
6.64585    1.58085    -2.72354    
-1.8866    -1.94773    6.78425    
-0.565857    -3.44043    3.30868    
-1.25007    0.933983    2.35561    
-0.489165    2.01505    -1.36606    
1.93051    1.59303    -2.0819    
-5.10897    0.307096    -2.32134    
3.06593    -1.46316    -4.17714    
-1.84373    -0.22239    -2.70955    
3.14287    -2.88838    7.80626    
0.553431    -1.52373    -1.55409    
-0.4648    1.5636    4.51978    
-5.53642    -0.414436    4.7576    
-1.19142    -0.0714768    -3.18742    
9.43281    7.57132    -7.26839    
0.425751    0.680443    -3.07325    
-1.81061    -2.42674    -4.00493    
3.56067    -1.16471    4.71867    
-0.0480116    -5.78444    2.1512    
-1.43994    0.35983    2.72641    
0.477916    2.74487    -3.24284    
1.08846    4.49262    -3.91261    
0.150115    0.957224    3.46249    
2.43407    0.727914    -6.73838    
-1.04998    -0.634989    2.28689    
-6.08042    -2.33278    -1.6055    
-1.69074    1.11287    6.26874    
0.016658    0.971639    -5.88908    
-0.0443515    -4.36209    3.50667    
1.47575    -0.287778    1.80237    
2.71663    -0.380991    4.02699    
0.762618    -1.76995    -1.37323    
-3.2612    3.84157    1.06144    
-1.49699    2.44294    -0.923938    
0.957091    4.78189    -7.69073    
1.4957    0.456079    -2.68745    
2.60785    2.10931    -1.24413    
0.36487    -7.4709    -6.60844    
-2.30522    0.429967    -4.082    
-1.79764    -1.32622    2.96538    
2.31275    -0.42245    1.8758    
1.65408    0.120519    -3.07705    
-3.725    0.487688    -3.35411    
1.80414    -0.921561    -2.57274    
-2.06342    -0.446596    -3.3479    
-0.832621    -1.21741    2.4693    
-0.112824    -1.75704    0.624775    
0.534227    0.19098    -2.22105    
-2.08797    -1.57481    -1.6812    
0.414869    2.00572    7.98398    
1.51559    1.41279    -4.54966    
5.73938    -0.419404    -3.06111    
-2.3178    2.62211    2.1825    
-6.8684    2.94332    5.16166    
0.494581    -2.03023    3.88808    
1.47536    1.58515    6.63075    
-0.229355    -2.09945    1.90571    
0.129982    -2.8135    4.90385    
3.21744    0.103309    -3.7538    
-1.433    -0.675094    -5.68964    
7.23489    0.8027    -2.89757    
-0.545025    2.91329    6.24763    
3.37068    -1.54296    -2.90686    
1.50699    3.24088    -4.60046    
3.17472    -1.31221    -1.48375    
-1.07598    0.745889    -3.73664    
-2.22126    -4.63064    -2.92268    
0.628812    0.0954856    -1.68951    
-1.16041    -0.658454    -1.30359    
4.2442    0.393583    -7.12617    
-1.7426    -1.93479    -5.60405    
-0.665045    1.61786    5.07677    
-1.33886    2.67665    2.42928    
-1.78474    -0.0209292    -1.81237    
-1.47712    -4.32144    -4.83963    
1.21402    -0.409951    5.46717    
-3.65025    -1.92489    5.77649    
-2.70662    0.00264583    4.15283    
1.02667    -2.09293    1.79442    
-1.55919    -1.38328    -4.47578    
2.22708    5.39556    -4.1674    
-1.74907    0.801344    1.49657    
-2.7037    1.23603    -4.403    
2.51581    -1.95954    -5.55338    
1.39507    2.64922    2.19114    
-1.48802    0.41306    4.32979    
3.35881    2.3326    5.79874    
4.92096    1.5385    -4.06645    
-2.25058    0.0285937    -2.95994    
-1.9091    1.45843    -3.17715    
0.228464    0.495888    2.28106    
-0.955217    -0.673233    5.52048    
0.741751    0.895903    -2.93942    
0.624563    -0.0502573    -2.84529    
3.00512    2.57604    1.27883    
2.06346    0.500646    1.86339    
3.3209    2.02875    -3.7395    
0.146625    0.381866    4.6836    
-1.31542    2.1788    -3.37325    
0.112474    -1.15885    1.99251    
-0.717214    -3.6623    4.5084    
-0.536008    -0.90018    2.59159    
-0.514048    3.06609    4.42673    
0.063897    -1.58247    1.09434    
-2.18361    -0.16531    -4.49634    
-2.92393    -0.549997    -2.51467    
4.87477    -1.93497    -1.64919    
0.967673    2.59429    -1.77676    
0.708298    1.96995    1.58384    
-0.106001    -1.34804    2.07056    
-1.62663    1.25247    -0.716312    
-1.22461    -4.09559    2.84843    
-2.8204    3.37205    2.9249    
-2.60799    -0.718763    3.79501    
2.04847    3.17877    5.20217    
1.13089    -1.42254    4.27814    
-0.996286    0.0148664    -0.81448    
1.333    -2.31546    -5.13492    
2.63251    0.115292    -2.38389    
1.58495    -0.678531    -2.92315    
-0.174845    -1.19189    -0.486713    
-2.97742    0.774283    -2.6192    
0.657797    -1.03642    3.29738    
2.91893    0.602632    3.70659    
-0.114864    -1.06119    1.52991    
-4.78646    -2.86976    4.66972    
-1.04483    1.90091    -8.81381    
1.98682    3.82215    4.91471    
-2.13001    -1.30349    4.16734    
-3.57291    -6.72713    4.0135    
-4.47666    1.29586    3.77332    
2.28547    4.35863    6.84892    
-1.89747    -1.46153    2.5958    
8.14161    -2.23868    -2.6605    
-1.07499    1.55417    -2.62034    
-1.42699    2.8884    1.29832    
-0.304575    -2.52194    2.64654    
-0.0075772    -4.66012    -6.51895    
3.6472    -0.393178    -4.53826    
-0.561777    -1.46908    2.07568    
0.244199    -5.0718    5.64665    
3.20619    -0.216545    -1.57453    
6.51913    -0.756198    5.77367    
1.99683    -1.82729    -1.6872    
4.41681    -0.214211    -2.63324    
-1.87649    -1.96581    -6.94512    
-2.33426    -0.738491    -2.82963    
0.771014    -0.915071    -2.75509    
-0.554243    0.248162    5.16714    
-1.83018    -3.54833    -5.15512    
0.919214    0.458592    2.22245    
-0.443619    1.37663    3.88317    
-1.62745    -3.03054    4.18951    
1.88408    0.926411    3.29752    
-0.244839    -1.01554    5.12189    
-3.14145    1.79094    4.40362    
0.343744    -0.863886    -7.67604    
-0.312657    1.40902    -1.21479    
-1.09714    -0.861433    1.95263    
-0.186298    -0.702336    4.1537    
9.88917    2.84054    -4.84757    
1.58714    6.97133    -6.83124    
0.158578    0.337826    -1.9304    
4.07458    2.10926    4.2975    
-2.39675    4.27383    7.83275    
-1.40418    -0.812124    1.42992    
-0.728265    1.2496    1.49928    
1.91837    1.67869    -8.15529    
0.0167804    1.69336    -3.00346    
0.0644258    -1.03098    -1.96487    
-0.0968465    -0.756484    -3.75728    
-0.0580872    0.0976499    -1.92059    
-0.101597    -0.547349    1.34283    
1.71617    -0.804981    -2.62088    
1.51094    1.44996    -1.33326    
-0.895046    3.39419    -3.78782    
-0.0904688    -0.0654105    -1.90196    
-3.37748    -1.16407    -7.77199    
4.2402    -1.9712    -3.46216    
-1.45034    -1.62935    -2.85198    
3.38453    -2.70581    -6.012    
-2.41386    0.976267    4.43047    
1.8696    -1.13899    -4.30842    
-0.819914    -0.446556    1.84779    
-0.865097    0.626154    -1.51668    
-1.69702    0.425808    1.97095    
-3.97343    2.27884    3.01901    
-0.911491    -0.356881    2.22006    
0.24645    -0.533775    -1.3045    
-2.95131    2.86669    -1.62862    
1.26295    -1.70762    1.26049    
3.42355    -1.45814    -2.30065    
-5.1224    -1.41392    -7.32823    
-1.12165    2.12127    3.69163    
1.30248    -1.8333    2.42331    
-0.680796    1.27322    3.01884    
-0.588604    4.13498    6.80735    
-3.61548    -2.39937    -5.5828    
-1.66258    0.391187    -4.43149    
-1.85382    0.718315    -3.85562    
-1.05282    -0.729737    3.62941    
0.920478    -0.536181    -5.11385    
1.2283    0.598753    -2.2135    
0.808833    -3.01775    -4.88756    
-3.77086    1.89829    -2.95701    
2.00877    -0.745251    6.12    
-2.55554    1.87726    1.86701    
2.04199    8.14961    -7.2251    
-0.266812    1.56935    2.44931    
-1.16083    -1.54394    -2.01112    
-2.08114    0.0428129    -0.924837    
-2.50004    -0.363691    -4.39672    
-1.25499    -1.13487    3.56922    
3.41482    7.00862    4.65847    
1.22206    3.70486    1.53175    
2.32444    3.51769    -6.36044    
0.48864    -1.97553    7.03183    
-0.687205    -1.7293    4.179    
1.68879    -0.704836    3.99378    
2.61237    -0.057758    4.3196    
-1.95765    -1.17365    -3.93724    
0.994931    -0.76001    -6.16994    
-4.00117    -0.326138    -8.29197    
-0.209704    -3.2667    -1.45163    
-0.780582    0.545884    1.14469    
6.3666    -2.44225    -7.93502    
-0.00753942    1.03665    5.28031    
3.11989    -1.0094    1.28636    
-0.218344    -0.948432    2.20572    
-0.518337    -1.15376    0.609691    
-0.53439    0.368143    1.86029    
0.754545    -1.85998    2.99647    
-1.60898    -1.76953    2.0471    
-2.07664    0.864686    -4.03122    
1.93951    -2.46053    2.5584    
4.73302    0.873348    5.5376    
-1.61722    1.33443    -4.95475    
-0.977402    -2.07082    -3.26785    
1.84943    4.48117    5.19982    
0.00116024    0.877011    -3.96983    
-4.05357    6.23564    9.78549    
-2.51805    -1.32298    -6.02501    
1.79859    -4.19415    -4.42169    
0.230074    -3.52641    -4.05815    
0.251246    0.133378    -5.5831    
0.979514    1.47216    -3.00092    
0.199423    0.501873    -3.3584    
0.550217    2.41682    -4.13142    
-2.32462    -0.838409    -1.15289    
0.686452    4.70201    -4.88488    
0.485629    -0.143067    2.14759    
-2.66059    -4.00223    4.80679    
3.74861    -3.21449    3.70125    
-0.322127    -0.296587    4.41204    
4.41091    0.0232842    3.49463    
0.440575    -3.44643    -4.29329    
-1.3483    -1.66786    7.42379    
1.06245    -3.71996    4.55026    
2.22707    -0.289475    -3.91221    
-0.44215    -1.72878    -4.17556    
1.19162    0.606638    -1.64784    
2.97149    0.739907    -7.1853    
1.19031    0.835949    -2.44499    
-1.7011    3.16459    -3.33907    
-1.28216    0.91398    4.9384    
0.370326    -1.51335    4.55013    
-1.84607    -2.34612    -9.0773    
0.546817    3.09615    -3.85805    
2.21927    -0.978596    -3.98784    
-4.42181    0.0272011    7.74768    
2.1387    5.73647    3.25232    
-0.69356    3.41986    4.51482    
0.235632    0.944135    -2.53719    
-4.28145    -2.3363    -1.26878    
-3.38559    -4.97901    2.41897    
-1.05078    -0.552908    1.61041    
-2.6187    -1.3684    -2.64344    
-3.03637    -0.919929    4.87044    
-1.4429    -1.47599    -3.18474    
-0.0598961    4.31212    -4.42757    
-0.0191269    -1.45282    -1.3229    
-2.7477    1.21256    2.6071    
-2.55446    0.625077    -3.63919    
-0.918358    -0.388731    -2.23464    
1.8488    -0.719658    -4.01042    
1.18677    -3.18112    -4.28234    
-0.925215    -0.988192    -2.22436    
5.15314    1.86438    6.14312    
0.295345    1.47727    5.88139    
-0.282785    0.592203    -4.51124    
-1.37933    2.1233    2.86478    
-2.04394    0.865242    4.79237    
-2.93222    -1.80294    0.585178    
0.24327    -1.69498    3.20102    
5.82119    -1.02209    4.24269    
0.352315    3.40943    2.6353    
1.5432    4.93942    1.29309    
-1.5989    1.10224    3.78556    
-0.108709    2.18238    2.34936    
1.66117    -2.25166    4.91811    
-1.68782    -2.14838    3.91264    
0.549672    -1.4359    4.57605    
-0.0122624    0.00188893    -4.63707    
1.7125    1.13599    -7.36963    
1.50305    0.307472    -3.87503    
0.444478    0.471821    -4.41181    
-0.0356859    5.39052    4.43247    
-0.779294    -2.8803    2.07863    
-2.80707    -5.1314    6.80788    
2.48785    -3.39216    -4.01026    
-0.190898    -2.82632    -1.90809    
-0.670249    0.310476    -1.52582    
3.02226    0.8246    2.29576    
-1.03795    4.54612    -1.40215    
0.633947    -0.973129    -1.74228    
0.787006    -1.91671    10.8961    
0.840509    1.49721    7.29436    
0.0800569    -0.0941756    2.40481    
-0.168805    -7.4025    5.52624    
-0.18861    -3.35681    4.08281    
-1.31051    0.880058    2.7051    
0.801932    -1.88782    -4.94832    
-1.51288    -0.132387    1.36587    
-0.575438    -1.34012    -4.95028    
-0.346583    2.12535    4.05065    
-4.87048    0.404951    2.07658    
1.98038    0.26445    2.81431    
-0.631421    -2.81558    3.73322    
-2.32183    0.17087    4.70657    
-0.600803    1.21016    2.15518    
2.62784    2.37308    9.2519    
-0.176702    2.63064    -4.82312    
1.00036    -0.640148    3.4423    
-1.70319    2.10923    6.15837    
-1.98651    -0.519142    3.02547    
-0.643801    0.975701    1.96992    
2.90368    2.33276    1.34448    
-2.05414    6.38313    4.52412    
-1.3983    -1.14552    -2.29036    
1.85171    -0.397235    2.73462    
0.311315    -0.187012    1.84684    
3.03167    3.3339    1.99508    
1.95363    0.624894    2.57279    
3.35926    -2.30615    -3.92454    
-1.4606    0.973024    2.77143    
-0.868953    1.44655    1.61361    
3.30303    3.04302    -3.79142    
3.94851    -3.44975    -4.17767    
1.52369    -0.724111    -5.36087    
-1.40727    -3.77492    -4.93156    
3.04593    0.985575    -1.59843    
3.51507    1.81462    5.64517    
0.137496    2.04432    -2.88049    
0.0290154    -2.06596    -1.2527    
0.905907    0.77466    11.0802    
-0.0940873    1.97538    7.49586    
2.08626    1.10744    3.19771    
0.825707    2.89361    -1.34142    
-0.306422    2.82503    -3.6144    
1.57397    2.31127    -7.89979    
-0.227046    -2.33106    0.874152    
5.0178    -5.05881    -6.63959    
5.943    -3.0478    -7.94986    
1.11697    -1.42348    4.33309    
2.30178    -0.0497825    6.8884    
-0.717044    -0.840262    5.05188    
-3.10407    -0.14205    1.60171    
-0.202915    0.448319    1.51114    
4.49432    1.98834    -5.82609    
-0.30815    0.283746    -3.05634    
-3.01646    -0.537422    2.40611    
0.782509    1.46474    -0.998964    
-0.357954    -1.05717    -3.26658    
0.948935    -1.5674    2.04742    
3.14356    3.14289    6.03668    
1.86045    -1.76317    1.50529    
-0.595008    0.736914    4.1389    
-0.552649    -0.562109    4.57335    
-4.74336    1.3869    6.57205    
-0.139473    -2.8617    1.54551    
-1.67655    -0.63396    2.85518    
-1.38284    -3.84939    -3.17412    
-1.17299    -1.08841    2.42024    
-2.18731    -1.56531    -5.79001    
1.55689    1.0612    -2.56706    
1.77076    0.402336    0.689559    
-1.40279    -1.16252    4.66885    
-3.2112    0.683374    -2.42097    
1.34691    0.436911    -2.14951    
-8.69913    1.63334    -4.98498    
-1.0752    -1.71148    2.9326    
0.799579    -0.589594    4.23554    
-0.751581    -1.66101    3.14916    
-0.317113    0.471838    3.08448    
5.45862    2.32385    -2.97079    
-0.406611    0.174188    -0.947228    
0.947144    -1.54644    3.66247    
5.05249    -0.580897    -1.77465    
-0.459613    -0.0418678    -4.10046    
-1.18268    -0.661725    -5.55617    
3.49191    -3.62365    -5.35768    
-0.580578    1.89591    -2.49255    
-1.5906    -0.0974747    -1.57901    
2.18784    -1.61565    3.16125    
1.94769    -0.33143    3.83115    
-0.851915    2.37754    2.18325    
-0.723195    1.1132    -2.50399    
1.36454    -2.0593    -4.16687    
-0.979587    -5.46852    -6.40121    
-1.17447    -3.15911    -3.60988    
6.68809    -2.39659    4.78372    
-0.509215    3.62551    7.36889    
0.0443268    1.9916    -0.93221    
1.20632    4.00521    2.80652    
0.761311    2.55485    3.29552    
2.18155    2.72878    -4.67516    
1.67139    4.72428    -4.45733    
-0.148316    1.14054    -3.98542    
3.72653    -1.65799    2.9397    
-3.18092    -2.403    3.18844    
4.65075    0.867127    1.82048    
2.07455    0.835276    3.34921    
-1.25696    -1.2859    -5.14064    
1.86544    -0.00117573    2.13204    
-3.83671    -4.53785    -2.41159    
-0.750297    0.138631    -2.30506    
2.79636    1.67541    -7.8524    
0.765267    2.56206    5.28826    
0.321723    1.46039    -5.55749    
-2.04541    -3.94254    -10.6919    
0.548106    -1.11295    -1.82222    
1.2145    0.0401738    -3.77756    
3.88578    -0.670009    -6.00269    
3.8009    -1.38106    4.40264    
1.42753    0.12663    -5.51888    
-1.56066    1.52699    3.9677    
-0.0305416    -0.260918    2.64381    
1.98895    0.385631    2.48697    
-2.78802    -2.34182    -2.00935    
-2.92047    -1.70859    -2.33042    
-2.04579    0.457803    -6.36192    
0.238864    -5.53213    -7.85417    
2.12214    0.711976    -3.02812    
2.77624    -2.84112    -2.94337    
0.50768    -1.13941    -0.732081    
2.25962    -1.83183    6.14826    
0.688532    1.38389    6.48217    
-8.69293    -5.38616    4.77428    
-2.76723    -0.964873    -0.615004    
0.143532    -1.24749    4.29234    
-0.076182    -0.334454    1.63369    
-3.07592    1.89444    4.04184    
1.50135    1.77543    -4.80014    
-0.844249    1.45971    -2.7553    
1.17239    0.544319    -7.04691    
4.28616    -2.04507    6.01313    
5.3169    -1.65474    -4.00661    
1.03535    3.40104    2.69521    
1.69882    2.96548    -3.58324    
-5.10826    -2.72247    -7.17767    
-7.67833    4.71399    2.68033    
-3.71695    -0.866938    4.80742    
-0.356434    -0.549281    -6.50921    
-0.557383    2.07911    -3.16359    
-5.18436    -1.313    5.11083    
-0.151344    6.30086    2.01222    
1.97026    -4.63627    5.15027    
0.265389    4.89848    -7.02073    
-2.36221    0.554943    3.79896    
0.884593    -0.694241    -1.15034    
1.83159    -0.887779    5.23274    
0.312539    2.20104    5.45991    
-6.95922    3.5504    -4.46926    
0.304374    1.17222    -2.54267    
-0.430822    1.06784    -1.53285    
-0.231577    -1.78131    -5.78312    
1.20351    0.174725    -5.37171    
0.157323    -2.99364    -4.60762    
-1.7616    -1.94631    -2.47703    
-0.91768    0.68355    1.19306    
-5.00006    0.32068    3.30434    
-1.16496    -2.57857    3.13428    
2.33377    -2.3039    1.12646    
-4.36464    -0.408529    9.11778    
-0.137378    3.35608    0.631769    
1.32538    -1.17861    1.46042    
-0.339058    -2.85801    4.59903    
-0.285142    -4.82006    6.92338    
0.0949848    2.50692    4.87802    
2.37414    0.25156    1.24943    
-0.518419    0.030138    1.75192    
-7.76332    -0.193528    -6.77999    
-0.688069    -4.46143    -8.30378    
-0.00145893    1.70519    -2.62816    
1.86487    7.01011    6.48798    
0.338013    -0.596913    3.46817    
1.94022    4.2126    -4.87022    
0.472036    3.34165    2.9115    
1.27557    -2.85045    3.36616    
3.82613    3.69427    7.38019    
-5.46266    -1.2232    7.37489    
0.0296267    -1.04048    4.91793    
3.27758    1.5794    -6.82049    
0.80484    1.10782    -3.6468    
0.234171    2.29686    4.42351    
0.712021    -1.71227    -1.12734    
-0.992933    1.55539    1.16681    
-2.67093    -1.82074    5.2292    
3.11051    -2.03284    -5.25202    
2.08567    3.07332    -3.02349    
2.72668    2.91552    7.57176    
1.34778    0.901285    -2.05568    
-0.385926    1.22126    -3.55334    
-4.08552    2.00163    2.57877    
0.806696    0.441141    2.49397    
1.42912    0.904956    -1.11099    
1.92781    -0.712457    3.84731    
0.280721    -3.38382    1.32472    
-4.77746    0.996462    3.50937    
0.0102494    -0.804713    2.30069    
0.225233    -2.46337    1.82106    
5.11735    0.366468    -4.94003    
0.405021    2.05953    -1.64153    
-0.173656    -1.4698    -0.822504    
-0.753026    1.49061    3.26146    
0.000965734    1.47749    -9.07276    
3.87659    -1.91056    -9.87018    
-0.656802    4.10675    -5.45706    
-1.40763    -0.400324    -3.764    
-0.0249145    1.63177    5.34969    
2.51173    -2.84898    -5.3476    
-0.456601    -2.38584    -0.269799    
0.431445    -0.0724564    -0.749802    
-4.77806    0.203776    2.46403    
-1.31597    -1.69768    -5.55095    
-1.73667    0.77308    2.92209    
-0.74972    -0.860952    1.97944    
-0.109218    -1.79139    -3.07737    
0.422661    0.417313    -2.16333    
1.81348    -0.917078    7.43015    
-1.44142    0.274236    2.79295    
-4.81582    -0.866668    4.54723    
0.105211    -2.17232    2.62092    
-4.32365    -0.79743    1.74883    
4.22438    0.497134    2.04034    
1.70225    -1.36367    -0.352178    
-0.449637    1.19767    9.27489    
-1.4216    -0.338938    2.229    
1.92377    0.840486    1.92856    
4.26476    -2.18124    -2.22431    
2.37333    0.0732293    -2.49783    
-2.02093    5.95022    -3.97489    
1.8366    3.55367    -6.29375    
-5.385    -3.20456    8.38827    
-0.996663    9.42616    10.7607    
0.483205    0.397568    3.63155    
-1.0169    -1.01706    3.4613    
1.13969    2.19933    4.66636    
-8.03754    -4.5459    3.51457    
0.458119    1.9324    1.85791    
-2.35042    0.216833    -3.20824    
0.968503    -1.00444    -1.58839    
0.124518    0.534608    2.6828    
-3.71588    -2.06181    4.19483    
1.7532    2.33706    3.68516    
-2.07351    7.52102    4.59868    
0.49509    2.24579    4.27182    
-2.50909    0.780268    -6.11937    
2.378    -1.12061    3.84173    
-1.26359    -1.13818    -2.46505    
2.87441    0.0203408    -5.45465    
1.86697    2.81996    -3.50544    
0.247618    -0.773269    3.34338    
0.369059    -2.89126    2.43081    
-2.03742    0.848861    4.93342    
0.0913775    1.22752    2.16553    
-0.499688    4.12487    -3.58282    
0.235478    1.92113    -4.21399    
7.0762    -2.15088    7.05381    
-1.05637    -1.4669    -1.75235    
-2.11081    -3.12795    -2.92067    
2.62376    -1.03284    -5.04116    
-3.39777    -2.73822    8.21525    
1.97302    2.88894    6.38448    
-3.98923    -0.421661    -3.15389    
-2.59957    -1.00379    -3.55506    
-0.784871    -5.61856    4.15002    
-1.34395    6.63813    10.5721    
-4.42036    -0.71202    3.22505    
-0.334614    -1.88369    1.32897    
0.117836    1.2171    -2.8313    
0.289308    1.05588    2.50098    
2.72344    4.66565    5.91382    
-2.37212    0.413197    -5.17206    
2.34374    -1.12174    -5.69281    
-4.40852    0.0828648    -6.84496    
1.35429    5.14561    8.52366    
-2.24892    0.0954661    -3.58316    
0.164959    -1.65922    -0.694892    
-1.2595    1.90443    1.44425    
-4.04868    -3.47841    1.29775    
-2.78042    0.144842    3.85269    
-3.64284    -0.380673    -1.37518    
0.469726    -1.47512    3.03047    
5.89718    -2.87264    4.36659    
1.46299    2.08319    3.84206    
2.34054    2.1037    5.01671    
4.67493    -2.70173    -10.7858    
-2.48714    -0.365877    2.47721    
1.18541    -2.46101    3.16737    
-0.624602    1.68143    3.03564    
3.5708    -2.40357    -3.33595    
4.25584    -2.72897    -1.67376    
2.66097    -1.00419    -4.7115    
2.14912    -3.22957    5.19283    
-2.33715    -5.11624    6.09187    
2.38416    0.777515    5.11622    
2.40314    -4.78167    -7.39068    
-1.64911    -2.90341    -5.48092    
-1.92195    -0.797023    1.99423    
-2.56837    -1.6649    -2.52511    
2.28083    -0.328971    -2.81116    
-0.252474    -2.46974    -2.13688    
-0.0140209    -3.22044    -5.96888    
-0.89961    1.6784    -6.57032    
2.57732    3.15577    4.73038    
0.519582    -0.316535    5.4064    
2.09466    -2.08403    1.99614    
1.82374    1.25486    8.92862    
2.78093    6.14262    3.29696    
-1.5019    0.770249    5.59695    
-0.328541    1.24818    2.52082    
0.56835    2.42659    1.9167    
1.26168    -4.35981    -1.6389    
6.18177    -4.15748    -13.7508    
-1.45049    -0.242199    -2.61516    
2.39034    -1.69288    3.40725    
-0.272506    -0.262477    -2.43806    
2.45114    -1.45332    -2.33649    
-1.87103    -2.7096    4.66374    
6.06597    -1.61359    4.80069    
2.12196    1.80614    4.6075    
-0.357089    -1.36815    -3.59472    
1.39716    -4.32814    -5.25979    
-0.118796    2.72388    -4.85543    
0.251341    -1.39548    -4.11617    
0.338726    -1.31485    -5.34295    
-2.18308    0.0482841    -3.85527    
0.882452    -0.686246    2.05018    
5.15198    3.37598    2.31975    
0.673106    7.56347    3.17602    
2.18702    5.56152    -3.77482    
0.811785    -0.429436    6.28147    
0.423766    -0.446769    4.54395    
3.90296    4.18254    2.52649    
0.0488541    0.000559848    5.37874    
-2.65425    2.18669    4.25728    
-1.2426    -2.05908    6.17615    
-2.14499    -1.68211    6.69134    
2.14267    4.06885    6.33142    
-0.538515    1.10641    -3.31096    
2.5814    -3.29251    -3.51514    
0.0914648    4.36397    -5.22336    
1.36932    -2.16004    -2.81336    
-0.672102    0.628568    4.17471    
-1.75075    -0.498394    2.80682    
-0.718221    -2.35199    2.1789    
-0.0429313    0.392886    6.61269    
5.90819    -7.18595    3.64097    
-0.361756    0.914516    -0.835293    
4.69623    0.491101    -3.79208    
2.06487    -4.90225    -4.12112    
-0.318265    1.86522    -5.30157    
-0.741395    1.35805    -3.39882    
2.12234    -0.654726    1.55867    
-7.30265    1.52416    -4.21992    
-0.205117    0.19079    2.36249    
0.772747    4.80874    1.02925    
-1.48255    1.3705    -3.18925    
1.1523    0.774185    5.34765    
2.59471    -0.459006    -2.55041    
-4.12525    2.71627    -5.96636    
-2.81734    2.09595    -2.63947    
0.550016    1.11017    2.14302    
-0.0633282    -1.9757    3.85364    
-0.436865    -1.64677    -3.69376    
-8.43584    2.67298    8.38121    
-1.04018    -2.87768    -2.77392    
3.67708    1.00801    -5.59464    
2.49696    4.57907    -5.00512    
-0.393995    1.66702    1.8335    
1.51043    -1.82311    5.48088    
0.499461    1.8053    2.46377    
-1.98537    2.69583    3.91334    
0.52192    -2.42669    -5.42965    
-0.497219    -0.254538    -2.16333    
-0.792682    0.947119    -2.38951    
2.16259    -3.98324    -3.73646    
-0.75815    0.154545    -6.79268    
3.18925    0.880715    -4.34848    
1.96767    6.55603    -2.69893    
-2.09177    0.833794    2.977    
-3.75049    -0.0796984    -2.91319    
-1.36381    -4.07707    -8.05855    
-2.34404    1.62709    -4.63541    
-3.44763    -0.395951    -4.66049    
0.859454    1.23893    -1.88911    
0.192467    1.51612    2.57087    
1.00177    2.08993    7.8292    
0.434502    1.26474    -3.63558    
-4.52484    2.60819    9.03814    
-0.333432    2.30436    2.0418    
0.106361    -3.72933    1.00676    
2.71723    -6.65354    -4.73552    
-0.136711    1.27263    -1.83906    
1.2633    -2.45176    3.40358    
-0.87197    1.17446    4.04032    
-0.803341    1.03211    2.09245    
-0.902607    -3.04165    -3.10933    
-0.974043    3.42486    -4.12113    
8.59931    3.77359    4.38771    
-1.27359    -1.97843    -5.86265    
-1.51723    0.0484095    -1.84274    
1.10325    4.26133    6.60707    
-0.848541    -1.20966    -1.29296    
0.415358    -3.47574    4.19566    
-0.77669    2.72988    -6.81665    
0.833952    -1.42432    -2.27706    
3.29236    0.363266    5.29583    
1.22799    -0.698529    -1.45018    
1.15748    0.951292    -10.4533    
-3.8466    0.064333    -4.14525    
-0.13324    6.29445    -8.23056    
2.28137    1.7623    -3.70568    
5.22911    1.66403    -4.221    
-1.83687    4.12898    -4.26659    
-2.4404    0.430394    -1.76152    
-0.74745    -0.135019    1.72957    
4.38904    -0.180923    2.55222    
-2.68579    5.06466    4.67834    
-2.6183    4.63592    8.92328    
0.588688    3.5889    -2.4428    
-0.837074    -0.404811    -1.03026    
4.82984    -0.698265    5.6194    
-1.15226    2.00406    2.73209    
-0.0479622    3.98094    4.69187    
4.49698    4.32563    -5.14389    
-0.351692    -0.0378838    2.95245    
-0.156829    0.706716    4.30339    
1.6998    -1.74664    -6.96045    
-3.32341    1.30446    -2.63861    
-4.74658    -4.50539    -6.83636    
-0.283208    -3.56578    -4.05925    
-3.67327    3.10911    2.68199    
3.73665    2.2292    4.92621    
-5.76242    3.43262    7.24368    
-1.83567    1.56526    1.65115    
-0.0134861    0.287648    -1.25902    
2.46626    -1.35267    3.62245    
1.13673    1.0956    4.29797    
1.31949    -0.0297957    0.808401    
0.3005    1.18428    2.98162    
-1.80514    0.933622    2.06136    
3.60255    3.24375    4.23716    
1.50253    -0.41457    2.5886    
-2.09607    1.76954    6.12025    
0.804228    1.27806    3.70821    
0.147171    -0.615864    3.58127    
4.22003    -4.77049    6.69835    
-1.9125    1.19507    1.59129    
-0.541958    -0.0450565    -6.34334    
-7.22758    1.08967    5.07215    
-1.39693    -5.25347    2.13363    
4.72925    -2.70782    -4.09061    
-0.706742    0.393849    -4.19604    
2.24453    -3.41642    -2.92664    
3.14837    2.6647    -6.2127    
4.40275    -3.27379    4.40518    
1.89629    2.87001    3.25604    
3.94298    -1.35708    0.789222    
-0.374449    -0.91149    1.58342    
-1.58462    0.166433    -1.60733    
-2.23776    0.541724    -2.33435    
2.63334    -0.0251003    2.40916    
0.58853    1.85126    -2.9854    
-0.0473467    -1.11611    -6.19315    
-3.22015    -4.95933    -3.34772    
0.077903    1.66199    0.60351    
0.675066    -5.72461    -2.66403    
5.28951    0.223407    7.70187    
4.52666    -3.58438    7.04489    
-0.543209    -0.200876    4.09299    
-0.364023    0.0826376    1.65241    
-2.42009    -0.648765    3.26721    
-0.800705    -3.26122    -7.67634    
2.26171    -0.513617    3.8444    
-1.90499    1.87034    2.6101    
-0.0120189    0.768871    4.40061    
-3.77672    -5.82474    -7.45473    
0.518366    0.132804    -1.44514    
3.18046    3.07721    -1.76375    
3.47984    0.3244    -4.71617    
-1.83863    -1.97702    -9.06655    
-0.514842    -2.77152    -5.92278    
2.37994    -1.79564    -1.71599    
1.63337    -5.04327    3.03796    
2.95431    -0.306845    -2.16998    
-0.706134    0.824338    3.53946    
-3.45797    -0.831698    2.73361    
3.43991    -0.518249    1.88274    
0.068676    1.55736    -3.50503    
0.647793    0.877901    3.04119    
0.796674    2.94562    3.51681    
-0.845258    -0.208125    -2.79805    
-0.142526    -2.11255    -1.47134    
1.65294    -3.81738    -2.746    
-0.205178    -0.662269    -5.76921    
0.24379    5.79831    6.13445    
