-8.71336
-8.44843
-8.26633
-8.19488
-8.12103
-8.07289
-7.98924
-7.95569
-7.86577
-7.83147
-7.78201
-7.72091
-7.7307
-7.77622
-7.80843
-7.77578
-7.66849
-7.65429
-7.52886
-7.55837
-7.38615
-7.54561
-7.47607
-7.58067
-7.66474
-7.69529
-7.65879
-7.64506
-7.65522
-7.65495
-7.6895
-7.60061
-7.5575
-7.61081
-7.66437
-7.67971
-7.64727
-7.66462
-7.67802
-7.74857
-7.8034
-7.77554
-7.71627
-7.66927
-7.72461
-7.683
-7.67707
-7.59412
-7.61461
-7.58691
-7.55632
-7.47491
-7.54224
-7.56713
-7.53697
-7.60387
-7.63771
-7.70253
-7.70765
-7.72619
-7.64096
-7.64393
-7.59339
-7.52303
-7.57026
-7.48547
-7.49164
-7.48814
-7.54538
-7.51229
-7.4843
-7.56199
-7.5329
-7.52159
-7.54571
-7.551
-7.51327
-7.47806
-7.59823
-7.62454
-7.66371
-7.64176
-7.60955
-7.66337
-7.63
-7.48982
-7.52765
-7.52986
-7.50398
-7.56365
-7.49834
-7.56348
-7.58733
-7.57093
-7.58215
-7.57799
-7.52997
-7.47488
-7.47419
-7.48703
-7.51639
-7.48141
-7.4796
-7.41901
-7.41395
-7.4416
-7.47839
-7.47348
-7.46625
-7.51252
-7.5131
-7.53391
-7.58351
-7.58956
-7.47341
-7.42956
-7.56798
-7.57043
-7.52015
-7.48607
-7.4073
-7.30738
-7.36573
-7.30763
-7.31595
-7.37791
-7.42962
-7.53767
-7.45435
-7.46804
-7.60956
-7.57735
-7.5899
-7.59523
-7.6287
-7.60957
-7.57342
-7.56853
-7.55057
-7.54593
-7.48664
-7.53237
-7.55945
-7.43418
-7.50023
-7.47732
-7.45671
-7.46004
-7.49415
-7.53065
-7.53456
-7.50126
-7.57713
-7.60291
-7.60103
-7.61035
-7.69127
-7.60174
-7.6448
-7.55633
-7.58168
-7.63063
-7.59197
-7.53749
-7.65202
-7.57504
-7.5955
-7.59278
-7.54202
-7.64991
-7.5825
-7.59856
-7.54864
-7.58078
-7.49145
-7.53753
-7.49971
-7.5774
-7.58553
-7.47936
-7.54616
-7.53994
-7.61576
-7.58559
-7.4276
-7.47761
-7.42765
-7.35654
-7.42209
-7.41323
-7.44751
-7.36621
-7.39654
-7.4563
-7.54092
-7.48326
-7.51392
-7.46955
-7.50624
-7.51981
-7.54305
-7.51113
-7.46312
-7.49096
-7.50526
-7.51358
-7.41104
-7.37766
-7.35764
-7.39534
-7.39873
-7.51693
-7.46443
-7.46148
-7.43847
-7.35514
-7.35431
-7.44794
-7.45385
-7.47729
-7.57007
-7.56924
-7.61823
-7.57787
-7.53944
-7.60213
-7.5921
-7.55382
-7.51048
-7.49175
-7.49589
-7.48166
-7.47478
-7.46847
-7.53228
-7.54157
-7.59279
-7.61732
-7.51352
-7.43519
-7.50447
-7.60031
-7.64623
-7.70221
-7.65379
-7.64332
-7.60282
-7.59947
-7.62245
-7.53412
-7.58961
-7.51532
-7.5204
-7.55676
-7.57836
-7.62646
-7.62217
-7.63311
-7.62887
-7.67951
-7.7005
-7.69113
-7.77315
-7.74077
-7.67254
-7.58151
-7.5693
-7.64371
-7.60544
-7.63568
-7.59488
-7.54502
-7.5157
-7.56241
-7.53664
-7.46508
-7.41122
-7.48334
-7.51794
-7.43741
-7.39118
-7.37528
-7.47559
-7.51793
-7.53533
-7.64976
-7.59848
-7.59268
-7.50073
-7.44314
-7.4114
-7.46198
-7.5248
-7.53492
-7.4865
-7.39984
-7.41237
-7.52027
-7.49259
-7.5095
-7.55791
-7.56983
-7.58068
-7.63538
-7.44799
-7.43163
-7.4385
-7.46704
-7.34827
-7.3214
-7.36808
-7.30457
-7.33044
-7.42112
-7.43919
-7.40293
-7.50547
-7.50483
-7.52568
-7.56397
-7.58435
-7.51007
-7.53046
-7.54177
-7.53811
-7.57988
-7.56088
-7.52606
-7.59635
-7.6248
-7.61093
-7.63024
-7.64184
-7.59864
-7.63201
-7.54279
-7.51178
-7.52883
-7.62779
-7.56413
-7.58141
-7.59468
-7.60913
-7.65197
-7.5962
-7.63473
-7.74742
-7.61394
-7.52834
-7.56898
-7.58117
-7.58835
-7.59097
-7.5908
-7.56257
-7.40113
-7.44864
-7.49083
-7.49704
-7.47958
-7.53239
-7.48133
-7.3992
-7.46319
-7.53022
-7.54203
-7.56628
-7.47531
-7.57218
-7.58879
-7.52779
-7.49185
-7.51969
-7.53146
-7.53664
-7.51473
-7.52044
-7.55017
-7.55671
-7.61654
-7.60467
-7.5443
-7.57616
-7.65105
-7.59095
-7.61779
-7.66942
-7.5835
-7.5499
-7.65414
-7.68426
-7.67599
-7.53127
-7.4377
-7.48759
-7.5038
-7.53991
-7.60793
-7.63841
-7.67094
-7.61068
-7.61868
-7.55367
-7.5546
-7.53121
-7.58492
-7.58361
-7.54806
-7.56629
-7.63728
-7.67316
-7.67845
-7.64641
-7.65876
-7.60401
-7.52305
-7.56868
-7.49947
-7.58132
-7.55925
-7.57345
-7.58971
-7.68352
-7.62457
-7.63036
-7.66195
-7.53086
-7.45601
-7.47745
-7.47911
-7.44418
-7.46201
-7.48141
-7.50589
-7.45316
-7.56633
-7.59837
-7.54966
-7.56918
-7.57456
-7.57973
-7.69016
-7.71164
-7.72806
-7.67872
-7.59205
-7.61141
-7.57224
-7.60969
-7.55535
-7.54467
-7.49952
-7.55049
-7.53748
-7.50607
-7.46066
-7.4239
-7.46868
-7.41238
-7.50786
-7.52116
-7.51362
-7.56425
-7.5605
-7.58081
-7.5798
-7.55547
-7.61757
-7.6902
-7.7043
-7.69367
-7.65669
-7.66844
-7.61255
-7.54133
-7.60646
-7.53461
-7.52271
-7.63158
-7.63886
-7.60472
-7.58962
-7.55659
-7.61791
-7.51983
-7.45699
-7.46969
-7.49851
-7.57574
-7.53268
-7.51223
-7.56078
-7.50658
-7.42957
-7.47505
-7.52663
-7.5234
-7.632
-7.63108
-7.61874
-7.58684
-7.63046
-7.66046
-7.64959
-7.60676
-7.6369
-7.71216
-7.72872
-7.76132
-7.70702
-7.7723
-7.80646
-7.73795
-7.70996
-7.68591
-7.59513
-7.64186
-7.55777
-7.65382
-7.66293
-7.71473
-7.65134
-7.66026
-7.65642
-7.70048
-7.74573
-7.70229
-7.74788
-7.75273
-7.67746
-7.72048
-7.70853
-7.68788
-7.66639
-7.67995
-7.70882
-7.65482
-7.72797
-7.72334
-7.72238
-7.69809
-7.67097
-7.63293
-7.56989
-7.51606
-7.59503
-7.62907
-7.62278
-7.60269
-7.54458
-7.56096
-7.54912
-7.50263
-7.44926
-7.4859
-7.46711
-7.42463
-7.46007
-7.59532
-7.56517
-7.47675
-7.53086
-7.63797
-7.61367
-7.56184
-7.52081
-7.46945
-7.39658
-7.42968
-7.38865
-7.52936
-7.51621
-7.55582
-7.54409
-7.51663
-7.53874
-7.44861
-7.51518
-7.5957
-7.5728
-7.5681
-7.60737
-7.55856
-7.60315
-7.53604
-7.52361
-7.56229
-7.51945
-7.51906
-7.53142
-7.61714
-7.56503
-7.57748
-7.57469
-7.5843
-7.63389
-7.53928
-7.54526
-7.50989
-7.5137
-7.52014
-7.49721
-7.47393
-7.48728
-7.5039
-7.53459
-7.51536
-7.54612
-7.57423
-7.56645
-7.56752
-7.60694
-7.64628
-7.75231
-7.73261
-7.68866
-7.62414
-7.63783
-7.67175
-7.70934
-7.6552
-7.64312
-7.62949
-7.6462
-7.58495
-7.66788
-7.66293
-7.67827
-7.62562
-7.56074
-7.65713
-7.64844
-7.59719
-7.62245
-7.7418
-7.70287
-7.75257
-7.74854
-7.78873
-7.73387
-7.6559
-7.58626
-7.526
-7.57723
-7.53908
-7.57999
-7.58764
-7.59123
-7.69801
-7.64721
-7.64082
-7.63504
-7.61547
-7.64727
-7.61793
-7.61867
-7.61262
-7.58563
-7.61963
-7.69396
-7.64992
-7.65247
-7.69377
-7.75124
-7.66996
-7.57086
-7.47974
-7.47176
-7.48613
-7.5399
-7.62563
-7.5408
-7.55831
-7.55684
-7.62372
-7.59879
-7.6115
-7.64783
-7.68066
-7.68037
-7.66348
-7.61692
-7.64138
-7.62825
-7.63304
-7.61244
-7.67369
-7.66126
-7.66987
-7.65884
-7.62988
-7.66788
-7.66572
-7.70951
-7.57776
-7.53509
-7.51807
-7.46302
-7.49007
-7.53594
-7.54079
-7.48948
-7.47009
-7.45166
-7.52234
-7.57986
-7.52744
-7.59454
-7.56841
-7.56683
-7.58736
-7.58092
-7.59122
-7.57821
-7.592
-7.56954
-7.56798
-7.52436
-7.50711
-7.61759
-7.53125
-7.51488
-7.53878
-7.51785
-7.49837
-7.45104
-7.48449
-7.48268
-7.57997
-7.62452
-7.55563
-7.50389
-7.52211
-7.55576
-7.52576
-7.49043
-7.50093
-7.56154
-7.56137
-7.54029
-7.43569
-7.52628
-7.61164
-7.54396
-7.58858
-7.57733
-7.60947
-7.60448
-7.60294
-7.55299
-7.59523
-7.42153
-7.41413
-7.41908
-7.53675
-7.56119
-7.51588
-7.51416
-7.51452
-7.54929
-7.58486
-7.49936
-7.45005
-7.52967
-7.52651
-7.46307
-7.49832
-7.44937
-7.46602
-7.41338
-7.54006
-7.60802
-7.58234
-7.63566
-7.61395
-7.62541
-7.64361
-7.60105
-7.51917
-7.52626
-7.5001
-7.51982
-7.56687
-7.57897
-7.57063
-7.62229
-7.55031
-7.54472
-7.56842
-7.64877
-7.67718
-7.69515
-7.72736
-7.69557
-7.70026
-7.70361
-7.67669
-7.58896
-7.54651
-7.55082
-7.56322
-7.45601
-7.44111
-7.53655
-7.57516
-7.5389
-7.56285
-7.5712
-7.54484
-7.5162
-7.53723
-7.46406
-7.43654
-7.45475
-7.5257
-7.59587
-7.62474
-7.63514
-7.58871
-7.59889
-7.52786
-7.53611
-7.5486
-7.47664
-7.54094
-7.58658
-7.58455
-7.58869
-7.48635
-7.48178
-7.46967
-7.43217
-7.45904
-7.4312
-7.40902
-7.46659
-7.42875
-7.43698
-7.43117
-7.49571
-7.46678
-7.52131
-7.55338
-7.58154
-7.54297
-7.61214
-7.59444
-7.69507
-7.63723
-7.63567
-7.62473
-7.63009
-7.63205
-7.56151
-7.56881
-7.51915
-7.63221
-7.65708
-7.65623
-7.72787
-7.71001
-7.66294
-7.72015
-7.69896
-7.71625
-7.68908
-7.70283
-7.72198
-7.71795
-7.69111
-7.73465
-7.72869
-7.75432
-7.66066
-7.65325
-7.65377
-7.655
-7.59725
-7.59565
-7.60925
-7.6072
-7.57681
-7.57078
-7.60419
-7.53995
-7.61368
-7.54525
-7.53129
-7.52441
-7.49258
-7.52179
-7.48384
-7.48598
-7.43342
-7.44943
-7.46401
-7.44927
-7.51662
-7.58083
-7.60788
-7.64699
-7.59303
-7.62557
-7.61457
-7.60579
-7.66622
-7.61522
-7.63682
-7.72585
-7.65924
-7.6249
-7.62196
-7.54099
-7.57568
-7.65388
-7.60839
-7.6001
-7.56231
-7.50755
-7.54664
-7.56473
-7.54234
-7.50527
-7.51392
-7.50422
-7.53905
-7.60654
-7.65685
-7.69152
-7.74204
-7.69137
-7.65515
-7.57566
-7.59646
-7.58776
-7.66606
-7.6156
-7.55871
-7.56176
-7.51981
-7.51098
-7.46374
-7.4728
-7.60696
-7.63586
-7.65511
-7.68167
-7.64881
-7.58119
-7.67717
-7.61513
-7.56109
-7.64068
-7.49522
-7.53262
-7.45714
-7.48273
-7.58014
-7.62005
-7.52996
-7.47523
-7.48333
-7.50754
-7.49756
-7.50916
-7.46783
-7.51739
-7.4953
-7.45211
-7.53394
-7.59316
-7.67778
-7.65964
-7.66276
-7.6235
-7.59631
-7.58752
-7.63091
-7.60505
-7.5958
-7.61666
-7.65321
-7.61782
-7.52837
-7.45531
-7.49684
-7.49405
-7.49531
-7.47832
-7.43981
-7.52206
-7.50934
-7.5615
-7.52336
-7.558
-7.63098
-7.63898
-7.63282
-7.62241
-7.64838
-7.60125
-7.57958
-7.58747
-7.68452
-7.64005
-7.61706
-7.63649
-7.67854
-7.70951
-7.6138
-7.6527
-7.65267
-7.5616
-7.56431
-7.50682
-7.52339
-7.44663
-7.50164
-7.50321
-7.50992
-7.49797
-7.53302
-7.44475
-7.46715
-7.51128
-7.48637
-7.49416
-7.44398
-7.4146
-7.49697
-7.44593
-7.36789
-7.33648
-7.33919
-7.3406
-7.43802
-7.43068
-7.56828
-7.53412
-7.48746
-7.48796
-7.46908
-7.44912
-7.46037
-7.39456
-7.44932
-7.56452
-7.50781
-7.49064
-7.51497
-7.48748
-7.52793
-7.54913
-7.57377
-7.54824
-7.59702
-7.51174
-7.48238
-7.42671
-7.42993
-7.43459
-7.48848
-7.5273
-7.55957
-7.65398
-7.59645
-7.59981
-7.54315
-7.46602
-7.47817
-7.46533
-7.46686
-7.44329
-7.45758
-7.3949
-7.35652
-7.40284
-7.46442
-7.42817
-7.3191
-7.33168
-7.34875
-7.38338
-7.41582
-7.37395
-7.44993
-7.39562
-7.40325
-7.41336
-7.39418
-7.33951
-7.35178
-7.43336
-7.48189
-7.45082
-7.49973
-7.4757
-7.47479
-7.4416
-7.46189
-7.50415
-7.5309
-7.5919
-7.56012
-7.65064
-7.64619
-7.61742
-7.50683
-7.53927
-7.51163
-7.5202
-7.49824
-7.52578
-7.54566
-7.61688
-7.66995
-7.60003
-7.5923
-7.61872
-7.62163
-7.60081
-7.60354
-7.59944
-7.59811
-7.64447
-7.62645
-7.58048
-7.52001
-7.57445
-7.54208
-7.56687
-7.49463
-7.39419
-7.3664
-7.49773
-7.5175
-7.53628
-7.61442
-7.64322
-7.62495
-7.60577
-7.66549
-7.57325
-7.56538
-7.5035
-7.59592
-7.60819
-7.60928
-7.66765
-7.51192
-7.53439
-7.47226
-7.47679
-7.50348
-7.50577
-7.53266
-7.58119
-7.54153
-7.45299
-7.42511
-7.49675
-7.48579
-7.53959
-7.58417
-7.64141
-7.63225
-7.6524
-7.66517
-7.73647
-7.70914
-7.65394
-7.61504
-7.6286
-7.6034
-7.52984
-7.55774
-7.62255
-7.65251
-7.65182
-7.60093
-7.52751
-7.544
-7.61109
-7.57121
-7.51419
-7.6087
-7.54593
-7.57584
-7.59778
-7.59919
-7.62986
-7.62977
-7.67007
-7.56523
-7.63636
-7.64672
-7.65242
-7.62624
-7.55276
-7.51678
-7.47237
-7.42285
-7.47651
-7.46938
-7.44421
-7.53379
-7.55533
-7.5607
-7.57532
-7.47174
-7.54862
-7.58158
-7.64698
-7.62736
-7.58468
-7.53414
-7.55757
-7.50958
-7.55669
-7.57486
-7.56812
-7.54086
-7.55607
-7.52802
-7.58498
-7.51973
-7.45212
-7.35466
-7.29975
-7.25252
-7.32449
-7.32257
-7.42543
-7.40188
-7.41031
-7.43984
-7.43739
-7.42371
-7.4808
-7.46002
-7.44568
-7.4148
-7.47605
-7.43954
-7.46591
-7.51627
-7.4925
-7.52867
-7.52771
-7.59089
-7.57832
-7.59329
-7.63495
-7.60634
-7.59567
-7.58996
-7.54308
-7.56876
-7.55845
-7.5287
-7.56664
-7.57484
-7.60014
-7.53258
-7.53333
-7.52705
-7.51894
-7.57354
-7.61353
-7.62917
-7.56328
-7.59714
-7.55557
-7.53566
-7.60609
-7.63123
-7.58072
-7.53998
-7.54953
-7.4699
-7.41766
-7.46649
-7.51528
-7.45771
-7.47743
-7.42494
-7.39535
-7.37555
-7.45701
-7.44731
-7.35299
-7.30809
-7.35799
-7.36057
-7.36016
-7.40516
-7.40231
-7.37991
-7.34685
-7.38425
-7.4915
-7.42387
-7.51133
-7.44854
-7.39577
-7.42585
-7.44344
-7.50391
-7.50097
-7.49071
-7.47187
-7.4018
-7.49381
-7.40731
-7.39538
-7.37015
-7.35
-7.39372
-7.32039
-7.40016
-7.32073
-7.37356
-7.43699
-7.44321
-7.43449
-7.46519
-7.43872
-7.42353
-7.47318
-7.50087
-7.58835
-7.4786
-7.4446
-7.44695
-7.45734
-7.40724
-7.55291
-7.62121
-7.59996
-7.60967
-7.64895
-7.65285
-7.63854
-7.60326
-7.57247
-7.60796
-7.66001
-7.57222
-7.55004
-7.61185
-7.58345
-7.55439
-7.51924
-7.55456
-7.60081
-7.60227
-7.53276
-7.59206
-7.51041
-7.52561
-7.45193
-7.44339
-7.5308
-7.4862
-7.48698
-7.49511
-7.54482
-7.53727
-7.48573
-7.48715
-7.46732
-7.54726
-7.56216
-7.50959
-7.5089
-7.5291
-7.53353
-7.4778
-7.47238
-7.45678
-7.46419
-7.47027
-7.50287
-7.43553
-7.37254
-7.38327
-7.42203
-7.40626
-7.37434
-7.36059
-7.37188
-7.41405
-7.46369
-7.52031
-7.59656
-7.59848
-7.50541
-7.45905
-7.49929
-7.56252
-7.57064
-7.52538
-7.58022
-7.62502
-7.59159
-7.57028
-7.55813
-7.54358
-7.53551
-7.50946
-7.46537
-7.49246
-7.50778
-7.41838
-7.40319
-7.40555
-7.36531
-7.43071
-7.49948
-7.57272
-7.60549
-7.55206
-7.57994
-7.55369
-7.4394
-7.55764
-7.44372
-7.39197
-7.39625
-7.48012
-7.52231
-7.49777
-7.57781
-7.63672
-7.66564
-7.70653
-7.65467
-7.67149
-7.64736
-7.65264
-7.62656
-7.65138
-7.71994
-7.61958
-7.56673
-7.53103
-7.54344
-7.67019
-7.59752
-7.55324
-7.55578
-7.57208
-7.52124
-7.64259
-7.6148
-7.56322
-7.54114
-7.54505
-7.59174
-7.59343
-7.64432
-7.66453
-7.68187
-7.72421
-7.74407
-7.6553
-7.73516
-7.6829
-7.66589
-7.60721
-7.62766
-7.58646
-7.527
-7.565
-7.61418
-7.60252
-7.65676
-7.64898
-7.657
-7.6291
-7.6572
-7.54638
-7.54454
-7.56086
-7.56877
-7.60638
-7.60075
-7.57988
-7.56846
-7.57364
-7.58175
-7.5642
-7.52943
-7.57673
-7.62247
-7.54693
-7.51524
-7.55877
-7.58273
-7.57631
-7.60691
-7.54751
-7.59927
-7.62283
-7.65132
-7.5669
-7.61337
-7.55283
-7.52031
-7.44625
-7.51258
-7.47606
-7.49477
-7.55376
-7.6477
-7.61595
-7.58528
-7.5633
-7.56236
-7.56287
-7.52205
-7.56634
-7.5824
-7.51369
-7.56308
-7.58516
-7.5597
-7.54606
-7.55167
-7.5625
-7.6571
-7.64848
-7.56325
-7.49685
-7.47935
-7.50228
-7.53611
-7.62603
-7.62529
-7.67147
-7.62089
-7.58162
-7.49263
-7.48304
-7.48348
-7.38157
-7.40763
-7.39155
-7.40242
-7.46483
-7.47562
-7.46138
-7.48278
-7.48682
-7.46548
-7.42699
-7.46075
-7.45836
-7.46123
-7.3821
-7.3849
-7.43739
-7.43047
-7.4918
-7.51637
-7.43368
-7.4155
-7.31242
-7.39818
-7.44548
-7.4175
-7.49162
-7.46248
-7.40166
-7.44956
-7.55704
-7.5577
-7.52928
-7.4933
-7.45075
-7.46356
-7.46517
-7.49564
-7.42752
-7.42572
-7.44879
-7.34987
-7.38916
-7.40502
-7.44352
-7.39684
-7.52392
-7.5142
-7.48286
-7.45639
-7.5082
-7.54033
-7.53083
-7.513
-7.49852
-7.44657
-7.45297
-7.47227
-7.52368
-7.5065
-7.49789
-7.57879
-7.54268
-7.62132
-7.48453
-7.47166
-7.44261
-7.41823
-7.48827
-7.41876
-7.46162
-7.53698
-7.59622
-7.58262
-7.56417
-7.60613
-7.55619
-7.44896
-7.38618
-7.45231
-7.51709
-7.46053
-7.38529
-7.32989
-7.34837
-7.33996
-7.3341
-7.40992
-7.46352
-7.42682
-7.35158
-7.35796
-7.32232
-7.31382
-7.31423
-7.26273
-7.30902
-7.29859
-7.26119
-7.26972
-7.36571
-7.28341
-7.25574
-7.28846
-7.24799
-7.32408
-7.38069
-7.3598
-7.38588
-7.2906
-7.34899
-7.34707
-7.37172
-7.31249
-7.31073
-7.42899
-7.41341
-7.42649
-7.51173
-7.50671
-7.53403
-7.49409
-7.50049
-7.45248
-7.49205
-7.45932
-7.44956
-7.44751
-7.44888
-7.46703
-7.55727
-7.51391
-7.59083
-7.58181
-7.61376
-7.60726
-7.60193
-7.52091
-7.57532
-7.5911
-7.64023
-7.56384
-7.54742
-7.59387
-7.69457
-7.65513
-7.6142
-7.54164
-7.62533
-7.6169
-7.49741
-7.53612
-7.56173
-7.54165
-7.54495
-7.60091
-7.56276
-7.54634
-7.54156
-7.54866
-7.56672
-7.55158
-7.58585
-7.59371
-7.60249
-7.45288
-7.44474
-7.50704
-7.52206
-7.40335
-7.50993
-7.48665
-7.52972
-7.54065
-7.52195
-7.60587
-7.62829
-7.62987
-7.624
-7.62675
-7.60029
-7.61705
-7.59521
-7.59706
-7.66339
-7.71197
-7.76176
-7.71806
-7.65645
-7.663
-7.52822
-7.52583
-7.45729
-7.48796
-7.47994
-7.50037
-7.48309
-7.51683
-7.50305
-7.40948
-7.42869
-7.47764
-7.54178
-7.49777
-7.43057
-7.48642
-7.49908
-7.50365
-7.46782
-7.49476
-7.50165
-7.51973
-7.56821
-7.47654
-7.48499
-7.50411
-7.55732
-7.54043
-7.52122
-7.49999
-7.5442
-7.58384
-7.62249
-7.6635
-7.57011
-7.62505
-7.57997
-7.59115
-7.49283
-7.45172
-7.53697
-7.45199
-7.49754
-7.47083
-7.50512
-7.55074
-7.52632
-7.56602
-7.52265
-7.53645
-7.5159
-7.45474
-7.46826
-7.41615
-7.46122
-7.45059
-7.52559
-7.52135
-7.4224
-7.35627
-7.36854
-7.36641
-7.45614
-7.51991
-7.55111
-7.59494
-7.48322
-7.43673
-7.4057
-7.4001
-7.44627
-7.48194
-7.43241
-7.40757
-7.38118
-7.38011
-7.38091
-7.34304
-7.36931
-7.48129
-7.52477
-7.52093
-7.55799
-7.61325
-7.66462
-7.64419
-7.60268
-7.57649
-7.52778
-7.56827
-7.49064
-7.48501
-7.42041
-7.42552
-7.49674
-7.44318
-7.40623
-7.44095
-7.52594
-7.56304
-7.51216
-7.46394
-7.46378
-7.47769
-7.53433
-7.52098
-7.48906
-7.47895
-7.50463
-7.43026
-7.49367
-7.57724
-7.64152
-7.63601
-7.60214
-7.61817
-7.60552
-7.567
-7.55901
-7.52812
-7.55354
-7.70715
-7.62536
-7.59841
-7.6548
-7.64992
-7.57015
-7.56978
-7.62356
-7.65234
-7.68038
-7.65889
-7.66884
-7.6752
-7.58955
-7.60851
-7.57821
-7.59754
-7.55542
-7.54389
-7.5502
-7.55569
-7.58151
-7.61876
-7.60827
-7.5908
-7.56004
-7.48789
-7.48738
-7.45129
-7.44353
-7.48713
-7.5522
-7.60812
-7.68305
-7.61839
-7.63021
-7.5655
-7.56119
-7.61065
-7.6009
-7.60713
-7.61106
-7.57281
-7.5779
-7.56589
-7.55569
-7.58487
-7.63274
-7.68113
-7.63511
-7.55358
-7.6124
-7.65777
-7.7004
-7.73814
-7.7837
-7.72351
-7.75925
-7.67596
-7.58006
-7.52268
-7.54015
-7.62817
-7.64932
-7.64192
-7.64003
-7.6513
-7.63349
-7.70895
-7.63578
-7.63567
-7.62743
-7.59294
-7.5451
-7.52772
-7.59283
-7.65406
-7.66589
-7.71876
-7.70446
-7.67225
-7.69681
-7.72486
-7.73875
-7.74394
-7.74467
-7.76677
-7.70638
-7.61124
-7.61738
-7.57212
-7.53657
-7.62682
-7.58845
-7.52846
-7.54049
-7.56249
-7.51606
-7.55433
-7.58853
-7.60143
-7.59734
-7.68611
-7.6541
-7.67284
-7.67795
-7.67883
-7.69623
-7.71757
-7.65478
-7.70242
-7.72741
-7.66382
-7.60115
-7.63875
-7.57799
-7.65527
-7.63965
-7.6603
-7.60576
-7.63771
-7.56391
-7.55177
-7.52156
-7.58094
-7.60371
-7.58191
-7.60537
-7.61145
-7.60665
-7.62702
-7.59302
-7.54602
-7.57135
-7.59531
-7.53916
-7.52411
-7.56895
-7.60125
-7.51409
-7.54883
-7.58442
-7.53316
-7.57186
-7.61394
