	1	7.04913	7.04913	0
	2	7.75428	7.4017	0.352575
	3	7.67326	7.49222	0.222778
	4	7.6121	7.52219	0.160354
	5	7.4897	7.51569	0.124379
	6	7.29556	7.47901	0.107979
	7	7.19364	7.43824	0.0999506
	8	7.55014	7.45223	0.0876827
	9	7.46742	7.45391	0.0773473
	10	7.41458	7.44998	0.0692932
	11	7.93307	7.4939	0.076533
	12	7.43709	7.48916	0.0700249
	13	7.86454	7.51804	0.0705895
	14	7.88899	7.54454	0.0705201
	15	7.4154	7.53593	0.0662127
	16	7.84813	7.55544	0.0649373
	17	8.06717	7.58554	0.068021
	18	7.68697	7.59118	0.0643779
	19	7.6064	7.59198	0.0609007
	20	7.14773	7.56976	0.0618983
