-0.0351882
-0.211637
-0.380279
-0.457623
-0.405239
-0.343408
-0.454489
-0.510841
-0.48649
-0.483215
-0.420636
-0.379393
-0.436729
-0.392017
-0.347134
-0.365461
-0.394857
-0.389425
-0.442153
-0.469217
-0.340474
-0.387663
-0.490158
-0.445545
-0.366161
-0.490113
-0.517596
-0.499309
-0.479825
-0.440071
-0.468002
-0.461394
-0.408216
-0.412093
-0.384632
-0.393783
-0.450311
-0.462293
-0.434928
-0.38397
-0.373111
-0.429416
-0.49986
-0.443452
-0.422872
-0.463538
-0.461392
-0.420028
-0.39553
-0.491854
-0.491154
-0.375297
-0.463828
-0.449391
-0.325538
-0.364335
-0.429109
-0.431821
-0.417654
-0.456585
-0.49067
-0.477567
-0.439751
-0.409908
-0.461356
-0.364109
-0.399322
-0.371146
-0.393402
-0.433301
-0.486125
-0.439944
-0.490075
-0.498124
-0.498759
-0.451196
-0.478394
-0.423539
-0.370673
-0.453435
-0.405321
-0.419386
-0.375762
-0.47164
-0.440813
-0.424455
-0.482065
-0.440129
-0.474863
-0.46017
-0.442755
-0.442047
-0.439788
-0.483884
-0.524908
-0.574449
-0.530502
-0.543835
-0.508862
-0.481654
-0.455665
-0.380045
-0.346104
-0.35251
-0.327453
-0.40189
-0.430028
-0.390308
-0.356826
-0.36338
-0.408909
-0.406211
-0.371458
-0.35478
-0.389068
-0.386976
-0.434524
-0.425242
-0.425455
-0.379128
-0.369628
-0.440178
-0.409557
-0.370607
-0.380627
-0.400241
-0.398768
-0.39349
-0.36337
-0.444497
-0.425091
-0.436969
-0.378826
-0.383654
-0.411098
-0.376497
-0.473175
-0.444076
-0.421385
-0.456793
-0.430061
-0.428933
-0.385494
-0.381723
-0.358569
-0.41416
-0.399162
-0.389218
-0.37257
-0.467991
-0.483317
-0.464858
-0.412491
-0.455835
-0.403687
-0.387655
-0.387468
-0.3908
-0.366459
-0.371715
-0.415517
-0.432572
-0.467334
-0.462486
-0.466354
-0.410069
-0.35126
-0.33188
-0.329713
-0.390564
-0.330129
-0.404988
-0.415244
-0.443705
-0.400326
-0.449466
-0.466653
-0.46111
-0.436254
-0.501834
-0.495983
-0.40618
-0.423864
-0.457863
-0.405637
-0.405036
-0.378338
-0.444113
-0.44567
-0.502993
-0.430379
-0.446384
-0.462225
-0.424048
-0.480835
-0.467962
-0.430893
-0.411315
-0.383033
-0.38821
-0.435018
-0.369502
-0.450502
-0.444347
-0.460989
-0.461226
-0.518417
-0.446871
-0.422903
-0.445466
-0.421082
-0.447521
-0.401767
-0.368357
-0.386665
-0.378683
-0.447392
-0.467187
-0.459332
-0.489196
-0.466302
-0.499073
-0.487732
-0.505882
-0.457234
-0.439982
-0.418672
-0.379608
-0.398172
-0.417415
-0.393809
-0.431543
-0.42238
-0.400209
-0.374757
-0.374889
-0.360701
-0.417587
-0.399742
-0.36647
-0.367941
-0.438645
-0.396262
-0.418092
-0.442495
-0.422058
-0.436196
-0.428161
-0.487809
-0.41563
-0.389804
-0.472177
-0.414014
-0.387356
-0.472295
-0.473209
-0.445829
-0.448941
-0.466253
-0.428082
-0.478756
-0.475663
-0.462535
-0.511433
-0.41983
-0.565118
-0.463402
-0.409077
-0.39196
-0.435087
-0.464239
-0.444206
-0.422596
-0.451966
-0.394728
-0.462071
-0.395128
-0.402329
-0.344729
-0.378906
-0.429253
-0.403488
-0.398394
-0.420846
-0.422388
-0.471461
-0.427113
-0.415885
-0.438602
-0.344641
-0.319358
-0.380202
-0.464178
-0.356849
-0.409883
-0.370772
-0.388913
-0.409081
-0.375484
-0.306611
-0.3459
-0.372069
-0.398367
-0.360282
-0.38498
-0.43588
-0.398912
-0.349934
-0.368338
-0.352818
-0.329783
-0.449843
-0.496731
-0.422471
-0.543348
-0.497701
-0.489628
-0.361144
-0.330006
-0.382627
-0.413277
-0.480759
-0.500475
-0.381579
-0.356614
-0.354065
-0.36237
-0.370823
-0.379449
-0.36652
-0.361661
-0.2953
-0.433982
-0.425717
-0.391747
-0.428524
-0.418765
-0.408474
-0.412216
-0.490264
-0.464192
-0.41798
-0.389835
-0.38864
-0.387078
-0.446105
-0.431072
-0.410325
-0.377183
-0.412152
-0.408743
-0.395867
-0.398258
-0.382119
-0.386297
-0.322979
-0.367362
-0.438917
-0.359259
-0.352797
-0.343199
-0.394135
-0.364833
-0.364014
-0.31539
-0.325012
-0.355953
-0.39553
-0.450885
-0.461182
-0.450109
-0.439044
-0.377769
-0.325223
-0.406481
-0.412035
-0.42499
-0.448534
-0.451448
-0.449688
-0.329873
-0.378887
-0.394814
-0.480612
-0.468998
-0.425488
-0.370578
-0.368791
-0.362305
-0.384754
-0.457346
-0.435935
-0.34344
-0.385133
-0.434696
-0.44279
-0.456585
-0.49907
-0.479371
-0.436139
-0.414653
-0.39694
-0.448253
-0.431178
-0.415405
-0.458848
-0.366422
-0.406752
-0.422928
-0.376644
-0.383668
-0.369714
-0.414939
-0.482179
-0.380686
-0.357717
-0.367717
-0.354064
-0.38899
-0.414946
-0.411175
-0.383057
-0.424978
-0.389265
-0.430683
-0.37228
-0.40649
-0.407165
-0.461508
-0.511714
-0.499364
-0.536362
-0.466929
-0.394841
-0.397002
-0.488946
-0.427634
-0.418514
-0.415432
-0.471829
-0.418845
-0.40823
-0.396105
-0.389846
-0.475801
-0.470377
-0.409498
-0.378251
-0.39351
-0.403562
-0.404156
-0.40316
-0.380105
-0.430207
-0.445602
-0.416404
-0.418215
-0.465021
-0.406603
-0.40585
-0.400055
-0.426071
-0.43076
-0.403107
-0.370536
-0.484239
-0.459446
-0.429973
-0.402619
-0.370296
-0.354884
-0.330558
-0.351921
-0.358186
-0.425492
-0.311078
-0.346977
-0.396266
-0.410481
-0.332502
-0.346476
-0.37768
-0.399722
-0.42147
-0.487204
-0.407714
-0.474239
-0.398676
-0.399513
-0.371493
-0.487742
-0.433306
-0.349026
-0.374311
-0.417518
-0.423153
-0.451761
-0.434416
-0.447455
-0.407606
-0.367525
-0.350366
-0.444475
-0.437734
-0.425939
-0.431125
-0.525362
-0.450315
-0.461938
-0.421482
-0.367368
-0.415296
-0.40778
-0.394277
-0.411093
-0.413607
-0.41376
-0.468544
-0.481008
-0.420937
-0.446732
-0.356133
-0.340609
-0.323922
-0.278577
-0.337656
-0.347948
-0.30898
-0.387648
-0.42456
-0.420537
-0.455252
-0.445618
-0.443928
-0.424729
-0.459133
-0.432706
-0.422244
-0.389864
-0.406862
-0.33749
-0.392108
-0.351766
-0.397649
-0.343805
-0.379114
-0.435753
-0.458825
-0.528971
-0.513162
-0.523455
-0.44239
-0.436727
-0.424151
-0.367848
-0.370213
-0.400451
-0.421246
-0.361163
-0.391571
-0.331043
-0.350134
-0.377887
-0.359896
-0.360301
-0.389523
-0.419854
-0.38177
-0.405013
-0.386342
-0.37206
-0.425337
-0.36341
-0.496324
-0.458259
-0.505453
-0.524321
-0.492622
-0.413093
-0.432751
-0.488382
-0.452759
-0.38667
-0.365036
-0.327786
-0.323505
-0.36015
-0.409399
-0.370362
-0.361223
-0.430125
-0.467355
-0.408508
-0.386772
-0.46313
-0.452589
-0.465087
-0.530743
-0.478837
-0.519201
-0.417156
-0.381223
-0.445003
-0.464641
-0.423985
-0.453669
-0.393401
-0.392607
-0.395873
-0.383973
-0.357014
-0.339342
-0.405414
-0.378001
-0.412521
-0.407151
-0.474159
-0.419314
-0.448597
-0.48096
-0.435576
-0.438195
-0.487928
-0.495518
-0.438132
-0.44608
-0.410597
-0.401908
-0.400825
-0.368138
-0.395447
-0.3931
-0.439696
-0.525193
-0.500299
-0.415571
-0.498533
-0.526667
-0.553712
-0.503931
-0.494327
-0.477036
-0.460045
-0.494163
-0.430283
-0.486609
-0.482135
-0.455646
-0.484807
-0.478869
-0.455274
-0.504343
-0.500969
-0.434868
-0.442743
-0.476395
-0.368658
-0.363188
-0.429099
-0.39085
-0.412749
-0.421814
-0.489423
-0.485611
-0.449186
-0.343445
-0.342633
-0.383168
-0.334472
-0.314371
-0.340665
-0.326717
-0.350425
-0.412904
-0.412488
-0.386923
-0.415437
-0.445493
-0.487735
-0.52537
-0.418106
-0.458974
-0.44147
-0.491884
-0.476494
-0.486735
-0.446688
-0.464193
-0.466631
-0.459046
-0.389215
-0.429594
-0.484034
-0.461685
-0.550938
-0.573557
-0.49507
-0.422038
-0.403169
-0.425858
-0.408919
-0.404067
-0.458393
-0.438919
-0.458392
-0.392863
-0.403506
-0.432199
-0.424355
-0.44121
-0.410526
-0.437358
-0.374101
-0.326293
-0.441994
-0.477984
-0.395646
-0.420353
-0.439816
-0.396223
-0.325146
-0.329224
-0.406322
-0.38702
-0.384539
-0.37735
-0.448973
-0.384232
-0.451464
-0.449967
-0.490383
-0.447279
-0.408411
-0.33905
-0.357373
-0.361292
-0.377704
-0.387303
-0.378872
-0.310182
-0.410411
-0.429251
-0.369013
-0.421009
-0.387236
-0.346242
-0.357141
-0.360169
-0.438154
-0.367212
-0.34016
-0.328938
-0.343478
-0.329033
-0.385134
-0.363664
-0.320749
-0.309901
-0.34708
-0.383514
-0.420383
-0.403717
-0.470868
-0.389004
-0.373892
-0.35475
-0.431501
-0.477613
-0.405756
-0.434046
-0.399599
-0.413904
-0.440632
-0.416171
-0.399938
-0.419918
-0.402194
-0.400299
-0.347047
-0.343834
-0.386829
-0.358363
-0.379988
-0.406602
-0.480986
-0.462679
-0.416898
-0.454544
-0.386925
-0.399041
-0.404708
-0.389493
-0.448619
-0.44638
-0.390553
-0.450925
-0.453504
-0.425187
-0.392481
-0.363734
-0.353503
-0.336458
-0.357035
-0.407193
-0.441088
-0.415921
-0.411291
-0.362581
-0.441249
-0.425681
-0.439481
-0.352568
-0.3478
-0.394819
-0.413756
-0.426528
-0.401776
-0.430529
-0.427375
-0.429425
-0.387266
-0.425258
-0.440313
-0.47622
-0.438144
-0.463273
-0.436616
-0.461136
-0.438278
-0.408488
-0.441802
-0.53554
-0.536631
-0.475967
-0.405337
-0.439838
-0.423568
-0.463866
-0.460049
-0.46132
-0.398374
-0.381166
-0.423917
-0.37533
-0.379514
-0.391196
-0.374496
-0.384623
-0.371208
-0.439209
-0.465221
-0.338491
-0.356196
-0.341249
-0.354447
-0.406861
-0.378261
-0.285629
-0.338971
-0.358225
-0.380312
-0.394618
-0.377495
-0.398227
-0.386382
-0.357994
-0.297244
-0.329203
-0.331626
-0.380605
-0.394485
-0.37129
-0.37105
-0.362436
-0.389074
-0.338569
-0.35247
-0.404299
-0.334526
-0.417325
-0.372388
-0.365845
-0.392397
-0.381916
-0.412885
-0.420839
-0.337958
-0.350172
-0.412058
-0.345135
-0.433584
-0.444354
-0.442951
-0.384401
-0.361177
-0.385936
-0.439273
-0.424182
-0.438794
-0.432252
-0.375827
-0.306031
-0.408539
-0.385287
-0.387627
-0.452749
-0.463156
-0.423853
-0.407724
-0.411335
-0.399834
-0.391471
-0.429214
-0.478593
-0.467644
-0.418123
-0.471264
-0.50677
-0.419749
-0.402261
-0.437712
-0.381295
-0.401834
-0.35987
-0.369058
-0.388299
-0.422192
-0.391525
-0.481856
-0.425796
-0.396755
-0.406487
-0.408946
-0.46367
-0.4693
-0.509025
-0.44553
-0.37444
-0.383939
-0.450072
-0.441275
-0.361194
-0.384509
-0.374385
-0.409851
-0.421562
-0.394333
-0.345507
-0.34049
-0.377248
-0.470912
-0.396112
-0.401869
-0.375731
-0.419358
-0.468664
-0.516245
-0.518439
-0.443492
-0.412115
-0.292382
-0.383241
-0.437554
-0.390039
-0.395358
-0.408617
-0.421757
-0.447777
-0.418592
-0.431957
-0.421646
-0.466617
-0.487223
-0.448381
-0.450065
-0.427027
-0.448158
-0.339963
-0.415752
-0.450854
-0.404562
-0.360244
-0.372829
-0.411414
-0.392605
-0.409727
-0.440193
-0.359021
-0.408729
-0.4086
-0.401896
-0.429508
-0.436941
-0.436809
-0.410249
-0.505656
-0.572513
-0.461491
-0.444946
-0.405311
-0.331533
-0.35684
-0.401791
-0.420937
-0.421997
-0.413392
-0.406616
-0.396096
-0.408634
-0.437775
-0.388642
-0.464761
-0.384735
-0.358367
-0.376174
-0.354632
-0.370566
-0.406527
-0.460546
-0.421508
-0.328294
-0.353422
-0.382565
-0.313487
-0.344301
-0.307421
-0.383583
-0.426048
-0.386559
-0.377077
-0.379723
-0.410532
-0.386129
-0.462856
-0.381461
-0.32837
-0.344907
-0.331672
-0.314927
-0.391201
-0.383549
-0.422198
-0.380261
-0.35594
-0.374869
-0.473755
-0.405224
-0.493279
-0.474603
-0.452854
-0.4757
-0.411285
-0.504695
-0.484188
-0.463015
-0.437125
-0.386179
-0.392587
-0.351248
-0.438196
-0.387762
-0.451438
-0.455369
-0.402816
-0.405461
-0.382025
-0.370563
-0.420582
-0.485191
-0.562415
-0.480018
-0.396171
-0.366321
-0.361198
-0.349883
-0.371415
-0.361406
-0.392087
-0.424831
-0.405598
-0.395255
-0.440898
-0.421792
-0.331262
-0.356129
-0.395358
-0.443008
-0.386584
-0.29746
-0.384023
-0.469579
-0.393429
-0.382607
-0.430358
-0.39667
-0.414808
-0.42625
-0.451874
-0.396804
-0.42661
-0.444536
-0.459887
-0.48414
-0.489974
-0.527124
-0.502794
-0.507936
-0.576078
-0.470991
-0.410251
-0.477938
-0.440169
-0.380619
-0.416759
-0.379164
-0.370502
-0.384319
-0.372188
-0.369132
-0.42453
-0.422478
-0.421723
-0.424356
-0.494046
-0.458394
-0.444701
-0.419234
-0.447239
-0.394488
-0.428182
-0.405727
-0.354519
-0.405806
-0.465585
-0.453753
-0.403954
-0.339272
-0.345769
-0.394288
-0.310115
-0.328645
-0.353806
-0.356571
-0.416629
-0.416562
-0.398598
-0.387588
-0.296215
-0.3146
-0.368895
-0.431462
-0.447168
-0.469623
-0.446189
-0.378862
-0.393422
-0.399759
-0.358572
-0.370333
-0.408538
-0.416294
-0.458851
-0.445197
-0.393476
-0.424893
-0.411832
-0.484606
-0.488915
-0.422939
-0.348142
-0.369639
-0.382114
-0.395633
-0.356159
-0.291154
-0.363685
-0.382556
-0.405347
-0.445322
-0.329565
-0.362878
-0.389851
-0.360797
-0.361709
-0.347483
-0.392551
-0.340445
-0.418236
-0.497586
-0.478687
-0.438295
-0.406286
-0.398199
-0.374643
-0.409491
-0.407287
-0.436453
-0.435572
-0.414341
-0.36204
-0.35149
-0.407096
-0.379498
-0.347312
-0.424486
-0.440468
-0.421163
-0.379092
-0.408923
-0.344066
-0.425172
-0.460495
-0.461931
-0.428657
-0.432587
-0.443957
-0.506914
-0.460544
-0.528084
-0.430449
-0.39727
-0.461527
-0.439279
-0.413776
-0.436005
-0.378669
-0.401124
-0.454415
-0.486752
-0.446272
-0.399236
-0.452264
-0.486547
-0.449535
-0.473975
-0.466207
-0.445699
-0.356612
-0.472417
-0.409921
-0.485236
-0.426724
-0.487235
-0.482229
-0.446096
-0.451553
-0.454074
-0.434135
-0.434786
-0.399415
-0.264675
-0.336812
-0.347266
-0.346074
-0.33427
-0.406566
-0.425491
-0.434937
-0.444435
-0.457862
-0.401154
-0.390114
-0.343885
-0.388942
-0.361232
-0.369028
-0.396839
-0.522273
-0.515059
-0.501264
-0.461813
-0.491186
-0.463795
-0.40906
-0.454356
-0.416981
-0.396365
-0.417354
-0.389702
-0.389169
-0.384495
-0.391288
-0.389366
-0.461215
-0.448788
-0.423113
-0.398609
-0.441511
-0.426742
-0.419522
-0.479609
-0.473951
-0.587436
-0.51807
-0.456611
-0.470052
-0.457693
-0.41972
-0.364326
-0.44056
-0.450019
-0.487993
-0.491007
-0.506211
-0.411014
-0.425037
-0.402442
-0.39652
-0.43824
-0.477563
-0.501293
-0.458425
-0.434112
-0.433454
-0.4621
-0.4278
-0.35284
-0.386826
-0.408911
-0.348461
-0.359417
-0.369924
-0.378631
-0.37843
-0.351876
-0.363523
-0.42207
-0.325086
-0.33328
-0.39203
-0.468251
-0.429638
-0.460094
-0.419699
-0.434474
-0.334656
-0.402992
-0.414647
-0.404084
-0.400444
-0.423446
-0.398651
-0.410198
-0.366542
-0.347422
-0.472239
-0.495829
-0.380469
-0.411749
-0.453745
-0.37177
-0.417775
-0.388983
-0.414929
-0.399207
-0.359135
-0.364905
-0.361311
-0.320144
-0.392414
-0.395889
-0.40209
-0.420582
-0.379326
-0.363508
-0.46318
-0.380334
-0.439268
-0.480639
-0.475536
-0.464286
-0.430712
-0.404926
-0.377098
-0.395123
-0.404885
-0.403254
-0.359564
-0.35625
-0.394068
-0.444149
-0.453141
-0.345075
-0.366114
-0.308033
-0.394568
-0.429991
-0.4935
-0.41483
-0.438447
-0.392913
-0.411002
-0.45092
-0.400665
-0.320304
-0.359561
-0.355295
-0.373652
-0.46315
-0.523028
-0.433791
-0.387532
-0.408482
-0.42479
-0.364152
-0.445099
-0.489597
-0.481263
-0.449323
-0.433562
-0.417771
-0.410539
-0.483099
-0.399662
-0.402661
-0.412029
-0.381912
-0.419524
-0.432726
-0.507412
-0.451795
-0.391453
-0.438943
-0.427715
-0.435358
-0.359165
-0.349561
-0.312394
-0.421836
-0.449604
-0.443915
-0.433975
-0.388754
-0.380932
-0.448796
-0.430632
-0.40062
-0.477524
-0.46774
-0.4817
-0.49259
-0.525692
-0.483927
-0.438708
-0.463909
-0.409151
-0.410742
-0.438848
-0.478361
-0.474836
-0.455311
-0.46358
-0.476318
-0.480674
-0.471688
-0.430297
-0.401824
-0.373444
-0.360038
-0.38251
-0.374804
-0.410694
-0.452233
-0.479355
-0.438857
-0.444229
-0.447393
-0.377836
-0.4543
-0.447586
-0.431793
-0.456059
-0.380637
-0.434762
-0.493871
-0.462543
-0.483079
-0.42565
-0.387897
-0.312607
-0.36657
-0.376269
-0.442175
-0.437062
-0.444388
-0.396282
-0.355571
-0.367915
-0.350021
-0.374065
-0.372285
-0.323721
-0.376997
-0.394652
-0.412368
-0.371761
-0.356872
-0.318803
-0.431385
-0.379773
-0.364054
-0.358852
-0.394032
-0.354607
-0.331025
-0.354218
-0.412068
-0.416114
-0.413921
-0.387113
-0.411314
-0.40531
-0.431593
-0.459667
-0.414656
-0.440971
-0.405746
-0.424381
-0.413813
-0.389238
-0.371455
-0.467643
-0.385975
-0.454098
-0.408713
-0.372789
-0.43086
-0.394615
-0.415053
-0.442155
-0.491369
-0.388174
-0.430508
-0.449113
-0.434588
-0.421073
-0.430592
-0.49489
-0.463655
-0.406428
-0.379512
-0.327945
-0.271534
-0.30342
-0.395595
-0.469331
-0.508576
-0.515995
-0.46096
-0.408107
-0.379133
-0.332108
-0.398114
-0.40506
-0.39772
-0.413037
-0.463004
-0.438971
-0.399488
-0.388009
-0.397319
-0.482844
-0.503524
-0.410168
-0.37865
-0.326263
-0.336414
-0.352773
-0.363047
-0.414196
-0.352841
-0.396119
-0.404628
-0.366155
-0.342805
-0.372631
-0.386296
-0.377798
-0.429843
-0.439531
-0.50642
-0.436406
-0.461658
-0.407218
-0.469915
-0.444981
-0.47196
-0.565009
-0.515831
-0.491598
-0.427264
-0.416069
-0.37159
-0.404163
-0.40357
-0.410613
-0.442566
-0.380846
-0.358402
-0.412205
-0.406897
-0.385554
-0.409597
-0.374169
-0.363722
-0.32301
-0.371668
-0.414123
-0.434249
-0.389304
-0.389401
-0.348162
-0.412845
-0.369856
-0.33471
-0.331002
-0.417356
-0.414765
-0.47075
-0.475819
-0.494454
-0.487395
-0.522927
-0.487458
-0.53526
-0.591365
-0.521792
-0.46313
-0.475661
-0.421283
-0.428685
-0.447991
-0.433147
-0.395695
-0.405123
-0.401851
-0.455396
-0.513866
-0.525654
-0.462636
-0.439684
-0.46676
-0.454879
-0.432586
-0.477675
-0.494393
-0.513122
-0.433179
-0.420714
-0.416914
-0.377821
-0.396633
-0.370092
-0.425183
-0.448578
-0.424943
-0.384156
-0.362674
-0.341711
-0.360582
-0.37266
-0.366067
-0.316987
-0.372238
-0.382776
-0.35423
-0.353523
-0.382864
-0.331844
-0.381982
-0.348917
-0.324682
-0.392709
-0.381951
-0.412219
-0.387441
-0.370452
-0.393121
-0.35683
-0.421246
-0.398147
-0.409212
-0.351735
-0.445927
-0.532173
-0.44804
-0.472052
-0.468232
-0.438641
-0.475011
-0.455291
-0.456159
-0.424718
-0.380944
-0.418746
-0.432689
-0.439276
-0.439715
-0.434673
-0.40529
-0.516701
-0.450461
-0.390206
-0.427031
-0.471802
-0.449098
-0.498892
-0.460045
-0.410062
-0.426971
-0.405963
-0.368515
-0.382635
-0.33468
-0.304209
-0.28918
-0.314391
-0.400429
-0.354469
-0.313502
-0.369282
-0.343755
-0.399246
-0.385069
-0.374725
-0.450411
-0.472249
-0.497967
-0.427474
-0.419931
-0.400046
-0.371676
-0.358074
-0.427281
-0.398648
-0.397548
-0.40884
-0.42115
-0.41891
-0.437674
-0.427554
-0.362348
-0.367374
-0.406932
-0.381465
-0.378477
-0.352335
-0.385258
-0.405973
-0.546363
-0.566551
-0.494225
-0.421887
-0.421696
-0.447734
-0.492956
-0.370901
-0.347624
-0.379962
-0.391364
-0.486899
-0.413036
-0.375044
-0.358512
-0.406566
-0.39325
-0.347256
-0.311513
-0.342255
-0.395581
-0.376427
-0.427928
-0.445811
-0.438354
-0.378685
-0.48118
-0.436222
-0.391115
-0.455245
-0.448919
-0.465131
-0.500034
-0.511316
-0.376256
-0.439595
-0.447177
-0.458701
-0.452499
-0.373121
-0.388115
-0.38436
-0.468136
-0.456068
-0.452469
-0.352225
-0.416018
-0.428854
-0.422443
-0.381968
-0.35915
-0.439695
-0.418882
-0.453218
-0.348533
-0.345394
-0.307902
-0.319655
-0.423452
-0.40355
-0.450677
-0.523192
-0.509471
-0.413654
-0.416993
-0.413019
-0.406282
-0.397921
-0.388137
-0.470882
-0.449652
-0.448923
-0.422685
-0.432834
-0.405148
-0.372414
-0.353485
-0.375536
-0.429723
-0.363519
-0.346224
-0.356478
-0.349941
-0.37028
-0.363618
-0.338979
-0.354818
-0.416516
-0.408737
-0.420451
-0.427744
-0.467897
-0.449794
-0.392594
-0.463534
-0.43256
-0.519936
-0.486291
-0.482317
-0.458921
-0.374329
-0.401136
-0.350048
-0.429282
-0.436769
-0.453001
-0.435668
-0.444114
-0.353939
-0.380645
-0.364925
-0.399711
-0.375122
-0.407655
-0.403614
-0.332972
-0.321426
-0.387813
-0.314315
-0.460476
-0.466541
-0.454284
-0.513252
-0.473216
-0.41805
-0.428507
-0.425913
-0.423192
-0.405724
-0.436246
-0.443751
-0.409316
-0.488997
-0.495121
-0.487903
-0.537094
-0.533456
-0.455408
-0.534793
-0.49136
-0.551622
-0.561045
-0.616387
-0.499651
-0.50271
-0.527056
-0.47704
-0.470904
-0.411355
-0.433314
-0.446761
-0.480579
-0.451997
-0.453587
-0.382435
-0.41078
-0.440029
-0.356313
-0.374829
-0.398701
-0.411294
-0.377418
-0.356151
-0.405586
-0.439592
-0.483211
-0.39479
-0.41653
-0.412814
-0.388176
-0.354228
-0.363096
-0.389185
-0.449831
-0.416458
-0.396068
-0.452946
-0.435242
-0.404311
-0.362008
-0.361345
-0.336915
-0.358512
-0.432562
-0.503973
-0.483584
-0.479609
-0.388153
-0.374944
-0.401192
-0.476292
-0.543675
-0.471458
-0.378766
-0.381808
-0.424099
-0.488218
-0.449135
-0.426667
-0.401759
-0.385566
-0.436366
-0.435712
-0.433275
-0.410578
-0.394985
-0.44034
-0.423675
-0.369975
-0.42146
-0.396762
-0.400094
-0.405902
-0.440341
-0.421605
-0.426384
-0.363771
-0.387663
-0.360302
-0.375184
-0.374145
-0.325867
-0.311909
-0.409857
-0.387281
-0.399431
-0.386807
-0.388647
-0.408178
-0.41212
-0.356795
-0.347104
-0.390147
-0.400191
-0.370279
-0.416088
-0.45291
-0.422278
-0.434435
-0.442266
-0.371671
-0.383541
-0.432895
-0.410872
-0.427218
-0.409043
-0.392038
-0.390366
-0.404415
-0.390872
-0.318643
-0.314805
