-8.71336	1.25104
-8.44843	2.685
-8.26633	3.67288
-8.19488	4.05687
-8.12103	4.44389
-8.07289	4.69795
-7.98924	5.14245
-7.95569	5.33957
-7.86577	5.82471
-7.83147	6.01779
-7.78201	6.30261
-7.72091	6.64153
-7.7307	6.56143
-7.77622	6.32288
-7.80843	6.14731
-7.77578	6.3289
-7.66849	6.94246
-7.65429	7.02293
-7.52886	7.73779
-7.55837	7.53908
-7.38615	8.49704
-7.54561	7.62281
-7.47607	8.03402
-7.58067	7.49138
-7.66474	7.00331
-7.69529	6.7969
-7.65879	6.99035
-7.64506	7.07428
-7.65522	7.05057
-7.65495	7.02526
-7.6895	6.80024
-7.60061	7.32456
-7.5575	7.59746
-7.61081	7.25424
-7.66437	6.96075
-7.67971	6.86918
-7.64727	7.03984
-7.66462	6.93752
-7.67802	6.84184
-7.74857	6.45416
-7.8034	6.14484
-7.77554	6.31134
-7.71627	6.63086
-7.66927	6.93173
-7.72461	6.59956
-7.683	6.82222
-7.67707	6.87696
-7.59412	7.30608
-7.61461	7.19287
-7.58691	7.3727
-7.55632	7.55002
-7.47491	7.97425
-7.54224	7.62933
-7.56713	7.49812
-7.53697	7.62646
-7.60387	7.27768
-7.63771	7.10658
-7.70253	6.7658
-7.70765	6.73424
-7.72619	6.62863
-7.64096	7.08618
-7.64393	7.06794
-7.59339	7.3221
-7.52303	7.72787
-7.57026	7.48876
-7.48547	7.98489
-7.49164	7.94204
-7.48814	7.95277
-7.54538	7.63725
-7.51229	7.84135
-7.4843	7.94285
-7.56199	7.5321
-7.5329	7.68702
-7.52159	7.78567
-7.54571	7.63376
-7.551	7.59649
-7.51327	7.79375
-7.47806	7.96178
-7.59823	7.2965
-7.62454	7.14346
-7.66371	6.97163
-7.64176	7.08586
-7.60955	7.23303
-7.66337	6.91207
-7.63	7.14299
-7.48982	7.92431
-7.52765	7.7056
-7.52986	7.68289
-7.50398	7.86753
-7.56365	7.52099
-7.49834	7.89111
-7.56348	7.50668
-7.58733	7.38298
-7.57093	7.45345
-7.58215	7.38143
-7.57799	7.3963
-7.52997	7.69012
-7.47488	8.00194
-7.47419	7.98644
-7.48703	7.92812
-7.51639	7.74877
-7.48141	7.94967
-7.4796	7.92917
-7.41901	8.28203
-7.41395	8.31679
-7.4416	8.14835
-7.47839	7.9136
-7.47348	7.98104
-7.46625	8.02708
-7.51252	7.76183
-7.5131	7.75453
-7.53391	7.63616
-7.58351	7.36898
-7.58956	7.3308
-7.47341	7.98808
-7.42956	8.21719
-7.56798	7.45181
-7.57043	7.45165
-7.52015	7.74264
-7.48607	7.93756
-7.4073	8.40608
-7.30738	8.91925
-7.36573	8.60724
-7.30763	8.94217
-7.31595	8.87658
-7.37791	8.5404
-7.42962	8.22902
-7.53767	7.62488
-7.45435	8.06591
-7.46804	7.97186
-7.60956	7.18427
-7.57735	7.38394
-7.5899	7.32554
-7.59523	7.31066
-7.6287	7.11178
-7.60957	7.20675
-7.57342	7.38939
-7.56853	7.44087
-7.55057	7.55773
-7.54593	7.58155
-7.48664	7.86727
-7.53237	7.63965
-7.55945	7.48331
-7.43418	8.21354
-7.50023	7.88822
-7.47732	7.98057
-7.45671	8.08289
-7.46004	8.05733
-7.49415	7.8729
-7.53065	7.71688
-7.53456	7.68651
-7.50126	7.84011
-7.57713	7.44174
-7.60291	7.28844
-7.60103	7.27064
-7.61035	7.21444
-7.69127	6.79939
-7.60174	7.25448
-7.6448	7.00702
-7.55633	7.53633
-7.58168	7.37739
-7.63063	7.09125
-7.59197	7.28505
-7.53749	7.64976
-7.65202	6.99953
-7.57504	7.38276
-7.5955	7.25988
-7.59278	7.33109
-7.54202	7.60035
-7.64991	7.01706
-7.5825	7.41824
-7.59856	7.30305
-7.54864	7.57183
-7.58078	7.39197
-7.49145	7.87991
-7.53753	7.63253
-7.49971	7.86946
-7.5774	7.47146
-7.58553	7.41853
-7.47936	8.01346
-7.54616	7.63574
-7.53994	7.65252
-7.61576	7.22063
-7.58559	7.38855
-7.4276	8.25007
-7.47761	7.98331
-7.42765	8.25037
-7.35654	8.62118
-7.42209	8.24891
-7.41323	8.33654
-7.44751	8.1496
-7.36621	8.62158
-7.39654	8.44771
-7.4563	8.10933
-7.54092	7.6709
-7.48326	7.95071
-7.51392	7.74505
-7.46955	8.00762
-7.50624	7.80694
-7.51981	7.74884
-7.54305	7.61063
-7.51113	7.76404
-7.46312	8.05098
-7.49096	7.88265
-7.50526	7.81445
-7.51358	7.76175
-7.41104	8.32424
-7.37766	8.53714
-7.35764	8.6629
-7.39534	8.45809
-7.39873	8.47053
-7.51693	7.78087
-7.46443	8.05958
-7.46148	8.10849
-7.43847	8.22816
-7.35514	8.66293
-7.35431	8.67043
-7.44794	8.15324
-7.45385	8.11629
-7.47729	8.01112
-7.57007	7.4918
-7.56924	7.47347
-7.61823	7.20897
-7.57787	7.41121
-7.53944	7.62649
-7.60213	7.29366
-7.5921	7.36056
-7.55382	7.56593
-7.51048	7.77827
-7.49175	7.86259
-7.49589	7.86183
-7.48166	7.9194
-7.47478	7.97093
-7.46847	7.98722
-7.53228	7.66015
-7.54157	7.59821
-7.59279	7.33966
-7.61732	7.2212
-7.51352	7.77213
-7.43519	8.23147
-7.50447	7.8229
-7.60031	7.30111
-7.64623	7.04396
-7.70221	6.70679
-7.65379	7.00174
-7.64332	7.07672
-7.60282	7.31382
-7.59947	7.31356
-7.62245	7.20801
-7.53412	7.70182
-7.58961	7.3849
-7.51532	7.8182
-7.5204	7.79658
-7.55676	7.5959
-7.57836	7.46201
-7.62646	7.15126
-7.62217	7.18524
-7.63311	7.15858
-7.62887	7.14611
-7.67951	6.88952
-7.7005	6.78396
-7.69113	6.8115
-7.77315	6.34064
-7.74077	6.52049
-7.67254	6.89513
-7.58151	7.3779
-7.5693	7.46717
-7.64371	7.03067
-7.60544	7.24126
-7.63568	7.08802
-7.59488	7.31754
-7.54502	7.6062
-7.5157	7.78072
-7.56241	7.48596
-7.53664	7.60587
-7.46508	8.02236
-7.41122	8.35195
-7.48334	7.93284
-7.51794	7.75431
-7.43741	8.18776
-7.39118	8.43752
-7.37528	8.49244
-7.47559	7.95989
-7.51793	7.75957
-7.53533	7.64242
-7.64976	7.02613
-7.59848	7.34092
-7.59268	7.38904
-7.50073	7.87238
-7.44314	8.21207
-7.4114	8.3877
-7.46198	8.07882
-7.5248	7.68835
-7.53492	7.62375
-7.4865	7.89911
-7.39984	8.38435
-7.41237	8.30197
-7.52027	7.74972
-7.49259	7.90984
-7.5095	7.79123
-7.55791	7.54496
-7.56983	7.4278
-7.58068	7.37183
-7.63538	7.10582
-7.44799	8.1364
-7.43163	8.25126
-7.4385	8.23645
-7.46704	8.07902
-7.34827	8.74212
-7.3214	8.8937
-7.36808	8.63981
-7.30457	8.97873
-7.33044	8.8076
-7.42112	8.28157
-7.43919	8.17955
-7.40293	8.42297
-7.50547	7.85259
-7.50483	7.85662
-7.52568	7.70277
-7.56397	7.48551
-7.58435	7.37918
-7.51007	7.81717
-7.53046	7.70165
-7.54177	7.65777
-7.53811	7.66498
-7.57988	7.42656
-7.56088	7.55993
-7.52606	7.76363
-7.59635	7.35777
-7.6248	7.18218
-7.61093	7.23479
-7.63024	7.11415
-7.64184	7.0575
-7.59864	7.31008
-7.63201	7.09893
-7.54279	7.59062
-7.51178	7.78658
-7.52883	7.68401
-7.62779	7.12563
-7.56413	7.45695
-7.58141	7.38755
-7.59468	7.30316
-7.60913	7.23912
-7.65197	6.9922
-7.5962	7.30944
-7.63473	7.12638
-7.74742	6.50731
-7.61394	7.24392
-7.52834	7.69756
-7.56898	7.46112
-7.58117	7.39996
-7.58835	7.31153
-7.59097	7.29227
-7.5908	7.29926
-7.56257	7.44871
-7.40113	8.33125
-7.44864	8.10401
-7.49083	7.91302
-7.49704	7.84053
-7.47958	7.97996
-7.53239	7.66929
-7.48133	7.9925
-7.3992	8.45636
-7.46319	8.06816
-7.53022	7.63859
-7.54203	7.58463
-7.56628	7.46317
-7.47531	7.95577
-7.57218	7.44313
-7.58879	7.35544
-7.52779	7.66585
-7.49185	7.87604
-7.51969	7.73691
-7.53146	7.70036
-7.53664	7.66712
-7.51473	7.78627
-7.52044	7.72704
-7.55017	7.58794
-7.55671	7.55514
-7.61654	7.21067
-7.60467	7.30611
-7.5443	7.64122
-7.57616	7.45152
-7.65105	7.04911
-7.59095	7.37094
-7.61779	7.22977
-7.66942	6.91688
-7.5835	7.40204
-7.5499	7.60637
-7.65414	6.99152
-7.68426	6.82335
-7.67599	6.88815
-7.53127	7.67272
-7.4377	8.20032
-7.48759	7.94674
-7.5038	7.8577
-7.53991	7.65099
-7.60793	7.2718
-7.63841	7.07602
-7.67094	6.86435
-7.61068	7.24159
-7.61868	7.18025
-7.55367	7.54264
-7.5546	7.52837
-7.53121	7.67283
-7.58492	7.3688
-7.58361	7.4014
-7.54806	7.59242
-7.56629	7.42809
-7.63728	7.07146
-7.67316	6.91009
-7.67845	6.85307
-7.64641	7.05013
-7.65876	6.97413
-7.60401	7.28851
-7.52305	7.74274
-7.56868	7.49133
-7.49947	7.87012
-7.58132	7.4062
-7.55925	7.55146
-7.57345	7.47561
-7.58971	7.35364
-7.68352	6.84781
-7.62457	7.17337
-7.63036	7.14494
-7.66195	6.98835
-7.53086	7.73183
-7.45601	8.12769
-7.47745	8.00516
-7.47911	8.0213
-7.44418	8.19656
-7.46201	8.14896
-7.48141	8.04763
-7.50589	7.8561
-7.45316	8.15809
-7.56633	7.53203
-7.59837	7.3631
-7.54966	7.61903
-7.56918	7.51688
-7.57456	7.46256
-7.57973	7.38548
-7.69016	6.79698
-7.71164	6.66391
-7.72806	6.59715
-7.67872	6.85684
-7.59205	7.34603
-7.61141	7.26179
-7.57224	7.44921
-7.60969	7.26205
-7.55535	7.57292
-7.54467	7.60315
-7.49952	7.89141
-7.55049	7.59112
-7.53748	7.6363
-7.50607	7.8104
-7.46066	8.07091
-7.4239	8.23919
-7.46868	7.99491
-7.41238	8.3209
-7.50786	7.79645
-7.52116	7.71978
-7.51362	7.75353
-7.56425	7.49285
-7.5605	7.49118
-7.58081	7.38105
-7.5798	7.37695
-7.55547	7.54563
-7.61757	7.1785
-7.6902	6.77535
-7.7043	6.70976
-7.69367	6.7532
-7.65669	6.97062
-7.66844	6.89344
-7.61255	7.25327
-7.54133	7.67214
-7.60646	7.30973
-7.53461	7.69251
-7.52271	7.76253
-7.63158	7.13672
-7.63886	7.09088
-7.60472	7.26576
-7.58962	7.34596
-7.55659	7.53815
-7.61791	7.22888
-7.51983	7.76729
-7.45699	8.10431
-7.46969	8.04887
-7.49851	7.86305
-7.57574	7.42081
-7.53268	7.66928
-7.51223	7.7894
-7.56078	7.52408
-7.50658	7.82335
-7.42957	8.26446
-7.47505	8.03876
-7.52663	7.77288
-7.5234	7.78599
-7.632	7.1367
-7.63108	7.14002
-7.61874	7.23385
-7.58684	7.4068
-7.63046	7.16893
-7.66046	6.98141
-7.64959	7.05096
-7.60676	7.27964
-7.6369	7.10063
-7.71216	6.67828
-7.72872	6.62236
-7.76132	6.43371
-7.70702	6.7452
-7.7723	6.36689
-7.80646	6.17712
-7.73795	6.5651
-7.70996	6.71451
-7.68591	6.80994
-7.59513	7.34137
-7.64186	7.07694
-7.55777	7.50361
-7.65382	6.96669
-7.66293	6.9277
-7.71473	6.64114
-7.65134	6.99038
-7.66026	6.92974
-7.65642	6.97823
-7.70048	6.75163
-7.74573	6.50562
-7.70229	6.74362
-7.74788	6.48411
-7.75273	6.46037
-7.67746	6.89494
-7.72048	6.64983
-7.70853	6.72356
-7.68788	6.82629
-7.66639	6.95023
-7.67995	6.88384
-7.70882	6.7373
-7.65482	7.04346
-7.72797	6.61411
-7.72334	6.64285
-7.72238	6.64656
-7.69809	6.81789
-7.67097	6.96467
-7.63293	7.14769
-7.56989	7.47925
-7.51606	7.76729
-7.59503	7.32049
-7.62907	7.11431
-7.62278	7.18113
-7.60269	7.31213
-7.54458	7.62655
-7.56096	7.54615
-7.54912	7.60773
-7.50263	7.84372
-7.44926	8.10879
-7.4859	7.92761
-7.46711	8.04446
-7.42463	8.26932
-7.46007	8.07164
-7.59532	7.3417
-7.56517	7.50857
-7.47675	8.02616
-7.53086	7.707
-7.63797	7.08318
-7.61367	7.19266
-7.56184	7.48592
-7.52081	7.70301
-7.46945	7.98923
-7.39658	8.35073
-7.42968	8.19086
-7.38865	8.44872
-7.52936	7.68535
-7.51621	7.71343
-7.55582	7.4913
-7.54409	7.57476
-7.51663	7.68985
-7.53874	7.56156
-7.44861	8.08432
-7.51518	7.7241
-7.5957	7.29221
-7.5728	7.4329
-7.5681	7.47318
-7.60737	7.26256
-7.55856	7.55712
-7.60315	7.28746
-7.53604	7.66897
-7.52361	7.74306
-7.56229	7.54503
-7.51945	7.75364
-7.51906	7.75017
-7.53142	7.6897
-7.61714	7.21385
-7.56503	7.49915
-7.57748	7.42688
-7.57469	7.4359
-7.5843	7.40325
-7.63389	7.15738
-7.53928	7.66876
-7.54526	7.65455
-7.50989	7.80266
-7.5137	7.76948
-7.52014	7.75659
-7.49721	7.87339
-7.47393	7.97681
-7.48728	7.89846
-7.5039	7.85422
-7.53459	7.67685
-7.51536	7.78506
-7.54612	7.60986
-7.57423	7.46491
-7.56645	7.50161
-7.56752	7.52742
-7.60694	7.29377
-7.64628	7.07326
-7.75231	6.45512
-7.73261	6.5788
-7.68866	6.82752
-7.62414	7.19881
-7.63783	7.14468
-7.67175	6.97432
-7.70934	6.75111
-7.6552	7.04072
-7.64312	7.09857
-7.62949	7.17968
-7.6462	7.05237
-7.58495	7.36738
-7.66788	6.88518
-7.66293	6.93206
-7.67827	6.85096
-7.62562	7.18632
-7.56074	7.53406
-7.65713	6.99234
-7.64844	7.03409
-7.59719	7.35067
-7.62245	7.19464
-7.7418	6.53366
-7.70287	6.74116
-7.75257	6.45231
-7.74854	6.5169
-7.78873	6.29219
-7.73387	6.57435
-7.6559	7.02088
-7.58626	7.41173
-7.526	7.75048
-7.57723	7.43783
-7.53908	7.61619
-7.57999	7.41958
-7.58764	7.36764
-7.59123	7.31855
-7.69801	6.73985
-7.64721	7.02737
-7.64082	7.06679
-7.63504	7.08804
-7.61547	7.15694
-7.64727	6.97583
-7.61793	7.15553
-7.61867	7.15286
-7.61262	7.21562
-7.58563	7.37718
-7.61963	7.16721
-7.69396	6.78455
-7.64992	7.02682
-7.65247	7.00724
-7.69377	6.7627
-7.75124	6.44247
-7.66996	6.88917
-7.57086	7.43372
-7.47974	7.91757
-7.47176	7.96191
-7.48613	7.87419
-7.5399	7.60173
-7.62563	7.11531
-7.5408	7.61361
-7.55831	7.51233
-7.55684	7.52717
-7.62372	7.1413
-7.59879	7.27479
-7.6115	7.22564
-7.64783	7.04682
-7.68066	6.85899
-7.68037	6.83971
-7.66348	6.9083
-7.61692	7.1918
-7.64138	7.06353
-7.62825	7.14467
-7.63304	7.12068
-7.61244	7.23863
-7.67369	6.89073
-7.66126	6.94472
-7.66987	6.92023
-7.65884	6.9645
-7.62988	7.14082
-7.66788	6.89566
-7.66572	6.91308
-7.70951	6.66886
-7.57776	7.38045
-7.53509	7.57783
-7.51807	7.68557
-7.46302	7.99456
-7.49007	7.87173
-7.53594	7.62198
-7.54079	7.62619
-7.48948	7.88998
-7.47009	8.01434
-7.45166	8.10654
-7.52234	7.69805
-7.57986	7.35377
-7.52744	7.67394
-7.59454	7.27655
-7.56841	7.44285
-7.56683	7.44555
-7.58736	7.36901
-7.58092	7.42787
-7.59122	7.41025
-7.57821	7.47182
-7.592	7.35652
-7.56954	7.50659
-7.56798	7.4697
-7.52436	7.7427
-7.50711	7.84124
-7.61759	7.23531
-7.53125	7.70306
-7.51488	7.77692
-7.53878	7.65416
-7.51785	7.75393
-7.49837	7.84501
-7.45104	8.1394
-7.48449	7.9926
-7.48268	7.98519
-7.57997	7.42075
-7.62452	7.1747
-7.55563	7.55868
-7.50389	7.83798
-7.52211	7.71205
-7.55576	7.53803
-7.52576	7.67217
-7.49043	7.91157
-7.50093	7.83209
-7.56154	7.49906
-7.56137	7.49691
-7.54029	7.61138
-7.43569	8.18174
-7.52628	7.72298
-7.61164	7.22628
-7.54396	7.60205
-7.58858	7.3293
-7.57733	7.42489
-7.60947	7.24767
-7.60448	7.23013
-7.60294	7.25526
-7.55299	7.50178
-7.59523	7.30379
-7.42153	8.28276
-7.41413	8.34791
-7.41908	8.29367
-7.53675	7.61303
-7.56119	7.46652
-7.51588	7.73777
-7.51416	7.77479
-7.51452	7.78049
-7.54929	7.5733
-7.58486	7.36577
-7.49936	7.84599
-7.45005	8.11611
-7.52967	7.70302
-7.52651	7.70053
-7.46307	8.04946
-7.49832	7.82878
-7.44937	8.13646
-7.46602	7.99963
-7.41338	8.28468
-7.54006	7.57031
-7.60802	7.2305
-7.58234	7.35921
-7.63566	7.07493
-7.61395	7.20998
-7.62541	7.15197
-7.64361	7.03238
-7.60105	7.25533
-7.51917	7.6903
-7.52626	7.68136
-7.5001	7.839
-7.51982	7.70232
-7.56687	7.41879
-7.57897	7.35546
-7.57063	7.37881
-7.62229	7.10698
-7.55031	7.52031
-7.54472	7.56856
-7.56842	7.44056
-7.64877	6.99999
-7.67718	6.86339
-7.69515	6.74412
-7.72736	6.58762
-7.69557	6.80641
-7.70026	6.77717
-7.70361	6.74636
-7.67669	6.90867
-7.58896	7.40366
-7.54651	7.65854
-7.55082	7.62571
-7.56322	7.53069
-7.45601	8.11333
-7.44111	8.20478
-7.53655	7.64773
-7.57516	7.42613
-7.5389	7.63406
-7.56285	7.48262
-7.5712	7.43705
-7.54484	7.5908
-7.5162	7.73619
-7.53723	7.64843
-7.46406	8.04261
-7.43654	8.21482
-7.45475	8.1111
-7.5257	7.71533
-7.59587	7.33881
-7.62474	7.1661
-7.63514	7.12353
-7.58871	7.38378
-7.59889	7.33917
-7.52786	7.72431
-7.53611	7.64379
-7.5486	7.57971
-7.47664	8.02857
-7.54094	7.69718
-7.58658	7.42373
-7.58455	7.44328
-7.58869	7.43922
-7.48635	7.95701
-7.48178	7.97376
-7.46967	8.04356
-7.43217	8.26452
-7.45904	8.11363
-7.4312	8.23954
-7.40902	8.40217
-7.46659	8.09361
-7.42875	8.29325
-7.43698	8.19433
-7.43117	8.24976
-7.49571	7.90166
-7.46678	8.05787
-7.52131	7.75523
-7.55338	7.5749
-7.58154	7.37772
-7.54297	7.57734
-7.61214	7.18245
-7.59444	7.28544
-7.69507	6.74237
-7.63723	7.05001
-7.63567	7.09235
-7.62473	7.13433
-7.63009	7.07547
-7.63205	7.06395
-7.56151	7.45708
-7.56881	7.42218
-7.51915	7.74162
-7.63221	7.09515
-7.65708	6.95077
-7.65623	6.97279
-7.72787	6.58493
-7.71001	6.69183
-7.66294	6.95048
-7.72015	6.63458
-7.69896	6.74554
-7.71625	6.65964
-7.68908	6.78891
-7.70283	6.70812
-7.72198	6.60786
-7.71795	6.62784
-7.69111	6.76997
-7.73465	6.52377
-7.72869	6.55662
-7.75432	6.42831
-7.66066	6.99427
-7.65325	7.03986
-7.65377	7.0391
-7.655	7.03716
-7.59725	7.35223
-7.59565	7.36025
-7.60925	7.27174
-7.6072	7.23764
-7.57681	7.43925
-7.57078	7.47608
-7.60419	7.28272
-7.53995	7.59823
-7.61368	7.1839
-7.54525	7.57345
-7.53129	7.69768
-7.52441	7.72891
-7.49258	7.90447
-7.52179	7.74162
-7.48384	7.97807
-7.48598	7.95964
-7.43342	8.23821
-7.44943	8.13644
-7.46401	8.04155
-7.44927	8.09282
-7.51662	7.74346
-7.58083	7.38144
-7.60788	7.22897
-7.64699	7.03217
-7.59303	7.34594
-7.62557	7.15625
-7.61457	7.19212
-7.60579	7.26382
-7.66622	6.89783
-7.61522	7.19612
-7.63682	7.10052
-7.72585	6.5776
-7.65924	6.94763
-7.6249	7.08445
-7.62196	7.12471
-7.54099	7.6037
-7.57568	7.42926
-7.65388	6.99308
-7.60839	7.24188
-7.6001	7.30395
-7.56231	7.52793
-7.50755	7.82404
-7.54664	7.57382
-7.56473	7.46511
-7.54234	7.61137
-7.50527	7.85583
-7.51392	7.79883
-7.50422	7.84055
-7.53905	7.63466
-7.60654	7.2522
-7.65685	6.96839
-7.69152	6.74215
-7.74204	6.44239
-7.69137	6.74205
-7.65515	6.9558
-7.57566	7.39741
-7.59646	7.30367
-7.58776	7.36608
-7.66606	6.92461
-7.6156	7.22744
-7.55871	7.51748
-7.56176	7.49895
-7.51981	7.75824
-7.51098	7.79483
-7.46374	8.03043
-7.4728	7.98897
-7.60696	7.24052
-7.63586	7.07943
-7.65511	6.9548
-7.68167	6.81453
-7.64881	7.01042
-7.58119	7.37337
-7.67717	6.85929
-7.61513	7.19764
-7.56109	7.52145
-7.64068	7.06831
-7.49522	7.90893
-7.53262	7.68346
-7.45714	8.10215
-7.48273	7.97751
-7.58014	7.42974
-7.62005	7.2412
-7.52996	7.72986
-7.47523	8.02183
-7.48333	8.0325
-7.50754	7.85311
-7.49756	7.87031
-7.50916	7.7885
-7.46783	8.00119
-7.51739	7.74807
-7.4953	7.88058
-7.45211	8.12029
-7.53394	7.65361
-7.59316	7.31088
-7.67778	6.82234
-7.65964	6.93503
-7.66276	6.93168
-7.6235	7.17395
-7.59631	7.32627
-7.58752	7.38049
-7.63091	7.12259
-7.60505	7.25956
-7.5958	7.32181
-7.61666	7.20671
-7.65321	6.99172
-7.61782	7.19024
-7.52837	7.68513
-7.45531	8.11542
-7.49684	7.87746
-7.49405	7.92363
-7.49531	7.8875
-7.47832	7.98267
-7.43981	8.18227
-7.52206	7.73395
-7.50934	7.81451
-7.5615	7.53212
-7.52336	7.71715
-7.558	7.52047
-7.63098	7.09472
-7.63898	7.04825
-7.63282	7.11159
-7.62241	7.20625
-7.64838	7.05449
-7.60125	7.33212
-7.57958	7.42976
-7.58747	7.39585
-7.68452	6.82208
-7.64005	7.078
-7.61706	7.1978
-7.63649	7.07395
-7.67854	6.82637
-7.70951	6.662
-7.6138	7.20797
-7.6527	7.00099
-7.65267	7.00553
-7.5616	7.49593
-7.56431	7.49054
-7.50682	7.89652
-7.52339	7.77371
-7.44663	8.18233
-7.50164	7.86784
-7.50321	7.86422
-7.50992	7.80483
-7.49797	7.90043
-7.53302	7.69925
-7.44475	8.18101
-7.46715	8.03933
-7.51128	7.74817
-7.48637	7.89112
-7.49416	7.88011
-7.44398	8.15581
-7.4146	8.31715
-7.49697	7.84974
-7.44593	8.1478
-7.36789	8.58894
-7.33648	8.78643
-7.33919	8.7684
-7.3406	8.78078
-7.43802	8.22117
-7.43068	8.23184
-7.56828	7.44924
-7.53412	7.66074
-7.48746	7.95171
-7.48796	7.90984
-7.46908	8.01636
-7.44912	8.13925
-7.46037	8.08592
-7.39456	8.41711
-7.44932	8.11033
-7.56452	7.47678
-7.50781	7.80961
-7.49064	7.88357
-7.51497	7.74969
-7.48748	7.91895
-7.52793	7.70016
-7.54913	7.5752
-7.57377	7.44304
-7.54824	7.59746
-7.59702	7.33961
-7.51174	7.82287
-7.48238	7.95583
-7.42671	8.27157
-7.42993	8.22855
-7.43459	8.20599
-7.48848	7.93321
-7.5273	7.73406
-7.55957	7.57189
-7.65398	7.02363
-7.59645	7.34227
-7.59981	7.30926
-7.54315	7.61566
-7.46602	8.06584
-7.47817	8.01288
-7.46533	8.04237
-7.46686	8.03942
-7.44329	8.13432
-7.45758	8.07868
-7.3949	8.42132
-7.35652	8.63794
-7.40284	8.34082
-7.46442	8.06483
-7.42817	8.2317
-7.3191	8.84094
-7.33168	8.75957
-7.34875	8.64914
-7.38338	8.46436
-7.41582	8.2742
-7.37395	8.55508
-7.44993	8.12722
-7.39562	8.42818
-7.40325	8.37485
-7.41336	8.3168
-7.39418	8.427
-7.33951	8.74679
-7.35178	8.65722
-7.43336	8.20456
-7.48189	7.92454
-7.45082	8.11888
-7.49973	7.85709
-7.4757	7.99812
-7.47479	8.01101
-7.4416	8.16801
-7.46189	8.02537
-7.50415	7.79529
-7.5309	7.64216
-7.5919	7.35075
-7.56012	7.53571
-7.65064	7.07683
-7.64619	7.08367
-7.61742	7.25424
-7.50683	7.88796
-7.53927	7.69516
-7.51163	7.83929
-7.5202	7.7508
-7.49824	7.87986
-7.52578	7.70958
-7.54566	7.5996
-7.61688	7.2379
-7.66995	6.92353
-7.60003	7.29811
-7.5923	7.34708
-7.61872	7.16873
-7.62163	7.16235
-7.60081	7.26517
-7.60354	7.27804
-7.59944	7.29977
-7.59811	7.28811
-7.64447	7.0664
-7.62645	7.17754
-7.58048	7.43881
-7.52001	7.76059
-7.57445	7.45502
-7.54208	7.62561
-7.56687	7.47964
-7.49463	7.84804
-7.39419	8.41917
-7.3664	8.56545
-7.49773	7.87569
-7.5175	7.77262
-7.53628	7.65379
-7.61442	7.20803
-7.64322	7.03406
-7.62495	7.12791
-7.60577	7.27491
-7.66549	6.95347
-7.57325	7.4744
-7.56538	7.50454
-7.5035	7.85048
-7.59592	7.3198
-7.60819	7.25626
-7.60928	7.25264
-7.66765	6.93582
-7.51192	7.8203
-7.53439	7.68992
-7.47226	8.00862
-7.47679	7.95984
-7.50348	7.793
-7.50577	7.77332
-7.53266	7.67118
-7.58119	7.39302
-7.54153	7.64328
-7.45299	8.13917
-7.42511	8.30976
-7.49675	7.92221
-7.48579	7.99914
-7.53959	7.65962
-7.58417	7.4123
-7.64141	7.09325
-7.63225	7.12056
-7.6524	7.00214
-7.66517	6.95021
-7.73647	6.5453
-7.70914	6.7185
-7.65394	7.00692
-7.61504	7.22029
-7.6286	7.13117
-7.6034	7.31948
-7.52984	7.70499
-7.55774	7.53064
-7.62255	7.13082
-7.65251	6.97751
-7.65182	7.00046
-7.60093	7.29635
-7.52751	7.68873
-7.544	7.58542
-7.61109	7.24032
-7.57121	7.48538
-7.51419	7.8314
-7.6087	7.27041
-7.54593	7.6124
-7.57584	7.44992
-7.59778	7.30779
-7.59919	7.27878
-7.62986	7.1341
-7.62977	7.13545
-7.67007	6.90221
-7.56523	7.47077
-7.63636	7.08827
-7.64672	6.99619
-7.65242	7.00493
-7.62624	7.13087
-7.55276	7.52112
-7.51678	7.72083
-7.47237	8.00538
-7.42285	8.28516
-7.47651	7.98692
-7.46938	8.00475
-7.44421	8.12803
-7.53379	7.61958
-7.55533	7.51504
-7.5607	7.48098
-7.57532	7.3683
-7.47174	7.91711
-7.54862	7.49912
-7.58158	7.31407
-7.64698	6.97515
-7.62736	7.09134
-7.58468	7.32595
-7.53414	7.62008
-7.55757	7.50603
-7.50958	7.7812
-7.55669	7.533
-7.57486	7.43636
-7.56812	7.48384
-7.54086	7.59045
-7.55607	7.51928
-7.52802	7.67722
-7.58498	7.37025
-7.51973	7.73503
-7.45212	8.08709
-7.35466	8.64845
-7.29975	8.95051
-7.25252	9.16674
-7.32449	8.75015
-7.32257	8.79086
-7.42543	8.2421
-7.40188	8.37964
-7.41031	8.30072
-7.43984	8.13131
-7.43739	8.16301
-7.42371	8.2489
-7.4808	7.94923
-7.46002	8.0501
-7.44568	8.13907
-7.4148	8.30378
-7.47605	7.97087
-7.43954	8.1815
-7.46591	8.03876
-7.51627	7.79377
-7.4925	7.909
-7.52867	7.70848
-7.52771	7.69011
-7.59089	7.34644
-7.57832	7.4697
-7.59329	7.35523
-7.63495	7.10124
-7.60634	7.2735
-7.59567	7.31866
-7.58996	7.36936
-7.54308	7.64838
-7.56876	7.50116
-7.55845	7.52927
-7.5287	7.72273
-7.56664	7.52871
-7.57484	7.48737
-7.60014	7.32827
-7.53258	7.71638
-7.53333	7.72628
-7.52705	7.74875
-7.51894	7.81472
-7.57354	7.47483
-7.61353	7.22423
-7.62917	7.15735
-7.56328	7.53197
-7.59714	7.34692
-7.55557	7.57474
-7.53566	7.6978
-7.60609	7.27625
-7.63123	7.11993
-7.58072	7.39304
-7.53998	7.62772
-7.54953	7.57747
-7.4699	8.02728
-7.41766	8.29355
-7.46649	8.00805
-7.51528	7.73388
-7.45771	8.0479
-7.47743	7.93911
-7.42494	8.20958
-7.39535	8.39833
-7.37555	8.49441
-7.45701	8.00729
-7.44731	8.12305
-7.35299	8.6723
-7.30809	8.93888
-7.35799	8.64972
-7.36057	8.64892
-7.36016	8.62803
-7.40516	8.37276
-7.40231	8.3769
-7.37991	8.48066
-7.34685	8.66739
-7.38425	8.49274
-7.4915	7.89654
-7.42387	8.26336
-7.51133	7.77269
-7.44854	8.1354
-7.39577	8.40208
-7.42585	8.26094
-7.44344	8.18646
-7.50391	7.82692
-7.50097	7.85198
-7.49071	7.90499
-7.47187	8.00336
-7.4018	8.37107
-7.49381	7.85891
-7.40731	8.33616
-7.39538	8.38819
-7.37015	8.51649
-7.35	8.6107
-7.39372	8.40033
-7.32039	8.82284
-7.40016	8.41936
-7.32073	8.85749
-7.37356	8.59559
-7.43699	8.22194
-7.44321	8.14447
-7.43449	8.22223
-7.46519	8.04867
-7.43872	8.18746
-7.42353	8.27756
-7.47318	8.05122
-7.50087	7.87918
-7.58835	7.40845
-7.4786	7.95637
-7.4446	8.1775
-7.44695	8.13786
-7.45734	8.07945
-7.40724	8.34841
-7.55291	7.54413
-7.62121	7.17178
-7.59996	7.27618
-7.60967	7.23969
-7.64895	7.04727
-7.65285	7.05291
-7.63854	7.10701
-7.60326	7.30761
-7.57247	7.47627
-7.60796	7.28003
-7.66001	7.00281
-7.57222	7.49135
-7.55004	7.57735
-7.61185	7.24564
-7.58345	7.40137
-7.55439	7.53881
-7.51924	7.72957
-7.55456	7.54092
-7.60081	7.2733
-7.60227	7.28786
-7.53276	7.71945
-7.59206	7.38361
-7.51041	7.81133
-7.52561	7.71242
-7.45193	8.11188
-7.44339	8.13707
-7.5308	7.65264
-7.4862	7.91533
-7.48698	7.87737
-7.49511	7.85768
-7.54482	7.58428
-7.53727	7.64077
-7.48573	7.94502
-7.48715	7.94095
-7.46732	8.02127
-7.54726	7.58609
-7.56216	7.50482
-7.50959	7.79741
-7.5089	7.7812
-7.5291	7.67023
-7.53353	7.60584
-7.4778	7.92313
-7.47238	7.94854
-7.45678	8.02285
-7.46419	8.00835
-7.47027	7.98497
-7.50287	7.80707
-7.43553	8.19385
-7.37254	8.55075
-7.38327	8.45639
-7.42203	8.23815
-7.40626	8.34176
-7.37434	8.52755
-7.36059	8.57807
-7.37188	8.52251
-7.41405	8.29009
-7.46369	7.98987
-7.52031	7.67595
-7.59656	7.28666
-7.59848	7.30633
-7.50541	7.80144
-7.45905	8.03332
-7.49929	7.79484
-7.56252	7.44373
-7.57064	7.3978
-7.52538	7.65505
-7.58022	7.36298
-7.62502	7.12743
-7.59159	7.30931
-7.57028	7.41723
-7.55813	7.4657
-7.54358	7.53673
-7.53551	7.60458
-7.50946	7.75015
-7.46537	7.9876
-7.49246	7.8615
-7.50778	7.80476
-7.41838	8.29048
-7.40319	8.35781
-7.40555	8.35061
-7.36531	8.55611
-7.43071	8.21183
-7.49948	7.82441
-7.57272	7.38957
-7.60549	7.19897
-7.55206	7.53237
-7.57994	7.3653
-7.55369	7.51645
-7.4394	8.1352
-7.55764	7.52077
-7.44372	8.15948
-7.39197	8.44957
-7.39625	8.4284
-7.48012	7.96246
-7.52231	7.69431
-7.49777	7.8587
-7.57781	7.3991
-7.63672	7.07655
-7.66564	6.92995
-7.70653	6.69521
-7.65467	6.95136
-7.67149	6.8788
-7.64736	7.01609
-7.65264	6.97494
-7.62656	7.09608
-7.65138	6.98811
-7.71994	6.60682
-7.61958	7.14362
-7.56673	7.45795
-7.53103	7.66223
-7.54344	7.57528
-7.67019	6.85171
-7.59752	7.25426
-7.55324	7.51846
-7.55578	7.53605
-7.57208	7.44285
-7.52124	7.70852
-7.64259	7.04457
-7.6148	7.18927
-7.56322	7.48417
-7.54114	7.61808
-7.54505	7.57698
-7.59174	7.34823
-7.59343	7.34272
-7.64432	7.08454
-7.66453	6.95302
-7.68187	6.87364
-7.72421	6.62
-7.74407	6.50575
-7.6553	6.97535
-7.73516	6.53003
-7.6829	6.82223
-7.66589	6.909
-7.60721	7.23519
-7.62766	7.1135
-7.58646	7.34149
-7.527	7.71626
-7.565	7.49364
-7.61418	7.19993
-7.60252	7.29508
-7.65676	7.00759
-7.64898	7.04007
-7.657	6.99263
-7.6291	7.20458
-7.6572	7.03985
-7.54638	7.63611
-7.54454	7.622
-7.56086	7.52846
-7.56877	7.509
-7.60638	7.32758
-7.60075	7.33424
-7.57988	7.47046
-7.56846	7.50854
-7.57364	7.47447
-7.58175	7.4158
-7.5642	7.4496
-7.52943	7.6824
-7.57673	7.42652
-7.62247	7.17597
-7.54693	7.58961
-7.51524	7.78018
-7.55877	7.51199
-7.58273	7.39343
-7.57631	7.44001
-7.60691	7.25643
-7.54751	7.56087
-7.59927	7.30189
-7.62283	7.15859
-7.65132	7.01088
-7.5669	7.46477
-7.61337	7.25346
-7.55283	7.62938
-7.52031	7.81147
-7.44625	8.21946
-7.51258	7.8399
-7.47606	8.03519
-7.49477	7.94845
-7.55376	7.6015
-7.6477	7.08284
-7.61595	7.22617
-7.58528	7.36859
-7.5633	7.46907
-7.56236	7.51199
-7.56287	7.49825
-7.52205	7.70583
-7.56634	7.44786
-7.5824	7.35357
-7.51369	7.70952
-7.56308	7.47769
-7.58516	7.35987
-7.5597	7.52731
-7.54606	7.63993
-7.55167	7.61137
-7.5625	7.54366
-7.6571	7.00093
-7.64848	7.07705
-7.56325	7.52669
-7.49685	7.85634
-7.47935	7.94462
-7.50228	7.82302
-7.53611	7.63694
-7.62603	7.12771
-7.62529	7.15018
-7.67147	6.89358
-7.62089	7.16384
-7.58162	7.38664
-7.49263	7.86619
-7.48304	7.94852
-7.48348	7.96134
-7.38157	8.56793
-7.40763	8.40409
-7.39155	8.43898
-7.40242	8.39915
-7.46483	8.06851
-7.47562	7.98497
-7.46138	8.04759
-7.48278	7.90983
-7.48682	7.92489
-7.46548	8.02839
-7.42699	8.26088
-7.46075	8.11189
-7.45836	8.1657
-7.46123	8.12638
-7.3821	8.54658
-7.3849	8.50372
-7.43739	8.24618
-7.43047	8.26078
-7.4918	7.92096
-7.51637	7.76756
-7.43368	8.2227
-7.4155	8.33124
-7.31242	8.87041
-7.39818	8.4288
-7.44548	8.16298
-7.4175	8.31938
-7.49162	7.89002
-7.46248	8.02062
-7.40166	8.36553
-7.44956	8.09671
-7.55704	7.51738
-7.5577	7.5007
-7.52928	7.65629
-7.4933	7.88129
-7.45075	8.11825
-7.46356	8.05165
-7.46517	8.02002
-7.49564	7.8375
-7.42752	8.21151
-7.42572	8.24245
-7.44879	8.1532
-7.34987	8.71372
-7.38916	8.47227
-7.40502	8.38462
-7.44352	8.19242
-7.39684	8.47523
-7.52392	7.75
-7.5142	7.78624
-7.48286	7.91293
-7.45639	8.06361
-7.5082	7.77205
-7.54033	7.5962
-7.53083	7.64606
-7.513	7.7461
-7.49852	7.84069
-7.44657	8.1442
-7.45297	8.10468
-7.47227	7.98294
-7.52368	7.70074
-7.5065	7.8084
-7.49789	7.82073
-7.57879	7.37232
-7.54268	7.56195
-7.62132	7.15102
-7.48453	7.92048
-7.47166	7.96903
-7.44261	8.11467
-7.41823	8.28936
-7.48827	7.90517
-7.41876	8.26777
-7.46162	8.04753
-7.53698	7.63286
-7.59622	7.31032
-7.58262	7.35339
-7.56417	7.46234
-7.60613	7.25111
-7.55619	7.51764
-7.44896	8.15793
-7.38618	8.46402
-7.45231	8.09689
-7.51709	7.72372
-7.46053	8.04925
-7.38529	8.48008
-7.32989	8.77544
-7.34837	8.71426
-7.33996	8.78536
-7.3341	8.82196
-7.40992	8.39516
-7.46352	8.08429
-7.42682	8.26649
-7.35158	8.70087
-7.35796	8.67249
-7.32232	8.86881
-7.31382	8.90165
-7.31423	8.88634
-7.26273	9.18335
-7.30902	8.93379
-7.29859	9.00587
-7.26119	9.25421
-7.26972	9.17547
-7.36571	8.64274
-7.28341	9.06694
-7.25574	9.19217
-7.28846	9.01887
-7.24799	9.26197
-7.32408	8.84201
-7.38069	8.53435
-7.3598	8.67852
-7.38588	8.57684
-7.2906	9.03084
-7.34899	8.72427
-7.34707	8.74121
-7.37172	8.60292
-7.31249	8.92298
-7.31073	8.92547
-7.42899	8.24885
-7.41341	8.31496
-7.42649	8.2754
-7.51173	7.80087
-7.50671	7.79069
-7.53403	7.62486
-7.49409	7.86991
-7.50049	7.85571
-7.45248	8.12808
-7.49205	7.90456
-7.45932	8.06855
-7.44956	8.13328
-7.44751	8.16034
-7.44888	8.1652
-7.46703	8.05091
-7.55727	7.56575
-7.51391	7.80953
-7.59083	7.37917
-7.58181	7.42641
-7.61376	7.24815
-7.60726	7.28306
-7.60193	7.34108
-7.52091	7.78904
-7.57532	7.48789
-7.5911	7.40176
-7.64023	7.08912
-7.56384	7.50813
-7.54742	7.58558
-7.59387	7.36101
-7.69457	6.78288
-7.65513	6.99496
-7.6142	7.24329
-7.54164	7.63613
-7.62533	7.16289
-7.6169	7.19113
-7.49741	7.80963
-7.53612	7.60332
-7.56173	7.48325
-7.54165	7.59221
-7.54495	7.57512
-7.60091	7.26966
-7.56276	7.49991
-7.54634	7.58687
-7.54156	7.63045
-7.54866	7.58444
-7.56672	7.46138
-7.55158	7.55422
-7.58585	7.35737
-7.59371	7.37589
-7.60249	7.31582
-7.45288	8.1219
-7.44474	8.14711
-7.50704	7.80222
-7.52206	7.72315
-7.40335	8.35807
-7.50993	7.76537
-7.48665	7.91416
-7.52972	7.70769
-7.54065	7.64265
-7.52195	7.71692
-7.60587	7.25567
-7.62829	7.12583
-7.62987	7.12297
-7.624	7.13593
-7.62675	7.1514
-7.60029	7.29638
-7.61705	7.20537
-7.59521	7.32883
-7.59706	7.31862
-7.66339	6.94383
-7.71197	6.67734
-7.76176	6.39205
-7.71806	6.64265
-7.65645	6.9713
-7.663	6.95275
-7.52822	7.68772
-7.52583	7.7133
-7.45729	8.09783
-7.48796	7.90457
-7.47994	7.97915
-7.50037	7.87153
-7.48309	7.96452
-7.51683	7.76987
-7.50305	7.80454
-7.40948	8.29447
-7.42869	8.2145
-7.47764	7.95416
-7.54178	7.60657
-7.49777	7.86769
-7.43057	8.19607
-7.48642	7.92654
-7.49908	7.84159
-7.50365	7.83753
-7.46782	8.04991
-7.49476	7.91984
-7.50165	7.88603
-7.51973	7.78931
-7.56821	7.49755
-7.47654	8.00992
-7.48499	7.9179
-7.50411	7.8577
-7.55732	7.55318
-7.54043	7.65922
-7.52122	7.73687
-7.49999	7.82324
-7.5442	7.59273
-7.58384	7.42274
-7.62249	7.16022
-7.6635	6.94925
-7.57011	7.46278
-7.62505	7.18555
-7.57997	7.42813
-7.59115	7.35771
-7.49283	7.87534
-7.45172	8.0811
-7.53697	7.58259
-7.45199	8.07209
-7.49754	7.86124
-7.47083	8.00943
-7.50512	7.82536
-7.55074	7.58315
-7.52632	7.68802
-7.56602	7.46938
-7.52265	7.71028
-7.53645	7.6141
-7.5159	7.75731
-7.45474	8.07416
-7.46826	8.00639
-7.41615	8.29768
-7.46122	8.04419
-7.45059	8.10588
-7.52559	7.73549
-7.52135	7.74726
-7.4224	8.30513
-7.35627	8.67213
-7.36854	8.61298
-7.36641	8.59481
-7.45614	8.11506
-7.51991	7.75455
-7.55111	7.56594
-7.59494	7.35785
-7.48322	7.97929
-7.43673	8.25162
-7.4057	8.40795
-7.4001	8.40022
-7.44627	8.18012
-7.48194	7.98579
-7.43241	8.25583
-7.40757	8.36282
-7.38118	8.48207
-7.38011	8.51007
-7.38091	8.4904
-7.34304	8.71203
-7.36931	8.58274
-7.48129	7.96317
-7.52477	7.6966
-7.52093	7.71984
-7.55799	7.51186
-7.61325	7.22332
-7.66462	6.9206
-7.64419	7.02306
-7.60268	7.23712
-7.57649	7.37175
-7.52778	7.6215
-7.56827	7.43248
-7.49064	7.85581
-7.48501	7.86981
-7.42041	8.21049
-7.42552	8.19614
-7.49674	7.83423
-7.44318	8.15002
-7.40623	8.32046
-7.44095	8.13738
-7.52594	7.66533
-7.56304	7.46179
-7.51216	7.75176
-7.46394	7.99246
-7.46378	8.02471
-7.47769	7.92085
-7.53433	7.5918
-7.52098	7.68047
-7.48906	7.83598
-7.47895	7.89723
-7.50463	7.76114
-7.43026	8.13287
-7.49367	7.80721
-7.57724	7.36011
-7.64152	6.9984
-7.63601	7.05701
-7.60214	7.25882
-7.61817	7.17792
-7.60552	7.26308
-7.567	7.49912
-7.55901	7.52444
-7.52812	7.72427
-7.55354	7.5873
-7.70715	6.6961
-7.62536	7.13611
-7.59841	7.28705
-7.6548	7.00548
-7.64992	7.03341
-7.57015	7.46823
-7.56978	7.47333
-7.62356	7.14032
-7.65234	7.01148
-7.68038	6.8521
-7.65889	6.99896
-7.66884	6.96486
-7.6752	6.90186
-7.58955	7.34844
-7.60851	7.21083
-7.57821	7.36752
-7.59754	7.2812
-7.55542	7.54323
-7.54389	7.61759
-7.5502	7.53002
-7.55569	7.53697
-7.58151	7.37573
-7.61876	7.1937
-7.60827	7.26105
-7.5908	7.40591
-7.56004	7.55557
-7.48789	7.94696
-7.48738	7.99337
-7.45129	8.16451
-7.44353	8.20297
-7.48713	7.96831
-7.5522	7.57654
-7.60812	7.26738
-7.68305	6.85301
-7.61839	7.19456
-7.63021	7.11902
-7.5655	7.46973
-7.56119	7.51659
-7.61065	7.22958
-7.6009	7.26519
-7.60713	7.27179
-7.61106	7.23762
-7.57281	7.4413
-7.5779	7.40073
-7.56589	7.45288
-7.55569	7.53363
-7.58487	7.3879
-7.63274	7.13791
-7.68113	6.85726
-7.63511	7.11296
-7.55358	7.57782
-7.6124	7.22802
-7.65777	6.97967
-7.7004	6.75504
-7.73814	6.52944
-7.7837	6.29505
-7.72351	6.63285
-7.75925	6.43426
-7.67596	6.88018
-7.58006	7.42402
-7.52268	7.75568
-7.54015	7.63161
-7.62817	7.17428
-7.64932	7.03897
-7.64192	7.0361
-7.64003	7.00854
-7.6513	6.9501
-7.63349	7.07157
-7.70895	6.69915
-7.63578	7.08423
-7.63567	7.07479
-7.62743	7.12579
-7.59294	7.288
-7.5451	7.58834
-7.52772	7.67805
-7.59283	7.35439
-7.65406	7.00387
-7.66589	6.95498
-7.71876	6.66772
-7.70446	6.72659
-7.67225	6.88984
-7.69681	6.73767
-7.72486	6.5792
-7.73875	6.51081
-7.74394	6.4776
-7.74467	6.49542
-7.76677	6.3536
-7.70638	6.6596
-7.61124	7.21697
-7.61738	7.18826
-7.57212	7.44087
-7.53657	7.62759
-7.62682	7.1192
-7.58845	7.30342
-7.52846	7.70316
-7.54049	7.6162
-7.56249	7.49524
-7.51606	7.75067
-7.55433	7.53602
-7.58853	7.30211
-7.60143	7.22226
-7.59734	7.23838
-7.68611	6.78138
-7.6541	7.00123
-7.67284	6.88046
-7.67795	6.87407
-7.67883	6.86688
-7.69623	6.76669
-7.71757	6.64517
-7.65478	6.98643
-7.70242	6.71462
-7.72741	6.56609
-7.66382	6.91065
-7.60115	7.25986
-7.63875	7.06974
-7.57799	7.38091
-7.65527	6.95923
-7.63965	7.04557
-7.6603	6.90172
-7.60576	7.26017
-7.63771	7.08979
-7.56391	7.50139
-7.55177	7.57638
-7.52156	7.75049
-7.58094	7.39467
-7.60371	7.28222
-7.58191	7.43061
-7.60537	7.29717
-7.61145	7.272
-7.60665	7.28844
-7.62702	7.15248
-7.59302	7.33051
-7.54602	7.58249
-7.57135	7.42337
-7.59531	7.31665
-7.53916	7.61612
-7.52411	7.69566
-7.56895	7.4675
-7.60125	7.30423
-7.51409	7.7859
-7.54883	7.56683
-7.58442	7.32787
-7.53316	7.65601
-7.57186	7.45387
-7.61394	7.19623
