	1	-7.64746	-7.64746	0
	2	-7.51593	-7.5817	0.0657621
	3	-7.53308	-7.56549	0.0412811
	4	-7.54394	-7.5601	0.0296833
	5	-7.56743	-7.56157	0.0230392
	6	-7.60139	-7.56821	0.0199478
	7	-7.61843	-7.57538	0.0183224
	8	-7.55296	-7.57258	0.0161132
	9	-7.56993	-7.57228	0.0142136
	10	-7.57825	-7.57288	0.012727
	11	-7.48543	-7.56493	0.0139903
	12	-7.57596	-7.56585	0.0128044
	13	-7.49594	-7.56047	0.0129479
	14	-7.49128	-7.55553	0.0129663
	15	-7.57642	-7.55692	0.0121511
	16	-7.50128	-7.55345	0.0118864
	17	-7.46224	-7.54808	0.0123873
	18	-7.52951	-7.54705	0.0117244
	19	-7.54181	-7.54677	0.0110936
	20	-7.62535	-7.5507	0.0112338
