1	1.60526	1.60526	0
2	1.31709	1.46118	0.144084
3	1.56905	1.49714	0.0906259
4	1.37613	1.46688	0.0708643
5	1.48665	1.47084	0.0550335
6	1.64703	1.5002	0.0536792
7	1.41768	1.48842	0.0468738
8	1.56935	1.49853	0.0418355
9	1.53916	1.50305	0.0371706
10	1.34547	1.48729	0.0367914
11	1.37415	1.477	0.0348323
12	1.66526	1.49269	0.035457
13	1.62198	1.50264	0.0340983
14	1.4024	1.49548	0.0323706
15	1.34408	1.48538	0.0317806
16	1.60564	1.4929	0.0306635
17	1.5464	1.49605	0.0289747
18	1.55019	1.49905	0.0274827
19	1.34989	1.4912	0.0271556
20	1.62425	1.49786	0.0266071
21	1.53293	1.49953	0.0253634
22	1.49895	1.4995	0.0241831
23	1.67335	1.50706	0.0243126
24	1.50013	1.50677	0.0232793
25	1.5672	1.50919	0.0224592
26	1.5008	1.50886	0.0215805
27	1.41912	1.50554	0.0210302
28	1.37541	1.50089	0.0207913
29	1.55301	1.50269	0.0201419
30	1.52413	1.5034	0.019472
31	1.45954	1.50199	0.0188865
32	1.588	1.50468	0.0184833
33	1.61621	1.50806	0.0182304
34	1.73924	1.51486	0.0189482
35	1.41423	1.51198	0.0186221
36	1.44038	1.50999	0.0182064
37	1.69773	1.51507	0.0184201
38	1.43528	1.51297	0.0180513
39	1.46914	1.51184	0.0176182
40	1.76661	1.51821	0.0183153
41	1.50632	1.51792	0.0178653
42	1.49086	1.51728	0.0174467
43	1.40051	1.51456	0.0172512
44	1.50964	1.51445	0.0168549
45	1.30691	1.50984	0.0171095
46	1.61869	1.51221	0.0168999
47	1.68691	1.51592	0.016949
48	1.5712	1.51707	0.0166321
49	1.68232	1.52045	0.0166345
50	1.40274	1.51809	0.0164676
51	1.4968	1.51767	0.0161469
52	1.51499	1.51762	0.0158334
53	1.51916	1.51765	0.0155318
54	1.57954	1.5188	0.0152845
55	1.35701	1.51586	0.0152896
56	1.37099	1.51327	0.0152354
57	1.59301	1.51467	0.0150309
58	1.31301	1.51119	0.0151732
59	1.42573	1.50974	0.014984
60	1.47554	1.50917	0.0147432
61	1.49331	1.50891	0.0145018
62	1.48211	1.50848	0.0142725
63	1.63625	1.51051	0.0141899
64	1.40627	1.50888	0.014061
65	1.61832	1.51056	0.013945
66	1.34101	1.50799	0.0139703
67	1.56838	1.5089	0.0137897
68	1.50825	1.50889	0.0135854
69	1.42168	1.50762	0.0134466
70	1.38931	1.50593	0.0133605
71	1.47234	1.50546	0.0131795
72	1.64509	1.5074	0.013139
73	1.47629	1.50697	0.0129648
74	1.40269	1.50556	0.0128658
75	1.52872	1.50587	0.0126969
76	1.49895	1.50578	0.012529
77	1.55011	1.50636	0.0123786
78	1.48025	1.50602	0.0122235
79	1.57027	1.50683	0.0120951
80	1.73676	1.50971	0.0122839
81	1.49587	1.50954	0.0121325
82	1.58989	1.51052	0.0120237
83	1.36547	1.50877	0.0120058
84	1.46594	1.50826	0.0118729
85	1.38434	1.5068	0.0118227
86	1.55124	1.50732	0.0116958
87	1.25945	1.50447	0.0119065
88	1.59869	1.50554	0.011819
89	1.62055	1.50683	0.0117567
90	1.86459	1.51081	0.0122861
91	1.70943	1.51299	0.0123449
92	1.45427	1.51235	0.0122266
93	1.52539	1.51249	0.0120952
94	1.51326	1.5125	0.0119659
95	1.67861	1.51425	0.0119677
96	1.50783	1.51418	0.0118425
97	1.51718	1.51421	0.0117199
98	1.56762	1.51476	0.0116124
99	1.69061	1.51654	0.011631
100	1.58211	1.51719	0.0115327
