1	0.222035	0.222035	0
2	0.207829	0.214932	0.00710318
3	0.21104	0.213635	0.00430138
4	0.20976	0.212666	0.00319203
5	0.221953	0.214523	0.00309248
6	0.209213	0.213638	0.00267561
7	0.208313	0.212878	0.00238585
8	0.206921	0.212133	0.00219626
9	0.196292	0.210373	0.00261716
10	0.216585	0.210994	0.00242187
11	0.229992	0.212721	0.00278959
12	0.208011	0.212329	0.00257661
13	0.214656	0.212508	0.00237689
14	0.194592	0.211228	0.00254559
15	0.218967	0.211744	0.00242532
16	0.191344	0.210469	0.00260242
17	0.223049	0.211209	0.0025541
18	0.213728	0.211349	0.0024121
19	0.194023	0.210437	0.0024571
20	0.210351	0.210433	0.00233101
21	0.215776	0.210687	0.00223179
22	0.208691	0.210596	0.00212986
23	0.206723	0.210428	0.00204211
24	0.218386	0.21076	0.00198309
25	0.227642	0.211435	0.00201842
26	0.217542	0.21167	0.00195341
27	0.20883	0.211565	0.00188261
28	0.19403	0.210938	0.00191917
29	0.208026	0.210838	0.00185453
30	0.213982	0.210943	0.00179471
31	0.209917	0.21091	0.00173617
32	0.207655	0.210808	0.00168411
33	0.218469	0.21104	0.0016487
34	0.231812	0.211651	0.00171218
35	0.225271	0.21204	0.00170748
36	0.215018	0.212123	0.00166143
37	0.20739	0.211995	0.00162096
38	0.219748	0.212199	0.00159086
39	0.218294	0.212355	0.00155739
40	0.206306	0.212204	0.00152548
41	0.217486	0.212333	0.00149337
42	0.214911	0.212394	0.00145867
43	0.204556	0.212212	0.00143596
44	0.214842	0.212272	0.00140422
45	0.214912	0.21233	0.00137391
46	0.207421	0.212224	0.00134795
47	0.211112	0.2122	0.00131917
48	0.208733	0.212128	0.00129341
49	0.224545	0.212381	0.00129184
50	0.213425	0.212402	0.00126591
51	0.226633	0.212681	0.00127183
52	0.216347	0.212752	0.00124912
53	0.236243	0.213195	0.00130302
54	0.238085	0.213656	0.00135921
55	0.200192	0.213411	0.00135654
56	0.215143	0.213442	0.00133245
57	0.211587	0.213409	0.00130927
58	0.219673	0.213517	0.00129103
59	0.220466	0.213635	0.00127441
60	0.203458	0.213466	0.00126442
61	0.20906	0.213393	0.00124561
62	0.208457	0.213314	0.00122794
63	0.214173	0.213327	0.00120837
64	0.216261	0.213373	0.00119022
65	0.206796	0.213272	0.00117613
66	0.223869	0.213433	0.00116925
67	0.201076	0.213248	0.00116634
68	0.21647	0.213296	0.00115003
69	0.200999	0.213117	0.00114717
70	0.214375	0.213135	0.00113081
71	0.219406	0.213224	0.00111826
72	0.213995	0.213234	0.00110267
73	0.226435	0.213415	0.00110239
74	0.219125	0.213492	0.00109013
75	0.210222	0.213449	0.00107638
76	0.212104	0.213431	0.00106227
77	0.188833	0.213112	0.00109597
78	0.212814	0.213108	0.00108184
79	0.230621	0.213329	0.00109082
80	0.224704	0.213472	0.00108644
81	0.208528	0.213411	0.00107468
82	0.221402	0.213508	0.00106596
83	0.222759	0.213619	0.00105892
84	0.226168	0.213769	0.00105685
85	0.205455	0.213671	0.00104891
86	0.212579	0.213658	0.00103672
87	0.201955	0.213524	0.00103353
88	0.228533	0.213694	0.00103585
89	0.208038	0.213631	0.00102612
90	0.232035	0.213835	0.00103506
91	0.210827	0.213802	0.00102415
92	0.206667	0.213725	0.00101592
93	0.224214	0.213837	0.00101125
94	0.218093	0.213883	0.00100146
95	0.21561	0.213901	0.000991026
96	0.209229	0.213852	0.000981856
97	0.206364	0.213775	0.000974743
98	0.207887	0.213715	0.000966614
99	0.217663	0.213755	0.000957631
100	0.211696	0.213734	0.00094823
