1	-0.494241	-0.494241	0
2	-0.482038	-0.488139	0.0061016
3	-0.494186	-0.490155	0.0040587
4	-0.479948	-0.487603	0.00384029
5	-0.485235	-0.48713	0.00301214
6	-0.487321	-0.487161	0.00245961
7	-0.47783	-0.485828	0.00246944
8	-0.483869	-0.485584	0.00215258
9	-0.488001	-0.485852	0.0019173
10	-0.48002	-0.485269	0.00181134
11	-0.477291	-0.484544	0.00179176
12	-0.478778	-0.484063	0.00170476
13	-0.483674	-0.484033	0.00156844
14	-0.482446	-0.48392	0.00145652
15	-0.483008	-0.483859	0.0013573
16	-0.475829	-0.483357	0.00136524
17	-0.480258	-0.483175	0.00129531
18	-0.479777	-0.482986	0.00123573
19	-0.487784	-0.483239	0.00119585
20	-0.478264	-0.48299	0.00116143
21	-0.49395	-0.483512	0.00122181
22	-0.479648	-0.483336	0.00117812
23	-0.479635	-0.483175	0.00113717
24	-0.492834	-0.483578	0.00116075
25	-0.489924	-0.483831	0.00114193
26	-0.479611	-0.483669	0.00110907
27	-0.47348	-0.483292	0.00113196
28	-0.472835	-0.482918	0.00115295
29	-0.469056	-0.48244	0.00121083
30	-0.488211	-0.482633	0.00118548
31	-0.480949	-0.482578	0.00114789
32	-0.48926	-0.482787	0.00113088
33	-0.489074	-0.482978	0.00111251
34	-0.477454	-0.482815	0.00109146
35	-0.481936	-0.48279	0.00106011
36	-0.487036	-0.482908	0.00103697
37	-0.484265	-0.482945	0.00100922
38	-0.480922	-0.482891	0.000983746
39	-0.47664	-0.482731	0.000971505
40	-0.490625	-0.482929	0.000967251
41	-0.481316	-0.482889	0.000944184
42	-0.48511	-0.482942	0.000922945
43	-0.481243	-0.482903	0.000902092
44	-0.49177	-0.483104	0.000904097
45	-0.472378	-0.482866	0.000915354
46	-0.483131	-0.482872	0.000895253
47	-0.485645	-0.482931	0.000877983
48	-0.489213	-0.483061	0.000869405
49	-0.485073	-0.483102	0.000852466
50	-0.48546	-0.48315	0.000836572
51	-0.478396	-0.483056	0.000825285
52	-0.494708	-0.48328	0.000839706
53	-0.481586	-0.483248	0.000824331
54	-0.472768	-0.483054	0.000831879
55	-0.471913	-0.482852	0.000841365
56	-0.481135	-0.482821	0.000826772
57	-0.490816	-0.482961	0.000824161
58	-0.474429	-0.482814	0.00082308
59	-0.469078	-0.482581	0.000841846
60	-0.480014	-0.482539	0.000828801
61	-0.488114	-0.48263	0.000820209
62	-0.49003	-0.482749	0.000815652
63	-0.48237	-0.482743	0.000802623
64	-0.476303	-0.482643	0.000796366
65	-0.48943	-0.482747	0.00079094
66	-0.482137	-0.482738	0.000778919
67	-0.487406	-0.482808	0.000770362
68	-0.47986	-0.482764	0.000760185
69	-0.484612	-0.482791	0.000749565
70	-0.479194	-0.48274	0.000740565
71	-0.481144	-0.482717	0.000730406
72	-0.487378	-0.482782	0.000723094
73	-0.475045	-0.482676	0.000720953
74	-0.477218	-0.482602	0.000714959
75	-0.483092	-0.482609	0.000705392
76	-0.490982	-0.482719	0.000704715
77	-0.48783	-0.482785	0.000698662
78	-0.484136	-0.482803	0.000689864
79	-0.48687	-0.482854	0.00068302
80	-0.489102	-0.482932	0.000678935
81	-0.484532	-0.482952	0.000670792
82	-0.484264	-0.482968	0.000662754
83	-0.485901	-0.483003	0.000655673
84	-0.477821	-0.482942	0.000650752
85	-0.48492	-0.482965	0.000643471
86	-0.48873	-0.483032	0.000639468
87	-0.470558	-0.482889	0.000648132
88	-0.484695	-0.482909	0.000641053
89	-0.484034	-0.482922	0.000633936
90	-0.490163	-0.483002	0.000631995
91	-0.488505	-0.483063	0.00062793
92	-0.485212	-0.483086	0.000621506
93	-0.479709	-0.48305	0.000615859
94	-0.486533	-0.483087	0.000610397
95	-0.484519	-0.483102	0.000604126
96	-0.484119	-0.483112	0.000597894
97	-0.479738	-0.483078	0.00059272
98	-0.487159	-0.483119	0.000588117
99	-0.491995	-0.483209	0.000589009
100	-0.489209	-0.483269	0.000586168
