1	0.00404	0.00404	0
2	0.02988	0.01696	0.01292
3	0.01332	0.0157467	0.0075574
4	0.0214	0.01716	0.00552763
5	0.04576	0.02288	0.00714501
6	-0.00196	0.01874	0.00715358
7	0.03152	0.0205657	0.00631553
8	0.04144	0.023175	0.00605993
9	0.03204	0.02416	0.00543437
10	0.009	0.022644	0.00509158
11	0.02456	0.0228182	0.0046088
12	0.04288	0.02449	0.00452723
13	0.03968	0.0256585	0.00432527
14	0.00628	0.0242743	0.0042369
15	0.0384	0.025216	0.0040552
16	0.03944	0.026105	0.00389607
17	0.04092	0.0269765	0.00376205
18	0.03684	0.0275244	0.00358897
19	0.0172	0.0269811	0.00343804
20	0.0252	0.026892	0.00326283
21	0.02148	0.0266343	0.00311425
22	0.0104	0.0258964	0.00305964
23	0.04976	0.0269339	0.00310224
24	0.03368	0.027215	0.00298344
25	0.0042	0.0262944	0.00300605
26	0.04056	0.0268431	0.00293978
27	0.038	0.0272563	0.00285882
28	0.01776	0.0269171	0.00277563
29	-0.0112	0.0256028	0.00298335
30	0.02656	0.0256347	0.00288237
31	-0.00856	0.0245316	0.00299813
32	0.047	0.0252338	0.00298663
33	0.01372	0.0248848	0.00291567
34	0.04468	0.0254671	0.00288791
35	0.0248	0.025448	0.00280425
36	0.0558	0.0262911	0.00285268
37	0.03724	0.026587	0.00279024
38	0.02208	0.0264684	0.00271841
39	0.032	0.0266103	0.00265159
40	0.05124	0.027226	0.00265678
41	0.0338	0.0273863	0.00259613
42	0.01152	0.0270086	0.00256157
43	0.03016	0.0270819	0.00250237
44	0.06448	0.0279318	0.00258837
45	-0.00508	0.0271982	0.0026344
46	0.03256	0.0273148	0.00257912
47	0.00624	0.0268664	0.00256318
48	0.02864	0.0269033	0.00250948
49	0.02564	0.0268776	0.00245787
50	-0.007	0.0262	0.00250171
51	0.0358	0.0263882	0.00245938
52	0.0474	0.0267923	0.00244524
53	0.01928	0.0266506	0.00240284
54	-0.0136	0.0259052	0.00247294
55	0.02764	0.0259367	0.00242776
56	0.00476	0.0255586	0.00241382
57	0.0488	0.0259663	0.0024059
58	0.01344	0.0257503	0.0023739
59	0.01788	0.0256169	0.00233713
60	0.00472	0.0252687	0.00232409
61	0.02968	0.025341	0.00228681
62	0.04152	0.0256019	0.00226471
63	0.04252	0.0258705	0.0022446
64	0.02716	0.0258906	0.00220934
65	0.03948	0.0260997	0.00218511
66	0.01484	0.0259291	0.0021585
67	0.04628	0.0262328	0.00214762
68	0.017	0.0260971	0.00212016
69	0.0146	0.0259304	0.00209584
70	0.01968	0.0258411	0.00206761
71	0.0292	0.0258885	0.00203883
72	0.00892	0.0256528	0.00202408
73	0.02024	0.0255786	0.00199754
74	0.05288	0.0259476	0.0020046
75	0.0346	0.0260629	0.00198106
76	0.05712	0.0264716	0.00199707
77	0.02748	0.0264847	0.00197101
78	0.0268	0.0264887	0.00194558
79	0.05152	0.0268056	0.00194675
80	0.02712	0.0268095	0.00192227
81	0.0266	0.0268069	0.00189839
82	-0.0228	0.026202	0.00197027
83	0.03904	0.0263566	0.00195252
84	0.04304	0.0265552	0.00193934
85	0.042	0.0267369	0.00192498
86	0.05248	0.0270363	0.00192587
87	0.01192	0.0268625	0.00191152
88	0.06276	0.0272705	0.0019332
89	0.07368	0.0277919	0.00198121
90	0.04816	0.0280182	0.0019721
91	0.02924	0.0280316	0.00195035
92	0.0326	0.0280813	0.00192968
93	0.00944	0.0278809	0.00191931
94	0.01064	0.0276974	0.00190762
95	0.00996	0.0275107	0.00189665
96	0.04996	0.0277446	0.0018913
97	0.01892	0.0276536	0.00187391
98	0.02196	0.0275955	0.0018556
99	0.01176	0.0274356	0.00184371
100	0.05244	0.0276856	0.00184223
