101	-0.00852	-0.00852	0
102	0.012	0.00174	0.01026
103	0.01156	0.00501333	0.00676786
104	-0.01148	0.00089	0.00631695
105	0.02392	0.005496	0.00671994
106	0.00436	0.00530667	0.00549007
107	0.02392	0.00796571	0.00534787
108	-0.01276	0.005375	0.00530675
109	0.00976	0.00586222	0.00470541
110	-0.00812	0.004464	0.00443483
111	-0.011	0.00305818	0.00425066
112	0.01732	0.00424667	0.00405823
113	-0.02448	0.00203692	0.00433803
114	-0.00548	0.0015	0.00405196
115	0.01076	0.00211733	0.00382235
116	0.01452	0.0028925	0.00365855
117	0.01988	0.00389176	0.00357894
118	-0.00792	0.00323556	0.00343747
119	-0.019	0.00206526	0.00345572
120	-0.01188	0.001368	0.00335171
121	-0.03784	-0.000499048	0.00369458
122	-0.03776	-0.00219273	0.00390865
123	0.01068	-0.00163304	0.00377655
124	-0.01388	-0.00214333	0.0036516
125	0.00516	-0.0018512	0.00351466
126	-0.005	-0.00197231	0.00337894
127	-0.02572	-0.00285185	0.00336825
128	0.0432	-0.00120714	0.00363866
129	-0.00332	-0.00128	0.0035117
130	-0.00084	-0.00126533	0.00339266
131	0.0434	0.000175484	0.00358378
132	0.01028	0.00049125	0.00348432
133	0.00084	0.000501818	0.0033771
134	-0.0018	0.000434118	0.00327697
135	0.01312	0.000796571	0.00320254
136	0.00024	0.000781111	0.00311235
137	0.05616	0.00227784	0.00337688
138	-0.0398	0.00117053	0.00346832
139	0.00656	0.00130872	0.00338105
140	0.01484	0.001647	0.00331275
141	0.03864	0.00254927	0.00335456
142	0.05164	0.0037181	0.00347612
143	0.00856	0.0038307	0.00339618
144	0.00544	0.00386727	0.0033183
145	-0.00596	0.00364889	0.00325106
146	0.00656	0.00371217	0.00318023
147	0.00644	0.00377021	0.00311237
148	-0.03288	0.00300667	0.00314106
149	0.00248	0.00299592	0.00307631
150	0.00908	0.0031176	0.00301661
151	-0.01004	0.00285961	0.0029681
152	-0.00064	0.00279231	0.00291124
153	-0.01112	0.00252981	0.00286782
154	0.00768	0.00262519	0.00281583
155	0.03592	0.00323055	0.00282967
156	0.01112	0.00337143	0.00278225
157	-0.04032	0.00260491	0.00283846
158	-0.0174	0.00226	0.00281034
159	-0.03252	0.00167051	0.00282449
160	-0.01112	0.00145733	0.00278519
161	0.00092	0.00144852	0.00273916
162	-0.01832	0.00112968	0.00271342
163	-0.01428	0.000885079	0.00268118
164	0.0096	0.00102125	0.00264247
165	-0.01596	0.00076	0.00261458
166	0.00148	0.000770909	0.00257469
167	-0.03796	0.000192836	0.00260102
168	-0.00608	0.000100588	0.00256414
169	-0.01596	-0.000132174	0.00253741
170	0.01124	3.02857e-05	0.00250617
171	-0.02156	-0.000273803	0.00248926
172	0.01256	-9.55556e-05	0.00246091
173	0.0046	-3.12329e-05	0.00242781
174	-0.0182	-0.000276757	0.00240733
175	0.03968	0.000256	0.00243404
176	0.00732	0.000348947	0.0024036
177	0.01568	0.000548052	0.00238052
178	-0.03416	0.000103077	0.00239156
179	0.03252	0.000513418	0.00239648
180	0.01456	0.000689	0.00237284
181	-0.00068	0.000672099	0.00234343
182	-0.01912	0.000430732	0.00232722
183	-0.00516	0.000363373	0.0023
184	0.0126	0.000509048	0.00227712
185	-0.00788	0.000410353	0.00225233
186	-0.01376	0.000245581	0.00223208
187	-0.02648	-6.16092e-05	0.00222756
188	-0.04104	-0.000527273	0.0022508
189	0.02356	-0.000256629	0.00224176
190	0.01224	-0.000117778	0.00222105
191	-0.00544	-0.000176264	0.00219729
192	-0.03424	-0.000546522	0.00220459
193	-0.00376	-0.000581075	0.00218103
194	-0.00872	-0.00066766	0.00215944
195	0.03252	-0.000318316	0.00216496
196	0.00508	-0.000262083	0.00214303
197	-0.01424	-0.000406186	0.00212571
198	0.00568	-0.000344082	0.00210482
199	-0.027	-0.000613333	0.00210078
200	-0.00384	-0.0006456	0.00207992
