101	-8e-05	-8e-05	0
102	-0.03424	-0.01716	0.01708
103	0.01968	-0.00488	0.0157493
104	-0.0218	-0.00911	0.0119127
105	0.0392	0.000552	0.0133605
106	-0.00216	0.0001	0.0109181
107	-0.02936	-0.00410857	0.0101419
108	0.02136	-0.000925	0.00934234
109	-0.0238	-0.00346667	0.0086223
110	-0.007	-0.00382	0.00772011
111	0.00564	-0.00296	0.00703586
112	-0.0076	-0.00334667	0.00643446
113	-0.00584	-0.00353846	0.00592195
114	-0.00092	-0.00335143	0.00548585
115	-0.00904	-0.00373067	0.00512111
116	0.00624	-0.0031075	0.00483072
117	-0.0026	-0.00307765	0.00453777
118	-0.02068	-0.00405556	0.00438859
119	-0.00856	-0.00429263	0.00415796
120	0.02104	-0.003026	0.00414296
121	0.01512	-0.0021619	0.00403436
122	0.00356	-0.00190182	0.0038554
123	-0.02068	-0.00271826	0.00377334
124	-0.0164	-0.00328833	0.0036574
125	-0.01184	-0.0036304	0.0035247
126	-0.00872	-0.00382615	0.00339207
127	0.01092	-0.00328	0.0033094
128	0.03436	-0.00193571	0.00346077
129	0.00716	-0.00162207	0.003354
130	0.02556	-0.000716	0.00336457
131	0.00616	-0.000494194	0.00326177
132	-0.00832	-0.00073875	0.00316765
133	-0.0142	-0.00114667	0.00309715
134	-0.00344	-0.00121412	0.00300543
135	-4e-05	-0.00118057	0.00291849
136	0.01468	-0.00074	0.00287028
137	-0.00068	-0.000738378	0.00279162
138	-0.02832	-0.00146421	0.00281244
139	0.02548	-0.000773333	0.00282516
140	-0.02836	-0.001463	0.00283867
141	0.00032	-0.00141951	0.00276891
142	-0.00628	-0.00153524	0.00270466
143	0.00912	-0.00128744	0.00265261
144	-0.03024	-0.00194545	0.00267385
145	-0.00184	-0.00194311	0.00261376
146	-0.00652	-0.00204261	0.00255824
147	0.00396	-0.00191489	0.00250648
148	0.00748	-0.00171917	0.0024615
149	-0.0312	-0.00232082	0.00248468
150	-0.0006	-0.0022864	0.00243473
151	0.02124	-0.0018251	0.00243068
152	0.02032	-0.00139923	0.00242123
153	-0.01004	-0.00156226	0.00238069
154	0.001	-0.00151481	0.00233667
155	-0.00788	-0.00163055	0.00229671
156	-0.0284	-0.00210857	0.00230543
157	0.0232	-0.00166456	0.00230774
158	0.00696	-0.00151586	0.00227247
159	-0.01464	-0.00173831	0.00224467
160	0.01208	-0.001508	0.00221893
161	0.01252	-0.00127803	0.00219433
162	0.02272	-0.000890968	0.00219308
163	0.012	-0.000686349	0.00216767
164	-0.01044	-0.00083875	0.00213896
165	0.01264	-0.000631385	0.00211598
166	0.02072	-0.000307879	0.00210864
167	0.03448	0.000211343	0.00214085
168	0.00468	0.000277059	0.00211015
169	0.00416	0.000333333	0.00208011
170	0.00788	0.000441143	0.00205301
171	-0.02536	7.77465e-05	0.00205625
172	0.01308	0.000258333	0.00203552
173	0.01076	0.000402192	0.00201259
174	0.00348	0.000443784	0.00198564
175	0.0038	0.000488533	0.0019595
176	0.01516	0.000681579	0.00194316
177	0.01656	0.000887792	0.00192881
178	0.00324	0.000917949	0.00190416
179	0.0096	0.00102785	0.00188311
180	0.00324	0.0010555	0.00185963
181	-0.00928	0.000927901	0.00184096
182	-0.00116	0.000902439	0.00181854
183	-0.00112	0.000878072	0.00179667
184	-0.0158	0.000679524	0.00178622
185	-0.02748	0.000348235	0.0017959
186	0.0122	0.000486047	0.00178024
187	0.00628	0.000552644	0.00176091
188	0.00356	0.000586818	0.00174112
189	0.01124	0.000706517	0.00172561
190	0.01248	0.000837333	0.00171133
191	0.025	0.00110286	0.00171312
192	-0.03112	0.000752609	0.00173022
193	-0.0156	0.000576774	0.00172053
194	-0.02152	0.000341702	0.00171828
195	-0.02636	6.06316e-05	0.00172317
196	0.0082	0.000145417	0.00170724
197	0.00268	0.000171546	0.00168975
198	-0.00824	8.57143e-05	0.00167462
199	-0.00332	5.13131e-05	0.00165797
200	-0.0044	6.8e-06	0.00164191
