101	97.4675	97.4675	0
102	73.0746	85.271	12.1965
103	76.8422	82.4614	7.58146
104	68.8058	79.0475	6.35564
105	49.0018	73.0384	7.76829
106	58.16	70.5586	6.81028
107	76.6712	71.4319	5.8216
108	89.8886	73.739	5.54446
109	31.3814	69.0326	6.78674
110	84.1264	70.542	6.25508
111	92.5843	72.5458	6.0023
112	88.8053	73.9008	5.64437
113	93.8955	75.4388	5.41509
114	97.567	77.0194	5.25666
115	73.4437	76.781	4.89948
116	90.5118	77.6392	4.6627
117	83.1912	77.9658	4.392
118	71.1214	77.5855	4.15824
119	78.9562	77.6577	3.93397
120	92.8467	78.4171	3.80857
121	75.961	78.3002	3.62456
122	94.0706	79.017	3.52945
123	75.757	78.8753	3.37548
124	94.5272	79.5274	3.29692
125	59.539	78.7279	3.26181
126	86.4949	79.0266	3.14805
127	99.2952	79.7773	3.12084
128	93.9982	80.2852	3.0499
129	71.1846	79.9714	2.95954
130	65.6922	79.4954	2.89854
131	85.6438	79.6938	2.81048
132	72.7542	79.4769	2.72987
133	75.2992	79.3503	2.64888
134	85.2227	79.523	2.57559
135	52.7038	78.7568	2.61567
136	67.6838	78.4492	2.56052
137	67.4027	78.1506	2.50818
138	87.277	78.3908	2.45307
139	83.6365	78.5253	2.39313
140	90.3653	78.8213	2.35124
141	74.9749	78.7275	2.29509
142	78.8734	78.731	2.23978
143	60.7354	78.3125	2.22676
144	95.4923	78.7029	2.21032
145	97.7837	79.1269	2.20186
146	80.5376	79.1576	2.15368
147	79.4576	79.164	2.10736
148	52.2384	78.603	2.1379
149	52.2518	78.0652	2.16177
150	80.5554	78.115	2.11868
151	89.5261	78.3388	2.08874
152	73.7168	78.2499	2.05011
153	47.0576	77.6614	2.0954
154	46.115	77.0772	2.13761
155	93.6022	77.3776	2.11978
156	83.2998	77.4834	2.08427
157	83.4966	77.5889	2.05009
158	64.7784	77.368	2.02651
159	86.6598	77.5255	1.99808
160	81.6168	77.5937	1.96568
161	55.0677	77.2244	1.96814
162	82.6691	77.3122	1.93813
163	36.0794	76.6577	2.0163
164	62.9848	76.4441	1.99601
165	72.5822	76.3847	1.96596
166	83.867	76.4981	1.93926
167	67.4874	76.3636	1.91482
168	85.4101	76.4966	1.89114
169	95.7888	76.7762	1.88439
170	78.1792	76.7962	1.85738
171	79.3187	76.8318	1.83138
172	78.5358	76.8554	1.80592
173	67.2486	76.7238	1.78586
174	90.2334	76.9064	1.771
175	63.1862	76.7235	1.75678
176	91.893	76.9231	1.74496
177	78.2125	76.9398	1.72223
178	68.7114	76.8343	1.70328
179	86.1741	76.9525	1.68573
180	93.0694	77.154	1.67667
181	94.9045	77.3731	1.67028
182	89.2862	77.5184	1.65617
183	70.8419	77.438	1.63807
184	70.3698	77.3538	1.62064
185	66.3987	77.225	1.60664
186	91.8309	77.3948	1.5969
187	75.7931	77.3764	1.57855
188	86.9552	77.4852	1.5643
189	89.8501	77.6242	1.55285
190	92.1234	77.7853	1.54393
191	82.4686	77.8367	1.52774
192	89.055	77.9587	1.51595
193	40.7168	77.5582	1.55211
194	84.2598	77.6295	1.53716
195	91.1995	77.7724	1.52759
196	93.2925	77.934	1.52021
197	47.0939	77.6161	1.53769
198	96.0136	77.8038	1.53345
199	72.3256	77.7485	1.51889
200	77.7731	77.7487	1.50363
