101	0.20064	0.20064	0
102	0.18431	0.192475	0.00816484
103	0.188365	0.191105	0.00490906
104	0.198822	0.193034	0.00397128
105	0.19804	0.194035	0.00323496
106	0.189305	0.193247	0.00275647
107	0.200595	0.194297	0.00255523
108	0.197118	0.194649	0.00224082
109	0.192947	0.19446	0.00198525
110	0.212622	0.196276	0.00253997
111	0.206047	0.197165	0.00246321
112	0.196349	0.197097	0.00224962
113	0.190265	0.196571	0.00213503
114	0.197433	0.196633	0.00197761
115	0.187805	0.196044	0.00193283
116	0.200314	0.196311	0.00182758
117	0.194335	0.196195	0.00172064
118	0.195982	0.196183	0.00162228
119	0.198702	0.196316	0.00154024
120	0.189341	0.195967	0.00150223
121	0.210026	0.196636	0.00157796
122	0.201219	0.196845	0.00151888
123	0.213024	0.197548	0.00161283
124	0.203555	0.197798	0.00156432
125	0.184462	0.197265	0.00159245
126	0.202035	0.197448	0.00154094
127	0.21112	0.197955	0.00156684
128	0.194942	0.197847	0.00151368
129	0.20655	0.198147	0.00149106
130	0.206596	0.198429	0.00146777
131	0.19879	0.19844	0.00141968
132	0.200542	0.198506	0.00137617
133	0.200975	0.198581	0.00133591
134	0.192253	0.198395	0.00130932
135	0.194815	0.198293	0.00127547
136	0.205312	0.198488	0.00125478
137	0.185266	0.19813	0.00127163
138	0.189316	0.197898	0.00125927
139	0.21456	0.198325	0.00129883
140	0.201052	0.198394	0.00126777
141	0.197528	0.198373	0.00123665
142	0.191512	0.198209	0.00121785
143	0.198813	0.198223	0.00118927
144	0.210794	0.198509	0.00119654
145	0.216896	0.198918	0.00123896
146	0.195252	0.198838	0.00121434
147	0.183918	0.19852	0.0012299
148	0.18405	0.198219	0.00124117
149	0.191398	0.19808	0.00122352
150	0.21543	0.198427	0.00124801
151	0.191775	0.198296	0.00123023
152	0.178272	0.197911	0.00126631
153	0.215998	0.198253	0.00128821
154	0.204921	0.198376	0.00127015
155	0.185405	0.19814	0.00126895
156	0.184358	0.197894	0.00127016
157	0.209627	0.1981	0.00126454
158	0.21224	0.198344	0.00126624
159	0.187255	0.198156	0.0012587
160	0.183267	0.197908	0.00126218
161	0.186771	0.197725	0.00125467
162	0.212604	0.197965	0.00125738
163	0.205725	0.198088	0.00124338
164	0.1799	0.197804	0.00125636
165	0.202186	0.197871	0.00123872
166	0.20923	0.198044	0.00123188
167	0.20016	0.198075	0.00121377
168	0.20196	0.198132	0.00119715
169	0.202726	0.198199	0.00118155
170	0.195133	0.198155	0.00116537
171	0.206445	0.198272	0.00115476
172	0.190838	0.198168	0.00114328
173	0.213916	0.198384	0.00114796
174	0.199924	0.198405	0.00113253
175	0.175948	0.198106	0.00115675
176	0.18363	0.197915	0.00115721
177	0.195967	0.19789	0.00114237
178	0.193473	0.197833	0.00112905
179	0.185327	0.197675	0.00112585
180	0.202968	0.197741	0.00111365
181	0.190038	0.197646	0.00110392
182	0.199502	0.197669	0.00109061
183	0.202524	0.197727	0.00107898
184	0.191288	0.19765	0.00106881
185	0.195872	0.19763	0.00105637
186	0.192114	0.197565	0.00104598
187	0.196985	0.197559	0.00103391
188	0.2088	0.197686	0.00103004
189	0.194918	0.197655	0.00101888
190	0.194988	0.197626	0.00100793
191	0.189902	0.197541	0.0010004
192	0.198971	0.197556	0.000989587
193	0.212083	0.197713	0.000991272
194	0.19766	0.197712	0.00098067
195	0.205971	0.197799	0.000974179
196	0.207203	0.197897	0.000968943
197	0.20363	0.197956	0.000960721
198	0.184851	0.197822	0.000960224
199	0.18481	0.197691	0.000959521
200	0.179478	0.197509	0.00096718
