101	-0.98304	-0.98304	0
102	-0.7508	-0.86692	0.11612
103	0.75512	-0.32624	0.544821
104	0.77496	-0.05094	0.473503
105	0.1346	-0.013832	0.368646
106	-0.60552	-0.112447	0.316741
107	0.81284	0.0197371	0.298552
108	0.92056	0.13234	0.282009
109	0.30896	0.151964	0.249482
110	-0.76616	0.060152	0.241293
111	-0.95176	-0.03184	0.236852
112	-0.25532	-0.0504633	0.217016
113	0.95292	0.02672	0.214028
114	0.9864	0.0952686	0.209673
115	0.19116	0.101661	0.1953
116	0.9366	0.153845	0.189993
117	0.88172	0.196661	0.183531
118	0.17452	0.195431	0.173039
119	-0.8236	0.141798	0.172242
120	-0.9532	0.087048	0.172331
121	0.77656	0.119882	0.167176
122	0.96428	0.158264	0.163952
123	0.1442	0.157652	0.156663
124	0.96796	0.191415	0.153746
125	-0.5078	0.163446	0.150097
126	0.80164	0.187992	0.146283
127	0.99596	0.217917	0.143906
128	0.96076	0.244447	0.141186
129	0.48352	0.252691	0.13648
130	-0.5036	0.227481	0.134241
131	-0.90072	0.191088	0.134842
132	-0.41552	0.172131	0.13193
133	-0.3628	0.155921	0.128893
134	-0.89296	0.125072	0.128793
135	-0.42172	0.109449	0.126031
136	0.76368	0.127622	0.123821
137	-0.675	0.10593	0.122367
138	-0.8906	0.0797053	0.121956
139	0.83776	0.0991426	0.120367
140	0.929	0.119889	0.11914
141	-0.76308	0.0983532	0.118176
142	-0.8586	0.0755686	0.117558
143	0.34136	0.0817498	0.114957
144	0.97196	0.101982	0.114122
145	0.98712	0.121652	0.113278
146	0.45288	0.128852	0.111022
147	-0.85328	0.107956	0.110626
148	-0.58304	0.09356	0.109249
149	-0.07528	0.0901143	0.107052
150	-0.43076	0.0796968	0.105405
151	0.9344	0.0964557	0.104668
152	0.6788	0.107655	0.103244
153	-0.06152	0.104463	0.101328
154	-0.00652	0.102407	0.099455
155	0.96224	0.118041	0.0988737
156	0.82464	0.130659	0.0979085
157	0.34096	0.134348	0.0962462
158	-0.51532	0.123147	0.0952333
159	-0.91616	0.105532	0.0952483
160	-0.77044	0.090932	0.0947786
161	-0.2158	0.0859036	0.0933474
162	-0.88288	0.0702781	0.0931494
163	-0.39312	0.0629225	0.0919536
164	0.6842	0.07263	0.0910245
165	0.6726	0.0818603	0.0900873
166	-0.1978	0.077623	0.088813
167	-0.58952	0.0676657	0.0880423
168	-0.80436	0.0548418	0.0876807
169	0.97528	0.0681814	0.0874244
170	0.82272	0.0789606	0.086838
171	0.47176	0.084493	0.0857848
172	-0.84564	0.0715744	0.0855657
173	0.39472	0.0760011	0.0845015
174	0.41172	0.0805378	0.0834751
175	0.17864	0.0818459	0.082365
176	-0.94084	0.0683895	0.0823805
177	0.30648	0.0714816	0.0813623
178	-0.02088	0.0702974	0.0803212
179	-0.89904	0.0580273	0.0802416
180	-0.92472	0.045743	0.0801789
181	-0.96308	0.0332884	0.0801564
182	-0.26204	0.0296868	0.0792547
183	0.65256	0.0371913	0.0786528
184	0.68028	0.0448471	0.078087
185	-0.57376	0.0375694	0.0775053
186	-0.94628	0.0261293	0.0774484
187	-0.8098	0.0165209	0.0771536
188	-0.89144	0.00620318	0.0769666
189	-0.61724	-0.000801798	0.0764186
190	0.94628	0.00972133	0.0762939
191	0.84108	0.0188571	0.076002
192	0.916	0.0286087	0.0758012
193	-0.14112	0.0267837	0.0750039
194	0.8924	0.0359923	0.0747709
195	0.94484	0.0455592	0.0745957
196	0.96048	0.0550896	0.0744273
197	0.46508	0.0593163	0.0737771
198	0.97548	0.0686649	0.0736164
199	-0.00236	0.0679475	0.0728726
200	-0.6448	0.06082	0.0724914
