101	1.27512	1.27512	0
102	1.3988	1.33696	0.06184
103	1.37064	1.34819	0.0374268
104	1.26452	1.32727	0.0337326
105	1.49744	1.3613	0.0429074
106	1.3416	1.35802	0.0351873
107	1.46552	1.37338	0.0334699
108	1.50792	1.3902	0.0335114
109	1.31324	1.38164	0.0307664
110	1.29844	1.37332	0.0287487
111	1.42372	1.37791	0.0264046
112	1.35056	1.37563	0.0242115
113	1.2788	1.36818	0.0234838
114	1.41164	1.37128	0.0219623
115	1.3568	1.37032	0.0204686
116	1.34616	1.36881	0.019206
117	1.33108	1.36659	0.0181769
118	1.29908	1.36284	0.0175429
119	1.59936	1.37529	0.0207443
120	1.33544	1.37329	0.0197803
121	1.51016	1.37981	0.0199117
122	1.45004	1.383	0.0192516
123	1.4334	1.38519	0.0185255
124	1.24208	1.37923	0.0187124
125	1.41672	1.38073	0.0180109
126	1.1708	1.37266	0.0190953
127	1.26948	1.36884	0.0187677
128	1.31412	1.36688	0.0181902
129	1.55188	1.37326	0.0186751
130	1.26068	1.36951	0.018428
131	1.29536	1.36712	0.0179834
132	1.39528	1.368	0.0174346
133	1.47436	1.37122	0.0172027
134	1.22872	1.36703	0.0172073
135	1.17188	1.36145	0.0176142
136	1.33004	1.36058	0.0171401
137	1.27892	1.35837	0.0168159
138	1.31352	1.35719	0.0164099
139	1.35428	1.35712	0.0159838
140	1.23356	1.35403	0.0158823
141	1.48952	1.35733	0.0158387
142	1.19164	1.35339	0.0159525
143	1.21544	1.35018	0.015904
144	1.4144	1.35164	0.0156068
145	1.23968	1.34915	0.0154575
146	1.38364	1.3499	0.0151364
147	1.37244	1.35038	0.0148186
148	1.291	1.34914	0.0145592
149	1.31136	1.34837	0.0142798
150	1.49988	1.3514	0.0143157
151	1.33092	1.351	0.0140379
152	1.36928	1.35135	0.0137698
153	1.28132	1.35003	0.013572
154	1.46148	1.3521	0.0134772
155	1.2418	1.35009	0.013381
156	1.36296	1.35032	0.0131419
157	1.37128	1.35069	0.0129146
158	1.45496	1.35249	0.0128166
159	1.37432	1.35286	0.012603
160	1.41528	1.3539	0.0124348
161	1.35892	1.35398	0.0122295
162	1.28536	1.35287	0.0120814
163	1.4104	1.35378	0.0119231
164	1.3654	1.35397	0.0117367
165	1.4416	1.35531	0.0116332
166	1.41696	1.35625	0.0114936
167	1.28728	1.35522	0.0113674
168	1.34348	1.35505	0.0112003
169	1.23264	1.35327	0.0111785
170	1.37764	1.35362	0.0110231
171	1.388	1.3541	0.0108775
172	1.35524	1.35412	0.0107254
173	1.42732	1.35512	0.0106249
174	1.38436	1.35552	0.0104878
175	1.22404	1.35377	0.0104944
176	1.41796	1.35461	0.0103898
177	1.3732	1.35485	0.0102569
178	1.2598	1.35363	0.0101976
179	1.3972	1.35418	0.0100828
180	1.56124	1.35677	0.0102868
181	1.36328	1.35685	0.0101594
182	1.1794	1.35469	0.0102654
183	1.50288	1.35647	0.0102969
184	1.31756	1.35601	0.0101842
185	1.29716	1.35532	0.0100874
186	1.39476	1.35578	0.00997999
187	1.29036	1.35503	0.00989322
188	1.35596	1.35504	0.00978016
189	1.37012	1.35521	0.00967113
190	1.40576	1.35577	0.00957955
191	1.47596	1.35709	0.00956533
192	1.35168	1.35703	0.00946097
193	1.43296	1.35785	0.00939423
194	1.42088	1.35852	0.00931792
195	1.34132	1.35834	0.00922109
196	1.25156	1.35722	0.00919207
197	1.38476	1.35751	0.00910124
198	1.42568	1.3582	0.00903471
199	1.1198	1.35579	0.00926153
200	1.4192	1.35643	0.00919035
