101	-0.45792	-0.45792	0
102	-0.46576	-0.46184	0.00392
103	-0.4652	-0.46296	0.00252518
104	-0.45816	-0.46176	0.00215134
105	-0.47208	-0.463824	0.00265274
106	-0.45824	-0.462893	0.00235744
107	-0.4592	-0.462366	0.00206108
108	-0.46576	-0.46279	0.00183468
109	-0.45536	-0.461964	0.00181647
110	-0.46	-0.461768	0.00163654
111	-0.46216	-0.461804	0.00148073
112	-0.45896	-0.461567	0.00137233
113	-0.46	-0.461446	0.0012681
114	-0.46728	-0.461863	0.00124579
115	-0.46736	-0.462229	0.00121629
116	-0.4704	-0.46274	0.00124709
117	-0.4576	-0.462438	0.00120982
118	-0.46328	-0.462484	0.00114159
119	-0.46912	-0.462834	0.00113491
120	-0.4588	-0.462632	0.0010954
121	-0.46504	-0.462747	0.00104822
122	-0.47064	-0.463105	0.00106189
123	-0.45568	-0.462783	0.00106479
124	-0.45104	-0.462293	0.00113079
125	-0.47592	-0.462838	0.00121388
126	-0.4556	-0.46256	0.00119902
127	-0.46928	-0.462809	0.0011803
128	-0.45112	-0.462391	0.00121156
129	-0.46232	-0.462389	0.00116904
130	-0.46344	-0.462424	0.00112994
131	-0.45376	-0.462145	0.00112805
132	-0.45352	-0.461875	0.00112499
133	-0.46232	-0.461888	0.00109045
134	-0.45744	-0.461758	0.00106596
135	-0.4716	-0.462039	0.00107257
136	-0.45448	-0.461829	0.00106329
137	-0.45992	-0.461777	0.00103544
138	-0.46384	-0.461832	0.00100928
139	-0.45784	-0.461729	0.000988378
140	-0.45152	-0.461474	0.000996589
141	-0.46592	-0.461582	0.000978008
142	-0.46304	-0.461617	0.000955069
143	-0.45712	-0.461513	0.000938439
144	-0.45976	-0.461473	0.000917728
145	-0.45976	-0.461435	0.000897909
146	-0.46248	-0.461457	0.000878467
147	-0.46072	-0.461442	0.000859716
148	-0.45944	-0.4614	0.000842647
149	-0.44944	-0.461156	0.000860609
150	-0.46104	-0.461154	0.000843224
151	-0.47672	-0.461459	0.000881082
152	-0.46312	-0.461491	0.000864562
153	-0.45704	-0.461407	0.00085224
154	-0.46872	-0.461542	0.000847204
155	-0.44784	-0.461293	0.000868171
156	-0.46616	-0.46138	0.000856945
157	-0.46176	-0.461387	0.000841803
158	-0.46056	-0.461372	0.000827285
159	-0.46648	-0.461459	0.000817738
160	-0.4632	-0.461488	0.000804517
161	-0.46024	-0.461468	0.000791482
162	-0.47272	-0.461649	0.000799484
163	-0.45936	-0.461613	0.00078753
164	-0.45416	-0.461496	0.000783826
165	-0.46656	-0.461574	0.000775595
166	-0.46784	-0.461669	0.000769631
167	-0.45496	-0.461569	0.000764642
168	-0.45552	-0.46148	0.000758548
169	-0.46992	-0.461602	0.000757416
170	-0.46152	-0.461601	0.000746518
171	-0.46168	-0.461602	0.000735929
172	-0.46208	-0.461609	0.000725666
173	-0.4576	-0.461554	0.000717761
174	-0.45648	-0.461485	0.000711307
175	-0.45128	-0.461349	0.00071483
176	-0.45936	-0.461323	0.000705847
177	-0.46232	-0.461336	0.00069674
178	-0.46344	-0.461363	0.000688278
179	-0.47	-0.461472	0.000688249
180	-0.47096	-0.461591	0.000689861
181	-0.46608	-0.461646	0.000683542
182	-0.46656	-0.461706	0.000677808
183	-0.47344	-0.461848	0.000684353
184	-0.45488	-0.461765	0.000681226
185	-0.46792	-0.461837	0.000677047
186	-0.46368	-0.461859	0.000669471
187	-0.46808	-0.46193	0.000665584
188	-0.45624	-0.461865	0.000661147
189	-0.46296	-0.461878	0.000653792
190	-0.4728	-0.461999	0.000657779
191	-0.45432	-0.461915	0.000655961
192	-0.4548	-0.461837	0.000653384
193	-0.45192	-0.461731	0.000655059
194	-0.46776	-0.461795	0.000651219
195	-0.46064	-0.461783	0.000644442
196	-0.45648	-0.461727	0.000640082
197	-0.45896	-0.461699	0.000634091
198	-0.46432	-0.461726	0.000628157
199	-0.46384	-0.461747	0.000622146
200	-0.46048	-0.461734	0.000616023
