101	0.195026	0.195026	0
102	0.185145	0.190086	0.00494032
103	0.196942	0.192371	0.00365499
104	0.192598	0.192428	0.00258509
105	0.205136	0.194969	0.00323567
106	0.200001	0.195808	0.00277183
107	0.203392	0.196891	0.00258103
108	0.204825	0.197883	0.00244536
109	0.218171	0.200137	0.00311967
110	0.1926	0.199384	0.00289033
111	0.213302	0.200649	0.00290448
112	0.201986	0.20076	0.00265376
113	0.1886	0.199825	0.00261419
114	0.191258	0.199213	0.00249643
115	0.196723	0.199047	0.00232998
116	0.198688	0.199025	0.00217961
117	0.208928	0.199607	0.00212865
118	0.193146	0.199248	0.00203876
119	0.21548	0.200102	0.00210924
120	0.198542	0.200024	0.00200252
121	0.190642	0.199578	0.00195647
122	0.186425	0.19898	0.00195888
123	0.188927	0.198543	0.00192214
124	0.194476	0.198373	0.00184809
125	0.210192	0.198846	0.00183458
126	0.209998	0.199275	0.00181404
127	0.200164	0.199308	0.00174587
128	0.207174	0.199589	0.00170566
129	0.194013	0.199397	0.00165699
130	0.184892	0.198913	0.00167222
131	0.189633	0.198614	0.00164485
132	0.209155	0.198943	0.00162633
133	0.216733	0.199482	0.00166591
134	0.205958	0.199673	0.00162736
135	0.186478	0.199296	0.00162452
136	0.195699	0.199196	0.00158191
137	0.1876	0.198882	0.00157016
138	0.183776	0.198485	0.00157914
139	0.200582	0.198539	0.00153906
140	0.193061	0.198402	0.00150632
141	0.189202	0.198177	0.00148616
142	0.202484	0.19828	0.00145397
143	0.197776	0.198268	0.0014198
144	0.204319	0.198406	0.00139396
145	0.216959	0.198818	0.00142364
146	0.194723	0.198729	0.00139519
147	0.198714	0.198729	0.00136518
148	0.191516	0.198578	0.00134486
149	0.200326	0.198614	0.00131761
150	0.197906	0.1986	0.00129106
151	0.186746	0.198367	0.00128667
152	0.193718	0.198278	0.00126484
153	0.20493	0.198404	0.00124708
154	0.20465	0.198519	0.00122922
155	0.192192	0.198404	0.00121214
156	0.194086	0.198327	0.00119279
157	0.188801	0.19816	0.00118354
158	0.206316	0.198301	0.00117142
159	0.209875	0.198497	0.00116799
160	0.189272	0.198343	0.00115861
161	0.193999	0.198272	0.00114168
162	0.197738	0.198263	0.00112314
163	0.196755	0.198239	0.00110543
164	0.191654	0.198136	0.00109288
165	0.196782	0.198115	0.00107614
166	0.198952	0.198128	0.00105978
167	0.200642	0.198166	0.00104452
168	0.185949	0.197986	0.00104461
169	0.18449	0.19779	0.00104777
170	0.192371	0.197713	0.0010356
171	0.185405	0.19754	0.00103552
172	0.194226	0.197494	0.00102207
173	0.190048	0.197392	0.00101312
174	0.203165	0.19747	0.00100238
175	0.19545	0.197443	0.00098929
176	0.214675	0.197669	0.00100217
177	0.200413	0.197705	0.000989713
178	0.193692	0.197654	0.000978296
179	0.19523	0.197623	0.00096632
180	0.194658	0.197586	0.000954884
181	0.191818	0.197515	0.000945706
182	0.178862	0.197287	0.0009614
183	0.184262	0.19713	0.000962624
184	0.188592	0.197029	0.000956511
185	0.204096	0.197112	0.000948841
186	0.203711	0.197189	0.000940877
187	0.200784	0.19723	0.000930917
188	0.195183	0.197207	0.000920571
189	0.20101	0.197249	0.000911172
190	0.199512	0.197274	0.000901342
191	0.199597	0.1973	0.000891747
192	0.192542	0.197248	0.000883516
193	0.215264	0.197442	0.000895176
194	0.190607	0.197369	0.000888581
195	0.202995	0.197428	0.00088117
196	0.180925	0.197257	0.000888728
197	0.199746	0.197282	0.000879892
198	0.202207	0.197333	0.000872316
199	0.201536	0.197375	0.000864503
200	0.187717	0.197278	0.000861247
