101	0.169522	0.169522	0
102	0.353787	0.261654	0.0921325
103	0.320568	0.281292	0.056702
104	0.483572	0.331862	0.0645359
105	0.39854	0.345198	0.0517375
106	0.339916	0.344317	0.0422526
107	0.373912	0.348545	0.0359594
108	0.190848	0.328833	0.0368562
109	0.209915	0.31562	0.0350871
110	0.297185	0.313777	0.0314369
111	0.159232	0.299727	0.0317172
112	0.260895	0.296491	0.029134
113	0.114175	0.282467	0.0302471
114	0.104832	0.269778	0.0307438
115	0.378752	0.277043	0.0295286
116	0.201819	0.272342	0.0280187
117	0.3064	0.274345	0.0263951
118	0.321248	0.276951	0.0250216
119	0.356238	0.281124	0.0240331
120	0.160338	0.275085	0.0235861
121	0.306847	0.276597	0.0224858
122	0.224133	0.274212	0.0215716
123	0.347525	0.2774	0.0208574
124	0.17856	0.273282	0.0203897
125	0.5061	0.282594	0.0216612
126	0.207852	0.27972	0.021009
127	0.0287629	0.270425	0.0222503
128	0.137108	0.265664	0.0219632
129	0.456488	0.272244	0.0221904
130	0.401669	0.276558	0.0218677
131	0.250056	0.275703	0.0211678
132	0.3456	0.277887	0.0206117
133	0.378049	0.280923	0.0202066
134	0.251392	0.280054	0.0196225
135	0.34738	0.281978	0.0191505
136	0.322968	0.283116	0.0186457
137	0.4787	0.288402	0.0188895
138	0.203877	0.286178	0.0185198
139	0.300539	0.286546	0.0180424
140	0.180622	0.283898	0.0177838
141	0.363672	0.285844	0.0174534
142	0.386303	0.288236	0.0171999
143	0.326815	0.289133	0.0168191
144	0.13099	0.285539	0.0168209
145	0.072192	0.280798	0.0171127
146	0.308511	0.2814	0.0167474
147	0.27392	0.281241	0.016388
148	0.404632	0.283812	0.0162476
149	0.4352	0.286901	0.0162097
150	0.304353	0.28725	0.015886
151	0.241816	0.286359	0.0155969
152	0.42204	0.288969	0.015515
153	0.393266	0.290936	0.0153461
154	0.297614	0.29106	0.0150598
155	0.184852	0.289129	0.014909
156	0.479252	0.292524	0.0150288
157	0.336946	0.293303	0.0147834
158	0.377876	0.294762	0.0145993
159	0.252718	0.294049	0.0143674
160	0.505568	0.297574	0.0145591
161	0.340987	0.298286	0.0143361
162	0.352306	0.299157	0.0141299
163	0.253736	0.298436	0.0139225
164	0.330208	0.298933	0.0137122
165	0.319877	0.299255	0.0135035
166	0.32176	0.299596	0.0133017
167	0.411008	0.301259	0.0132067
168	0.23387	0.300268	0.0130487
169	0.152155	0.298121	0.0130362
170	0.42158	0.299885	0.0129691
171	0.460923	0.302153	0.0129848
172	0.330936	0.302553	0.0128094
173	0.354529	0.303265	0.0126527
174	0.200084	0.301871	0.0125582
175	0.406476	0.303265	0.0124679
176	0.166523	0.301466	0.0124336
177	0.312288	0.301607	0.0122719
178	0.445952	0.303457	0.0122541
179	0.26814	0.30301	0.0121062
180	0.117728	0.300694	0.0121762
181	0.112046	0.298365	0.0122484
182	0.221102	0.297423	0.0121348
183	0.49412	0.299793	0.0122197
184	0.35762	0.300481	0.012093
185	0.47614	0.302548	0.0121272
186	0.199054	0.301344	0.0120456
187	0.362184	0.302044	0.0119269
188	0.223333	0.301149	0.0118245
189	0.1848	0.299842	0.0117637
190	0.15595	0.298243	0.0117416
191	0.244376	0.297651	0.011627
192	0.31232	0.297811	0.011501
193	0.348364	0.298354	0.0113896
194	0.271872	0.298072	0.0112713
195	0.238572	0.297446	0.0111696
196	0.185631	0.296281	0.0111139
197	0.36098	0.296948	0.0110189
198	0.113147	0.295073	0.011066
199	0.356699	0.295695	0.0109713
200	0.364524	0.296384	0.0108828
