101	1.29956	1.29956	0
102	1.42192	1.36074	0.06118
103	1.38116	1.36755	0.0359721
104	1.15276	1.31385	0.0594166
105	1.42848	1.33678	0.0514179
106	1.28324	1.32785	0.0429202
107	1.40736	1.33921	0.0380109
108	1.35692	1.34143	0.0329927
109	1.21568	1.32745	0.0322774
110	1.27212	1.32192	0.0293953
111	1.54356	1.34207	0.0333611
112	1.44852	1.35094	0.0317201
113	1.10568	1.33207	0.0347462
114	1.2878	1.32891	0.0323238
115	1.4714	1.33841	0.0315556
116	1.28476	1.33506	0.0297074
117	1.39628	1.33866	0.0281367
118	1.3596	1.33982	0.026553
119	1.46212	1.34626	0.0259283
120	1.48388	1.35314	0.0255421
121	1.61536	1.36563	0.0273163
122	1.20912	1.35851	0.0269992
123	1.27436	1.35485	0.0260567
124	1.27452	1.35151	0.025171
125	1.27172	1.34832	0.0243532
126	1.37044	1.34917	0.0234133
127	1.24596	1.34534	0.0228514
128	1.56264	1.3531	0.0233477
129	1.3386	1.3526	0.0225337
130	1.44684	1.35575	0.0219951
131	1.42916	1.35811	0.0214052
132	1.23868	1.35438	0.0210589
133	1.44188	1.35703	0.0205822
134	1.20164	1.35246	0.0204841
135	1.26552	1.34998	0.0200447
136	1.34672	1.34989	0.0194802
137	1.27944	1.34798	0.0190418
138	1.26116	1.3457	0.0186742
139	1.33752	1.34549	0.0181903
140	1.42156	1.34739	0.0178314
141	1.42648	1.34932	0.0174977
142	1.4106	1.35078	0.0171383
143	1.49224	1.35407	0.0170552
144	1.38632	1.3548	0.0166792
145	1.2982	1.35354	0.0163528
146	1.21664	1.35057	0.0162679
147	1.279	1.34905	0.0159907
148	1.366	1.3494	0.015658
149	1.46032	1.35166	0.0155013
150	1.36716	1.35197	0.0151913
151	1.52436	1.35535	0.0152693
152	1.44296	1.35704	0.0150672
153	1.20584	1.35418	0.015053
154	1.43032	1.35559	0.0148388
155	1.41608	1.35669	0.0146079
156	1.3368	1.35634	0.0143491
157	1.23336	1.35418	0.0142593
158	1.3494	1.3541	0.0140115
159	1.3166	1.35346	0.0137866
160	1.29096	1.35242	0.0135949
161	1.26012	1.35091	0.0134555
162	1.44736	1.35246	0.0133278
163	1.07188	1.34801	0.0138502
164	1.29464	1.34718	0.0136575
165	1.29908	1.34644	0.0134661
166	1.39756	1.34721	0.0132831
167	1.39516	1.34793	0.0131029
168	1.43208	1.34916	0.012968
169	1.42396	1.35025	0.0128245
170	1.47476	1.35203	0.0127645
171	1.28492	1.35108	0.0126189
172	1.21264	1.34916	0.0125901
173	1.38308	1.34962	0.0124251
174	1.27244	1.34858	0.0123004
175	1.32168	1.34822	0.0121406
176	1.43004	1.3493	0.012028
177	1.14552	1.34665	0.0121622
178	1.33048	1.34644	0.0120071
179	1.32812	1.34621	0.0118564
180	1.43368	1.34731	0.0117582
181	1.31212	1.34687	0.0116202
182	1.44488	1.34807	0.0115397
183	1.32548	1.34779	0.0114031
184	1.28556	1.34705	0.0112908
185	1.36332	1.34725	0.0111589
186	1.33768	1.34713	0.0110289
187	1.2372	1.34587	0.0109744
188	1.0984	1.34306	0.0112075
189	1.309	1.34268	0.0110875
190	1.32936	1.34253	0.0109646
191	1.33992	1.3425	0.0108435
192	1.33744	1.34244	0.0107251
193	1.58568	1.34506	0.0109268
194	1.50808	1.34679	0.0109481
195	1.29092	1.34621	0.0108482
196	1.30756	1.3458	0.0107422
197	1.50504	1.34744	0.0107569
198	1.25496	1.3465	0.0106883
199	1.29244	1.34595	0.0105939
200	1.27808	1.34528	0.0105093
