101	-0.99352	-0.99352	0
102	-0.96784	-0.98068	0.01284
103	-0.97328	-0.978213	0.00781279
104	-0.95624	-0.97272	0.0077908
105	-0.94968	-0.968112	0.00759286
106	-0.95832	-0.96648	0.00641076
107	-0.96872	-0.9668	0.00542752
108	-0.9864	-0.96925	0.00530056
109	-0.92016	-0.963796	0.00718355
110	-0.97856	-0.965272	0.00659262
111	-0.9888	-0.967411	0.00633524
112	-0.98208	-0.968633	0.00591104
113	-0.99208	-0.970437	0.00572869
114	-0.9928	-0.972034	0.00553906
115	-0.9672	-0.971712	0.00516664
116	-0.98584	-0.972595	0.00491295
117	-0.978	-0.972913	0.00462586
118	-0.9676	-0.972618	0.00437128
119	-0.96936	-0.972446	0.00413837
120	-0.98848	-0.973248	0.00400701
121	-0.97392	-0.97328	0.00381157
122	-0.98688	-0.973898	0.00368639
123	-0.97088	-0.973767	0.00352491
124	-0.988	-0.97436	0.00342655
125	-0.95176	-0.973456	0.00340869
126	-0.98368	-0.973849	0.00329849
127	-0.99816	-0.97475	0.00329921
128	-0.99024	-0.975303	0.00322698
129	-0.96296	-0.974877	0.00314267
130	-0.95888	-0.974344	0.00308258
131	-0.97904	-0.974495	0.00298533
132	-0.968	-0.974293	0.00289765
133	-0.96744	-0.974085	0.00281614
134	-0.9808	-0.974282	0.00273918
135	-0.95176	-0.973639	0.00273651
136	-0.96328	-0.973351	0.00267493
137	-0.95968	-0.972982	0.00262773
138	-0.98488	-0.973295	0.00257674
139	-0.97584	-0.97336	0.00251065
140	-0.98664	-0.973692	0.0024695
141	-0.96872	-0.973571	0.00241157
142	-0.96808	-0.97344	0.00235708
143	-0.95792	-0.973079	0.00232974
144	-0.99136	-0.973495	0.00231378
145	-0.9952	-0.973977	0.00231264
146	-0.97408	-0.973979	0.00226181
147	-0.976	-0.974022	0.00221358
148	-0.94872	-0.973495	0.00223016
149	-0.944	-0.972893	0.0022656
150	-0.97344	-0.972904	0.00221985
151	-0.98072	-0.973057	0.00218128
152	-0.96728	-0.972946	0.00214181
153	-0.94552	-0.972429	0.0021638
154	-0.94536	-0.971927	0.00218171
155	-0.98624	-0.972188	0.00215743
156	-0.97376	-0.972216	0.00211874
157	-0.97448	-0.972255	0.00208162
158	-0.96224	-0.972083	0.00205269
159	-0.97936	-0.972206	0.00202136
160	-0.9716	-0.972196	0.00198741
161	-0.95216	-0.971868	0.00198197
162	-0.97448	-0.97191	0.00195019
163	-0.92904	-0.971229	0.00203607
164	-0.9604	-0.97106	0.00201113
165	-0.96512	-0.970969	0.00198206
166	-0.978	-0.971075	0.0019547
167	-0.9656	-0.970993	0.00192704
168	-0.98136	-0.971146	0.0019046
169	-0.98984	-0.971417	0.00189625
170	-0.96968	-0.971392	0.00186913
171	-0.97184	-0.971398	0.00184262
172	-0.96928	-0.971369	0.00181709
173	-0.96256	-0.971248	0.00179608
174	-0.98576	-0.971444	0.00178247
175	-0.96168	-0.971314	0.00176335
176	-0.98816	-0.971536	0.00175406
177	-0.9764	-0.971599	0.00173228
178	-0.9632	-0.971491	0.00171331
179	-0.97968	-0.971595	0.00169466
180	-0.9924	-0.971855	0.00169343
181	-0.99264	-0.972112	0.00169196
182	-0.98336	-0.972249	0.00167682
183	-0.96504	-0.972162	0.00165877
184	-0.96824	-0.972115	0.00163957
185	-0.95968	-0.971969	0.00162676
186	-0.98536	-0.972125	0.00161526
187	-0.97104	-0.972112	0.00159663
188	-0.98312	-0.972237	0.00158333
189	-0.986	-0.972392	0.00157306
190	-0.98864	-0.972572	0.00156592
191	-0.98072	-0.972662	0.00155121
192	-0.984	-0.972785	0.00153919
193	-0.93768	-0.972408	0.00156865
194	-0.9792	-0.97248	0.00155355
195	-0.98368	-0.972598	0.00154163
196	-0.98592	-0.972737	0.00153178
197	-0.94176	-0.972417	0.00154918
198	-0.99216	-0.972619	0.00154647
199	-0.96584	-0.97255	0.0015323
200	-0.96768	-0.972502	0.00151768
