101	-0.456	-0.456	0
102	-0.45912	-0.45756	0.00156
103	-0.45832	-0.457813	0.000935616
104	-0.45784	-0.45782	0.000661614
105	-0.46	-0.458256	0.000672857
106	-0.46576	-0.459507	0.00136601
107	-0.46648	-0.460503	0.00152488
108	-0.4644	-0.46099	0.00140757
109	-0.45136	-0.45992	0.00163886
110	-0.4628	-0.460208	0.00149387
111	-0.46432	-0.460582	0.00140201
112	-0.45552	-0.46016	0.00134757
113	-0.45424	-0.459705	0.00132059
114	-0.45736	-0.459537	0.00123404
115	-0.46352	-0.459803	0.00117912
116	-0.46072	-0.45986	0.00110445
117	-0.46424	-0.460118	0.00106897
118	-0.4588	-0.460044	0.00101049
119	-0.4652	-0.460316	0.000993593
120	-0.47152	-0.460876	0.00109651
121	-0.45672	-0.460678	0.0010616
122	-0.46552	-0.460898	0.00103585
123	-0.45584	-0.460678	0.00101393
124	-0.45352	-0.46038	0.00101555
125	-0.4628	-0.460477	0.000978875
126	-0.47352	-0.460978	0.00106591
127	-0.45992	-0.460939	0.00102642
128	-0.4668	-0.461149	0.00101098
129	-0.45912	-0.461079	0.000978005
130	-0.45328	-0.460819	0.000979951
131	-0.46544	-0.460968	0.000959465
132	-0.4548	-0.460775	0.000948781
133	-0.45576	-0.460623	0.000932054
134	-0.46232	-0.460673	0.000905601
135	-0.44832	-0.46032	0.000947532
136	-0.4688	-0.460556	0.000950487
137	-0.45792	-0.460484	0.000927182
138	-0.46672	-0.460648	0.00091725
139	-0.464	-0.460734	0.000897545
140	-0.46344	-0.460802	0.00087743
141	-0.45312	-0.460615	0.000876033
142	-0.4648	-0.460714	0.000860709
143	-0.46232	-0.460752	0.000841283
144	-0.46192	-0.460778	0.00082237
145	-0.46792	-0.460937	0.000819404
146	-0.45504	-0.460809	0.000811581
147	-0.4596	-0.460783	0.000794542
148	-0.46296	-0.460828	0.000779134
149	-0.45744	-0.460759	0.000766194
150	-0.46088	-0.460762	0.000750718
151	-0.46424	-0.46083	0.000739005
152	-0.47216	-0.461048	0.000756702
153	-0.4676	-0.461171	0.000752512
154	-0.47464	-0.461421	0.000779431
155	-0.46352	-0.461459	0.000766079
156	-0.46184	-0.461466	0.000752306
157	-0.44864	-0.461241	0.000772487
158	-0.45992	-0.461218	0.000759393
159	-0.46832	-0.461338	0.000756055
160	-0.46952	-0.461475	0.000755751
161	-0.46152	-0.461475	0.000743259
162	-0.46856	-0.46159	0.000740048
163	-0.45648	-0.461509	0.000732709
164	-0.46456	-0.461556	0.000722744
165	-0.45672	-0.461482	0.000715417
166	-0.466	-0.46155	0.000707812
167	-0.464	-0.461587	0.000698126
168	-0.45984	-0.461561	0.000688263
169	-0.46616	-0.461628	0.000681481
170	-0.46232	-0.461638	0.000671748
171	-0.45832	-0.461591	0.000663866
172	-0.45816	-0.461543	0.000656313
173	-0.45944	-0.461515	0.000647901
174	-0.46304	-0.461535	0.000639418
175	-0.46096	-0.461527	0.000630881
176	-0.466	-0.461586	0.0006253
177	-0.45568	-0.46151	0.000621875
178	-0.46624	-0.46157	0.000616839
179	-0.47224	-0.461705	0.000623778
180	-0.4616	-0.461704	0.000615933
181	-0.46312	-0.461721	0.000608532
182	-0.45344	-0.46162	0.000609491
183	-0.46856	-0.461704	0.00060788
184	-0.4664	-0.46176	0.000603196
185	-0.4592	-0.46173	0.000596818
186	-0.46696	-0.461791	0.000592964
187	-0.46576	-0.461836	0.000587882
188	-0.464	-0.461861	0.000581683
189	-0.46184	-0.461861	0.00057511
190	-0.46096	-0.461851	0.000568772
191	-0.46656	-0.461902	0.000564863
192	-0.46464	-0.461932	0.000559481
193	-0.46736	-0.461991	0.000556501
194	-0.46456	-0.462018	0.000551227
195	-0.46152	-0.462013	0.000545419
196	-0.46248	-0.462017	0.00053973
197	-0.466	-0.462059	0.000535712
198	-0.46152	-0.462053	0.000530246
199	-0.46872	-0.46212	0.000529165
200	-0.46312	-0.46213	0.000523942
