1	-0.00608	-0.00608	0
2	-0.06148	-0.03378	0.0277
3	0.0354	-0.01072	0.0280629
4	0.0312	-0.00024	0.0224409
5	0.00984	0.001776	0.0174992
6	-0.03816	-0.00488	0.0157623
7	0.00664	-0.00323429	0.0134228
8	0.00568	-0.00212	0.0116778
9	-0.04032	-0.00636444	0.0111392
10	-0.08288	-0.014016	0.0125623
11	-0.01676	-0.0142655	0.0113658
12	-0.03244	-0.01578	0.0104854
13	0.03488	-0.0118831	0.0104027
14	-0.00332	-0.0112714	0.00965042
15	-0.01924	-0.0118027	0.00899975
16	-0.01008	-0.011695	0.00841918
17	-0.01532	-0.0119082	0.00791132
18	-0.05656	-0.0143889	0.00786055
19	0.0164	-0.0127684	0.00760987
20	0.0032	-0.01197	0.00726337
21	0.0504	-0.009	0.00752018
22	-0.02392	-0.00967818	0.00720221
23	-0.043	-0.011127	0.00703279
24	-0.04868	-0.0126917	0.0069128
25	-0.0474	-0.01408	0.00677431
26	-0.0268	-0.0145692	0.00652691
27	0.00256	-0.0139348	0.00631248
28	-0.00696	-0.0136857	0.00608796
29	0.02336	-0.0124083	0.00601157
30	0.0126	-0.0115747	0.00586725
31	0.04576	-0.00972516	0.00596862
32	0.01944	-0.00881375	0.00585052
33	-0.07008	-0.0106703	0.00596665
34	-0.04708	-0.0117412	0.00588672
35	0.026	-0.0106629	0.00581688
36	-0.0742	-0.0124278	0.00592209
37	0.05404	-0.0106314	0.00603346
38	-0.06256	-0.0119979	0.00602944
39	-0.04528	-0.0128513	0.00593448
40	-0.05704	-0.013956	0.00588877
41	0.00412	-0.0135151	0.00576024
42	-0.01968	-0.0136619	0.00562333
43	0.04072	-0.0123972	0.00563476
44	0.06284	-0.0106873	0.00576465
45	0.01552	-0.0101049	0.00566511
46	0.03192	-0.0091913	0.0056154
47	0.05644	-0.00779489	0.00566929
48	0.01624	-0.00729417	0.00557247
49	0.04884	-0.00614857	0.0055765
50	0.01276	-0.0057704	0.0054769
51	0.03552	-0.00496078	0.00542914
52	0.06468	-0.00362154	0.00548958
53	0.00288	-0.00349887	0.00538641
54	0.02524	-0.00296667	0.00531244
55	-0.07288	-0.00423782	0.00536764
56	-0.0078	-0.00430143	0.00527131
57	0.00736	-0.00409684	0.00518204
58	0.0298	-0.00351241	0.00512534
59	0.02204	-0.00307932	0.0050563
60	-8e-05	-0.00302933	0.00497157
61	0.0338	-0.00242557	0.00492653
62	0.01316	-0.00217419	0.00485293
63	0.01164	-0.00195492	0.00478031
64	0.0364	-0.00135563	0.00474304
65	0.01628	-0.00108431	0.00467737
66	-0.02248	-0.00140848	0.00461735
67	-0.0128	-0.00157851	0.00455109
68	-0.02272	-0.00188941	0.00449443
69	0.00208	-0.00183188	0.00442919
70	-0.00804	-0.00192057	0.00436636
71	-0.02008	-0.00217634	0.00431201
72	-0.06956	-0.00311222	0.00435349
73	-0.04624	-0.00370301	0.00433389
74	-0.03196	-0.00408486	0.00429195
75	0.05924	-0.00324053	0.00431769
76	0.0442	-0.00261632	0.00430599
77	-0.06544	-0.00343221	0.00432731
78	0.00612	-0.00330974	0.00427323
79	0.026	-0.00293873	0.00423507
80	-0.092	-0.004052	0.00432745
81	-0.01296	-0.00416198	0.0042751
82	0.12684	-0.00256439	0.00451475
83	-0.02536	-0.00283904	0.00446848
84	-0.0338	-0.00320762	0.00443032
85	-0.01156	-0.00330588	0.00437899
86	0.01916	-0.00304465	0.00433565
87	-0.01052	-0.00313057	0.00428638
88	-0.03868	-0.00353455	0.00425661
89	0.00308	-0.00346022	0.00420917
90	-0.0286	-0.00373956	0.0041715
91	-0.01292	-0.00384044	0.00412663
92	-0.03668	-0.00419739	0.00409711
93	-0.01708	-0.00433591	0.00405518
94	0.02124	-0.00406383	0.00402103
95	0.01816	-0.00382989	0.00398535
96	-0.00388	-0.00383042	0.00394362
97	-0.02088	-0.00400619	0.0039067
98	-0.08136	-0.00479551	0.00394638
99	-0.05088	-0.00526101	0.00393395
100	0.03	-0.0049084	0.00391034
