1	0.34337	0.34337	0
2	0.323825	0.333597	0.0097726
3	0.346245	0.337813	0.00704333
4	0.34846	0.340475	0.00564705
5	0.344676	0.341315	0.00445415
6	0.328827	0.339234	0.00419026
7	0.322397	0.336829	0.00428102
8	0.338622	0.337053	0.00371424
9	0.324873	0.3357	0.00354418
10	0.347272	0.336857	0.00337465
11	0.357473	0.338731	0.00358192
12	0.366701	0.341062	0.00401556
13	0.335061	0.3406	0.00372251
14	0.308846	0.338332	0.00412578
15	0.346572	0.338881	0.00387997
16	0.333114	0.338521	0.00364723
17	0.320585	0.337466	0.00358476
18	0.332379	0.337183	0.00339154
19	0.370263	0.338924	0.00365006
20	0.33102	0.338529	0.00348523
21	0.316189	0.337465	0.00348162
22	0.296928	0.335623	0.00379669
23	0.334626	0.335579	0.00362812
24	0.338574	0.335704	0.0034759
25	0.319803	0.335068	0.0033941
26	0.324977	0.33468	0.00328397
27	0.308471	0.333709	0.00330573
28	0.311414	0.332913	0.00328349
29	0.326931	0.332707	0.00317495
30	0.361251	0.333658	0.00321148
31	0.325316	0.333389	0.0031178
32	0.35926	0.334198	0.00312517
33	0.333973	0.334191	0.003029
34	0.313462	0.333581	0.00300114
35	0.344687	0.333898	0.00293136
36	0.300133	0.332961	0.0029992
37	0.324463	0.332731	0.00292604
38	0.290623	0.331623	0.00305597
39	0.357417	0.332284	0.00304917
40	0.343898	0.332574	0.00298611
41	0.331209	0.332541	0.00291256
42	0.33261	0.332543	0.00284237
43	0.316633	0.332173	0.00280004
44	0.328476	0.332089	0.00273695
45	0.362386	0.332762	0.00275885
46	0.350997	0.333158	0.00272717
47	0.320165	0.332882	0.0026828
48	0.385986	0.333988	0.00284982
49	0.341417	0.33414	0.00279517
50	0.321794	0.333893	0.00274981
51	0.343167	0.334075	0.00270148
52	0.337815	0.334147	0.00264999
53	0.320688	0.333893	0.00261189
54	0.293981	0.333154	0.0026675
55	0.333801	0.333166	0.00261858
56	0.308349	0.332722	0.0026093
57	0.339942	0.332849	0.00256624
58	0.321064	0.332646	0.00252978
59	0.338291	0.332742	0.00248838
60	0.336473	0.332804	0.00244734
61	0.31744	0.332552	0.00242003
62	0.322651	0.332392	0.00238603
63	0.298195	0.331849	0.00240978
64	0.325482	0.33175	0.00237391
65	0.326702	0.331672	0.0023384
66	0.317732	0.331461	0.00231236
67	0.292942	0.330886	0.00234903
68	0.338999	0.331005	0.0023173
69	0.285399	0.330344	0.0023772
70	0.319575	0.330191	0.00234804
71	0.323626	0.330098	0.00231658
72	0.308626	0.3298	0.00230356
73	0.313833	0.329581	0.00228229
74	0.326989	0.329546	0.00225151
75	0.331465	0.329572	0.00222144
76	0.343721	0.329758	0.00219991
77	0.297234	0.329335	0.00221185
78	0.332912	0.329381	0.00218379
79	0.304017	0.32906	0.00217975
80	0.313411	0.328865	0.0021612
81	0.344394	0.329056	0.00214295
82	0.368036	0.329532	0.00216937
83	0.347988	0.329754	0.00215458
84	0.374777	0.33029	0.00219522
85	0.336017	0.330357	0.00217028
86	0.317976	0.330213	0.00214972
87	0.321909	0.330118	0.00212701
88	0.355996	0.330412	0.00212317
89	0.310958	0.330194	0.00211053
90	0.331506	0.330208	0.002087
91	0.303069	0.32991	0.00208537
92	0.314278	0.32974	0.00206956
93	0.289724	0.32931	0.00209192
94	0.329961	0.329317	0.00206956
95	0.326826	0.32929	0.00204782
96	0.34481	0.329452	0.00203282
97	0.351686	0.329681	0.00202477
98	0.354761	0.329937	0.00202027
99	0.338032	0.330019	0.00200143
100	0.327814	0.329997	0.00198144
