1	3.14394	3.14394	0
2	2.95283	3.04839	0.0955556
3	2.80444	2.96707	0.0982625
4	3.27727	3.04462	0.104124
5	4.02999	3.24169	0.212938
6	3.03384	3.20705	0.177281
7	3.24753	3.21283	0.149941
8	3.18139	3.2089	0.129913
9	3.23982	3.21234	0.114624
10	3.82222	3.27333	0.119291
11	3.81399	3.32248	0.11857
12	2.51964	3.25558	0.127247
13	2.80877	3.22121	0.121992
14	3.52978	3.24325	0.115073
15	3.18916	3.23964	0.107188
16	2.73647	3.20819	0.105081
17	3.57161	3.22957	0.100995
18	3.27419	3.23205	0.0952511
19	3.11301	3.22578	0.0903161
20	3.23733	3.22636	0.0856834
21	2.85902	3.20887	0.0833572
22	3.44747	3.21971	0.0802145
23	3.35247	3.22549	0.0768646
24	3.16664	3.22303	0.0736331
25	3.10347	3.21825	0.0707882
26	3.22643	3.21857	0.0680118
27	3.02317	3.21133	0.0658433
28	3.68593	3.22828	0.0656732
29	3.80231	3.24807	0.0663878
30	3.32201	3.25054	0.064184
31	3.29043	3.25183	0.0620924
32	3.19265	3.24998	0.0601491
33	3.47698	3.25685	0.0587024
34	2.97523	3.24857	0.0575489
35	3.15911	3.24602	0.0559389
36	3.34999	3.2489	0.0544395
37	4.29766	3.27725	0.0600573
38	3.35609	3.27932	0.0584923
39	3.32622	3.28053	0.0569855
40	4.14222	3.30207	0.0595739
41	3.0627	3.29623	0.0583953
42	3.06347	3.29069	0.0572568
43	3.84652	3.30361	0.0573843
44	3.64889	3.31146	0.0566114
45	3.5981	3.31783	0.0557045
46	4.07621	3.33432	0.0569199
47	3.55419	3.339	0.0558918
48	4.04729	3.35375	0.0566699
49	2.37956	3.33387	0.0589548
50	2.75822	3.32236	0.0588999
51	3.38856	3.32366	0.057748
52	3.71289	3.33114	0.0571192
53	2.59721	3.31729	0.0577169
54	2.68095	3.30551	0.0578509
55	3.3696	3.30667	0.0568013
56	2.93316	3.3	0.0561751
57	3.3901	3.30158	0.0552034
58	3.05061	3.29726	0.0544156
59	2.81748	3.28913	0.0541
60	3.11253	3.28618	0.0532721
61	3.03307	3.28203	0.0525556
62	3.21084	3.28089	0.0517137
63	2.89321	3.27473	0.0512569
64	2.53665	3.2632	0.051751
65	2.52237	3.2518	0.0522079
66	2.53357	3.24092	0.0525499
67	3.12913	3.23925	0.0517865
68	2.73387	3.23182	0.0515577
69	2.99947	3.22845	0.0509165
70	2.97713	3.22486	0.0503121
71	3.0829	3.22286	0.0496387
72	3.41932	3.22559	0.0490205
73	2.4397	3.21482	0.0495284
74	3.21511	3.21483	0.0488546
75	3.91994	3.22423	0.0491071
76	2.79401	3.21857	0.0487862
77	3.16468	3.21787	0.0481535
78	2.83111	3.21291	0.0477901
79	2.7309	3.20681	0.0475741
80	3.87887	3.21521	0.0477209
81	3.07591	3.21349	0.0471595
82	3.62637	3.21853	0.0468522
83	3.2525	3.21894	0.046286
84	3.69144	3.22456	0.0460763
85	3.41636	3.22682	0.0455869
86	2.59514	3.21947	0.0456485
87	3.15692	3.21875	0.0451265
88	3.41031	3.22093	0.0446638
89	3.51769	3.22426	0.0442849
90	3.30945	3.22521	0.0438003
91	2.95484	3.22224	0.043418
92	3.96486	3.23031	0.0436956
93	2.78607	3.22553	0.0434863
94	2.968	3.22279	0.0431083
95	3.02933	3.22076	0.0427007
96	3.0064	3.21853	0.0423126
97	3.19301	3.21826	0.0418749
98	3.15378	3.2176	0.0414506
99	2.96225	3.21502	0.0411108
100	2.47893	3.20766	0.0413579
