1	-0.6416	-0.6416	0
2	-0.62768	-0.63464	0.00696
3	-0.6244	-0.631227	0.00527239
4	-0.62776	-0.63036	0.00382755
5	-0.63752	-0.631792	0.00329252
6	-0.6212	-0.630027	0.00321614
7	-0.63656	-0.63096	0.00287391
8	-0.64304	-0.63247	0.00291112
9	-0.63296	-0.632524	0.00256794
10	-0.62208	-0.63148	0.00252316
11	-0.63928	-0.632189	0.0023899
12	-0.61688	-0.630913	0.0025273
13	-0.62488	-0.630449	0.00237065
14	-0.6356	-0.630817	0.00222542
15	-0.62864	-0.630672	0.00207683
16	-0.62424	-0.63027	0.00198385
17	-0.63896	-0.630781	0.00193234
18	-0.63088	-0.630787	0.00182184
19	-0.63152	-0.630825	0.00172372
20	-0.62848	-0.630708	0.00163946
21	-0.62416	-0.630396	0.00159031
22	-0.6376	-0.630724	0.00155125
23	-0.62808	-0.630609	0.00148672
24	-0.62768	-0.630487	0.00142865
25	-0.63456	-0.63065	0.00137997
26	-0.63728	-0.630905	0.00135013
27	-0.62952	-0.630853	0.00130018
28	-0.6304	-0.630837	0.00125299
29	-0.6396	-0.631139	0.0012462
30	-0.63352	-0.631219	0.00120655
31	-0.6212	-0.630895	0.00121091
32	-0.61184	-0.6303	0.00131501
33	-0.62712	-0.630204	0.00127818
34	-0.62848	-0.630153	0.00124105
35	-0.6216	-0.629909	0.0012296
36	-0.63256	-0.629982	0.00119722
37	-0.63376	-0.630084	0.00116888
38	-0.62424	-0.629931	0.00114805
39	-0.6224	-0.629737	0.00113478
40	-0.64688	-0.630166	0.00118617
41	-0.63136	-0.630195	0.00115725
42	-0.62328	-0.63003	0.00114129
43	-0.64208	-0.630311	0.00114913
44	-0.6332	-0.630376	0.00112463
45	-0.6408	-0.630608	0.00112349
46	-0.63752	-0.630758	0.00110902
47	-0.63352	-0.630817	0.00108676
48	-0.63064	-0.630813	0.00106388
49	-0.63688	-0.630937	0.00104927
50	-0.62224	-0.630763	0.00104268
51	-0.62672	-0.630684	0.00102511
52	-0.64048	-0.630872	0.0010227
53	-0.62624	-0.630785	0.00100702
54	-0.62936	-0.630759	0.000988545
55	-0.6344	-0.630825	0.000972661
56	-0.62528	-0.630726	0.000960253
57	-0.63056	-0.630723	0.00094326
58	-0.61832	-0.630509	0.000951203
59	-0.62584	-0.63043	0.000938285
60	-0.62328	-0.630311	0.000930179
61	-0.63928	-0.630458	0.000926545
62	-0.6176	-0.63025	0.000934773
63	-0.62936	-0.630236	0.000919924
64	-0.62608	-0.630171	0.000907762
65	-0.64584	-0.630412	0.000925627
66	-0.61568	-0.630189	0.000938428
67	-0.63216	-0.630219	0.000924784
68	-0.64288	-0.630405	0.000929915
69	-0.63352	-0.63045	0.00091745
70	-0.63288	-0.630485	0.000904915
71	-0.62344	-0.630385	0.000897579
72	-0.63272	-0.630418	0.000885619
73	-0.638	-0.630522	0.000879557
74	-0.61888	-0.630364	0.000881738
75	-0.62808	-0.630334	0.000870435
76	-0.62392	-0.630249	0.000863042
77	-0.62952	-0.63024	0.000851812
78	-0.62248	-0.630141	0.000846686
79	-0.61816	-0.629989	0.000849545
80	-0.6316	-0.630009	0.0008391
81	-0.62696	-0.629971	0.000829531
82	-0.63288	-0.630007	0.000820119
83	-0.6392	-0.630118	0.000817714
84	-0.62184	-0.630019	0.000813908
85	-0.63272	-0.630051	0.000804904
86	-0.6324	-0.630078	0.000795958
87	-0.626	-0.630031	0.000788151
88	-0.63464	-0.630084	0.000780902
89	-0.63088	-0.630093	0.000772129
90	-0.63496	-0.630147	0.000765415
91	-0.62616	-0.630103	0.000758224
92	-0.61736	-0.629964	0.000762621
93	-0.63384	-0.630006	0.000755526
94	-0.63096	-0.630016	0.000747514
95	-0.63456	-0.630064	0.000741149
96	-0.63192	-0.630083	0.000733643
97	-0.63432	-0.630127	0.000727352
98	-0.62256	-0.63005	0.000724021
99	-0.62384	-0.629987	0.00071941
100	-0.63088	-0.629996	0.000712236
