1.76816
1.76816
1.76816
1.76816
1.76816
1.76816
1.76816
1.76816
1.76816
1.76816
1.76816
1.76816
1.76816
1.76814
1.76813
1.76811
1.76809
1.76808
1.76805
1.76803
1.76801
1.76799
1.76796
1.76794
1.76791
1.76788
1.76786
1.76784
1.76781
1.76779
1.76777
1.76776
1.76773
1.7677
1.76768
1.76767
1.76766
1.76762
1.7676
1.76759
1.7676
1.76759
1.76758
1.76757
1.76756
1.76755
1.76755
1.76753
1.76752
1.76752
1.76751
1.7675
1.7675
1.7675
1.76749
1.76749
1.76749
1.76748
1.76749
1.76748
1.76748
1.76748
1.76748
1.76747
1.76746
1.76746
1.76745
1.76745
1.76745
1.76745
1.76744
1.76744
1.76744
1.76743
1.76742
1.76741
1.76741
1.76741
1.76741
1.76741
1.76741
1.76741
1.76741
1.7674
1.76739
1.76738
1.76738
1.76737
1.76737
1.76737
1.76736
1.76737
1.76737
1.76736
1.76736
1.76736
1.76735
1.76735
1.76735
1.76735
1.76736
1.76736
1.76736
1.76736
1.76736
1.76736
1.76736
1.76735
1.76735
1.76736
1.76735
1.76735
1.76734
1.76734
1.76734
1.76734
1.76734
1.76733
1.76734
1.76733
1.76733
1.76732
1.76731
1.76731
1.76731
1.7673
1.76729
1.76729
1.7673
1.7673
1.76731
1.76731
1.76732
1.76732
1.76732
1.76731
1.76731
1.76731
1.76731
1.7673
1.76731
1.7673
1.7673
1.76729
1.76729
1.7673
1.7673
1.76729
1.76729
1.7673
1.7673
1.7673
1.7673
1.76731
1.76731
1.7673
1.76729
1.76729
1.76729
1.76729
1.7673
1.7673
1.76731
1.7673
1.76729
1.76729
1.76729
1.76729
1.76728
1.76727
1.76727
1.76726
1.76727
1.76727
1.76727
1.76727
1.76727
1.76727
1.76727
1.76726
1.76726
1.76726
1.76727
1.76726
1.76725
1.76725
1.76726
1.76725
1.76725
1.76725
1.76725
1.76726
1.76725
1.76724
1.76724
1.76724
1.76724
1.76724
1.76724
1.76724
1.76725
1.76724
1.76724
1.76723
1.76724
1.76723
1.76724
1.76724
1.76723
1.76723
1.76724
1.76724
1.76724
1.76724
1.76723
1.76724
1.76723
1.76723
1.76722
1.76723
1.76723
1.76723
1.76723
1.76723
1.76725
1.76724
1.76724
1.76724
1.76724
1.76725
1.76725
1.76725
1.76724
1.76725
1.76726
1.76726
1.76726
1.76725
1.76725
1.76724
1.76723
1.76724
1.76724
1.76724
1.76724
1.76724
1.76724
1.76724
1.76725
1.76725
1.76724
1.76723
1.76722
1.76723
1.76724
1.76723
1.76724
1.76724
1.76724
1.76723
1.76723
1.76723
1.76723
1.76723
1.76723
1.76723
1.76723
1.76723
1.76724
1.76724
1.76724
1.76724
1.76724
1.76724
1.76723
1.76724
1.76723
1.76723
1.76722
1.76723
1.76723
1.76724
1.76723
1.76724
1.76724
1.76723
1.76725
1.76726
1.76726
1.76725
1.76726
1.76724
1.76724
1.76723
1.76722
1.76722
1.76723
1.76722
1.76722
1.76722
1.76722
1.76723
1.76723
1.76724
1.76723
1.76723
1.76722
1.76722
1.76722
1.76721
1.76721
1.76719
1.76719
1.76718
1.76718
1.76719
1.76718
1.76719
1.76719
1.76717
1.76717
1.76717
1.76717
1.76717
1.76718
1.76718
1.76719
1.76719
1.76718
1.76718
1.76718
1.76717
1.76717
1.76716
1.76717
1.76716
1.76716
1.76715
1.76714
1.76713
1.76712
1.76711
1.76711
1.76712
1.76712
1.76712
1.76712
1.76712
1.76712
1.76711
1.76711
1.76712
1.76713
1.76714
1.76715
1.76714
1.76713
1.76713
1.76715
1.76715
1.76714
1.76714
1.76714
1.76713
1.76713
1.76714
1.76713
1.76713
1.76712
1.76712
1.76713
1.76713
1.76713
1.76714
1.76714
1.76714
1.76714
1.76713
1.76713
1.76713
1.76713
1.76713
1.76713
1.76713
1.76712
1.76713
1.76712
1.76712
1.76711
1.76712
1.76712
1.76712
1.76712
1.76712
1.76711
1.76712
1.76712
1.76713
1.76713
1.76713
1.76713
1.76714
1.76714
1.76714
1.76714
1.76715
1.76715
1.76715
1.76714
1.76715
1.76714
1.76715
1.76715
1.76714
1.76714
1.76714
1.76716
1.76716
1.76715
1.76714
1.76715
1.76716
1.76715
1.76715
1.76716
1.76716
1.76716
1.76715
1.76714
1.76714
1.76712
1.76712
1.76713
1.76713
1.76712
1.76713
1.76714
1.76714
1.76714
1.76714
1.76714
1.76714
1.76715
1.76714
1.76714
1.76714
1.76714
1.76714
1.76715
1.76715
1.76715
1.76715
1.76716
1.76715
1.76715
1.76715
1.76715
1.76715
1.76715
1.76715
1.76715
1.76714
1.76715
1.76714
1.76715
1.76715
1.76715
1.76715
1.76714
1.76715
1.76714
1.76715
1.76715
1.76715
1.76715
1.76715
1.76716
1.76716
1.76715
1.76715
1.76714
1.76713
1.76713
1.76713
1.76713
1.76713
1.76712
1.76712
1.76713
1.76712
1.76712
1.7671
1.76711
1.76712
1.76712
1.76713
1.76713
1.76713
1.76713
1.76713
1.76713
1.76714
1.76714
1.76714
1.76714
1.76715
1.76715
1.76715
1.76715
1.76715
1.76714
1.76715
1.76715
1.76715
1.76716
1.76717
1.76716
1.76716
1.76716
1.76716
1.76715
1.76715
1.76715
1.76715
1.76715
1.76715
1.76715
1.76716
1.76715
1.76715
1.76716
1.76716
1.76716
1.76715
1.76716
1.76718
1.76717
1.76717
1.76717
1.76718
1.76718
1.76717
1.76717
1.76718
1.76719
1.76719
1.7672
1.76719
1.76719
1.76719
1.76719
1.76719
1.76719
1.7672
1.76719
1.76719
1.76719
1.76719
1.76719
1.76719
1.76721
1.76721
1.76721
1.76722
1.76722
1.76722
1.76721
1.76722
1.76722
1.76723
1.76723
1.76723
1.76723
1.76722
1.76722
1.76723
1.76724
1.76725
1.76726
1.76726
1.76726
1.76726
1.76726
1.76727
1.76727
1.76727
1.76727
1.76727
1.76727
1.76727
1.76727
1.76727
1.76727
1.76726
1.76727
1.76726
1.76727
1.76726
1.76726
1.76726
1.76726
1.76726
1.76726
1.76726
1.76726
1.76726
1.76727
1.76727
1.76727
1.76726
1.76726
1.76725
1.76726
1.76726
1.76725
1.76725
1.76725
1.76725
1.76726
1.76726
1.76726
1.76727
1.76727
1.76726
1.76726
1.76726
1.76726
1.76727
1.76727
1.76726
1.76727
1.76727
1.76728
1.76728
1.76728
1.76728
1.76727
1.76727
1.76726
1.76727
1.76727
1.76728
1.76728
1.76728
1.76729
1.76729
1.76729
1.76729
1.76729
1.76729
1.76728
1.76728
1.76727
1.76727
1.76727
1.76726
1.76726
1.76726
1.76727
1.76727
1.76728
1.76728
1.76728
1.76727
1.76727
1.76726
1.76727
1.76728
1.76728
1.76728
1.76727
1.76725
1.76726
1.76725
1.76725
1.76725
1.76725
1.76725
1.76725
1.76724
1.76724
1.76723
1.76723
1.76724
1.76723
1.76723
1.76722
1.76722
1.76722
1.76723
1.76723
1.76722
1.76723
1.76723
1.76723
1.76723
1.76722
1.76722
1.76721
1.7672
1.76719
1.7672
1.7672
1.76721
1.7672
1.76721
1.76722
1.76722
1.76722
1.76723
1.76723
1.76723
1.76723
1.76724
1.76724
1.76724
1.76724
1.76725
1.76724
1.76725
1.76725
1.76725
1.76725
1.76726
1.76726
1.76727
1.76727
1.76726
1.76727
1.76728
1.76728
1.76728
1.76728
1.76728
1.76727
1.76727
1.76727
1.76727
1.76726
1.76725
1.76726
1.76725
1.76725
1.76725
1.76724
1.76723
1.76723
1.76723
1.76724
1.76724
1.76724
1.76724
1.76725
1.76725
1.76725
1.76726
1.76726
1.76726
1.76727
1.76727
1.76727
1.76727
1.76726
1.76726
1.76725
1.76724
1.76724
1.76724
1.76724
1.76724
1.76724
1.76724
1.76724
1.76725
1.76724
1.76724
1.76724
1.76724
1.76724
1.76724
1.76723
1.76723
1.76723
1.76723
1.76723
1.76722
1.76722
1.76721
1.76722
1.76722
1.76721
1.76722
1.76721
1.76721
1.76721
1.76721
1.7672
1.7672
1.7672
1.7672
1.76721
1.76721
1.76721
1.76721
1.76721
1.76722
1.76721
1.7672
1.76721
1.7672
1.7672
1.76721
1.76721
1.76722
1.76721
1.76721
1.76721
1.76721
1.7672
1.76721
1.76721
1.76722
1.76722
1.76722
1.76722
1.76721
1.76722
1.76721
1.76722
1.76723
1.76723
1.76723
1.76723
1.76723
1.76723
1.76723
1.76723
1.76722
1.76721
1.76722
1.76722
1.76722
1.76722
1.76723
1.76723
1.76723
1.76723
1.76724
1.76724
1.76724
1.76724
1.76724
1.76724
1.76724
1.76724
1.76724
1.76724
1.76724
1.76722
1.76723
1.76723
1.76722
1.76722
1.76721
1.76721
1.76721
1.7672
1.76719
1.76719
1.76718
1.76717
1.76717
1.76717
1.76716
1.76716
1.76716
1.76716
1.76715
1.76716
1.76717
1.76716
1.76717
1.76717
1.76717
1.76718
1.76718
1.76718
1.76719
1.76719
1.7672
1.76719
1.7672
1.76719
1.76719
1.76719
1.76719
1.76719
1.76719
1.76718
1.76718
1.76719
1.7672
1.76719
1.7672
1.76721
1.76721
1.76722
1.76722
1.76721
1.76721
1.76721
1.76722
1.76722
1.76722
1.76722
1.76722
1.76722
1.76722
1.76721
1.76721
1.76722
1.76722
1.76723
1.76722
1.76722
1.76723
1.76724
1.76725
1.76724
1.76724
1.76726
1.76726
1.76728
1.76728
1.76728
1.76729
1.76728
1.76727
1.76728
1.76728
1.7673
1.76729
1.76729
1.76729
1.76729
1.76728
1.76728
1.76728
1.76727
1.76727
1.76726
1.76727
1.76727
1.76727
1.76726
1.76725
1.76726
1.76726
1.76726
1.76726
1.76725
1.76726
1.76726
1.76726
1.76727
1.76728
1.76728
1.76728
1.76728
1.76727
1.76728
1.76728
1.76728
1.76729
1.76729
1.76729
1.76729
1.76729
1.7673
1.76729
1.76729
1.76729
1.76728
1.76728
1.76728
1.76729
1.76729
1.7673
1.76729
1.76729
1.76727
1.76727
1.76726
1.76727
1.76727
1.76727
1.76728
1.76727
1.76727
1.76728
1.44193
1.44193
1.44192
1.44192
1.44193
1.44193
1.44194
1.44194
1.44194
1.44194
1.44195
1.44194
1.44194
1.44194
1.44195
1.44196
1.44196
1.44196
1.44196
1.44197
1.44196
1.44195
1.44195
1.44195
1.44195
1.44195
1.44195
1.44195
1.44195
1.44195
1.44196
1.44196
1.44196
1.44196
1.44196
1.44196
1.44197
1.44197
1.44197
1.44197
1.44198
1.44197
1.44197
1.44198
1.44199
1.44199
1.44198
1.44198
1.44199
1.44198
1.44198
1.44198
1.44198
1.44198
1.44197
1.44197
1.44198
1.44198
1.44198
1.44196
1.44197
1.44197
1.44197
1.44198
1.44198
1.44198
1.44197
1.44198
1.44198
1.44198
1.44197
1.44197
1.44195
1.44196
1.44196
1.44196
1.44197
1.44197
1.44197
1.44197
1.44197
1.44197
1.44197
1.44197
1.44197
1.44197
1.44197
1.44198
1.44197
1.44196
1.44196
1.44196
1.44195
1.44196
1.44196
1.44197
1.44196
1.44197
1.44197
1.44197
1.44197
1.44197
1.44197
1.44196
1.44195
1.44196
1.44196
1.44196
1.44198
1.44197
1.44197
1.44197
1.44197
1.44197
1.44197
1.44198
1.44198
1.44198
1.44198
1.44198
1.44198
1.44197
1.44198
1.44198
1.44198
1.44198
1.44198
1.44198
1.44198
1.44198
1.44197
1.44197
1.44197
1.44197
1.44198
1.44197
1.44197
1.44197
1.44196
1.44197
1.44196
1.44197
1.44196
1.44196
1.44196
1.44195
1.44195
1.44195
1.44195
1.44195
1.44195
1.44195
1.44195
1.44195
1.44196
1.44195
1.44195
1.44196
1.44196
1.44196
1.44196
1.44196
1.44196
1.44196
1.44196
1.44196
1.44196
1.44196
1.44196
1.44197
1.44197
1.44196
1.44196
1.44196
1.44195
1.44195
1.44195
1.44195
1.44196
1.44195
1.44195
1.44194
1.44194
1.44194
1.44193
1.44193
1.44192
1.44191
1.44191
1.44192
1.44192
1.44192
1.44191
1.4419
1.4419
1.4419
1.44189
1.4419
1.44191
1.44191
1.44192
1.44192
1.44191
1.44192
1.44192
1.44192
1.44193
1.44193
1.44193
1.44194
1.44195
1.44194
1.44194
1.44194
1.44195
1.44195
1.44195
1.44194
1.44193
1.44193
1.44194
1.44194
1.44195
1.44195
1.44195
1.44194
1.44193
1.44193
1.44192
1.44192
1.44192
1.44192
1.44191
1.44192
1.44192
1.44192
1.44191
1.44192
1.44192
1.44192
1.44192
1.44192
1.44192
1.44192
1.44191
1.44192
1.44191
1.44191
1.44191
1.44191
1.44191
1.44191
1.44191
1.44191
1.4419
1.4419
1.4419
1.44191
1.4419
1.44189
1.4419
1.4419
1.4419
1.44191
1.44192
1.44191
1.44191
1.44191
1.44192
1.44191
1.4419
1.4419
1.4419
1.44189
1.4419
1.44189
1.44189
1.44189
1.44189
1.44189
1.44188
1.44188
1.44188
1.44186
1.44186
1.44187
1.44188
1.44188
1.44187
1.44188
1.44187
1.44187
1.44186
1.44187
1.44187
1.44187
1.44187
1.44187
1.44187
1.44187
1.44186
1.44186
1.44186
1.44187
1.44187
1.44187
1.44188
1.44187
1.44187
1.44188
1.44187
1.44187
1.44187
1.44187
1.44188
1.44188
1.44187
1.44188
1.44187
1.44187
1.44187
1.44187
1.44187
1.44187
1.44187
1.44187
1.44187
1.44187
1.44185
1.44185
1.44186
1.44187
1.44187
1.44187
1.44187
1.44188
1.44187
1.44187
1.44187
1.44187
1.44187
1.44186
1.44186
1.44186
1.44186
1.44186
1.44186
1.44186
1.44187
1.44186
1.44186
1.44187
1.44187
1.44187
1.44186
1.44186
1.44186
1.44186
1.44186
1.44186
1.44186
1.44186
1.44185
1.44185
1.44186
1.44186
1.44187
1.44187
1.44187
1.44187
1.44188
1.44188
1.44188
1.44188
1.44188
1.44188
1.44188
1.44189
1.44189
1.44189
1.44188
1.44188
1.44187
1.44188
1.44188
1.44188
1.44188
1.44188
1.44188
1.44189
1.44189
1.44189
1.44189
1.44189
1.44189
1.44189
1.44189
1.44189
1.44188
1.44188
1.44187
1.44187
1.44188
1.44188
1.44188
1.44188
1.44187
1.44186
1.44187
1.44186
1.44186
1.44186
1.44186
1.44186
1.44186
1.44185
1.44186
1.44186
1.44186
1.44186
1.44186
1.44187
1.44186
1.44186
1.44185
1.44186
1.44186
1.44186
1.44186
1.44185
1.44185
1.44185
1.44185
1.44185
1.44185
1.44185
1.44184
1.44184
1.44184
1.44184
1.44184
1.44184
1.44183
1.44183
1.44183
1.44183
1.44184
1.44183
1.44183
1.44183
1.44183
1.44182
1.44182
1.44181
1.44181
1.44181
1.44181
1.4418
1.4418
1.4418
1.44181
1.44182
1.44183
1.44183
1.44183
1.44184
1.44184
1.44183
1.44183
1.44182
1.44183
1.44184
1.44183
1.44184
1.44184
1.44184
1.44183
1.44184
1.44184
1.44184
1.44185
1.44185
1.44185
1.44184
1.44184
1.44183
1.44183
1.44183
1.44183
1.44183
1.44184
1.44184
1.44184
1.44185
1.44184
1.44184
1.44184
1.44184
1.44184
1.44183
1.44183
1.44183
1.44183
1.44182
1.44182
1.44181
1.44181
1.44181
1.44181
1.44181
1.4418
1.44179
1.4418
1.4418
1.44179
1.44179
1.44179
1.44179
1.44178
1.44178
1.44177
1.44177
1.44177
1.44177
1.44178
1.44178
1.44179
1.44179
1.44179
1.44179
1.44178
1.44178
1.44177
1.44178
1.44179
1.4418
1.44179
1.4418
1.4418
1.4418
1.44181
1.44181
1.44181
1.4418
1.4418
1.4418
1.4418
1.4418
1.4418
1.4418
1.4418
1.4418
1.44182
1.44181
1.44181
1.44181
1.44181
1.44182
1.44183
1.44183
1.44184
1.44183
1.44183
1.44183
1.44182
1.44183
1.44183
1.44183
1.44183
1.44182
1.44182
1.44182
1.44182
1.44181
1.44181
1.44181
1.44181
1.4418
1.44179
1.44178
1.44178
1.44178
1.44177
1.44177
1.44176
1.44175
1.44176
1.44175
1.44175
1.44175
1.44175
1.44176
1.44176
1.44175
1.44175
1.44175
1.44174
1.44173
1.44173
1.44172
1.44173
1.44172
1.44173
1.44174
1.44174
1.44174
1.44173
1.44173
1.44173
1.44172
1.44172
1.44171
1.44171
1.4417
1.44171
1.44172
1.44171
1.44171
1.4417
1.44171
1.4417
1.4417
1.4417
1.44169
1.4417
1.44168
1.44168
1.44168
1.44167
1.44167
1.44165
1.44165
1.44165
1.44166
1.44166
1.44165
1.44166
1.44166
1.44166
1.44166
1.44167
1.44167
1.44166
1.44166
1.44166
1.44167
1.44166
1.44165
1.44165
1.44163
1.44163
1.44163
1.44162
1.44163
1.44162
1.44164
1.44163
1.44163
1.44164
1.44165
1.44165
1.44164
1.44164
1.44164
1.44163
1.44163
1.44164
1.44163
1.44163
1.44163
1.44164
1.44165
1.44165
1.44166
1.44165
1.44165
1.44166
1.44166
1.44167
1.44167
1.44167
1.44167
1.44168
1.44169
1.44169
1.44168
1.44168
1.44167
1.44168
1.44168
1.44168
1.44166
1.44165
1.44165
1.44165
1.44166
1.44166
1.44167
1.44167
1.44167
1.44167
1.44167
1.44166
1.44166
1.44167
1.44168
1.44167
1.44167
1.44167
1.44168
1.44168
1.44169
1.44169
1.44169
1.4417
1.4417
1.44169
1.4417
1.4417
1.4417
1.44169
1.44169
1.4417
1.44169
1.4417
1.44169
1.4417
1.4417
1.44169
1.44169
1.44169
1.4417
1.4417
1.44171
1.44171
1.44171
1.44171
1.44171
1.44171
1.4417
1.44171
1.4417
1.4417
1.4417
1.4417
1.4417
1.44169
1.4417
1.4417
1.44169
1.4417
1.4417
1.44169
1.4417
1.44171
1.44171
1.44171
1.44171
1.44171
1.44171
1.44171
1.4417
1.44171
1.44171
1.4417
1.44171
1.44171
1.44173
1.44173
1.44173
1.44173
1.44172
1.44173
1.44172
1.44172
1.44173
1.44173
1.44173
1.44173
1.44173
1.44174
1.44174
1.44174
1.44174
1.44174
1.44174
1.44174
1.44174
1.44175
1.44175
1.44174
1.44175
1.44175
1.44175
1.44175
1.44175
1.44175
1.44174
1.44175
1.44175
1.44175
1.44175
1.44175
1.44175
1.44174
1.44173
1.44173
1.44172
1.44172
1.44173
1.44173
1.44172
1.44172
1.44171
1.44172
1.44173
1.44173
1.44173
1.44174
1.44173
1.44173
1.44174
1.44173
1.44173
1.44173
1.44172
1.44172
1.44173
1.44172
1.44173
1.44172
1.44172
1.44171
1.44172
1.44171
1.44171
1.44171
1.4417
1.44169
1.4417
1.4417
1.44169
1.44169
1.44169
1.44169
1.4417
1.4417
1.44171
1.44171
1.4417
1.44171
1.4417
1.44171
1.44171
1.44171
1.44171
1.4417
1.4417
1.4417
1.4417
1.44169
1.4417
1.4417
1.4417
1.4417
1.44171
1.44171
1.44171
1.44171
1.44171
1.44171
1.44171
1.4417
1.4417
1.44171
1.44171
1.4417
1.4417
1.4417
1.44169
1.4417
1.4417
1.4417
1.4417
1.44171
1.44172
1.44171
1.44171
1.44171
1.44171
1.44172
1.44172
1.44173
1.44173
1.44173
1.44173
1.44173
1.44173
1.44173
1.44172
1.44172
1.44173
1.44174
1.44174
1.44174
1.44175
1.44174
1.44175
1.44175
1.44174
1.44174
1.44175
1.44175
1.44175
1.44175
1.44176
1.44176
1.44177
1.44177
1.44176
1.44176
1.44175
1.44175
1.44175
1.44175
1.44175
1.44176
1.44175
1.44175
1.44176
1.44176
1.44176
1.44177
1.44176
1.44177
1.44178
1.44177
1.44177
1.44177
1.44177
1.44177
1.44177
1.44176
1.44177
1.44177
1.44178
1.44177
1.44177
1.44176
1.44176
1.44175
1.44176
1.44175
1.44176
1.44176
1.44176
1.44174
1.44175
1.44174
1.44173
1.44173
1.44172
1.44171
1.4417
1.4417
1.4417
1.44171
1.44172
1.44173
1.44173
1.44172
1.44172
1.44172
1.44173
1.44173
1.44174
1.44175
1.44175
1.44175
1.44174
1.44175
1.44175
1.44176
1.44176
1.44177
1.44177
1.44178
1.4418
1.4418
1.4418
1.44181
1.44182
1.44181
1.44181
1.44182
1.44181
1.4418
1.4418
1.4418
1.4418
1.44111
1.44111
1.44112
1.4411
1.44111
1.44112
1.44111
1.44111
1.4411
1.4411
1.44109
1.44109
1.44109
1.44109
1.44109
1.4411
1.44109
1.44109
1.44109
1.44108
1.44109
1.44107
1.44107
1.44107
1.44107
1.44106
1.44106
1.44106
1.44107
1.44107
1.44106
1.44106
1.44106
1.44106
1.44107
1.44107
1.44106
1.44106
1.44106
1.44106
1.44106
1.44107
1.44105
1.44106
1.44106
1.44105
1.44105
1.44105
1.44104
1.44103
1.44104
1.44103
1.44103
1.44103
1.44103
1.44104
1.44104
1.44104
1.44104
1.44102
1.44103
1.44104
1.44104
1.44104
1.44104
1.44103
1.44104
1.44103
1.44104
1.44104
1.44103
1.44104
1.44104
1.44103
1.44103
1.44103
1.44103
1.44103
1.44103
1.44103
1.44104
1.44104
1.44105
1.44105
1.44105
1.44104
1.44103
1.44102
1.44102
1.44102
1.44103
1.44103
1.44103
1.44102
1.44102
1.44102
1.44102
1.44102
1.44101
1.44102
1.44103
1.44103
1.44102
1.44101
1.44101
1.44102
1.44102
1.44102
1.44102
1.44102
1.44103
1.44102
1.44103
1.44104
1.44104
1.44104
1.44104
1.44104
1.44104
1.44104
1.44104
1.44104
1.44105
1.44104
1.44105
1.44105
1.44105
1.44105
1.44105
1.44104
1.44105
1.44104
1.44104
1.44104
1.44104
1.44105
1.44105
1.44105
1.44105
1.44105
1.44105
1.44104
1.44104
1.44104
1.44104
1.44104
1.44104
1.44104
1.44104
1.44104
1.44105
1.44104
1.44104
1.44104
1.44104
1.44103
1.44102
1.44103
1.44103
1.44103
1.44102
1.44102
1.44101
1.44101
1.44101
1.441
1.441
1.44099
1.44099
1.44099
1.44099
1.441
1.441
1.44099
1.44099
1.441
1.44101
1.441
1.44101
1.44102
1.44102
1.44102
1.44102
1.44102
1.44101
1.44101
1.44102
1.44102
1.44102
1.44102
1.44101
1.44101
1.44101
1.44102
1.44101
1.44101
1.44101
1.44101
1.441
1.441
1.44101
1.441
1.441
1.44101
1.44102
1.44102
1.44103
1.44103
1.44103
1.44103
1.44104
1.44103
1.44104
1.44104
1.44103
1.44103
1.44102
1.44102
1.44103
1.44103
1.44103
1.44103
1.44103
1.44102
1.44103
1.44102
1.44102
1.44102
1.44103
1.44104
1.44104
1.44104
1.44104
1.44105
1.44104
1.44103
1.44103
1.44103
1.44103
1.44103
1.44103
1.44103
1.44103
1.44103
1.44103
1.44104
1.44105
1.44105
1.44105
1.44105
1.44105
1.44104
1.44104
1.44104
1.44102
1.44102
1.44103
1.44103
1.44103
1.44102
1.44102
1.44102
1.44102
1.44102
1.44102
1.44102
1.441
1.44101
1.44102
1.44102
1.44102
1.44102
1.441
1.441
1.441
1.44101
1.44101
1.441
1.44099
1.44098
1.44098
1.44097
1.44097
1.44097
1.44098
1.44098
1.44097
1.44098
1.44099
1.44099
1.44099
1.44099
1.44099
1.44099
1.44099
1.44098
1.44098
1.44098
1.44099
1.44098
1.44098
1.44098
1.44098
1.44097
1.44097
1.44096
1.44097
1.44096
1.44097
1.44096
1.44095
1.44095
1.44095
1.44095
1.44095
1.44095
1.44095
1.44094
1.44094
1.44092
1.44092
1.44092
1.44091
1.4409
1.44091
1.4409
1.4409
1.44091
1.44091
1.44091
1.44092
1.44092
1.44092
1.44093
1.44093
1.44093
1.44093
1.44093
1.44093
1.44092
1.44091
1.44091
1.44091
1.44091
1.44091
1.4409
1.44091
1.44091
1.4409
1.44091
1.44091
1.44091
1.44091
1.4409
1.44089
1.44089
1.44089
1.44089
1.44088
1.44088
1.44088
1.44088
1.44087
1.44087
1.44086
1.44086
1.44087
1.44088
1.44089
1.44089
1.44089
1.44089
1.44089
1.44089
1.44089
1.44088
1.44089
1.44088
1.44089
1.44089
1.44089
1.44089
1.44089
1.44089
1.44089
1.44089
1.44089
1.44089
1.44088
1.44088
1.44088
1.44088
1.44086
1.44086
1.44087
1.44086
1.44086
1.44086
1.44086
1.44086
1.44087
1.44087
1.44087
1.44088
1.44088
1.44088
1.44088
1.44089
1.4409
1.44089
1.44089
1.44089
1.4409
1.4409
1.44091
1.44091
1.4409
1.4409
1.4409
1.44091
1.44089
1.4409
1.4409
1.44088
1.44088
1.44087
1.44086
1.44086
1.44086
1.44085
1.44086
1.44085
1.44086
1.44086
1.44087
1.44086
1.44087
1.44087
1.44088
1.44088
1.44087
1.44086
1.44087
1.44087
1.44087
1.44088
1.44087
1.44087
1.44086
1.44086
1.44086
1.44086
1.44085
1.44085
1.44085
1.44086
1.44087
1.44087
1.44087
1.44086
1.44086
1.44087
1.44087
1.44087
1.44089
1.4409
1.44089
1.44089
1.4409
1.4409
1.44092
1.44093
1.44093
1.44093
1.44093
1.44093
1.44093
1.44094
1.44093
1.44094
1.44095
1.44094
1.44094
1.44094
1.44094
1.44094
1.44094
1.44094
1.44094
1.44094
1.44094
1.44095
1.44094
1.44094
1.44094
1.44093
1.44093
1.44094
1.44095
1.44095
1.44095
1.44095
1.44095
1.44095
1.44095
1.44095
1.44094
1.44094
1.44095
1.44094
1.44094
1.44095
1.44095
1.44094
1.44094
1.44093
1.44094
1.44094
1.44094
1.44093
1.44094
1.44093
1.44093
1.44093
1.44093
1.44093
1.44094
1.44095
1.44095
1.44095
1.44096
1.44096
1.44097
1.44097
1.44097
1.44096
1.44096
1.44097
1.44097
1.44097
1.44097
1.44097
1.44097
1.44097
1.44096
1.44096
1.44096
1.44096
1.44095
1.44095
1.44095
1.44095
1.44095
1.44095
1.44095
1.44094
1.44095
1.44096
1.44095
1.44095
1.44096
1.44097
1.44096
1.44096
1.44097
1.44099
1.44099
1.44099
1.441
1.441
1.441
1.44099
1.441
1.441
1.44099
1.44099
1.44099
1.441
1.441
1.441
1.441
1.441
1.441
1.441
1.44101
1.441
1.441
1.44101
1.44101
1.44102
1.44102
1.44102
1.44102
1.44102
1.44102
1.44101
1.441
1.44101
1.441
1.441
1.44099
1.441
1.441
1.44099
1.441
1.441
1.441
1.44101
1.44101
1.44101
1.44101
1.44101
1.44102
1.44101
1.44101
1.44101
1.44101
1.44101
1.44102
1.44102
1.44102
1.44102
1.44103
1.44103
1.44103
1.44104
1.44104
1.44104
1.44104
1.44103
1.44104
1.44103
1.44103
1.44103
1.44103
1.44102
1.44101
1.44101
1.441
1.44101
1.44101
1.44101
1.44101
1.44101
1.44101
1.44101
1.44101
1.44101
1.44101
1.44101
1.44102
1.44101
1.44102
1.44102
1.44102
1.44103
1.44103
1.44103
1.44103
1.44103
1.44103
1.44104
1.44103
1.44103
1.44105
1.44106
1.44105
1.44105
1.44105
1.44105
1.44104
1.44105
1.44105
1.44105
1.44106
1.44105
1.44105
1.44105
1.44105
1.44105
1.44105
1.44105
1.44104
1.44104
1.44104
1.44104
1.44104
1.44104
1.44104
1.44104
1.44104
1.44103
1.44103
1.44103
1.44102
1.44102
1.44102
1.44102
1.44103
1.44103
1.44104
1.44103
1.44103
1.44104
1.44104
1.44104
1.44104
1.44104
1.44104
1.44104
1.44104
1.44104
1.44104
1.44103
1.44104
1.44104
1.44105
1.44105
1.44105
1.44106
1.44106
1.44107
1.44107
1.44107
1.44108
1.44108
1.4411
1.44109
1.4411
1.44109
1.4411
1.4411
1.44111
1.4411
1.4411
1.4411
1.4411
1.4411
1.4411
1.44111
1.44111
1.44111
1.4411
1.4411
1.44109
1.4411
1.4411
1.44109
1.4411
1.4411
1.44111
1.4411
1.4411
1.44111
1.44111
1.4411
1.4411
1.4411
1.4411
1.44111
1.44111
1.44111
1.44111
1.44111
1.44111
1.44111
1.4411
1.44111
1.44111
1.4411
1.44111
1.44111
1.44111
1.44111
1.4411
1.4411
1.4411
1.4411
1.4411
1.4411
1.44109
1.44109
1.4411
1.4411
1.44111
1.44111
1.44111
1.44112
1.4411
1.4411
1.44109
1.44111
1.44111
1.44112
1.44111
1.44112
1.44112
1.44112
1.44112
1.44111
1.44112
1.44112
1.44112
1.44111
1.44111
1.44111
1.4411
1.4411
1.4411
1.4411
1.4411
1.4411
1.4411
1.44112
1.44113
1.44112
1.44112
1.44112
1.44111
1.44111
1.4411
1.4411
1.4411
1.4411
1.4411
1.4411
1.4411
1.44111
1.44111
1.44112
1.44112
1.44111
1.44112
1.44112
1.44112
1.44112
1.44112
1.44113
1.44113
1.44113
1.44113
1.44112
1.44111
1.44112
1.44113
1.44113
1.44113
1.44114
1.44114
1.44114
1.44115
1.44115
1.44115
1.44114
1.44115
1.44114
1.44113
1.44113
1.44114
1.44114
1.44114
1.44114
1.44112
1.44112
1.44113
1.44112
1.44112
1.44111
1.4411
1.4411
1.44109
1.44109
1.4411
1.44109
1.44109
1.4411
1.44112
1.44112
1.44112
1.44112
1.44112
1.44112
1.44112
1.44112
1.44113
1.44113
1.44113
1.44112
1.44113
1.44113
1.44113
1.44113
1.44113
1.44113
1.44113
1.44113
1.44113
1.44113
1.44113
1.44112
1.44112
1.44113
1.44113
1.44113
1.44113
1.44113
1.44113
1.44112
1.44113
1.44113
1.44113
1.44113
1.44114
1.44114
1.44114
1.44114
1.44115
1.44114
1.44114
1.44114
1.44114
1.44114
1.44114
1.44115
1.44115
1.44114
1.44114
1.44115
1.44116
1.44116
1.44116
1.44116
1.44116
1.44117
1.44116
1.44115
1.44116
1.44116
1.44116
1.44117
1.44117
1.44117
1.44118
1.44118
1.44119
1.44119
1.44119
1.44119
1.4412
1.4412
1.4412
1.4412
1.4412
1.4412
1.4412
1.4412
1.4412
1.4412
1.44121
1.4412
1.4412
1.44119
1.4412
1.4412
1.44121
1.44121
1.44121
1.44121
1.44121
1.44122
1.44122
1.44123
1.44123
1.44121
1.4412
1.4412
1.44121
1.44121
1.44121
1.44121
1.44121
1.44122
1.44122
1.44122
1.44121
1.44122
1.44121
1.44122
1.44122
1.44122
1.44122
1.44121
1.44121
1.44121
1.44122
1.44122
1.44122
1.44122
1.44121
1.44122
1.43822
1.43821
1.43821
1.4382
1.4382
1.4382
1.43819
1.43819
1.43819
1.4382
1.4382
1.4382
1.4382
1.4382
1.4382
1.4382
1.43819
1.43819
1.4382
1.4382
1.4382
1.4382
1.4382
1.43819
1.43819
1.4382
1.4382
1.43819
1.43821
1.43821
1.43821
1.43822
1.43822
1.43821
1.43822
1.43822
1.43822
1.43822
1.43821
1.43821
1.43821
1.43821
1.43822
1.43821
1.43821
1.43822
1.43822
1.43822
1.43822
1.43822
1.43822
1.43822
1.43823
1.43823
1.43824
1.43823
1.43824
1.43823
1.43823
1.43823
1.43822
1.43822
1.43822
1.43821
1.43822
1.43822
1.43822
1.43822
1.43822
1.43822
1.43822
1.43821
1.43821
1.43821
1.43822
1.43821
1.43822
1.43821
1.4382
1.43822
1.43822
1.43821
1.43822
1.43822
1.43821
1.43821
1.43822
1.43822
1.43822
1.43823
1.43823
1.43821
1.43821
1.4382
1.4382
1.4382
1.4382
1.4382
1.43821
1.4382
1.43819
1.43819
1.43818
1.43819
1.43819
1.43818
1.43818
1.43818
1.43818
1.43818
1.43819
1.43818
1.43818
1.43818
1.43818
1.43819
1.43818
1.43818
1.43818
1.43817
1.43817
1.43816
1.43816
1.43816
1.43816
1.43816
1.43816
1.43816
1.43815
1.43815
1.43816
1.43815
1.43815
1.43816
1.43816
1.43818
1.43817
1.43817
1.43816
1.43817
1.43816
1.43815
1.43814
1.43814
1.43814
1.43815
1.43814
1.43815
1.43815
1.43815
1.43816
1.43816
1.43817
1.43816
1.43816
1.43816
1.43816
1.43816
1.43816
1.43816
1.43815
1.43815
1.43815
1.43816
1.43816
1.43816
1.43816
1.43815
1.43815
1.43814
1.43814
1.43814
1.43815
1.43814
1.43814
1.43812
1.43813
1.43813
1.43813
1.43813
1.43813
1.43812
1.43813
1.43813
1.43813
1.43813
1.43812
1.43812
1.43813
1.43812
1.43812
1.43813
1.43812
1.43813
1.43813
1.43812
1.43813
1.43813
1.43812
1.43812
1.43813
1.43813
1.43813
1.43813
1.43813
1.43813
1.43813
1.43813
1.43813
1.43813
1.43812
1.43813
1.43813
1.43812
1.43812
1.43812
1.43811
1.43812
1.43812
1.43811
1.43811
1.4381
1.43811
1.43812
1.43812
1.43812
1.43812
1.43812
1.43812
1.43812
1.43813
1.43813
1.43812
1.43812
1.43812
1.43812
1.43812
1.43812
1.43813
1.43814
1.43813
1.43813
1.43813
1.43813
1.43813
1.43812
1.43812
1.43812
1.43812
1.43812
1.43813
1.43813
1.43813
1.43812
1.43812
1.43812
1.43811
1.43812
1.43812
1.43811
1.43811
1.43811
1.4381
1.4381
1.4381
1.4381
1.43811
1.43811
1.43811
1.43811
1.43811
1.43811
1.43811
1.43811
1.4381
1.43811
1.43811
1.43811
1.43811
1.43811
1.43812
1.43812
1.43812
1.43812
1.43812
1.43812
1.43812
1.43812
1.43811
1.43811
1.43811
1.43812
1.43812
1.43812
1.43812
1.43811
1.43812
1.43812
1.43812
1.43813
1.43812
1.43812
1.43812
1.43812
1.43812
1.43812
1.43811
1.43811
1.43812
1.43811
1.43812
1.43812
1.43811
1.43812
1.43812
1.43813
1.43814
1.43814
1.43814
1.43814
1.43814
1.43814
1.43815
1.43815
1.43814
1.43815
1.43814
1.43814
1.43814
1.43814
1.43815
1.43815
1.43815
1.43814
1.43814
1.43813
1.43814
1.43813
1.43813
1.43813
1.43813
1.43814
1.43814
1.43814
1.43814
1.43814
1.43815
1.43816
1.43817
1.43817
1.43816
1.43816
1.43816
1.43817
1.43817
1.43818
1.43817
1.43817
1.43818
1.43819
1.43819
1.43819
1.43819
1.4382
1.4382
1.4382
1.4382
1.4382
1.43819
1.43818
1.43817
1.43817
1.43818
1.43817
1.43818
1.43818
1.43818
1.43818
1.43817
1.43817
1.43816
1.43816
1.43815
1.43815
1.43816
1.43815
1.43814
1.43814
1.43814
1.43814
1.43814
1.43814
1.43814
1.43814
1.43814
1.43814
1.43814
1.43814
1.43814
1.43814
1.43815
1.43815
1.43816
1.43816
1.43817
1.43817
1.43817
1.43817
1.43817
1.43818
1.43818
1.43818
1.43818
1.43818
1.43817
1.43817
1.43817
1.43816
1.43816
1.43816
1.43816
1.43817
1.43816
1.43816
1.43815
1.43815
1.43814
1.43814
1.43813
1.43814
1.43815
1.43815
1.43815
1.43813
1.43812
1.43812
1.43812
1.43812
1.43812
1.43813
1.43812
1.43813
1.43813
1.43814
1.43814
1.43813
1.43813
1.43813
1.43813
1.43813
1.43813
1.43812
1.43811
1.43811
1.43811
1.43811
1.43811
1.43811
1.43811
1.4381
1.4381
1.43809
1.43809
1.43809
1.43809
1.43809
1.4381
1.4381
1.4381
1.4381
1.4381
1.4381
1.4381
1.4381
1.4381
1.4381
1.4381
1.4381
1.4381
1.4381
1.4381
1.43811
1.43811
1.43812
1.43812
1.43811
1.43811
1.43811
1.43811
1.4381
1.43811
1.43811
1.43812
1.43811
1.4381
1.43811
1.43812
1.43811
1.43811
1.43811
1.43811
1.43811
1.43812
1.43812
1.43813
1.43813
1.43813
1.43813
1.43813
1.43812
1.43813
1.43812
1.43813
1.43813
1.43813
1.43814
1.43813
1.43813
1.43813
1.43814
1.43814
1.43814
1.43813
1.43815
1.43814
1.43815
1.43815
1.43815
1.43815
1.43815
1.43815
1.43815
1.43815
1.43816
1.43816
1.43816
1.43816
1.43816
1.43816
1.43817
1.43817
1.43817
1.43817
1.43817
1.43817
1.43817
1.43818
1.43817
1.43816
1.43816
1.43816
1.43816
1.43816
1.43817
1.43818
1.43818
1.43819
1.43819
1.4382
1.4382
1.4382
1.43821
1.4382
1.43819
1.43819
1.43819
1.43819
1.43819
1.43818
1.43818
1.43818
1.43818
1.43818
1.43817
1.43817
1.43817
1.43817
1.43816
1.43816
1.43816
1.43815
1.43817
1.43818
1.43818
1.43819
1.4382
1.4382
1.4382
1.4382
1.43821
1.43821
1.43821
1.43822
1.43822
1.43822
1.43822
1.43821
1.43822
1.43822
1.43822
1.43822
1.43822
1.43821
1.43821
1.43821
1.43821
1.4382
1.43819
1.4382
1.43819
1.43819
1.43818
1.43818
1.43818
1.43818
1.43818
1.43817
1.43817
1.43817
1.43817
1.43815
1.43815
1.43815
1.43815
1.43814
1.43814
1.43814
1.43815
1.43815
1.43815
1.43816
1.43816
1.43816
1.43817
1.43817
1.43816
1.43817
1.43817
1.43816
1.43817
1.43817
1.43817
1.43817
1.43817
1.43817
1.43817
1.43816
1.43817
1.43817
1.43818
1.43818
1.43818
1.43818
1.43818
1.43818
1.43818
1.43818
1.43818
1.43818
1.43818
1.43818
1.43818
1.43818
1.43817
1.43817
1.43817
1.43817
1.43817
1.43817
1.43818
1.43817
1.43817
1.43817
1.43816
1.43816
1.43816
1.43818
1.43818
1.43818
1.43817
1.43817
1.43817
1.43817
1.43817
1.43817
1.43816
1.43816
1.43816
1.43816
1.43816
1.43817
1.43817
1.43817
1.43817
1.43818
1.43817
1.43817
1.43817
1.43816
1.43817
1.43818
1.43818
1.43818
1.43819
1.43819
1.43818
1.43819
1.43819
1.43819
1.43819
1.43819
1.43819
1.43818
1.43818
1.43818
1.43818
1.43817
1.43817
1.43818
1.43818
1.43817
1.43816
1.43817
1.43817
1.43817
1.43817
1.43816
1.43817
1.43817
1.43817
1.43818
1.43817
1.43816
1.43816
1.43817
1.43818
1.43818
1.43817
1.43818
1.43817
1.43816
1.43817
1.43817
1.43817
1.43817
1.43817
1.43817
1.43817
1.43817
1.43816
1.43815
1.43815
1.43816
1.43815
1.43815
1.43815
1.43815
1.43816
1.43815
1.43815
1.43815
1.43814
1.43815
1.43814
1.43813
1.43813
1.43812
1.43812
1.43812
1.43812
1.43813
1.43813
1.43812
1.43812
1.43811
1.43811
1.43811
1.43812
1.43811
1.43812
1.43812
1.43812
1.43812
1.43812
1.43812
1.43811
1.43811
1.4381
1.43811
1.43811
1.43812
1.43812
1.43812
1.43812
1.43813
1.43813
1.43812
1.43811
1.43811
1.43811
1.43811
1.4381
1.43811
1.4381
1.4381
1.43811
1.43811
1.43811
1.43812
1.43811
1.43811
1.43811
1.43811
1.43811
1.4381
1.4381
1.4381
1.43808
1.43808
1.43809
1.43807
1.43807
1.43807
1.43807
1.43809
1.43809
1.43809
1.43808
1.43809
1.4381
1.43809
1.43809
1.43809
1.43808
1.43808
1.43808
1.43808
1.43808
1.43809
1.43809
1.4381
1.4381
1.4381
1.43809
1.43809
1.43808
1.43809
1.43809
1.4381
1.4381
1.4381
1.4381
1.4381
1.43811
1.43812
1.43812
1.43809
1.43809
1.43809
1.43809
1.43809
1.43809
1.43809
1.43809
1.43809
1.43809
1.43809
1.43809
1.4381
1.43809
1.4381
1.4381
1.43811
1.43811
1.43811
1.43811
1.43811
1.43811
1.43811
1.4381
1.43811
1.4381
1.43811
1.4381
1.4381
1.4381
1.4381
1.4381
1.43811
1.4381
1.43811
1.43811
1.4381
1.4381
1.4381
1.4381
1.43809
1.4381
1.43809
1.43808
1.43808
1.43809
1.43809
1.43809
1.43809
1.43809
1.43809
1.43809
1.43809
1.43809
1.43809
1.43808
1.43809
1.43809
1.4381
1.4381
1.4381
1.4381
1.43811
1.4381
1.43809
1.4381
1.4381
1.4381
1.43811
1.43812
1.43812
1.43812
1.43812
1.43812
1.43813
1.43812
1.43812
1.43812
1.43812
1.43812
1.43812
1.43811
1.43811
1.43812
1.43812
1.43812
1.43812
1.43813
1.43813
1.43813
1.43813
1.43813
1.43813
1.43813
1.43814
1.43813
1.43813
1.43814
1.43814
1.43814
1.43814
1.43814
1.43812
1.43812
1.43812
1.43812
1.43812
1.43811
1.43811
1.43812
1.43812
1.43811
1.43811
1.43811
1.43811
1.43813
1.43812
1.43812
1.43812
1.43812
1.43811
1.43812
1.43811
1.43811
1.4381
1.4381
1.4381
1.43809
1.43809
1.43809
1.43809
1.43808
1.43808
1.43808
1.43807
1.43807
1.43808
1.43807
1.43807
1.43806
1.43807
1.43807
1.43807
1.43807
