1.8
1.80001
1.80003
1.80005
1.80007
1.8001
1.80014
1.80019
1.80024
1.80029
1.80036
1.80043
1.8005
1.80058
1.80067
1.80077
1.80087
1.80098
1.8011
1.80123
1.80136
1.8015
1.80165
1.80181
1.80197
1.80215
1.80233
1.80252
1.80272
1.80293
1.80315
1.80338
1.80363
1.80388
1.80414
1.80441
1.8047
1.80499
1.8053
1.80562
1.80596
1.80631
1.80667
1.80705
1.80744
1.80785
1.80828
1.80872
1.80918
1.80966
1.81016
1.81068
1.81123
1.81179
1.81238
1.813
1.81364
1.81431
1.815
1.81573
1.81649
1.81729
1.81812
1.81899
1.8199
1.82085
1.82185
1.8229
1.824
1.82515
1.82636
1.82763
1.82896
1.83036
1.83183
1.83338
1.835
1.8367
1.83849
1.84036
1.84231
1.84434
1.84645
1.84862
1.85083
1.85305
1.85525
1.85736
1.85931
1.86099
1.86228
1.86302
1.86307
1.8623
1.86072
1.8585
1.85614
1.8544
1.85423
1.85643
1.86129
1.86847
1.87714
1.8863
1.89508
1.90289
1.90941
1.91446
1.91794
1.91976
1.91982
1.91808
1.91461
1.90974
1.90409
1.89856
1.89411
1.89151
1.89113
1.89305
1.89721
1.90356
1.91195
1.92195
1.93279
1.94353
1.95324
1.96133
1.96753
1.97197
1.97502
1.97714
1.9787
1.97988
1.9806
1.98068
1.97994
1.97837
1.97621
1.97393
1.97202
1.97088
1.97067
1.97126
1.97238
1.97377
1.97525
1.97687
1.97883
1.98145
1.98501
1.98975
1.99574
2.00294
2.01116
2.02012
2.02947
2.03883
2.04782
2.05612
2.06342
2.06951
2.07426
2.0776
2.07954
2.08014
2.0795
2.07774
2.07494
2.07115
2.06629
2.06017
2.05257
2.04332
2.03247
2.02035
2.00746
1.99452
1.98269
1.97411
1.97177
1.97778
1.9915
2.00947
2.02765
2.04333
2.05558
2.06461
2.07114
2.07592
2.07956
2.08245
2.08485
2.08691
2.08872
2.09035
2.09188
2.09334
2.09475
2.09606
2.09714
2.0978
2.09783
2.097
2.09512
2.09216
2.08824
2.08373
2.0792
2.07529
2.07256
2.07131
2.07158
2.07317
2.07571
2.07882
2.08209
2.08517
2.08781
2.08989
2.09142
2.09255
2.09346
2.09433
2.09524
2.09617
2.09699
2.0975
2.09746
2.09665
2.09489
2.09206
2.08816
2.08332
2.07788
2.07233
2.06722
2.06299
2.05983
2.05764
2.05618
2.05528
2.05491
2.05515
2.05605
2.05745
2.05899
2.06021
2.06064
2.05999
2.05812
2.05503
2.05082
2.04563
2.03978
2.03388
2.02903
2.02674
2.02849
2.035
2.04568
2.0589
2.07267
2.08543
2.09633
2.10512
2.11193
2.11704
2.12077
2.12338
2.12508
2.126
2.12619
2.12565
2.12436
2.12222
2.11915
2.11503
2.10978
2.10331
2.09563
2.08679
2.07696
2.0664
2.05548
2.0447
2.03469
2.02623
2.0202
2.0174
2.01827
2.02263
2.02969
2.03825
2.04701
2.05481
2.06078
2.06426
2.0649
2.06271
2.05827
2.05293
2.04868
2.04754
2.05055
2.05726
2.06604
2.07501
2.08285
2.08894
2.09325
2.09603
2.09763
2.09839
2.09858
2.09838
2.0979
2.0972
2.09626
2.09501
2.09336
2.09114
2.0882
2.08436
2.07946
2.07345
2.06638
2.05855
2.05046
2.0428
2.03632
2.03161
2.02899
2.02849
2.02994
2.03315
2.03787
2.0438
2.05059
2.05779
2.06492
2.07158
2.07747
2.08243
2.0864
2.08939
2.09147
2.0927
2.09316
2.09293
2.09206
2.0906
2.08861
2.08616
2.0833
2.08007
2.07649
2.07253
2.0681
2.06314
2.05772
2.05218
2.04724
2.0439
2.04299
2.04475
2.04858
2.05324
2.05747
2.06042
2.06192
2.06238
2.06253
2.06305
2.06428
2.06609
2.06804
2.06959
2.07038
2.07035
2.06976
2.06908
2.06885
2.06952
2.07134
2.07429
2.07809
2.08228
2.08636
2.08982
2.0923
2.09355
2.09343
2.09197
2.08928
2.08557
2.08109
2.07617
2.07115
2.06646
2.06263
2.06028
2.06
2.06218
2.06679
2.07339
2.08122
2.08946
2.09742
2.10461
2.1108
2.11592
2.12001
2.12318
2.12557
2.12729
2.12848
2.12923
2.1296
2.12965
2.12939
2.12884
2.12797
2.12677
2.12521
2.12329
2.12105
2.11857
2.11597
2.11341
2.11107
2.1091
2.10758
2.10651
2.10577
2.10518
2.1045
2.10354
2.10214
2.10025
2.0979
2.0952
2.09228
2.08932
2.08646
2.08382
2.08151
2.07965
2.07831
2.07757
2.07742
2.07783
2.07868
2.07985
2.08127
2.0829
2.08481
2.08706
2.08967
2.09252
2.09535
2.09781
2.09955
2.10029
2.09992
2.09849
2.09617
2.09325
2.09004
2.08686
2.08403
2.08183
2.08051
2.08027
2.08117
2.08321
2.08624
2.09005
2.09438
2.09894
2.10347
2.10775
2.1116
2.11494
2.11771
2.11988
2.12144
2.12239
2.12269
2.1223
2.12115
2.11917
2.11631
2.11258
2.10815
2.10339
2.09887
2.09532
2.09343
2.09362
2.09583
2.0996
2.10424
2.10904
2.11346
2.11718
2.12001
2.12187
2.12271
2.12244
2.1209
2.11788
2.11312
2.10641
2.09769
2.08728
2.07604
2.06546
2.05743
2.0536
2.05471
2.06017
2.06827
2.07691
2.0844
2.08992
2.09357
2.09596
2.09784
2.09974
2.10189
2.10426
2.10677
2.10932
2.11186
2.11432
2.11665
2.11877
2.12063
2.12222
2.1235
2.12445
2.12502
2.1251
2.12456
2.12329
2.12118
2.11816
2.11427
2.10971
2.10487
2.10038
2.09704
2.0956
2.09652
2.09974
2.10473
2.11073
2.11702
2.12306
2.12854
2.13328
2.13716
2.14011
2.14203
2.14287
2.14261
2.14138
2.13939
2.13699
2.13457
2.13249
2.13097
2.13002
2.12953
2.12938
2.12959
2.13037
2.13208
2.13502
2.13925
2.14456
2.15047
2.15644
2.16199
2.16679
2.17065
2.17349
2.17533
2.17619
2.17619
2.17544
2.17416
2.17262
2.17116
2.17011
2.16977
2.17026
2.17158
2.17355
2.17592
2.17837
2.18057
2.18217
2.18281
2.18221
2.18022
2.17703
2.17324
2.1699
2.16822
2.1692
2.17318
2.17969
2.18766
2.19584
2.20316
2.20891
2.21267
2.21425
2.21349
2.21023
2.20428
2.19552
2.18412
2.17079
2.15691
2.14429
2.13456
2.12856
2.12631
2.12756
2.13225
2.14048
2.15203
2.166
2.18101
2.1955
2.20817
2.21821
2.22532
2.22964
2.23171
2.23233
2.23236
2.23256
2.23338
2.23489
2.23683
2.23871
2.24002
2.24029
2.23919
2.23645
2.23191
2.22543
2.21696
2.2065
2.19421
2.18047
2.16602
2.15201
2.1399
2.13106
2.12632
2.12581
2.12927
2.13633
2.14631
2.15793
2.1695
2.17943
2.18665
2.19078
2.19191
2.19047
2.18705
2.18235
2.17712
2.17213
2.16804
2.16528
2.16401
2.16401
2.16479
2.16561
2.16572
2.16452
2.16179
2.15789
2.15376
2.15075
2.15009
2.15233
2.15709
2.1633
2.16972
2.17542
2.17989
2.18298
2.18474
2.18534
2.18493
2.18366
2.18165
2.17899
2.17579
2.17223
2.16848
2.16482
2.16151
2.15883
2.15699
2.15609
2.15615
2.15703
2.15853
2.16039
2.16234
2.16414
2.16563
2.16672
2.1674
2.16769
2.16762
2.16723
2.16653
2.1655
2.16415
2.16249
2.16059
2.15856
2.15654
2.15468
2.15306
2.15169
2.15047
2.14922
2.14774
2.14584
2.14341
2.14036
2.13661
2.13204
2.12649
2.11991
2.1125
2.10495
2.09847
2.0946
2.09462
2.09897
2.10701
2.11727
2.12805
2.13796
2.14615
2.15229
2.15641
2.1587
2.15944
2.15887
2.15719
2.15453
2.15098
2.14662
2.1415
2.13574
2.12951
2.12303
2.11658
2.11041
2.10467
2.09937
2.09441
2.08966
2.08507
2.08076
2.07702
2.07426
2.07283
2.07288
2.07426
2.07656
2.07917
2.0816
2.08359
2.08525
2.08698
2.08925
2.09241
2.09646
2.10108
2.10576
2.10999
2.11342
2.11594
2.11764
2.11872
2.11947
2.12016
2.121
2.12215
2.12366
2.1255
2.1276
2.12981
2.13204
2.13414
2.13603
2.13763
2.13887
2.13972
2.14014
2.14016
2.13979
2.1391
2.13817
2.13713
2.13602
2.13489
2.13363
2.1321
2.13014
2.12768
2.12484
2.12191
2.11918
2.11673
2.11429
2.11138
2.10768
2.10337
2.09909
2.09566
2.0935
2.09232
2.09124
2.08936
2.0865
2.08345
2.08163
2.08221
2.08544
2.09071
2.09712
2.10401
2.11107
2.11818
2.12519
2.13185
2.13787
2.14301
2.14713
2.15021
2.15235
2.15371
2.15447
2.15481
2.15486
2.15476
2.15457
2.15436
2.15413
2.1539
2.15366
2.1534
2.1531
2.15274
2.15231
2.15178
2.15113
2.15032
2.14934
2.14813
2.14663
2.14478
2.14247
2.13963
2.13616
2.13199
2.12711
2.12157
2.11549
2.10906
2.10252
2.09624
2.09079
2.08705
2.08598
2.08823
2.09365
2.10118
2.1093
2.11661
2.1222
2.12575
2.12732
2.12723
2.12594
2.12393
2.12172
2.11975
2.11841
2.1179
2.11827
2.11936
2.12092
2.12263
2.12416
2.12528
2.12579
2.12559
2.1246
2.12284
2.12035
2.11726
2.11378
2.11021
2.1069
2.10424
2.10253
2.10193
2.10241
2.10378
2.10571
2.10789
2.11004
2.11196
2.11353
2.11473
2.11554
2.11602
2.11622
2.11622
2.11609
2.11591
2.11575
2.11568
2.11571
2.11584
2.11602
2.11619
2.11625
2.1161
2.11564
2.11474
2.11326
2.11103
2.10784
2.10344
2.09765
2.09044
2.08221
2.07402
2.06752
2.06455
2.06621
2.07225
2.08116
2.09105
2.10036
2.10828
2.11453
2.11925
2.12268
2.1251
2.12675
2.12783
2.12847
2.12877
2.1288
2.12862
2.12824
2.12767
2.12692
2.126
2.12488
2.12357
2.12207
2.12037
2.11848
2.11642
2.11422
2.11194
2.10967
2.10751
2.10562
2.10416
2.10331
2.10322
2.10398
2.1056
2.10797
2.11091
2.11416
2.11746
2.12055
2.12321
2.12525
1.80118
1.80179
1.80174
1.80106
1.79986
1.79832
1.7967
1.79531
1.79452
1.79465
1.79593
1.79847
1.80217
1.80681
1.81206
1.81756
1.82295
1.82794
1.83225
1.83569
1.83805
1.8392
1.83907
1.83764
1.835
1.83136
1.82702
1.82233
1.81766
1.81329
1.80947
1.80641
1.80442
1.80395
1.80548
1.80934
1.81537
1.82287
1.83079
1.83809
1.84394
1.84793
1.84993
1.85008
1.84864
1.84593
1.84228
1.83798
1.83325
1.82823
1.823
1.81765
1.81226
1.80703
1.80224
1.79821
1.79527
1.79362
1.79324
1.79391
1.79512
1.79622
1.79641
1.7948
1.79057
1.78309
1.77251
1.76038
1.75006
1.74568
1.74963
1.76068
1.77498
1.78864
1.79944
1.80683
1.81118
1.81316
1.81343
1.81249
1.81072
1.8084
1.80581
1.80323
1.80094
1.79921
1.79825
1.79809
1.79861
1.79957
1.80063
1.80144
1.80173
1.80128
1.8
1.79786
1.79491
1.79128
1.78714
1.78275
1.77838
1.77436
1.77106
1.76879
1.76784
1.7683
1.77011
1.77298
1.77654
1.78035
1.78406
1.78743
1.79032
1.7927
1.79463
1.79616
1.79738
1.79838
1.79924
1.79999
1.80069
1.80134
1.80194
1.80245
1.80284
1.80302
1.80291
1.8024
1.80137
1.79973
1.79741
1.79442
1.79085
1.78686
1.78266
1.77841
1.77408
1.76942
1.76401
1.75739
1.74934
1.74003
1.73003
1.72012
1.71098
1.70306
1.69683
1.69304
1.6927
1.6966
1.70466
1.71583
1.72851
1.7412
1.75289
1.76313
1.77184
1.77913
1.78518
1.79018
1.79427
1.79759
1.80023
1.80227
1.80377
1.8048
1.8054
1.80561
1.80547
1.80501
1.80424
1.80319
1.80185
1.8002
1.79823
1.79588
1.7931
1.78978
1.7858
1.781
1.7752
1.76816
1.75967
1.74957
1.73793
1.72528
1.71282
1.70247
1.6964
1.69605
1.70137
1.71077
1.72206
1.73334
1.74344
1.75189
1.75864
1.76384
1.76772
1.7705
1.77238
1.77355
1.77418
1.77441
1.77438
1.77422
1.77403
1.77392
1.77393
1.77411
1.77446
1.77496
1.77557
1.77623
1.77689
1.77749
1.77799
1.77834
1.77853
1.77854
1.77836
1.77799
1.77744
1.77671
1.77579
1.77467
1.77335
1.77179
1.76998
1.76792
1.76563
1.76318
1.76067
1.75828
1.75618
1.75457
1.75358
1.75326
1.75355
1.75429
1.75527
1.75626
1.75709
1.75768
1.75805
1.75833
1.75872
1.75944
1.76073
1.76269
1.76532
1.7685
1.772
1.77558
1.77898
1.78202
1.78456
1.78653
1.7879
1.78869
1.78893
1.78867
1.78796
1.78686
1.78541
1.78364
1.78157
1.77919
1.7765
1.77347
1.7701
1.76644
1.7626
1.7588
1.7554
1.75289
1.75178
1.75248
1.75511
1.75939
1.76468
1.77019
1.77522
1.77938
1.78256
1.78497
1.78694
1.78878
1.79074
1.79286
1.79502
1.79694
1.79823
1.79841
1.79702
1.79371
1.78841
1.78147
1.77374
1.76657
1.76147
1.75979
1.76221
1.7685
1.77758
1.78796
1.79821
1.80735
1.81486
1.8206
1.82467
1.82719
1.82832
1.82815
1.8267
1.82396
1.81988
1.81446
1.80782
1.80028
1.7924
1.78498
1.77892
1.77502
1.77373
1.77496
1.77811
1.78218
1.78615
1.78931
1.79133
1.79236
1.79282
1.79324
1.7941
1.79564
1.7979
1.8007
1.80378
1.80685
1.8097
1.81221
1.81436
1.81618
1.81774
1.81909
1.82031
1.82138
1.82232
1.82306
1.82355
1.8237
1.82344
1.82269
1.82141
1.81956
1.81719
1.81437
1.81127
1.80814
1.80529
1.80305
1.80172
1.80151
1.8025
1.8046
1.80761
1.81123
1.81517
1.81917
1.823
1.82652
1.82966
1.83235
1.8346
1.83638
1.8377
1.83856
1.83896
1.83889
1.83835
1.83735
1.83589
1.83398
1.83161
1.82874
1.82535
1.82143
1.8171
1.81271
1.8088
1.80606
1.80503
1.80584
1.80813
1.81125
1.81449
1.81738
1.81974
1.82161
1.82319
1.82467
1.82621
1.82789
1.82972
1.83165
1.83364
1.83566
1.83772
1.83985
1.84207
1.84436
1.84665
1.84885
1.85085
1.85257
1.85393
1.85494
1.85562
1.85605
1.85632
1.85656
1.85684
1.85728
1.85792
1.8588
1.85993
1.86129
1.86284
1.86454
1.86634
1.86818
1.87003
1.87185
1.87361
1.8753
1.8769
1.87838
1.87974
1.88095
1.88197
1.88276
1.88328
1.88347
1.88328
1.88266
1.88161
1.88014
1.87839
1.87654
1.87486
1.87366
1.87322
1.87368
1.87503
1.87707
1.8795
1.88196
1.88415
1.88586
1.88697
1.8875
1.88752
1.88721
1.88674
1.88631
1.88607
1.88617
1.88664
1.88749
1.88865
1.89
1.8914
1.89268
1.89373
1.89443
1.89475
1.89473
1.89446
1.89409
1.8938
1.89377
1.89412
1.89489
1.89603
1.89744
1.89895
1.90039
1.90159
1.90243
1.90278
1.90257
1.90174
1.90026
1.89811
1.89532
1.89194
1.88805
1.88381
1.8794
1.87506
1.87103
1.8676
1.86497
1.86328
1.86258
1.86279
1.86372
1.86514
1.86679
1.86842
1.86982
1.87087
1.87148
1.87168
1.87156
1.87125
1.87094
1.87079
1.87092
1.87137
1.8721
1.87297
1.87383
1.8745
1.87482
1.87466
1.87394
1.8726
1.87062
1.86796
1.86464
1.86066
1.85607
1.85092
1.84533
1.83945
1.8335
1.82771
1.82238
1.81776
1.81409
1.81153
1.81011
1.80981
1.81047
1.81192
1.81393
1.81631
1.81888
1.8215
1.82409
1.82657
1.82889
1.83102
1.83291
1.83453
1.83583
1.83678
1.83732
1.83739
1.83695
1.83593
1.83431
1.83206
1.82921
1.82584
1.82206
1.8181
1.81419
1.81065
1.80779
1.80593
1.80531
1.8061
1.80826
1.81161
1.81576
1.82026
1.82464
1.8285
1.83154
1.83361
1.83462
1.83458
1.83351
1.83152
1.82873
1.82528
1.8214
1.81733
1.81335
1.80976
1.8068
1.80467
1.80343
1.80306
1.80341
1.8043
1.8055
1.8068
1.80804
1.80909
1.80985
1.81028
1.81039
1.81019
1.80976
1.80918
1.80851
1.8078
1.80701
1.80596
1.80438
1.80183
1.7978
1.79179
1.78354
1.77332
1.76233
1.75274
1.74719
1.74751
1.75364
1.76373
1.77524
1.7861
1.79516
1.80207
1.80694
1.8101
1.81193
1.81278
1.81297
1.81276
1.81237
1.81196
1.81164
1.81146
1.81142
1.8115
1.81163
1.81175
1.81181
1.81181
1.81175
1.81168
1.81166
1.81177
1.81205
1.81255
1.81326
1.81417
1.81522
1.81637
1.81755
1.81872
1.81987
1.82097
1.82201
1.82301
1.82393
1.82473
1.8253
1.82549
1.82509
1.82387
1.82165
1.81835
1.81419
1.80974
1.80592
1.80365
1.80341
1.80495
1.80726
1.80909
1.80943
1.80782
1.80438
1.79974
1.7948
1.79049
1.78747
1.78601
1.78591
1.78668
1.78776
1.78867
1.7891
1.789
1.78849
1.78784
1.78743
1.78766
1.78889
1.79135
1.79507
1.79988
1.80539
1.81109
1.81642
1.82086
1.82401
1.82563
1.82564
1.82414
1.82139
1.81777
1.81371
1.80966
1.806
1.80294
1.80057
1.79887
1.79776
1.7972
1.79718
1.7977
1.79875
1.80022
1.80194
1.80362
1.80495
1.80557
1.80517
1.80345
1.8002
1.79534
1.78899
1.7815
1.77347
1.76569
1.75896
1.75391
1.75088
1.74989
1.75076
1.75324
1.75704
1.76183
1.76731
1.7731
1.77884
1.78416
1.78873
1.79226
1.79455
1.79544
1.79488
1.79291
1.78973
1.78572
1.78143
1.77753
1.77461
1.77302
1.77273
1.77333
1.77422
1.7748
1.77459
1.77336
1.77104
1.76777
1.76377
1.75939
1.75499
1.75092
1.74746
1.74483
1.74316
1.74256
1.74314
1.74497
1.74804
1.75222
1.75717
1.76249
1.76773
1.77251
1.77656
1.77976
1.78207
1.78356
1.78433
1.78451
1.78424
1.78366
1.78287
1.78199
1.78107
1.78016
1.77929
1.77842
1.77754
1.77659
1.77552
1.77432
1.77297
1.77152
1.77005
1.76869
1.7676
1.76692
1.76676
1.76715
1.76806
1.76936
1.7709
1.77251
1.77402
1.77534
1.77637
1.77709
1.77748
1.77758
1.7774
1.777
1.7764
1.77565
1.77481
1.7739
1.77298
1.77212
1.77137
1.7708
1.77049
1.77048
1.77079
1.77138
1.7722
1.77312
1.77401
1.77472
1.77511
1.77508
1.77453
1.77343
1.77178
1.76963
1.76705
1.76417
1.76115
1.75814
1.75525
1.75251
1.74978
1.74675
1.74288
1.73755
1.73042
1.72202
1.71435
1.71076
1.7142
1.72511
1.74093
1.75788
1.77307
1.78524
1.79432
1.80085
1.80546
1.80872
1.81104
1.81271
1.81391
1.81476
1.81533
1.8157
1.8159
1.81601
1.81608
1.81614
1.81624
1.81638
1.81654
1.81667
1.81671
1.81657
1.81619
1.81553
1.8146
1.81346
1.81222
1.81107
1.81021
1.80983
1.81012
1.81116
1.81293
1.8153
1.81808
1.82098
1.82375
1.82618
1.82811
1.82943
1.8301
1.83012
1.8295
1.82829
1.82652
1.82431
1.82177
1.81908
1.81645
1.8141
1.81226
1.81111
1.81073
1.81114
1.81224
1.81387
1.81582
1.81789
1.81987
1.82162
1.82302
1.82402
1.82459
1.82476
1.82459
1.8242
1.82374
1.82338
1.82329
1.82362
1.82445
1.82581
1.82765
1.82987
1.83235
1.83493
1.83751
1.83998
1.84226
1.84433
1.84617
1.8478
1.84925
1.85057
1.85178
1.85292
1.85397
1.85489
1.85559
1.85596
1.85588
1.85526
1.85399
1.85206
1.84947
1.84634
1.84286
1.83931
1.836
1.83325
1.83123
1.82993
1.82915
1.82854
1.82776
1.8266
1.82497
1.82288
1.82033
1.81725
1.81358
1.80944
1.80519
1.80142
1.79873
1.79755
1.79807
1.8003
1.80406
1.80897
1.81444
1.81982
1.82448
1.82805
1.83038
1.83153
1.83174
1.83131
1.83054
1.82971
1.82896
1.82835
1.82776
1.82703
1.82591
1.82413
1.82148
1.81777
1.81296
1.80722
1.80101
1.7946
1.79034
1.78846
1.78941
1.79293
1.79809
1.80372
1.80874
1.81241
1.8143
1.81429
1.81248
1.80918
1.80486
1.80011
1.79555
1.79162
1.78843
1.78579
1.7834
1.78115
1.77933
1.7786
1.77965
1.7828
1.78773
1.79363
1.79953
1.80462
1.80841
1.81076
1.81172
1.81151
1.81045
1.80892
1.8073
1.80598
1.80528
1.80541
1.80643
1.80826
1.81074
1.81362
1.81671
1.81984
1.82288
1.82577
1.82846
1.83093
1.83313
1.83502
1.83653
1.8376
1.83813
1.83804
1.83725
1.83568
1.83326
1.82997
1.8258
1.82081
1.81511
1.8089
1.80249
1.7963
1.79083
1.78661
1.78408
1.78354
1.785
1.78822
1.79267
1.79772
1.80265
1.80682
1.80977
1.8113
1.81155
1.811
1.81037
1.81044
1.81176
1.81441
1.81798
1.82175
1.82498
1.82716
1.82813
1.82805
1.82728
1.82627
1.82543
1.82507
1.82534
1.82626
1.82771
1.82948
1.83129
1.83283
1.83384
1.83409
1.83344
1.83184
1.82934
1.82606
1.82223
1.81811
1.81405
1.81037
1.80737
1.80527
1.80413
1.80391
1.80445
1.80553
1.80692
1.80844
1.80993
1.81133
1.81262
1.81381
1.8149
1.81589
1.81673
1.81735
1.81762
1.81744
1.81665
1.81512
1.8127
1.80926
1.80468
1.79888
1.79187
1.7838
1.77499
1.766
1.75759
1.75061
1.74586
1.74387
1.74485
1.74858
1.75459
1.76221
1.77068
1.77925
1.78729
1.79428
1.79991
1.80405
1.8067
1.80794
1.80791
1.80677
1.80468
1.8018
1.79834
1.79448
1.79047
1.78655
1.78298
1.77998
1.77771
1.77628
1.77568
1.77586
1.77668
1.77798
1.77959
1.78135
1.78311
1.78476
1.78622
1.78743
1.78837
1.78901
1.78936
1.78941
1.78915
1.78859
1.78771
1.78652
1.78501
1.78319
1.78109
1.77873
1.77619
1.77357
1.77098
1.7686
1.76659
1.7651
1.76426
1.76414
1.76476
1.76604
1.76788
1.77016
1.77273
1.77547
1.77828
1.78108
1.78381
1.78644
1.78892
1.79124
1.79339
1.79537
1.79718
1.79881
1.80027
1.80156
1.80267
1.8036
1.80433
1.80487
1.80518
1.80527
1.80513
1.80478
1.80425
1.80359
1.80292
1.80233
1.80199
1.80203
1.80256
1.80366
1.80534
1.80754
1.81018
1.81311
1.81621
1.81935
1.82245
1.82543
1.82828
1.83096
1.83347
1.83584
1.83805
1.84012
1.84201
1.84371
1.84513
1.84619
1.84677
1.84674
1.84594
1.84421
1.84139
1.83736
1.83201
1.82536
1.81757
1.80898
1.80023
1.79214
1.78567
1.78165
1.78057
1.78241
1.78669
1.79265
1.79947
1.80646
1.81316
1.81937
1.82509
1.83046
1.83564
1.84076
1.84581
1.85069
1.85523
1.85919
1.86238
1.86464
1.86589
1.86612
1.86538
1.86379
1.86153
1.85881
1.85584
1.85277
1.84962
1.84631
1.84266
1.83853
1.83393
1.82923
1.82517
1.82274
1.82282
1.82574
1.83109
1.83789
1.84502
1.85157
1.85699
1.86109
1.86387
1.86548
1.86606
1.86577
1.8647
1.86292
1.86045
1.85728
1.85338
1.84872
1.84329
1.83713
1.83034
1.82313
1.81581
1.80881
1.80262
1.79781
1.79493
1.79445
1.79657
1.80111
1.80749
1.81488
1.82243
1.82949
1.83566
1.84081
1.84492
1.84809
1.85044
1.85206
1.85304
1.85343
1.85328
1.8526
1.85144
1.84985
1.84791
1.84574
1.8435
1.84135
1.83948
1.83802
1.83705
1.83658
1.83654
1.83684
1.83733
1.8379
1.83847
1.83898
1.83942
1.8398
1.84016
1.84052
1.84092
1.84138
1.84192
1.8425
1.84313
1.84375
1.84434
1.84487
1.8453
1.84561
1.84576
1.84573
1.84547
1.84497
1.84419
1.8431
1.84168
1.83992
1.83786
1.83551
1.83297
1.83032
1.8277
1.82526
1.82314
1.82149
1.82042
1.81997
1.82016
1.82092
1.82214
1.82367
1.82536
1.82707
1.82868
1.83008
1.83123
1.83209
1.83264
1.83291
1.83291
1.83268
1.83228
1.83176
1.83118
1.8306
1.83008
1.82966
1.82934
1.82912
1.82895
1.82874
1.82839
1.82777
1.82675
1.82524
1.82316
1.8205
1.81732
1.81374
1.80996
1.80616
1.80254
1.79925
1.79635
1.79392
1.79201
1.79073
1.79019
1.79044
1.79146
1.7931
1.79511
1.79722
1.7992
1.80086
1.80211
1.80292
1.80328
1.80321
1.80273
1.80185
1.80057
1.79889
1.7968
1.79434
1.79159
1.78871
1.78592
1.78351
1.78177
1.78098
1.78126
1.7826
1.78486
1.78777
1.79106
1.79445
1.79773
1.80076
1.80345
1.80575
1.80765
1.80915
1.81027
1.81103
1.81146
1.81157
1.81138
1.81091
1.81018
1.80918
1.80789
1.80629
1.80433
1.80197
1.79913
1.79579
1.79189
1.78747
1.78262
1.77753
1.77247
1.76785
1.7641
1.76163
1.76071
1.76143
1.76364
1.76706
1.77126
1.77583
1.78038
1.78462
1.78838
1.79159
1.79425
1.79638
1.798
1.79912
1.79974
1.79988
1.79957
1.79892
1.7981
1.79733
1.79684
1.79684
1.79746
1.79875
1.80063
1.80295
1.80552
1.80812
1.81054
1.81262
1.81417
1.81502
1.81498
1.81384
1.81142
1.80759
1.80244
1.79639
1.79037
1.78571
1.78377
1.78532
1.79021
1.7974
1.80557
1.81362
1.82088
1.82713
1.8324
1.83683
1.84054
1.84362
1.8461
1.84799
1.84924
1.84985
1.84982
1.84919
1.84801
1.84638
1.84439
1.84214
1.83969
1.83709
1.83436
1.83149
1.82846
1.82521
1.82171
1.81787
1.81363
1.8089
1.80366
1.79803
1.79236
1.78733
1.78392
1.78317
1.78572
1.79153
1.79983
1.80955
1.81964
1.82935
1.83824
1.84604
1.85265
1.858
1.86211
1.86504
1.86692
1.86789
1.86815
1.86788
1.86725
1.86635
1.86522
1.8638
1.86195
1.8595
1.85626
1.85214
1.84711
1.84131
1.83511
1.82908
1.82402
1.82076
1.81995
1.82167
1.8254
1.83017
1.8349
1.83875
1.84124
1.84221
1.84171
1.83996
1.83723
1.8338
1.82997
1.82606
1.82234
1.81907
1.81644
1.81459
1.81356
1.81331
1.81374
1.81471
1.81605
1.8176
1.81923
1.82079
1.82218
1.82329
1.82402
1.82422
1.82371
1.82224
1.8195
1.81507
1.80855
1.79972
1.78885
1.77711
1.76671
1.76032
1.75968
1.76446
1.7725
1.78114
1.78839
1.79334
1.79586
1.79615
1.79446
1.7909
1.78542
1.77788
1.76836
1.75757
1.74727
1.74014
1.7387
1.74371
1.75356
1.76519
1.77575
1.78347
1.78772
1.78865
1.78693
1.78368
1.78027
1.77814
1.77832
1.78107
1.7858
1.79145
1.79692
1.80139
1.80444
1.80594
1.80596
1.8047
1.8024
1.79938
1.79603
1.79278
1.79007
1.78827
1.78759
1.78806
1.7895
1.79155
1.79382
1.79588
1.79733
1.79784
1.79712
1.79495
1.79125
1.78619
1.78028
1.77445
1.76999
1.76811
1.76952
1.77409
1.78095
1.78893
1.79699
1.80443
1.81092
1.81637
1.82082
1.82438
1.82719
1.82936
1.83101
1.83222
1.83307
1.83361
1.83389
1.83391
1.83371
1.83329
1.83268
1.83195
1.83117
1.83042
1.82972
1.82903
1.82822
1.82706
1.82531
1.82279
1.81946
1.81546
1.81104
1.80661
1.80268
1.7999
1.79903
1.80077
1.80534
1.81229
1.82053
1.82863
1.83536
1.83987
1.84183
1.84128
1.83853
1.83407
1.82851
1.82259
1.81711
1.8129
1.81065
1.81086
1.81362
1.81864
1.82525
1.83255
1.8395
1.84507
1.84825
1.84814
1.84402
1.83559
1.82346
1.80969
1.79771
1.79121
1.79215
1.79972
1.81129
1.82415
1.83641
1.84713
1.85592
1.86275
1.86777
1.87121
1.87334
1.87438
1.87454
1.87393
1.87262
1.87061
1.86787
1.86439
1.86016
1.85531
1.85007
1.84482
1.84008
1.83634
1.83395
1.83304
1.83343
1.83475
1.83656
1.83848
1.84026
1.84181
1.84315
1.84436
1.84554
1.84674
1.84792
1.849
1.84984
1.85031
1.85031
1.84982
1.84884
1.84746
1.84575
1.84375
1.84148
1.83898
1.8363
1.83363
1.83129
1.82972
1.82939
1.83068
1.83371
1.83831
1.84403
1.85029
1.8565
1.86214
1.86685
1.87035
1.87245
1.87296
1.87174
1.86862
1.86354
1.85664
1.84846
1.84006
1.83294
1.82863
1.82797
1.83071
1.83568
1.84139
1.84662
1.85071
1.85346
1.85496
1.85543
1.8551
1.85417
1.85278
1.85106
1.84912
1.84706
1.84498
1.84299
1.84118
1.83962
1.83839
1.83756
1.83721
1.83744
1.83833
1.83987
1.84199
1.8445
1.84714
1.84964
1.85178
1.85341
1.85448
1.855
1.85505
1.85476
1.85423
1.85358
1.85289
1.85217
1.85143
1.85063
1.8497
1.84856
1.84716
1.84545
1.84339
1.84098
1.83826
1.83528
1.83212
1.82889
1.82573
1.82279
1.82023
1.8182
1.81683
1.81623
1.81642
1.81741
1.81912
1.82145
1.82423
1.82725
1.83031
1.83318
1.83565
1.83755
1.83876
1.83923
1.83896
1.83802
1.83655
1.83468
1.83257
1.83029
1.82783
1.82509
1.82184
1.81787
1.81304
1.80756
1.80211
1.79788
1.79621
1.79792
1.8028
1.80968
1.81703
1.82363
1.8288
1.8324
1.8346
1.83566
1.83583
1.83527
1.83407
1.83221
1.82966
1.82636
1.82228
1.81745
1.81199
1.80616
1.80035
1.79511
1.79095
1.7883
1.78728
1.78774
1.78936
1.79177
1.7947
1.798
1.80156
1.8053
1.80906
1.81261
1.81572
1.81817
1.81981
1.82059
1.82053
1.81976
1.81845
1.81681
1.8151
1.81353
1.81234
1.81166
1.81158
1.81212
1.81321
1.81476
1.81664
1.81872
1.82087
1.82301
1.82503
1.82689
1.82853
1.82993
1.83105
1.83189
1.83244
1.83269
1.83264
1.8323
1.83167
1.83075
1.82956
1.82812
1.82648
1.82469
1.82282
1.82094
1.81912
1.81741
1.81582
1.81433
1.81288
1.81142
1.80991
1.80836
1.80682
1.80534
1.80404
1.80304
1.7997
1.80027
1.80218
1.80579
1.81119
1.81804
1.82558
1.83284
1.83886
1.84284
1.84429
1.84308
1.83957
1.83474
1.8301
1.82725
1.82716
1.82968
1.83358
1.83727
1.83944
1.83943
1.83723
1.83329
1.82841
1.82348
1.81931
1.81649
1.81525
1.81546
1.81673
1.81851
1.82031
1.8217
1.82243
1.82241
1.82168
1.82041
1.8188
1.8171
1.81552
1.81425
1.81339
1.81295
1.81283
1.81286
1.81286
1.8127
1.81235
1.81196
1.81186
1.81241
1.81398
1.81672
1.82058
1.82529
1.83045
1.8357
1.84073
1.84534
1.8494
1.85288
1.85576
1.85808
1.85986
1.86116
1.86204
1.86256
1.86276
1.86272
1.86247
1.86208
1.86156
1.86097
1.86032
1.85964
1.85895
1.85826
1.85758
1.85692
1.85628
1.85565
1.85502
1.85439
1.85374
1.85306
1.85232
1.85151
1.85064
1.8497
1.84873
1.84774
1.84679
1.84592
1.84525
1.84488
1.84497
1.84567
1.84705
1.84912
1.85174
1.85464
1.85747
1.85983
1.86132
1.86159
1.8604
1.85762
1.85327
1.84756
1.84092
1.83399
1.82755
1.82239
1.81918
1.81831
1.81979
1.82327
1.82816
1.83377
1.83943
1.84465
1.84909
1.85259
1.8551
1.85664
1.85727
1.85704
1.85598
1.85415
1.85155
1.84822
1.84422
1.83963
1.8346
1.82935
1.82417
1.81944
1.81559
1.81306
1.81219
1.81313
1.81575
1.81964
1.8242
1.82881
1.83295
1.83626
1.83857
1.83988
1.84027
1.8399
1.83897
1.83763
1.836
1.83412
1.83196
1.82941
1.82628
1.82238
1.81752
1.81164
1.80488
1.7977
1.79091
1.78551
1.7824
1.78198
1.78397
1.78755
1.79173
1.79565
1.7988
1.80095
1.80212
1.80242
1.80201
1.80105
1.79968
1.798
1.79608
1.79399
1.79177
1.78949
1.78719
1.78498
1.78295
1.7812
1.77984
1.77897
1.77862
1.77879
1.77943
1.78043
1.78166
1.78296
1.7842
1.78525
1.78604
1.78652
1.7867
1.78662
1.78636
1.78602
1.78568
1.78544
1.78534
1.78541
1.78561
1.78589
1.78614
1.78627
1.78615
1.78568
1.78475
1.7833
1.78129
1.77873
1.77571
1.7724
1.76905
1.766
1.7636
1.76219
1.76199
1.76306
1.76527
1.76836
1.77197
1.77571
1.77926
1.78237
1.78488
1.78674
1.78793
1.78851
1.78856
1.7882
1.78757
1.78679
1.78596
1.78513
1.78432
1.78348
1.78252
1.78137
1.77998
1.77835
1.77653
1.77463
1.77275
1.77099
1.76943
1.76813
1.76712
1.76648
1.76631
1.76676
1.76799
1.7701
1.77309
1.77683
1.78108
1.7855
1.78972
1.79342
1.79632
1.79828
1.79925
1.79931
1.79865
1.79757
1.79644
1.79565
1.79548
1.79607
1.79735
1.7991
1.80101
1.8028
1.80425
1.80528
1.80591
1.80626
1.80647
1.80672
1.80713
1.80779
1.80873
1.80991
1.81126
1.81268
1.81406
1.81529
1.81627
1.81687
1.81696
1.81635
1.8148
1.81205
1.80777
1.80173
1.79379
1.78408
1.77312
1.76187
1.75167
1.74398
1.74005
1.74048
1.74497
1.75244
1.7614
1.77039
1.77825
1.78419
1.78782
1.78913
1.7885
1.78674
1.78499
1.78441
1.78571
1.78891
1.79338
1.79819
1.80252
1.80593
1.80831
1.80979
1.81059
1.81094
1.81102
1.81092
1.81066
1.81022
1.80953
1.80849
1.80697
1.80483
1.8019
1.79798
1.79289
1.7865
1.77878
1.76982
1.75994
1.74958
1.7393
1.72973
1.72145
1.71503
1.71091
1.70937
1.71031
1.71326
1.71746
1.7221
1.72644
1.72998
1.73249
1.73394
1.73451
1.73451
1.73431
1.73425
1.73464
1.73564
1.73727
1.73944
1.74195
1.74459
1.74714
1.74942
1.75132
1.75277
1.75378
1.75435
1.75456
1.75446
1.75411
1.75358
1.75293
1.7522
1.75145
1.75071
1.75
1.74936
1.74879
1.7483
1.74791
1.74762
1.74742
1.74731
1.74727
1.74729
1.74734
1.74741
1.74744
1.74742
1.74728
1.74698
1.74649
1.74576
1.74477
1.74353
1.7421
1.74058
1.73912
1.7379
1.7371
1.73687
1.73727
1.73825
1.73969
1.74138
1.74313
1.74478
1.74623
1.74747
1.74856
1.7496
1.7507
1.75196
1.75345
1.75519
1.75717
1.75937
1.76179
1.76442
1.76725
1.77025
1.77334
1.77637
1.77912
1.78137
1.78288
1.78348
1.78313
1.78195
1.78024
1.77851
1.77742
1.77761
1.77954
1.78326
1.78835
1.79404
1.79941
1.80361
1.80604
1.80642
1.80492
1.80221
1.79942
1.79781
1.79829
1.80093
1.80485
1.80859
1.81062
1.80972
1.80509
1.79632
1.78351
1.76744
1.74987
1.73366
1.72226
1.71864
1.72396
1.73703
1.75503
1.77476
1.79366
1.81019
1.82372
1.83424
1.84206
1.84763
1.85142
1.85381
1.85513
1.85563
1.85548
1.8548
1.85368
1.85218
1.85033
1.84817
1.8457
1.84294
1.8399
1.83661
1.83312
1.82953
1.82598
1.82265
1.81975
1.81749
1.81606
1.81555
1.81599
1.81732
1.81939
1.822
1.82493
1.82796
1.83087
1.8335
1.8357
1.83736
1.83838
1.83868
1.83815
1.8367
1.83424
1.83071
1.82622
1.82114
1.81625
1.81264
1.81142
1.81323
1.81784
1.82429
1.83133
1.83786
1.84321
1.84715
1.84974
1.85118
1.85176
1.85175
1.85141
1.85097
1.85059
1.85041
1.8505
1.8509
1.85159
1.85254
1.8537
1.85501
1.85642
1.85789
1.85938
1.86088
1.86237
1.86383
1.86523
1.86654
1.86771
1.8687
1.86945
1.86991
1.87
1.86967
1.86886
1.86752
1.86561
1.86308
1.85992
1.85614
1.85176
1.84683
1.84143
1.83564
1.82968
1.82388
1.81882
1.81523
1.81382
1.81495
1.81842
1.82349
1.82916
1.83454
1.83904
1.8424
1.8446
1.8458
1.84618
1.84594
1.84527
1.84427
1.84305
1.84166
1.84015
1.83857
1.83697
1.83543
1.83407
1.83302
1.83241
1.83239
1.83305
1.83445
1.83655
1.83927
1.84243
1.84585
1.84932
1.85266
1.85572
1.85839
1.86059
1.86229
1.86347
1.86412
1.86424
1.86383
1.86286
1.86132
1.85914
1.85627
1.85264
1.84818
1.84285
1.83664
1.8296
1.82189
1.81377
1.80561
1.79788
1.79102
1.78548
1.78154
1.77937
1.77901
1.78037
1.7833
1.78756
1.79285
1.79882
1.80511
1.81139
1.81738
1.8229
1.82784
1.83217
1.8359
1.83906
1.84171
1.84389
1.8456
1.84687
1.84766
1.84792
1.8476
1.84661
1.84486
1.84226
1.83879
1.83447
1.82947
1.82409
1.81878
1.81407
1.81049
1.80842
1.80797
1.80893
1.81085
1.81315
1.81529
1.81684
1.81761
1.81758
1.81689
1.81583
1.8147
1.81381
1.81341
1.81365
1.81459
1.81619
1.81835
1.8209
1.82369
1.82654
1.82932
1.83192
1.83428
1.83638
1.83822
1.83985
1.84133
1.84271
1.84404
1.84533
1.84658
1.84775
1.84877
1.84957
1.85007
1.85019
1.84989
1.84917
1.84806
1.84667
1.84516
1.84371
1.84251
1.84172
1.84138
1.84146
1.84181
1.84221
1.84244
1.84229
1.84163
1.84036
1.83848
1.83603
1.83309
1.82981
1.82637
1.82299
1.81997
1.81761
1.81622
1.81607
1.81732
1.81998
1.82391
1.82887
1.83449
1.84043
1.84632
1.85188
1.85686
1.8611
1.86447
1.86688
1.86825
1.86852
1.86764
1.86559
1.86241
1.85819
1.85313
1.84755
1.84181
1.83628
1.83127
1.82697
1.82348
1.82081
1.81897
1.818
1.81793
1.8188
1.82063
1.82338
1.82699
1.83129
1.83604
1.84097
1.84575
1.85008
1.85373
1.85653
1.85836
1.85921
1.8591
1.85812
1.85639
1.85406
1.85134
1.84842
1.84552
1.84281
1.84045
1.8385
1.83698
1.83585
1.83498
1.83424
1.83346
1.83248
1.83117
1.82947
1.82738
1.82498
1.82245
1.82003
1.81798
1.81655
1.81588
1.81601
1.81683
1.81813
1.81967
1.82123
1.82268
1.82394
1.82503
1.82601
1.82697
1.82802
1.82922
1.83061
1.83221
1.83398
1.83585
1.83776
1.83962
1.84135
1.84289
1.8442
1.84525
1.84601
1.84648
1.84665
1.8465
1.84604
1.84522
1.84402
1.84239
1.84028
1.83763
1.83437
1.83047
1.82594
1.82084
1.81534
1.80975
1.80447
1.80002
1.79692
1.79556
1.79615
1.79861
1.80261
1.80759
1.8129
1.81791
1.82209
1.82503
1.82655
1.82662
1.8254
1.82318
1.82035
1.81735
1.81455
1.81227
1.81075
1.81016
1.81064
1.81223
1.81489
1.81843
1.82256
1.82693
1.83121
1.83513
1.8385
1.84118
1.8431
1.84419
1.8444
1.84367
1.84196
1.83928
1.83568
1.83134
1.82652
1.82163
1.8171
1.81338
1.81077
1.80934
1.80893
1.80917
1.80959
1.80982
1.80963
1.80904
1.8083
1.80776
1.80782
1.8087
1.81045
1.81289
1.81569
1.81848
1.82094
1.82286
1.82411
1.82466
1.82456
1.82388
1.82271
1.82118
1.81936
1.81734
1.8152
1.81299
1.81076
1.80856
1.80644
1.80446
1.80268
1.80117
1.79997
1.79911
1.79863
1.79849
1.79867
1.79911
1.79975
1.80054
1.80143
1.80237
1.80334
1.80433
1.80532
1.80629
1.80723
1.80813
1.80895
1.80966
1.81024
1.81066
1.81087
1.81085
1.81057
1.80999
1.80905
1.80772
1.80592
1.80357
1.80058
1.79685
1.7923
1.7869
1.78071
1.77391
1.76685
1.75998
1.7538
1.74869
1.74484
1.74225
1.74085
1.74056
1.74138
1.74332
1.74627
1.75001
1.75422
1.75855
1.76272
1.76654
1.76995
1.77295
1.77557
1.77783
1.77977
1.78137
1.78262
1.78352
1.78403
1.78417
1.78396
1.78344
1.78266
1.7817
1.78064
1.77956
1.77853
1.7776
1.77677
1.77606
1.77544
1.77487
1.77433
1.77379
1.77326
1.77277
1.77237
1.77211
1.77207
1.77226
1.7727
1.77333
1.77405
1.77473
1.77524
1.77545
1.77527
1.77465
1.77361
1.77222
1.77063
1.76903
1.76763
1.76666
