1.2
1.20001
1.20002
1.20003
1.20005
1.20007
1.20009
1.20012
1.20016
1.2002
1.20024
1.20028
1.20033
1.20039
1.20045
1.20051
1.20058
1.20066
1.20073
1.20082
1.20091
1.201
1.2011
1.20121
1.20132
1.20143
1.20155
1.20168
1.20182
1.20196
1.2021
1.20226
1.20242
1.20258
1.20276
1.20294
1.20313
1.20333
1.20353
1.20375
1.20397
1.2042
1.20445
1.2047
1.20496
1.20523
1.20552
1.20581
1.20612
1.20644
1.20677
1.20712
1.20748
1.20786
1.20825
1.20866
1.20909
1.20954
1.21
1.21049
1.211
1.21153
1.21208
1.21266
1.21327
1.2139
1.21457
1.21527
1.216
1.21677
1.21757
1.21842
1.21931
1.22024
1.22122
1.22225
1.22333
1.22447
1.22566
1.22691
1.22821
1.22956
1.23097
1.23241
1.23388
1.23537
1.23683
1.23824
1.23954
1.24066
1.24152
1.24201
1.24204
1.24153
1.24048
1.239
1.23742
1.23627
1.23616
1.23762
1.24086
1.24565
1.25143
1.25753
1.26339
1.2686
1.27294
1.27631
1.27863
1.27984
1.27988
1.27872
1.27641
1.27316
1.2694
1.26571
1.26274
1.261
1.26075
1.26203
1.26481
1.26904
1.27463
1.2813
1.28853
1.29568
1.30216
1.30755
1.31168
1.31465
1.31668
1.31809
1.31914
1.31992
1.3204
1.32045
1.31996
1.31891
1.31748
1.31595
1.31468
1.31392
1.31378
1.31417
1.31492
1.31584
1.31683
1.31791
1.31922
1.32096
1.32334
1.3265
1.3305
1.3353
1.34078
1.34675
1.35298
1.35922
1.36522
1.37075
1.37561
1.37967
1.38284
1.38507
1.38636
1.38676
1.38634
1.38516
1.3833
1.38077
1.37752
1.37345
1.36838
1.36221
1.35498
1.3469
1.33831
1.32968
1.32179
1.31608
1.31451
1.31852
1.32766
1.33965
1.35177
1.36222
1.37038
1.3764
1.38076
1.38395
1.38637
1.3883
1.3899
1.39127
1.39248
1.39357
1.39458
1.39556
1.3965
1.39737
1.39809
1.39854
1.39856
1.398
1.39675
1.39477
1.39216
1.38916
1.38614
1.38353
1.3817
1.38087
1.38106
1.38211
1.38381
1.38588
1.38806
1.39011
1.39187
1.39326
1.39428
1.39503
1.39564
1.39622
1.39683
1.39745
1.398
1.39833
1.39831
1.39777
1.39659
1.39471
1.39211
1.38888
1.38526
1.38156
1.37815
1.37533
1.37322
1.37176
1.37079
1.37019
1.36994
1.3701
1.3707
1.37163
1.37266
1.37347
1.37376
1.37333
1.37208
1.37002
1.36721
1.36376
1.35985
1.35592
1.35269
1.35116
1.35233
1.35667
1.36379
1.3726
1.38178
1.39029
1.39756
1.40342
1.40795
1.41136
1.41384
1.41559
1.41672
1.41733
1.41746
1.4171
1.41624
1.41482
1.41277
1.41002
1.40652
1.40221
1.39708
1.39119
1.38464
1.3776
1.37032
1.36313
1.35646
1.35082
1.3468
1.34494
1.34551
1.34842
1.35313
1.35884
1.36467
1.36988
1.37385
1.37617
1.3766
1.37514
1.37218
1.36862
1.36579
1.36502
1.36703
1.37151
1.37736
1.38334
1.38857
1.39263
1.3955
1.39735
1.39842
1.39893
1.39905
1.39892
1.3986
1.39813
1.39751
1.39668
1.39557
1.3941
1.39214
1.38957
1.38631
1.3823
1.37759
1.37237
1.36697
1.36187
1.35755
1.35441
1.35266
1.35232
1.3533
1.35543
1.35858
1.36254
1.36706
1.37186
1.37661
1.38105
1.38498
1.38829
1.39093
1.39293
1.39431
1.39513
1.39544
1.39529
1.3947
1.39373
1.39241
1.39077
1.38887
1.38671
1.38433
1.38168
1.37873
1.37543
1.37181
1.36812
1.36483
1.3626
1.36199
1.36317
1.36572
1.36883
1.37164
1.37361
1.37461
1.37492
1.37502
1.37537
1.37618
1.3774
1.3787
1.37973
1.38025
1.38023
1.37984
1.37939
1.37923
1.37968
1.38089
1.38286
1.38539
1.38819
1.3909
1.39322
1.39487
1.3957
1.39562
1.39465
1.39285
1.39038
1.38739
1.38411
1.38077
1.37764
1.37509
1.37352
1.37333
1.37479
1.37786
1.38226
1.38748
1.39297
1.39828
1.40307
1.4072
1.41061
1.41334
1.41545
1.41704
1.4182
1.41899
1.41948
1.41973
1.41976
1.4196
1.41923
1.41865
1.41784
1.4168
1.41553
1.41404
1.41238
1.41065
1.40894
1.40738
1.40607
1.40506
1.40434
1.40385
1.40345
1.403
1.40236
1.40143
1.40017
1.3986
1.3968
1.39486
1.39288
1.39097
1.38921
1.38768
1.38643
1.38554
1.38504
1.38495
1.38522
1.38579
1.38657
1.38751
1.3886
1.38987
1.39137
1.39311
1.39501
1.3969
1.39854
1.3997
1.4002
1.39995
1.39899
1.39745
1.3955
1.39336
1.39124
1.38935
1.38788
1.38701
1.38684
1.38745
1.38881
1.39083
1.39337
1.39625
1.3993
1.40231
1.40516
1.40774
1.40996
1.41181
1.41325
1.41429
1.41492
1.41513
1.41487
1.4141
1.41278
1.41087
1.40839
1.40544
1.40226
1.39925
1.39688
1.39562
1.39574
1.39722
1.39974
1.40283
1.40603
1.40898
1.41145
1.41334
1.41458
1.41514
1.41496
1.41393
1.41192
1.40875
1.40427
1.39846
1.39152
1.38402
1.37697
1.37162
1.36906
1.3698
1.37345
1.37885
1.38461
1.3896
1.39328
1.39571
1.39731
1.39856
1.39983
1.40126
1.40284
1.40451
1.40622
1.40791
1.40955
1.4111
1.41251
1.41375
1.41481
1.41567
1.4163
1.41668
1.41673
1.41638
1.41553
1.41412
1.41211
1.40952
1.40647
1.40324
1.40025
1.39802
1.39707
1.39768
1.39983
1.40315
1.40715
1.41135
1.41537
1.41903
1.42218
1.42478
1.42674
1.42802
1.42858
1.42841
1.42759
1.42626
1.42466
1.42305
1.42166
1.42065
1.42001
1.41969
1.41958
1.41972
1.42025
1.42139
1.42335
1.42617
1.42971
1.43364
1.43762
1.44133
1.44453
1.4471
1.449
1.45022
1.4508
1.45079
1.45029
1.44944
1.44841
1.44744
1.44674
1.44651
1.44684
1.44772
1.44903
1.45061
1.45224
1.45371
1.45478
1.45521
1.4548
1.45348
1.45135
1.44883
1.4466
1.44548
1.44613
1.44879
1.45313
1.45844
1.46389
1.46877
1.47261
1.47512
1.47616
1.47566
1.47349
1.46952
1.46368
1.45608
1.4472
1.43794
1.42953
1.42304
1.41904
1.41754
1.41837
1.4215
1.42699
1.43468
1.444
1.45401
1.46367
1.47212
1.47881
1.48354
1.48642
1.48781
1.48822
1.48824
1.48837
1.48892
1.48993
1.49122
1.49247
1.49335
1.49353
1.49279
1.49097
1.48794
1.48362
1.47797
1.471
1.46281
1.45365
1.44401
1.43467
1.4266
1.42071
1.41755
1.41721
1.41952
1.42422
1.43087
1.43862
1.44634
1.45295
1.45777
1.46052
1.46127
1.46031
1.45803
1.4549
1.45141
1.44809
1.44536
1.44352
1.44267
1.44267
1.44319
1.44374
1.44381
1.44301
1.44119
1.43859
1.43584
1.43383
1.43339
1.43489
1.43806
1.4422
1.44648
1.45028
1.45326
1.45532
1.45649
1.45689
1.45662
1.45578
1.45443
1.45266
1.45053
1.44815
1.44566
1.44321
1.44101
1.43922
1.43799
1.4374
1.43743
1.43802
1.43902
1.44026
1.44156
1.44276
1.44375
1.44448
1.44493
1.44512
1.44508
1.44482
1.44435
1.44367
1.44277
1.44166
1.4404
1.43904
1.4377
1.43645
1.43537
1.43446
1.43364
1.43281
1.43183
1.43056
1.42894
1.42691
1.42441
1.42136
1.41766
1.41327
1.40833
1.4033
1.39898
1.3964
1.39641
1.39931
1.40467
1.41151
1.4187
1.4253
1.43077
1.43486
1.43761
1.43914
1.43963
1.43925
1.43813
1.43635
1.43399
1.43108
1.42767
1.42383
1.41967
1.41535
1.41105
1.40694
1.40311
1.39958
1.39627
1.39311
1.39004
1.38717
1.38468
1.38284
1.38189
1.38192
1.38284
1.38437
1.38611
1.38773
1.38906
1.39017
1.39132
1.39283
1.39494
1.39764
1.40072
1.40384
1.40666
1.40895
1.41063
1.41176
1.41248
1.41298
1.41344
1.414
1.41477
1.41577
1.417
1.4184
1.41988
1.42136
1.42276
1.42402
1.42509
1.42591
1.42648
1.42676
1.42677
1.42652
1.42606
1.42545
1.42475
1.42402
1.42326
1.42242
1.4214
1.42009
1.41845
1.41656
1.41461
1.41279
1.41116
1.40953
1.40758
1.40512
1.40225
1.39939
1.3971
1.39567
1.39488
1.39416
1.39291
1.391
1.38897
1.38775
1.38814
1.39029
1.39381
1.39808
1.40267
1.40738
1.41212
1.41679
1.42123
1.42525
1.42867
1.43142
1.43347
1.4349
1.43581
1.43632
1.43654
1.43658
1.43651
1.43638
1.43624
1.43609
1.43593
1.43577
1.4356
1.4354
1.43516
1.43487
1.43452
1.43408
1.43355
1.43289
1.43209
1.43109
1.42985
1.42832
1.42642
1.42411
1.42133
1.41807
1.41438
1.41033
1.40604
1.40168
1.39749
1.39386
1.39137
1.39065
1.39216
1.39577
1.40079
1.4062
1.41107
1.4148
1.41717
1.41821
1.41816
1.41729
1.41596
1.41448
1.41317
1.41227
1.41194
1.41218
1.41291
1.41395
1.41508
1.41611
1.41685
1.4172
1.41706
1.4164
1.41522
1.41357
1.41151
1.40919
1.40681
1.4046
1.40283
1.40169
1.40129
1.40161
1.40252
1.40381
1.40526
1.40669
1.40797
1.40902
1.40982
1.41036
1.41068
1.41082
1.41081
1.41073
1.41061
1.4105
1.41045
1.41047
1.41056
1.41068
1.41079
1.41083
1.41074
1.41043
1.40982
1.40884
1.40735
1.40523
1.4023
1.39843
1.39363
1.38814
1.38268
1.37834
1.37636
1.37747
1.3815
1.38744
1.39403
1.40024
1.40552
1.40969
1.41283
1.41512
1.41673
1.41783
1.41855
1.41898
1.41918
1.4192
1.41908
1.41882
1.41845
1.41795
1.41733
1.41659
1.41572
1.41471
1.41358
1.41232
1.41094
1.40948
1.40796
1.40645
1.40501
1.40375
1.40277
1.40221
1.40215
1.40266
1.40373
1.40532
1.40727
1.40944
1.41164
1.4137
1.41547
1.41684
1.20079
1.20119
1.20116
1.20071
1.19991
1.19888
1.1978
1.19687
1.19634
1.19643
1.19729
1.19898
1.20145
1.20454
1.20804
1.2117
1.2153
1.21862
1.2215
1.22379
1.22537
1.22614
1.22605
1.22509
1.22334
1.22091
1.21801
1.21489
1.21177
1.20886
1.20631
1.20428
1.20295
1.20263
1.20366
1.20623
1.21024
1.21524
1.22053
1.22539
1.2293
1.23195
1.23329
1.23339
1.23243
1.23062
1.22819
1.22532
1.22216
1.21882
1.21534
1.21176
1.20817
1.20469
1.20149
1.19881
1.19685
1.19574
1.1955
1.19594
1.19675
1.19748
1.1976
1.19654
1.19371
1.18873
1.18167
1.17359
1.16671
1.16379
1.16642
1.17379
1.18332
1.19243
1.19963
1.20456
1.20745
1.20878
1.20896
1.20833
1.20715
1.2056
1.20388
1.20215
1.20062
1.19948
1.19883
1.19872
1.19908
1.19972
1.20042
1.20096
1.20115
1.20086
1.2
1.19857
1.19661
1.19418
1.19143
1.1885
1.18558
1.18291
1.1807
1.1792
1.17856
1.17887
1.18007
1.18199
1.18436
1.1869
1.18937
1.19162
1.19354
1.19514
1.19642
1.19744
1.19825
1.19892
1.19949
1.2
1.20046
1.20089
1.20129
1.20164
1.20189
1.20201
1.20194
1.2016
1.20091
1.19982
1.19827
1.19628
1.1939
1.19124
1.18844
1.18561
1.18272
1.17961
1.176
1.17159
1.16622
1.16002
1.15336
1.14675
1.14065
1.13537
1.13122
1.1287
1.12847
1.13107
1.13644
1.14389
1.15234
1.1608
1.16859
1.17542
1.18123
1.18609
1.19012
1.19345
1.19618
1.19839
1.20015
1.20151
1.20251
1.2032
1.2036
1.20374
1.20365
1.20334
1.20283
1.20213
1.20123
1.20013
1.19882
1.19725
1.1954
1.19318
1.19053
1.18734
1.18347
1.17877
1.17311
1.16638
1.15862
1.15019
1.14188
1.13498
1.13093
1.1307
1.13425
1.14052
1.14804
1.15556
1.1623
1.16793
1.17243
1.17589
1.17848
1.18033
1.18159
1.18237
1.18279
1.18294
1.18292
1.18281
1.18269
1.18261
1.18262
1.18274
1.18298
1.18331
1.18371
1.18415
1.18459
1.18499
1.18532
1.18556
1.18569
1.18569
1.18557
1.18533
1.18496
1.18447
1.18386
1.18312
1.18223
1.18119
1.17999
1.17861
1.17709
1.17545
1.17378
1.17218
1.17079
1.16971
1.16905
1.16884
1.16904
1.16953
1.17018
1.17084
1.17139
1.17179
1.17204
1.17222
1.17248
1.17296
1.17382
1.17512
1.17688
1.179
1.18133
1.18372
1.18599
1.18801
1.18971
1.19102
1.19193
1.19246
1.19262
1.19245
1.19197
1.19124
1.19027
1.18909
1.18771
1.18613
1.18433
1.18231
1.18007
1.17763
1.17507
1.17253
1.17027
1.16859
1.16785
1.16832
1.17007
1.17293
1.17645
1.18012
1.18348
1.18625
1.18838
1.18998
1.19129
1.19252
1.19383
1.19524
1.19668
1.19796
1.19882
1.19894
1.19801
1.19581
1.19227
1.18764
1.1825
1.17771
1.17431
1.17319
1.17481
1.179
1.18505
1.19197
1.19881
1.2049
1.2099
1.21374
1.21644
1.21813
1.21888
1.21877
1.2178
1.21597
1.21325
1.20964
1.20522
1.20019
1.19493
1.18999
1.18595
1.18335
1.18248
1.18331
1.1854
1.18812
1.19077
1.19287
1.19422
1.19491
1.19521
1.1955
1.19607
1.19709
1.1986
1.20047
1.20252
1.20456
1.20647
1.20814
1.20957
1.21079
1.21182
1.21273
1.21354
1.21426
1.21488
1.21537
1.2157
1.2158
1.21562
1.21513
1.21427
1.21304
1.21146
1.20958
1.20751
1.20543
1.20353
1.20203
1.20115
1.20101
1.20167
1.20307
1.20507
1.20749
1.21012
1.21278
1.21533
1.21768
1.21977
1.22157
1.22306
1.22425
1.22513
1.22571
1.22597
1.22593
1.22557
1.2249
1.22393
1.22265
1.22107
1.21916
1.2169
1.21429
1.2114
1.20847
1.20587
1.20404
1.20335
1.20389
1.20542
1.2075
1.20966
1.21159
1.21316
1.21441
1.21546
1.21644
1.21747
1.2186
1.21981
1.2211
1.22243
1.22377
1.22515
1.22657
1.22805
1.22957
1.2311
1.23257
1.2339
1.23504
1.23595
1.23662
1.23708
1.23736
1.23755
1.2377
1.2379
1.23819
1.23861
1.2392
1.23996
1.24086
1.2419
1.24303
1.24422
1.24545
1.24668
1.2479
1.24907
1.2502
1.25126
1.25226
1.25316
1.25396
1.25464
1.25517
1.25552
1.25565
1.25552
1.25511
1.2544
1.25343
1.25226
1.25103
1.24991
1.24911
1.24881
1.24912
1.25002
1.25138
1.253
1.25464
1.2561
1.25724
1.25798
1.25833
1.25835
1.25814
1.25783
1.25754
1.25738
1.25744
1.25776
1.25833
1.2591
1.26
1.26093
1.26179
1.26248
1.26295
1.26317
1.26315
1.26297
1.26273
1.26253
1.26251
1.26275
1.26326
1.26402
1.26496
1.26597
1.26693
1.26773
1.26828
1.26852
1.26838
1.26783
1.26684
1.26541
1.26355
1.26129
1.2587
1.25588
1.25294
1.25004
1.24736
1.24506
1.24331
1.24219
1.24172
1.24186
1.24248
1.24343
1.24453
1.24561
1.24655
1.24724
1.24765
1.24779
1.2477
1.2475
1.24729
1.24719
1.24728
1.24758
1.24807
1.24865
1.24922
1.24967
1.24988
1.24977
1.24929
1.2484
1.24708
1.24531
1.24309
1.24044
1.23738
1.23395
1.23022
1.2263
1.22233
1.21847
1.21492
1.21184
1.2094
1.20768
1.20674
1.20654
1.20698
1.20794
1.20929
1.21087
1.21258
1.21434
1.21606
1.21771
1.21926
1.22068
1.22194
1.22302
1.22389
1.22452
1.22488
1.22493
1.22463
1.22395
1.22287
1.22137
1.21948
1.21722
1.21471
1.21206
1.20946
1.2071
1.20519
1.20395
1.20354
1.20406
1.20551
1.20774
1.21051
1.21351
1.21643
1.219
1.22103
1.22241
1.22308
1.22305
1.22234
1.22102
1.21915
1.21686
1.21427
1.21155
1.2089
1.2065
1.20453
1.20311
1.20229
1.20204
1.20227
1.20286
1.20366
1.20453
1.20536
1.20606
1.20656
1.20685
1.20692
1.2068
1.20651
1.20612
1.20568
1.2052
1.20467
1.20397
1.20292
1.20122
1.19853
1.19453
1.18903
1.18222
1.17489
1.16849
1.16479
1.165
1.16909
1.17582
1.18349
1.19073
1.19677
1.20138
1.20463
1.20674
1.20795
1.20852
1.20864
1.20851
1.20825
1.20797
1.20776
1.20764
1.20762
1.20767
1.20775
1.20783
1.20788
1.20787
1.20783
1.20779
1.20777
1.20784
1.20803
1.20836
1.20884
1.20945
1.21015
1.21091
1.2117
1.21248
1.21324
1.21398
1.21468
1.21534
1.21596
1.21649
1.21686
1.21699
1.21673
1.21592
1.21443
1.21223
1.20946
1.2065
1.20395
1.20243
1.20228
1.2033
1.20484
1.20606
1.20629
1.20521
1.20292
1.19983
1.19654
1.19366
1.19165
1.19067
1.1906
1.19112
1.19184
1.19244
1.19274
1.19267
1.19233
1.1919
1.19162
1.19178
1.1926
1.19423
1.19672
1.19992
1.2036
1.2074
1.21095
1.21391
1.21601
1.21708
1.21709
1.21609
1.21426
1.21184
1.20914
1.20644
1.204
1.20196
1.20038
1.19924
1.1985
1.19813
1.19812
1.19847
1.19917
1.20015
1.20129
1.20241
1.2033
1.20372
1.20345
1.2023
1.20013
1.19689
1.19266
1.18767
1.18231
1.17713
1.17264
1.16928
1.16725
1.16659
1.16717
1.16883
1.17136
1.17456
1.17821
1.18207
1.18589
1.18944
1.19248
1.19484
1.19637
1.19696
1.19658
1.19527
1.19315
1.19048
1.18762
1.18502
1.18307
1.18202
1.18182
1.18222
1.18281
1.1832
1.18306
1.18224
1.1807
1.17851
1.17585
1.17293
1.17
1.16728
1.16498
1.16322
1.16211
1.16171
1.16209
1.16331
1.16536
1.16814
1.17145
1.175
1.17849
1.18167
1.18437
1.1865
1.18805
1.18904
1.18955
1.18967
1.1895
1.18911
1.18858
1.18799
1.18738
1.18678
1.18619
1.18561
1.18503
1.18439
1.18368
1.18288
1.18198
1.18101
1.18003
1.17913
1.1784
1.17795
1.17784
1.1781
1.17871
1.17958
1.1806
1.18167
1.18268
1.18356
1.18425
1.18472
1.18499
1.18505
1.18493
1.18466
1.18427
1.18377
1.1832
1.1826
1.18199
1.18141
1.18091
1.18053
1.18033
1.18032
1.18052
1.18092
1.18147
1.18208
1.18267
1.18315
1.18341
1.18338
1.18302
1.18229
1.18119
1.17975
1.17803
1.17611
1.1741
1.17209
1.17017
1.16834
1.16652
1.1645
1.16192
1.15837
1.15362
1.14801
1.1429
1.1405
1.1428
1.15007
1.16062
1.17192
1.18205
1.19016
1.19622
1.20057
1.20364
1.20581
1.20736
1.20847
1.20927
1.20984
1.21022
1.21046
1.2106
1.21067
1.21072
1.21076
1.21083
1.21092
1.21103
1.21111
1.21114
1.21104
1.21079
1.21035
1.20973
1.20897
1.20815
1.20738
1.2068
1.20655
1.20675
1.20744
1.20862
1.2102
1.21205
1.21399
1.21584
1.21746
1.21874
1.21962
1.22007
1.22008
1.21967
1.21886
1.21768
1.21621
1.21451
1.21272
1.21096
1.2094
1.20818
1.20741
1.20715
1.20742
1.20816
1.20924
1.21055
1.21192
1.21325
1.21441
1.21535
1.21601
1.2164
1.21651
1.2164
1.21614
1.21583
1.21559
1.21553
1.21575
1.2163
1.21721
1.21843
1.21992
1.22156
1.22329
1.22501
1.22665
1.22818
1.22955
1.23078
1.23187
1.23283
1.23371
1.23452
1.23528
1.23598
1.23659
1.23706
1.2373
1.23726
1.23684
1.236
1.23471
1.23298
1.2309
1.22857
1.2262
1.224
1.22216
1.22082
1.21995
1.21943
1.21902
1.21851
1.21773
1.21664
1.21525
1.21355
1.2115
1.20906
1.2063
1.20346
1.20095
1.19915
1.19837
1.19871
1.2002
1.2027
1.20598
1.20963
1.21321
1.21632
1.2187
1.22025
1.22102
1.22116
1.22087
1.22036
1.2198
1.21931
1.2189
1.21851
1.21802
1.21727
1.21609
1.21432
1.21185
1.20864
1.20481
1.20067
1.1964
1.19356
1.19231
1.19294
1.19528
1.19873
1.20248
1.20583
1.20827
1.20953
1.20953
1.20832
1.20612
1.20324
1.20007
1.19704
1.19441
1.19229
1.19053
1.18893
1.18743
1.18622
1.18573
1.18644
1.18853
1.19182
1.19575
1.19968
1.20308
1.20561
1.20717
1.20781
1.20768
1.20697
1.20594
1.20486
1.20398
1.20352
1.20361
1.20429
1.20551
1.20716
1.20908
1.21114
1.21323
1.21526
1.21718
1.21898
1.22062
1.22209
1.22334
1.22435
1.22507
1.22542
1.22536
1.22483
1.22378
1.22217
1.21998
1.2172
1.21387
1.21007
1.20593
1.20166
1.19753
1.19389
1.19107
1.18939
1.18903
1.19
1.19214
1.19512
1.19848
1.20177
1.20455
1.20651
1.20753
1.2077
1.20733
1.20691
1.20696
1.20784
1.20961
1.21199
1.2145
1.21665
1.21811
1.21876
1.2187
1.21819
1.21751
1.21695
1.21671
1.21689
1.21751
1.21848
1.21965
1.22086
1.22189
1.22256
1.22272
1.22229
1.22123
1.21956
1.21738
1.21482
1.21207
1.20936
1.20691
1.20492
1.20351
1.20275
1.2026
1.20296
1.20369
1.20462
1.20562
1.20662
1.20755
1.20842
1.20921
1.20994
1.2106
1.21116
1.21157
1.21175
1.21163
1.2111
1.21008
1.20847
1.20618
1.20312
1.19925
1.19458
1.1892
1.18333
1.17734
1.17173
1.16708
1.16391
1.16258
1.16323
1.16572
1.16973
1.1748
1.18045
1.18617
1.19152
1.19618
1.19994
1.2027
1.20447
1.20529
1.20528
1.20451
1.20312
1.2012
1.19889
1.19632
1.19365
1.19103
1.18865
1.18665
1.18514
1.18419
1.18379
1.18391
1.18445
1.18532
1.18639
1.18757
1.18874
1.18984
1.19081
1.19162
1.19225
1.19268
1.19291
1.19294
1.19277
1.19239
1.19181
1.19101
1.19001
1.1888
1.18739
1.18582
1.18413
1.18238
1.18066
1.17907
1.17772
1.17673
1.17617
1.1761
1.1765
1.17736
1.17859
1.1801
1.18182
1.18365
1.18552
1.18739
1.18921
1.19096
1.19261
1.19416
1.19559
1.19692
1.19812
1.19921
1.20018
1.20104
1.20178
1.2024
1.20289
1.20324
1.20345
1.20351
1.20342
1.20319
1.20283
1.2024
1.20194
1.20156
1.20133
1.20135
1.20171
1.20244
1.20356
1.20503
1.20679
1.20874
1.2108
1.2129
1.21496
1.21696
1.21885
1.22064
1.22232
1.22389
1.22537
1.22674
1.22801
1.22914
1.23008
1.23079
1.23118
1.23116
1.23063
1.22947
1.2276
1.2249
1.22134
1.21691
1.21171
1.20599
1.20015
1.19476
1.19045
1.18777
1.18704
1.18827
1.19113
1.1951
1.19965
1.20431
1.20878
1.21291
1.21673
1.22031
1.22376
1.22717
1.23054
1.2338
1.23682
1.23946
1.24158
1.24309
1.24393
1.24408
1.24359
1.24252
1.24102
1.23921
1.23723
1.23518
1.23308
1.23088
1.22844
1.22569
1.22262
1.21949
1.21678
1.21516
1.21521
1.21716
1.22073
1.22526
1.23002
1.23438
1.238
1.24072
1.24258
1.24365
1.24404
1.24384
1.24313
1.24194
1.2403
1.23818
1.23559
1.23248
1.22886
1.22475
1.22023
1.21542
1.21054
1.20587
1.20175
1.19854
1.19662
1.1963
1.19771
1.20074
1.20499
1.20992
1.21495
1.21966
1.22378
1.2272
1.22995
1.23206
1.23363
1.23471
1.23536
1.23562
1.23552
1.23507
1.2343
1.23324
1.23194
1.2305
1.229
1.22757
1.22632
1.22534
1.2247
1.22438
1.22436
1.22456
1.22489
1.22527
1.22565
1.22599
1.22628
1.22654
1.22677
1.22701
1.22728
1.22759
1.22794
1.22834
1.22875
1.22917
1.22956
1.22991
1.2302
1.23041
1.23051
1.23048
1.23032
1.22998
1.22946
1.22873
1.22779
1.22662
1.22524
1.22368
1.22198
1.22021
1.21847
1.21684
1.21543
1.21433
1.21361
1.21332
1.21344
1.21395
1.21476
1.21578
1.21691
1.21805
1.21912
1.22006
1.22082
1.22139
1.22176
1.22194
1.22194
1.22179
1.22152
1.22117
1.22079
1.2204
1.22006
1.21977
1.21956
1.21942
1.2193
1.21916
1.21893
1.21851
1.21783
1.21683
1.21544
1.21367
1.21155
1.20916
1.20664
1.20411
1.2017
1.1995
1.19757
1.19595
1.19468
1.19382
1.19346
1.19363
1.19431
1.1954
1.19674
1.19815
1.19947
1.20057
1.20141
1.20195
1.20219
1.20214
1.20182
1.20124
1.20038
1.19926
1.19786
1.19622
1.19439
1.19247
1.19061
1.189
1.18785
1.18732
1.1875
1.1884
1.1899
1.19185
1.19404
1.1963
1.19849
1.20051
1.2023
1.20383
1.2051
1.2061
1.20685
1.20736
1.20764
1.20771
1.20759
1.20728
1.20679
1.20612
1.20526
1.20419
1.20289
1.20131
1.19942
1.19719
1.19459
1.19165
1.18842
1.18502
1.18165
1.17857
1.17607
1.17442
1.17381
1.17428
1.17576
1.17804
1.18084
1.18389
1.18692
1.18975
1.19225
1.1944
1.19617
1.19758
1.19866
1.19941
1.19983
1.19992
1.19971
1.19928
1.19873
1.19822
1.19789
1.19789
1.19831
1.19917
1.20042
1.20197
1.20368
1.20541
1.20703
1.20841
1.20944
1.21001
1.20998
1.20923
1.20761
1.20506
1.20162
1.19759
1.19358
1.19048
1.18918
1.19022
1.19347
1.19827
1.20371
1.20908
1.21392
1.21809
1.2216
1.22455
1.22703
1.22908
1.23074
1.23199
1.23283
1.23324
1.23322
1.23279
1.23201
1.23092
1.22959
1.22809
1.22646
1.22473
1.22291
1.221
1.21897
1.21681
1.21447
1.21191
1.20908
1.20593
1.20244
1.19869
1.19491
1.19155
1.18928
1.18878
1.19048
1.19435
1.19989
1.20636
1.21309
1.21957
1.22549
1.2307
1.2351
1.23867
1.24141
1.24336
1.24461
1.24526
1.24544
1.24526
1.24483
1.24423
1.24348
1.24253
1.2413
1.23966
1.23751
1.23476
1.2314
1.22754
1.22341
1.21939
1.21601
1.21384
1.2133
1.21445
1.21694
1.22011
1.22326
1.22584
1.2275
1.22814
1.22781
1.22664
1.22482
1.22253
1.21998
1.21737
1.21489
1.21271
1.21096
1.20973
1.20904
1.20887
1.20916
1.2098
1.2107
1.21174
1.21282
1.21386
1.21479
1.21553
1.21601
1.21614
1.2158
1.21483
1.213
1.21005
1.2057
1.19982
1.19257
1.18474
1.17781
1.17355
1.17312
1.17631
1.18167
1.18742
1.19226
1.19556
1.19724
1.19743
1.19631
1.19393
1.19028
1.18525
1.17891
1.17171
1.16485
1.16009
1.15913
1.16248
1.16904
1.17679
1.18383
1.18898
1.19182
1.19243
1.19129
1.18912
1.18685
1.18543
1.18555
1.18738
1.19054
1.1943
1.19795
1.20093
1.20296
1.20396
1.20398
1.20313
1.2016
1.19959
1.19735
1.19519
1.19338
1.19218
1.19173
1.19204
1.193
1.19437
1.19588
1.19725
1.19822
1.19856
1.19808
1.19663
1.19417
1.19079
1.18685
1.18297
1.17999
1.17874
1.17968
1.18273
1.1873
1.19262
1.19799
1.20296
1.20728
1.21091
1.21388
1.21625
1.21813
1.21957
1.22067
1.22148
1.22204
1.22241
1.22259
1.22261
1.22247
1.22219
1.22179
1.2213
1.22078
1.22028
1.21981
1.21935
1.21881
1.21804
1.21687
1.21519
1.21298
1.2103
1.20736
1.20441
1.20178
1.19993
1.19936
1.20051
1.20356
1.2082
1.21368
1.21909
1.22357
1.22658
1.22789
1.22752
1.22569
1.22271
1.21901
1.21506
1.21141
1.2086
1.2071
1.20724
1.20908
1.21243
1.21683
1.2217
1.22633
1.23004
1.23217
1.2321
1.22935
1.22373
1.21564
1.20646
1.19847
1.19414
1.19477
1.19981
1.20753
1.2161
1.22428
1.23142
1.23728
1.24183
1.24518
1.24748
1.24889
1.24959
1.24969
1.24929
1.24841
1.24707
1.24525
1.24292
1.24011
1.23687
1.23338
1.22988
1.22672
1.22423
1.22264
1.22203
1.22229
1.22317
1.22437
1.22565
1.22684
1.22787
1.22877
1.22958
1.23036
1.23116
1.23195
1.23266
1.23323
1.23354
1.23354
1.23321
1.23256
1.23164
1.2305
1.22916
1.22765
1.22598
1.2242
1.22242
1.22086
1.21981
1.21959
1.22045
1.22247
1.22554
1.22936
1.23353
1.23767
1.24143
1.24457
1.2469
1.2483
1.24864
1.24783
1.24575
1.24236
1.23776
1.23231
1.2267
1.22196
1.21908
1.21864
1.22048
1.22379
1.22759
1.23108
1.2338
1.23564
1.23664
1.23695
1.23673
1.23611
1.23519
1.23404
1.23275
1.23137
1.22999
1.22866
1.22745
1.22641
1.22559
1.22504
1.22481
1.22496
1.22555
1.22658
1.22799
1.22967
1.23142
1.23309
1.23452
1.23561
1.23632
1.23667
1.2367
1.23651
1.23616
1.23572
1.23526
1.23478
1.23429
1.23375
1.23313
1.23237
1.23144
1.2303
1.22893
1.22732
1.22551
1.22352
1.22141
1.21926
1.21715
1.21519
1.21348
1.21213
1.21122
1.21082
1.21095
1.21161
1.21275
1.2143
1.21615
1.21817
1.22021
1.22212
1.22376
1.22503
1.22584
1.22615
1.22597
1.22535
1.22436
1.22312
1.22171
1.22019
1.21856
1.21672
1.21456
1.21191
1.2087
1.20504
1.2014
1.19859
1.19747
1.19861
1.20187
1.20645
1.21136
1.21575
1.2192
1.2216
1.22306
1.22377
1.22389
1.22352
1.22271
1.22147
1.21977
1.21757
1.21485
1.21163
1.20799
1.2041
1.20023
1.19674
1.19397
1.1922
1.19152
1.19183
1.19291
1.19451
1.19647
1.19866
1.20104
1.20353
1.20604
1.20841
1.21048
1.21211
1.21321
1.21373
1.21369
1.21317
1.2123
1.21121
1.21006
1.20902
1.20822
1.20777
1.20772
1.20808
1.20881
1.20984
1.21109
1.21248
1.21392
1.21534
1.21669
1.21793
1.21902
1.21995
1.2207
1.22126
1.22162
1.22179
1.22176
1.22153
1.22111
1.2205
1.21971
1.21875
1.21766
1.21646
1.21521
1.21396
1.21275
1.21161
1.21055
1.20955
1.20859
1.20761
1.20661
1.20557
1.20454
1.20356
1.20269
1.20203
1.1998
1.20018
1.20145
1.20386
1.20746
1.21202
1.21705
1.22189
1.22591
1.22856
1.22953
1.22872
1.22638
1.22316
1.22007
1.21817
1.21811
1.21978
1.22239
1.22485
1.22629
1.22629
1.22482
1.2222
1.21894
1.21565
1.21288
1.211
1.21017
1.21031
1.21115
1.21234
1.21354
1.21446
1.21495
1.21494
1.21446
1.21361
1.21254
1.2114
1.21035
1.2095
1.20893
1.20863
1.20855
1.20857
1.20858
1.20846
1.20823
1.20798
1.2079
1.20828
1.20932
1.21115
1.21372
1.21686
1.2203
1.2238
1.22716
1.23022
1.23293
1.23525
1.23717
1.23872
1.23991
1.24078
1.24136
1.2417
1.24184
1.24181
1.24165
1.24138
1.24104
1.24065
1.24021
1.23976
1.2393
1.23884
1.23839
1.23795
1.23752
1.2371
1.23668
1.23626
1.23583
1.23537
1.23488
1.23434
1.23376
1.23314
1.23249
1.23183
1.23119
1.23062
1.23016
1.22992
1.22998
1.23044
1.23137
1.23275
1.23449
1.23643
1.23832
1.23989
1.24088
1.24106
1.24027
1.23841
1.23551
1.23171
1.22728
1.22266
1.21837
1.21493
1.21279
1.21221
1.21319
1.21551
1.21877
1.22251
1.22629
1.22977
1.23273
1.23506
1.23673
1.23776
1.23818
1.23802
1.23732
1.2361
1.23437
1.23215
1.22948
1.22642
1.22306
1.21956
1.21611
1.21296
1.21039
1.2087
1.20813
1.20875
1.2105
1.21309
1.21613
1.21921
1.22197
1.22417
1.22572
1.22658
1.22684
1.2266
1.22598
1.22509
1.224
1.22275
1.22131
1.2196
1.21752
1.21492
1.21168
1.20776
1.20325
1.19847
1.19394
1.19034
1.18827
1.18798
1.18931
1.1917
1.19449
1.1971
1.1992
1.20063
1.20141
1.20161
1.20134
1.2007
1.19979
1.19866
1.19739
1.19599
1.19451
1.19299
1.19146
1.18999
1.18863
1.18746
1.18656
1.18598
1.18575
1.18586
1.18629
1.18695
1.18777
1.18864
1.18946
1.19017
1.19069
1.19102
1.19113
1.19108
1.19091
1.19068
1.19045
1.19029
1.19023
1.19027
1.19041
1.19059
1.19076
1.19084
1.19076
1.19045
1.18983
1.18887
1.18753
1.18582
1.18381
1.1816
1.17937
1.17733
1.17573
1.1748
1.17466
1.17537
1.17685
1.17891
1.18131
1.18381
1.18617
1.18824
1.18992
1.19116
1.19195
1.19234
1.19237
1.19213
1.19171
1.19119
1.19064
1.19009
1.18955
1.18898
1.18834
1.18758
1.18665
1.18557
1.18435
1.18308
1.18183
1.18066
1.17962
1.17875
1.17808
1.17765
1.17754
1.17784
1.17866
1.18006
1.18206
1.18455
1.18739
1.19034
1.19315
1.19561
1.19755
1.19885
1.1995
1.19954
1.1991
1.19838
1.19763
1.1971
1.19699
1.19738
1.19823
1.1994
1.20067
1.20186
1.20283
1.20352
1.20394
1.20417
1.20432
1.20448
1.20475
1.20519
1.20582
1.2066
1.20751
1.20845
1.20937
1.2102
1.21085
1.21125
1.21131
1.2109
1.20987
1.20803
1.20518
1.20115
1.19586
1.18939
1.18208
1.17458
1.16778
1.16265
1.16004
1.16032
1.16332
1.16829
1.17427
1.18026
1.1855
1.18946
1.19188
1.19275
1.19233
1.19116
1.19
1.1896
1.19047
1.19261
1.19559
1.19879
1.20168
1.20396
1.20554
1.20652
1.20706
1.2073
1.20735
1.20728
1.20711
1.20682
1.20635
1.20566
1.20465
1.20322
1.20126
1.19865
1.19526
1.191
1.18585
1.17988
1.17329
1.16638
1.15954
1.15315
1.14764
1.14335
1.14061
1.13958
1.14021
1.14217
1.14498
1.14807
1.15096
1.15332
1.15499
1.15596
1.15634
1.15634
1.1562
1.15617
1.15643
1.15709
1.15818
1.15962
1.1613
1.16306
1.16476
1.16628
1.16755
1.16852
1.16918
1.16957
1.16971
1.16964
1.1694
1.16905
1.16862
1.16814
1.16763
1.16714
1.16667
1.16624
1.16586
1.16554
1.16528
1.16508
1.16495
1.16487
1.16485
1.16486
1.1649
1.16494
1.16496
1.16494
1.16485
1.16466
1.16433
1.16384
1.16318
1.16236
1.1614
1.16039
1.15941
1.1586
1.15807
1.15791
1.15818
1.15884
1.15979
1.16092
1.16209
1.16319
1.16415
1.16498
1.16571
1.1664
1.16713
1.16797
1.16897
1.17012
1.17145
1.17292
1.17453
1.17628
1.17816
1.18017
1.18223
1.18424
1.18608
1.18758
1.18858
1.18899
1.18876
1.18797
1.18683
1.18567
1.18494
1.18507
1.18636
1.18884
1.19223
1.19603
1.19961
1.20241
1.20403
1.20428
1.20328
1.20148
1.19961
1.19854
1.19886
1.20062
1.20323
1.20572
1.20708
1.20648
1.20339
1.19755
1.18901
1.17829
1.16658
1.15577
1.14817
1.14576
1.1493
1.15802
1.17002
1.18317
1.19577
1.20679
1.21582
1.22283
1.22804
1.23176
1.23428
1.23587
1.23676
1.23709
1.23699
1.23654
1.23579
1.23479
1.23355
1.23211
1.23047
1.22863
1.2266
1.22441
1.22208
1.21969
1.21732
1.2151
1.21317
1.21166
1.2107
1.21036
1.21066
1.21155
1.21293
1.21467
1.21662
1.21864
1.22058
1.22233
1.2238
1.22491
1.22559
1.22578
1.22543
1.22447
1.22283
1.22048
1.21748
1.21409
1.21083
1.20843
1.20762
1.20882
1.21189
1.2162
1.22088
1.22524
1.22881
1.23144
1.23316
1.23412
1.2345
1.2345
1.23427
1.23398
1.23373
1.23361
1.23367
1.23393
1.23439
1.23502
1.2358
1.23667
1.23761
1.23859
1.23959
1.24059
1.24158
1.24255
1.24348
1.24436
1.24514
1.2458
1.2463
1.2466
1.24667
1.24645
1.24591
1.24502
1.24374
1.24205
1.23995
1.23743
1.23451
1.23122
1.22762
1.22376
1.21979
1.21592
1.21254
1.21015
1.20921
1.20997
1.21228
1.21566
1.21944
1.22303
1.22603
1.22827
1.22974
1.23053
1.23078
1.23063
1.23018
1.22951
1.2287
1.22777
1.22677
1.22571
1.22464
1.22362
1.22271
1.22201
1.22161
1.22159
1.22204
1.22297
1.22437
1.22618
1.22829
1.23057
1.23288
1.23511
1.23715
1.23892
1.24039
1.24153
1.24231
1.24274
1.24283
1.24255
1.24191
1.24088
1.23942
1.23751
1.23509
1.23212
1.22857
1.22443
1.21973
1.21459
1.20918
1.20374
1.19858
1.19402
1.19032
1.18769
1.18625
1.18601
1.18691
1.18886
1.1917
1.19523
1.19921
1.20341
1.20759
1.21159
1.21526
1.21856
1.22144
1.22393
1.22604
1.22781
1.22926
1.2304
1.23125
1.23177
1.23195
1.23174
1.23107
1.2299
1.22817
1.22586
1.22298
1.21965
1.21606
1.21252
1.20938
1.20699
1.20562
1.20531
1.20595
1.20723
1.20877
1.21019
1.21123
1.21174
1.21172
1.21126
1.21055
1.2098
1.20921
1.20894
1.2091
1.20972
1.21079
1.21223
1.21394
1.21579
1.2177
1.21955
1.22128
1.22285
1.22425
1.22548
1.22657
1.22755
1.22847
1.22936
1.23022
1.23105
1.23183
1.23251
1.23305
1.23338
1.23346
1.23326
1.23278
1.23204
1.23112
1.23011
1.22914
1.22834
1.22781
1.22759
1.22764
1.22787
1.22814
1.22829
1.2282
1.22775
1.22691
1.22565
1.22402
1.22206
1.21987
1.21758
1.21533
1.21331
1.21174
1.21081
1.21072
1.21155
1.21332
1.21594
1.21924
1.223
1.22695
1.23088
1.23459
1.23791
1.24073
1.24298
1.24459
1.2455
1.24568
1.24509
1.24373
1.2416
1.23879
1.23542
1.2317
1.22787
1.22419
1.22085
1.21798
1.21565
1.21387
1.21265
1.212
1.21195
1.21253
1.21375
1.21559
1.21799
1.22086
1.22403
1.22731
1.2305
1.23339
1.23582
1.23768
1.23891
1.23947
1.2394
1.23874
1.23759
1.23604
1.23423
1.23228
1.23035
1.22854
1.22696
1.22567
1.22466
1.2239
1.22332
1.22283
1.22231
1.22165
1.22078
1.21965
1.21825
1.21665
1.21497
1.21335
1.21199
1.21103
1.21059
1.21068
1.21122
1.21209
1.21311
1.21416
1.21512
1.21596
1.21668
1.21734
1.21798
1.21868
1.21948
1.22041
1.22147
1.22265
1.2239
1.22517
1.22641
1.22757
1.2286
1.22947
1.23017
1.23067
1.23099
1.2311
1.231
1.23069
1.23015
1.22935
1.22826
1.22685
1.22508
1.22291
1.22032
1.21729
1.21389
1.21023
1.2065
1.20298
1.20002
1.19794
1.19704
1.19743
1.19908
1.20174
1.20506
1.2086
1.21194
1.21472
1.21669
1.2177
1.21775
1.21693
1.21545
1.21357
1.21156
1.2097
1.20818
1.20717
1.20677
1.20709
1.20815
1.20993
1.21229
1.21504
1.21796
1.22081
1.22342
1.22566
1.22745
1.22874
1.22946
1.2296
1.22911
1.22797
1.22618
1.22379
1.22089
1.21768
1.21442
1.2114
1.20892
1.20718
1.20623
1.20596
1.20611
1.20639
1.20655
1.20642
1.20603
1.20553
1.20518
1.20521
1.2058
1.20697
1.20859
1.21046
1.21232
1.21396
1.21524
1.21607
1.21644
1.21637
1.21592
1.21514
1.21412
1.2129
1.21156
1.21013
1.20866
1.20717
1.20571
1.20429
1.20297
1.20179
1.20078
1.19998
1.19941
1.19908
1.19899
1.19911
1.1994
1.19983
1.20036
1.20095
1.20158
1.20223
1.20289
1.20354
1.20419
1.20482
1.20542
1.20597
1.20644
1.20683
1.2071
1.20725
1.20724
1.20705
1.20666
1.20604
1.20515
1.20394
1.20238
1.20038
1.1979
1.19487
1.19127
1.18714
1.18261
1.1779
1.17332
1.1692
1.16579
1.16323
1.1615
1.16057
1.16037
1.16092
1.16221
1.16418
1.16667
1.16948
1.17237
1.17514
1.17769
1.17997
1.18197
1.18371
1.18522
1.18651
1.18758
1.18842
1.18901
1.18936
1.18945
1.18931
1.18896
1.18844
1.1878
1.18709
1.18638
1.18569
1.18506
1.18452
1.18404
1.18362
1.18325
1.18288
1.18253
1.18218
1.18185
1.18158
1.18141
1.18138
1.18151
1.1818
1.18222
1.1827
1.18316
1.18349
1.18363
1.18351
1.1831
1.18241
1.18148
1.18042
1.17935
1.17842
1.17777
