-0.0318396
-0.031848
-0.0318622
-0.0318825
-0.0319087
-0.031941
-0.0319793
-0.0320236
-0.0320741
-0.0321308
-0.0321937
-0.0322652
-0.0323433
-0.0324422
-0.0325433
-0.0326561
-0.0327832
-0.0328986
-0.0330473
-0.033199
-0.0333513
-0.0335162
-0.0336891
-0.0338725
-0.0340643
-0.034267
-0.0344667
-0.03468
-0.0349119
-0.0351415
-0.0353807
-0.0356298
-0.0358962
-0.0361756
-0.0364564
-0.0367412
-0.0370375
-0.0373695
-0.0376973
-0.0380284
-0.0383587
-0.0387193
-0.0390871
-0.0394815
-0.0398795
-0.0402958
-0.0407265
-0.0411841
-0.0416575
-0.0421452
-0.0426504
-0.0431858
-0.0437263
-0.0442922
-0.0448866
-0.0455013
-0.0461448
-0.0468208
-0.0475164
-0.0482498
-0.0490158
-0.0498067
-0.0506455
-0.051525
-0.0524402
-0.0533958
-0.0544015
-0.0554481
-0.0565432
-0.057697
-0.0589149
-0.0601909
-0.0615213
-0.062931
-0.0644117
-0.0659692
-0.0675855
-0.0692964
-0.0710805
-0.0729504
-0.0749009
-0.0769381
-0.0790436
-0.0812127
-0.0834339
-0.0856694
-0.0878687
-0.0899862
-0.0919382
-0.0936215
-0.0949163
-0.0956517
-0.0956994
-0.094938
-0.0933543
-0.0911443
-0.088784
-0.0870551
-0.0868878
-0.0890793
-0.0939289
-0.101111
-0.10978
-0.118937
-0.12772
-0.135536
-0.142056
-0.147108
-0.150586
-0.152397
-0.152469
-0.150726
-0.147269
-0.142401
-0.136756
-0.13122
-0.126768
-0.124173
-0.123794
-0.125715
-0.129883
-0.136247
-0.144639
-0.154638
-0.165481
-0.176222
-0.185951
-0.194032
-0.200228
-0.20467
-0.207714
-0.209827
-0.211387
-0.212556
-0.213283
-0.213374
-0.212628
-0.211062
-0.208908
-0.206623
-0.204713
-0.203579
-0.203365
-0.203968
-0.205091
-0.206462
-0.20795
-0.209577
-0.211541
-0.214148
-0.217714
-0.222449
-0.228441
-0.235636
-0.243854
-0.25282
-0.262173
-0.271538
-0.280537
-0.288824
-0.296123
-0.302209
-0.306954
-0.310305
-0.312251
-0.31285
-0.312215
-0.310451
-0.307665
-0.303876
-0.299019
-0.292905
-0.285302
-0.276049
-0.265206
-0.253072
-0.24019
-0.227244
-0.215418
-0.206851
-0.204503
-0.210524
-0.224226
-0.242209
-0.260399
-0.276083
-0.28832
-0.297362
-0.30389
-0.308674
-0.312308
-0.315194
-0.317605
-0.31967
-0.321474
-0.323113
-0.324639
-0.326102
-0.327512
-0.328819
-0.329887
-0.330566
-0.330596
-0.329765
-0.327885
-0.324927
-0.321001
-0.316496
-0.311976
-0.30806
-0.305318
-0.304069
-0.304344
-0.30593
-0.308485
-0.311582
-0.314861
-0.317943
-0.320587
-0.32266
-0.324187
-0.325318
-0.326232
-0.327098
-0.327999
-0.328935
-0.329751
-0.330256
-0.330213
-0.329397
-0.327642
-0.324814
-0.320916
-0.316076
-0.310625
-0.305076
-0.299965
-0.295743
-0.292584
-0.290394
-0.288947
-0.288041
-0.28767
-0.287911
-0.288811
-0.290208
-0.291747
-0.292962
-0.293396
-0.29274
-0.290876
-0.287801
-0.283594
-0.278398
-0.272544
-0.266657
-0.261794
-0.259499
-0.261255
-0.267766
-0.278449
-0.291668
-0.305435
-0.318199
-0.329101
-0.337897
-0.344699
-0.349808
-0.35353
-0.356145
-0.357844
-0.358752
-0.358947
-0.358417
-0.357126
-0.354981
-0.351921
-0.347806
-0.342555
-0.336085
-0.328392
-0.319552
-0.309723
-0.299157
-0.288239
-0.277466
-0.26744
-0.258975
-0.252946
-0.250149
-0.251008
-0.255385
-0.262454
-0.271023
-0.27979
-0.287588
-0.293549
-0.297041
-0.29768
-0.295486
-0.291047
-0.285703
-0.28145
-0.2803
-0.283315
-0.290032
-0.298814
-0.307791
-0.315628
-0.321729
-0.326035
-0.328831
-0.330441
-0.331207
-0.331396
-0.331191
-0.330719
-0.330013
-0.329074
-0.327841
-0.326186
-0.323973
-0.321037
-0.317188
-0.312288
-0.306272
-0.299198
-0.291363
-0.283273
-0.275622
-0.269142
-0.264441
-0.261821
-0.261323
-0.262779
-0.265988
-0.270708
-0.276655
-0.283455
-0.290653
-0.297794
-0.304466
-0.310365
-0.315317
-0.319285
-0.322274
-0.324343
-0.325582
-0.326042
-0.325815
-0.324944
-0.323475
-0.321486
-0.319023
-0.316153
-0.31293
-0.30936
-0.305394
-0.300951
-0.295993
-0.290576
-0.285042
-0.280108
-0.276761
-0.275855
-0.277613
-0.281441
-0.286106
-0.290345
-0.293296
-0.294796
-0.295258
-0.295405
-0.295913
-0.297136
-0.298954
-0.300902
-0.30246
-0.303247
-0.303223
-0.302631
-0.301951
-0.301718
-0.302386
-0.304214
-0.307163
-0.310971
-0.315168
-0.319245
-0.322705
-0.325183
-0.326427
-0.326314
-0.324851
-0.322168
-0.318445
-0.313968
-0.309038
-0.304016
-0.299331
-0.295499
-0.293136
-0.292862
-0.295037
-0.299655
-0.306247
-0.314077
-0.322312
-0.330275
-0.337463
-0.343661
-0.348773
-0.352861
-0.356044
-0.358429
-0.360151
-0.361327
-0.362072
-0.362452
-0.362506
-0.362242
-0.361681
-0.360822
-0.359618
-0.358049
-0.356136
-0.353899
-0.351425
-0.348828
-0.346271
-0.343948
-0.341975
-0.340451
-0.339377
-0.338648
-0.338047
-0.337369
-0.336401
-0.335001
-0.333114
-0.330763
-0.328057
-0.325137
-0.322186
-0.319321
-0.316676
-0.314374
-0.312509
-0.311159
-0.310416
-0.310271
-0.310679
-0.311523
-0.3127
-0.314116
-0.315746
-0.317659
-0.319915
-0.32252
-0.325364
-0.328197
-0.330669
-0.332405
-0.333151
-0.332774
-0.331336
-0.329017
-0.326099
-0.322901
-0.319717
-0.316884
-0.314679
-0.313362
-0.313117
-0.314025
-0.316055
-0.319083
-0.322897
-0.327229
-0.331793
-0.336329
-0.340613
-0.344473
-0.347812
-0.350576
-0.35275
-0.354319
-0.355263
-0.355562
-0.355182
-0.354036
-0.352068
-0.349193
-0.345461
-0.341035
-0.336258
-0.331734
-0.32819
-0.326303
-0.326485
-0.328693
-0.332461
-0.337102
-0.341902
-0.346321
-0.350031
-0.35286
-0.354716
-0.355562
-0.355291
-0.353755
-0.350728
-0.345975
-0.33926
-0.330533
-0.32011
-0.308873
-0.298302
-0.290269
-0.286439
-0.287553
-0.293022
-0.301124
-0.309766
-0.317253
-0.322771
-0.326417
-0.328801
-0.330684
-0.332588
-0.334731
-0.337106
-0.339608
-0.342168
-0.344698
-0.347148
-0.349474
-0.351596
-0.353458
-0.355032
-0.356321
-0.357283
-0.357847
-0.357913
-0.357378
-0.356103
-0.353977
-0.350968
-0.347083
-0.34252
-0.337677
-0.333188
-0.329847
-0.328403
-0.329332
-0.332551
-0.337539
-0.34354
-0.349833
-0.355869
-0.361331
-0.366061
-0.369951
-0.372898
-0.374814
-0.375649
-0.375404
-0.374159
-0.372167
-0.369756
-0.367337
-0.365266
-0.363737
-0.362796
-0.362309
-0.362148
-0.36235
-0.36312
-0.364824
-0.36776
-0.371995
-0.3773
-0.383207
-0.389169
-0.394718
-0.39952
-0.403381
-0.406224
-0.408058
-0.408927
-0.408919
-0.408168
-0.406887
-0.405354
-0.403884
-0.402848
-0.4025
-0.402999
-0.404323
-0.406292
-0.408659
-0.411107
-0.413307
-0.414906
-0.415558
-0.414948
-0.412948
-0.40976
-0.405976
-0.402636
-0.400961
-0.401945
-0.40592
-0.412432
-0.420408
-0.428584
-0.435909
-0.441661
-0.445411
-0.446987
-0.446229
-0.442959
-0.437011
-0.428258
-0.416866
-0.403535
-0.389654
-0.377022
-0.367285
-0.361293
-0.359035
-0.360286
-0.364973
-0.373206
-0.384747
-0.398727
-0.41374
-0.428228
-0.440913
-0.450946
-0.458042
-0.46236
-0.464436
-0.46505
-0.465072
-0.465269
-0.46609
-0.467601
-0.46954
-0.471424
-0.472738
-0.473014
-0.471922
-0.469184
-0.464638
-0.458169
-0.449698
-0.439237
-0.426941
-0.413203
-0.398747
-0.384734
-0.372622
-0.363792
-0.359048
-0.358544
-0.362002
-0.369058
-0.379031
-0.390648
-0.402233
-0.412175
-0.419393
-0.423528
-0.424663
-0.423218
-0.419795
-0.415099
-0.409875
-0.404893
-0.400803
-0.398053
-0.396773
-0.396776
-0.397555
-0.398387
-0.398497
-0.3973
-0.394567
-0.390657
-0.386529
-0.383522
-0.382861
-0.385101
-0.389862
-0.396069
-0.402506
-0.408204
-0.412684
-0.415777
-0.417545
-0.41814
-0.41773
-0.416457
-0.414443
-0.411779
-0.408578
-0.405008
-0.401263
-0.397593
-0.394279
-0.391598
-0.389754
-0.388853
-0.388907
-0.389796
-0.391292
-0.393148
-0.395095
-0.396889
-0.398379
-0.39947
-0.400145
-0.400428
-0.400358
-0.399965
-0.399255
-0.398235
-0.396882
-0.395216
-0.393311
-0.391283
-0.389261
-0.387395
-0.385788
-0.384412
-0.383199
-0.381953
-0.380475
-0.37859
-0.37615
-0.373105
-0.369359
-0.364789
-0.359249
-0.352677
-0.345269
-0.337718
-0.331238
-0.327365
-0.327371
-0.331722
-0.339754
-0.350014
-0.360793
-0.370694
-0.378886
-0.385027
-0.389141
-0.391437
-0.392171
-0.391602
-0.389925
-0.387268
-0.38373
-0.379375
-0.374259
-0.368505
-0.362266
-0.355789
-0.349344
-0.343174
-0.337432
-0.332126
-0.327173
-0.32242
-0.317829
-0.313522
-0.309788
-0.30702
-0.305594
-0.30565
-0.307031
-0.309326
-0.311943
-0.314378
-0.316368
-0.318042
-0.31976
-0.32203
-0.325192
-0.329244
-0.33387
-0.338549
-0.342777
-0.346211
-0.348743
-0.350444
-0.351527
-0.352266
-0.352945
-0.353796
-0.354942
-0.356452
-0.35829
-0.360378
-0.362603
-0.364837
-0.366934
-0.36883
-0.370426
-0.371662
-0.372505
-0.372928
-0.372944
-0.372578
-0.371886
-0.370967
-0.369921
-0.368815
-0.367671
-0.366413
-0.364885
-0.362921
-0.36046
-0.357625
-0.354692
-0.35197
-0.349519
-0.347059
-0.344144
-0.340454
-0.336134
-0.33186
-0.328431
-0.326266
-0.325092
-0.324017
-0.322147
-0.319284
-0.316233
-0.314409
-0.314986
-0.318208
-0.323482
-0.329896
-0.336779
-0.343838
-0.350942
-0.35795
-0.364609
-0.37063
-0.375772
-0.37989
-0.382975
-0.385118
-0.386471
-0.387238
-0.387583
-0.387639
-0.387532
-0.387353
-0.387139
-0.386916
-0.386685
-0.386453
-0.386195
-0.385906
-0.385553
-0.385127
-0.384607
-0.383959
-0.383157
-0.382175
-0.380963
-0.379471
-0.377621
-0.375319
-0.372475
-0.368992
-0.364825
-0.359938
-0.3544
-0.348317
-0.341877
-0.335338
-0.329059
-0.323605
-0.31986
-0.318784
-0.32104
-0.326452
-0.33399
-0.342109
-0.349412
-0.355017
-0.358563
-0.360127
-0.360052
-0.358758
-0.356742
-0.354523
-0.352561
-0.351209
-0.350697
-0.351052
-0.352146
-0.353703
-0.355418
-0.356954
-0.358068
-0.358578
-0.358368
-0.357383
-0.355618
-0.353129
-0.350041
-0.346563
-0.342994
-0.339691
-0.337021
-0.335307
-0.334703
-0.335192
-0.33656
-0.338482
-0.340652
-0.342797
-0.344716
-0.346291
-0.347466
-0.348282
-0.348746
-0.348945
-0.348937
-0.3488
-0.34863
-0.34848
-0.3484
-0.348424
-0.348538
-0.348732
-0.348901
-0.348966
-0.348817
-0.348357
-0.347456
-0.345977
-0.343755
-0.340567
-0.336182
-0.33038
-0.323174
-0.314949
-0.306751
-0.300265
-0.297283
-0.298949
-0.304984
-0.313903
-0.323796
-0.333108
-0.341019
-0.347276
-0.351986
-0.355406
-0.357825
-0.359474
-0.360548
-0.361191
-0.361492
-0.361526
-0.361343
-0.36095
-0.360384
-0.359633
-0.358706
-0.357594
-0.356279
-0.354779
-0.353078
-0.351192
-0.349139
-0.346938
-0.344664
-0.34238
-0.340221
-0.338316
-0.336872
-0.336022
-0.33595
-0.336715
-0.33834
-0.340707
-0.343637
-0.346889
-0.350183
-0.353274
-0.355935
-0.357977
-0.359248
-0.359857
-0.359812
-0.359135
-0.357927
-0.356386
-0.354757
-0.35337
-0.352575
-0.352703
-0.353985
-0.356523
-0.360226
-0.364866
-0.370106
-0.375599
-0.380994
-0.385979
-0.390292
-0.393716
-0.396093
-0.397256
-0.397125
-0.395687
-0.393055
-0.389415
-0.385074
-0.380381
-0.375703
-0.371342
-0.367509
-0.364456
-0.362463
-0.361989
-0.363527
-0.367377
-0.373398
-0.380893
-0.388821
-0.396113
-0.401968
-0.405959
-0.407957
-0.408097
-0.406654
-0.403946
-0.400302
-0.395998
-0.391261
-0.386246
-0.381021
-0.375663
-0.370278
-0.365056
-0.360267
-0.356243
-0.353292
-0.35164
-0.351268
-0.351943
-0.35315
-0.354249
-0.354432
-0.352824
-0.348589
-0.341116
-0.330533
-0.318399
-0.308081
-0.303701
-0.307658
-0.318715
-0.333025
-0.346681
-0.357482
-0.36487
-0.36921
-0.371191
-0.371466
-0.370522
-0.368753
-0.366438
-0.363846
-0.361262
-0.358969
-0.357245
-0.356276
-0.356108
-0.356646
-0.357613
-0.358671
-0.359482
-0.359775
-0.359329
-0.358044
-0.355894
-0.352947
-0.349308
-0.345171
-0.340776
-0.336404
-0.332393
-0.329091
-0.326838
-0.325888
-0.326342
-0.32815
-0.331024
-0.334562
-0.338381
-0.34209
-0.345455
-0.348348
-0.350732
-0.352656
-0.354179
-0.355406
-0.356409
-0.357261
-0.358018
-0.358714
-0.359369
-0.359959
-0.360474
-0.360862
-0.361047
-0.360932
-0.360416
-0.35939
-0.35775
-0.355443
-0.352449
-0.348875
-0.344885
-0.340687
-0.336436
-0.332112
-0.327452
-0.322041
-0.31542
-0.307375
-0.298061
-0.288071
-0.278161
-0.26902
-0.261104
-0.25488
-0.251093
-0.250754
-0.254648
-0.262716
-0.273887
-0.286562
-0.299244
-0.310935
-0.32118
-0.329884
-0.337166
-0.343219
-0.348216
-0.352311
-0.35563
-0.358272
-0.360307
-0.361814
-0.362839
-0.36344
-0.363645
-0.363508
-0.36304
-0.362279
-0.361227
-0.359888
-0.358246
-0.356277
-0.353931
-0.351147
-0.347824
-0.343842
-0.339052
-0.333253
-0.326217
-0.31773
-0.307629
-0.296005
-0.283354
-0.270904
-0.260559
-0.254482
-0.254135
-0.25945
-0.268856
-0.280156
-0.291438
-0.301543
-0.309994
-0.316745
-0.32194
-0.325811
-0.32859
-0.330466
-0.331637
-0.332266
-0.33249
-0.332455
-0.332294
-0.332109
-0.331993
-0.332004
-0.332179
-0.332517
-0.333018
-0.333627
-0.334286
-0.334942
-0.335544
-0.33604
-0.3364
-0.3366
-0.33661
-0.336421
-0.33605
-0.335493
-0.334759
-0.333842
-0.332736
-0.331412
-0.329862
-0.328062
-0.326
-0.323712
-0.321261
-0.318763
-0.316359
-0.314262
-0.312651
-0.311667
-0.311347
-0.311633
-0.312371
-0.313346
-0.31434
-0.315175
-0.315767
-0.316141
-0.316413
-0.316809
-0.317536
-0.318819
-0.320775
-0.323411
-0.326587
-0.330094
-0.333668
-0.337078
-0.340122
-0.342659
-0.344622
-0.346
-0.346795
-0.347033
-0.346772
-0.346065
-0.344951
-0.343487
-0.341724
-0.339659
-0.337285
-0.33458
-0.33156
-0.328204
-0.324544
-0.3207
-0.316906
-0.313508
-0.310999
-0.309889
-0.310591
-0.313222
-0.317505
-0.322796
-0.328302
-0.333341
-0.337511
-0.340702
-0.343102
-0.345054
-0.346906
-0.348869
-0.350982
-0.353151
-0.355073
-0.356365
-0.356539
-0.355148
-0.351836
-0.346536
-0.339594
-0.331868
-0.324698
-0.319609
-0.317929
-0.320353
-0.326629
-0.335714
-0.346089
-0.356334
-0.365473
-0.372984
-0.378725
-0.382791
-0.385323
-0.386447
-0.386274
-0.384819
-0.382073
-0.378003
-0.372584
-0.365948
-0.358408
-0.350535
-0.343113
-0.337053
-0.333149
-0.331855
-0.333093
-0.336234
-0.340305
-0.344302
-0.347454
-0.349468
-0.350491
-0.350948
-0.351374
-0.352227
-0.353766
-0.356032
-0.358835
-0.361912
-0.364979
-0.367832
-0.370348
-0.372498
-0.374322
-0.375877
-0.377238
-0.378446
-0.379521
-0.380449
-0.381199
-0.381685
-0.381832
-0.381571
-0.380821
-0.379544
-0.377706
-0.375332
-0.372508
-0.369411
-0.366287
-0.363429
-0.361188
-0.359863
-0.359659
-0.360642
-0.362741
-0.365737
-0.369364
-0.373307
-0.377299
-0.381121
-0.384645
-0.387779
-0.390476
-0.392714
-0.394499
-0.395816
-0.396675
-0.39707
-0.397002
-0.39647
-0.39547
-0.394016
-0.392103
-0.38973
-0.386858
-0.383468
-0.379552
-0.375225
-0.370819
-0.36691
-0.364175
-0.363143
-0.363949
-0.366241
-0.369351
-0.372598
-0.375497
-0.377859
-0.379737
-0.381315
-0.382799
-0.384332
-0.386014
-0.387846
-0.389776
-0.391769
-0.393796
-0.395855
-0.39799
-0.400213
-0.402499
-0.404786
-0.40699
-0.408996
-0.410715
-0.412072
-0.413076
-0.413755
-0.414183
-0.41446
-0.414685
-0.414986
-0.415422
-0.416065
-0.416945
-0.418073
-0.419433
-0.420987
-0.422688
-0.424484
-0.426325
-0.428178
-0.429996
-0.431761
-0.433451
-0.435059
-0.436546
-0.437901
-0.439103
-0.440126
-0.440918
-0.441449
-0.441641
-0.441449
-0.440831
-0.43977
-0.438313
-0.436559
-0.434709
-0.433032
-0.431841
-0.431401
-0.43187
-0.433218
-0.435266
-0.437693
-0.440158
-0.442352
-0.444053
-0.445161
-0.445673
-0.445699
-0.44538
-0.444908
-0.444466
-0.444234
-0.444334
-0.444812
-0.445671
-0.446821
-0.448168
-0.449565
-0.450838
-0.451881
-0.452588
-0.452921
-0.452893
-0.45262
-0.452245
-0.451952
-0.451925
-0.452268
-0.453048
-0.454197
-0.455615
-0.457122
-0.45856
-0.459769
-0.460597
-0.46094
-0.460729
-0.459897
-0.458409
-0.456268
-0.453475
-0.450092
-0.446215
-0.441974
-0.43757
-0.433231
-0.429202
-0.425769
-0.423141
-0.421459
-0.420766
-0.420978
-0.421914
-0.423333
-0.424985
-0.42662
-0.42803
-0.429068
-0.42968
-0.429888
-0.429763
-0.429461
-0.429152
-0.429005
-0.429139
-0.4296
-0.430326
-0.431204
-0.432064
-0.432721
-0.43304
-0.432866
-0.432151
-0.430819
-0.428831
-0.426181
-0.422857
-0.418887
-0.414282
-0.409131
-0.403532
-0.397658
-0.391697
-0.385917
-0.380572
-0.375946
-0.372283
-0.369719
-0.368311
-0.368005
-0.368672
-0.370117
-0.372129
-0.374511
-0.377078
-0.379698
-0.382286
-0.384754
-0.38708
-0.389205
-0.391098
-0.39272
-0.394013
-0.394955
-0.395492
-0.395551
-0.395115
-0.394097
-0.392479
-0.390237
-0.387383
-0.384006
-0.380233
-0.37627
-0.372368
-0.368824
-0.365969
-0.364111
-0.363501
-0.364288
-0.366455
-0.369798
-0.373966
-0.378473
-0.382859
-0.386712
-0.389767
-0.391839
-0.392857
-0.392819
-0.391762
-0.389768
-0.386973
-0.383535
-0.379652
-0.375578
-0.371595
-0.368
-0.365055
-0.362919
-0.361685
-0.361319
-0.361678
-0.362566
-0.363771
-0.365075
-0.366318
-0.367355
-0.368112
-0.368544
-0.368648
-0.368462
-0.368033
-0.367451
-0.366798
-0.366083
-0.365296
-0.36425
-0.362675
-0.360118
-0.356084
-0.350081
-0.341835
-0.33162
-0.320621
-0.311037
-0.305488
-0.305807
-0.311946
-0.322035
-0.333558
-0.344418
-0.353481
-0.360401
-0.365273
-0.368451
-0.370282
-0.371129
-0.371307
-0.371096
-0.370715
-0.370303
-0.36998
-0.3698
-0.369763
-0.369826
-0.369956
-0.370081
-0.370148
-0.370145
-0.370083
-0.370022
-0.370014
-0.37012
-0.370418
-0.37092
-0.371635
-0.372547
-0.373595
-0.374744
-0.375912
-0.377097
-0.378238
-0.379329
-0.380367
-0.381365
-0.38229
-0.383087
-0.383661
-0.383852
-0.383455
-0.382239
-0.380015
-0.376717
-0.372556
-0.368101
-0.364273
-0.361995
-0.361759
-0.363299
-0.365608
-0.367433
-0.367775
-0.36615
-0.362705
-0.358067
-0.353132
-0.348807
-0.345783
-0.344314
-0.344225
-0.345005
-0.34609
-0.346991
-0.347426
-0.347327
-0.34683
-0.346191
-0.34578
-0.346012
-0.347239
-0.349686
-0.353401
-0.358206
-0.363719
-0.369428
-0.374758
-0.379202
-0.382349
-0.383959
-0.383963
-0.382472
-0.37972
-0.376091
-0.372027
-0.367982
-0.364305
-0.361254
-0.358881
-0.357171
-0.356062
-0.355505
-0.355483
-0.356006
-0.357053
-0.358533
-0.360242
-0.36192
-0.363251
-0.363878
-0.36348
-0.361749
-0.358496
-0.353646
-0.347298
-0.339809
-0.331773
-0.323987
-0.317253
-0.312202
-0.309172
-0.308175
-0.309047
-0.311536
-0.315333
-0.320126
-0.325606
-0.331399
-0.337139
-0.342458
-0.347023
-0.350568
-0.352851
-0.353743
-0.353182
-0.351206
-0.348029
-0.344028
-0.339732
-0.335822
-0.332906
-0.331312
-0.331025
-0.331621
-0.332513
-0.333091
-0.332892
-0.331653
-0.329337
-0.326061
-0.322066
-0.317682
-0.313267
-0.309194
-0.305736
-0.303102
-0.301435
-0.300836
-0.301419
-0.303246
-0.306316
-0.310486
-0.315439
-0.320762
-0.326
-0.330767
-0.33482
-0.338016
-0.340326
-0.341814
-0.342582
-0.342772
-0.3425
-0.34191
-0.341125
-0.340245
-0.33932
-0.338416
-0.337538
-0.33667
-0.335793
-0.33484
-0.333782
-0.332567
-0.331216
-0.32977
-0.328301
-0.326936
-0.325847
-0.325177
-0.325028
-0.325423
-0.326339
-0.327642
-0.329174
-0.330781
-0.332301
-0.333618
-0.334655
-0.335362
-0.335754
-0.335849
-0.335674
-0.33526
-0.334666
-0.333921
-0.33307
-0.332167
-0.331254
-0.33039
-0.329644
-0.329078
-0.328763
-0.328755
-0.329059
-0.329661
-0.33048
-0.331407
-0.332293
-0.333007
-0.333405
-0.333365
-0.332829
-0.331741
-0.330089
-0.327928
-0.325358
-0.322484
-0.31946
-0.316452
-0.313555
-0.310809
-0.308075
-0.305041
-0.301177
-0.295845
-0.288723
-0.280309
-0.272643
-0.26904
-0.272485
-0.28341
-0.299234
-0.316181
-0.331372
-0.343544
-0.352625
-0.359149
-0.363765
-0.367014
-0.369331
-0.370998
-0.372194
-0.373043
-0.37362
-0.373981
-0.374196
-0.374309
-0.374373
-0.374431
-0.374531
-0.37468
-0.374844
-0.374974
-0.375012
-0.374866
-0.37449
-0.373836
-0.372904
-0.371752
-0.370508
-0.369364
-0.368493
-0.368119
-0.368404
-0.369436
-0.371201
-0.373577
-0.376345
-0.379253
-0.382029
-0.384457
-0.38638
-0.387699
-0.388378
-0.388399
-0.387774
-0.38655
-0.384786
-0.382566
-0.380024
-0.377335
-0.3747
-0.372351
-0.370521
-0.369365
-0.36898
-0.369391
-0.370482
-0.372112
-0.37406
-0.376126
-0.378103
-0.379851
-0.381261
-0.382261
-0.382838
-0.383013
-0.382843
-0.382448
-0.381986
-0.381623
-0.381536
-0.381868
-0.382694
-0.384049
-0.385894
-0.388106
-0.390582
-0.393165
-0.395735
-0.398204
-0.400492
-0.402558
-0.4044
-0.406029
-0.407482
-0.408803
-0.410017
-0.411152
-0.412198
-0.413117
-0.413814
-0.414193
-0.41412
-0.413503
-0.412238
-0.410304
-0.407712
-0.404582
-0.401105
-0.397566
-0.39425
-0.391503
-0.389493
-0.388203
-0.387431
-0.386825
-0.386059
-0.384898
-0.383268
-0.381174
-0.378611
-0.375519
-0.37186
-0.36772
-0.363472
-0.359703
-0.357006
-0.355822
-0.35633
-0.35855
-0.362303
-0.367216
-0.3727
-0.378068
-0.382733
-0.386298
-0.38862
-0.389764
-0.389971
-0.389523
-0.388744
-0.387909
-0.387164
-0.386534
-0.385945
-0.385219
-0.384092
-0.382317
-0.379669
-0.37597
-0.371166
-0.36542
-0.359209
-0.353498
-0.349229
-0.347341
-0.348307
-0.351813
-0.356975
-0.362606
-0.367638
-0.371305
-0.373198
-0.373202
-0.371397
-0.368095
-0.363767
-0.359018
-0.354457
-0.350527
-0.347336
-0.3447
-0.342318
-0.340063
-0.338259
-0.337533
-0.338585
-0.34173
-0.346668
-0.352569
-0.358471
-0.363546
-0.367348
-0.3697
-0.370659
-0.370448
-0.369392
-0.367849
-0.366225
-0.364915
-0.364215
-0.364345
-0.365368
-0.367203
-0.36967
-0.372569
-0.375651
-0.378782
-0.381832
-0.384725
-0.387418
-0.389884
-0.392093
-0.393976
-0.395501
-0.396565
-0.397104
-0.397012
-0.396214
-0.39464
-0.392219
-0.388932
-0.384778
-0.379779
-0.374072
-0.367858
-0.361454
-0.35526
-0.349797
-0.34557
-0.34305
-0.342506
-0.343967
-0.347183
-0.351635
-0.356684
-0.361618
-0.365794
-0.368742
-0.370272
-0.370516
-0.369961
-0.369333
-0.3694
-0.370721
-0.373367
-0.376934
-0.380703
-0.383943
-0.386131
-0.387111
-0.387029
-0.386253
-0.385241
-0.384402
-0.384043
-0.384318
-0.385238
-0.386697
-0.388462
-0.39027
-0.391816
-0.392818
-0.393058
-0.39241
-0.390817
-0.388328
-0.385052
-0.381209
-0.377096
-0.373024
-0.369351
-0.366353
-0.364239
-0.363107
-0.362879
-0.363412
-0.364485
-0.36588
-0.367392
-0.368888
-0.37029
-0.371583
-0.372771
-0.373863
-0.374845
-0.375691
-0.376294
-0.376573
-0.37639
-0.375601
-0.374076
-0.371664
-0.368218
-0.363639
-0.357839
-0.35083
-0.342756
-0.333941
-0.324955
-0.316546
-0.309563
-0.304803
-0.302827
-0.303809
-0.307542
-0.313548
-0.321163
-0.329631
-0.33821
-0.346248
-0.353238
-0.358867
-0.363003
-0.365658
-0.366898
-0.36687
-0.36573
-0.363651
-0.360782
-0.357306
-0.35345
-0.349441
-0.345536
-0.341965
-0.338964
-0.336704
-0.335267
-0.334683
-0.334864
-0.335689
-0.336995
-0.338602
-0.340359
-0.342109
-0.343759
-0.345222
-0.346436
-0.347365
-0.348006
-0.348358
-0.348394
-0.348129
-0.347563
-0.346687
-0.345496
-0.343993
-0.342183
-0.340079
-0.337713
-0.335173
-0.33255
-0.329968
-0.327588
-0.325575
-0.324083
-0.323241
-0.323131
-0.323743
-0.325026
-0.326874
-0.329151
-0.331721
-0.334462
-0.337278
-0.340078
-0.342803
-0.34542
-0.347896
-0.350213
-0.352367
-0.354345
-0.356146
-0.357771
-0.359235
-0.36052
-0.361628
-0.362564
-0.363301
-0.363848
-0.364159
-0.364244
-0.364106
-0.363753
-0.363219
-0.362566
-0.361893
-0.361304
-0.360968
-0.361003
-0.361535
-0.362633
-0.364303
-0.3665
-0.369136
-0.372065
-0.375159
-0.378311
-0.381416
-0.384401
-0.387245
-0.389931
-0.392449
-0.394808
-0.397025
-0.399087
-0.400986
-0.402671
-0.404083
-0.40514
-0.405723
-0.405689
-0.404894
-0.403164
-0.40035
-0.396314
-0.390974
-0.384338
-0.376544
-0.367956
-0.359201
-0.351113
-0.344647
-0.340627
-0.33955
-0.341387
-0.345669
-0.351635
-0.358459
-0.365461
-0.372157
-0.378352
-0.384069
-0.389436
-0.394621
-0.399752
-0.404807
-0.409691
-0.414219
-0.418179
-0.421375
-0.423651
-0.424909
-0.425142
-0.424403
-0.422814
-0.420554
-0.417833
-0.414869
-0.411798
-0.408639
-0.405324
-0.401673
-0.397538
-0.39294
-0.388243
-0.384181
-0.381754
-0.381839
-0.38476
-0.39011
-0.396902
-0.404039
-0.410589
-0.416012
-0.420106
-0.422897
-0.424502
-0.4251
-0.424798
-0.423734
-0.421948
-0.419483
-0.416322
-0.412427
-0.407775
-0.402343
-0.396185
-0.389393
-0.382184
-0.374868
-0.367867
-0.361702
-0.356895
-0.354017
-0.35354
-0.355667
-0.360203
-0.366584
-0.373973
-0.381518
-0.388581
-0.394756
-0.399891
-0.404002
-0.407171
-0.40951
-0.411132
-0.412111
-0.412503
-0.412344
-0.411669
-0.410522
-0.408939
-0.407002
-0.404835
-0.402587
-0.400445
-0.398573
-0.397109
-0.396138
-0.395672
-0.395636
-0.395929
-0.396414
-0.396991
-0.397569
-0.398088
-0.398528
-0.398918
-0.399271
-0.399639
-0.400044
-0.400503
-0.401035
-0.40163
-0.402259
-0.402891
-0.40348
-0.403998
-0.40442
-0.404719
-0.40487
-0.40484
-0.404585
-0.404086
-0.403304
-0.402206
-0.400797
-0.399037
-0.396972
-0.394623
-0.392078
-0.389432
-0.386812
-0.384367
-0.382249
-0.380597
-0.379529
-0.379088
-0.379278
-0.380044
-0.381256
-0.382791
-0.384481
-0.386208
-0.387815
-0.389218
-0.39037
-0.391228
-0.391788
-0.392052
-0.392045
-0.391813
-0.391409
-0.390893
-0.390303
-0.389721
-0.389205
-0.388777
-0.388455
-0.388228
-0.388065
-0.387854
-0.387496
-0.386865
-0.385848
-0.38433
-0.382254
-0.3796
-0.376422
-0.372843
-0.369048
-0.365266
-0.361644
-0.358352
-0.35547
-0.353043
-0.351141
-0.349871
-0.349328
-0.349588
-0.350609
-0.352239
-0.354257
-0.356368
-0.358337
-0.359992
-0.361251
-0.362049
-0.362406
-0.362334
-0.361854
-0.360986
-0.359709
-0.358019
-0.355929
-0.353462
-0.350709
-0.347837
-0.345047
-0.342644
-0.340914
-0.340119
-0.340401
-0.341751
-0.344007
-0.346917
-0.350192
-0.353574
-0.356855
-0.359893
-0.362587
-0.364886
-0.366776
-0.368279
-0.3694
-0.370149
-0.37056
-0.37067
-0.370484
-0.370015
-0.369279
-0.368258
-0.366961
-0.365356
-0.3634
-0.36104
-0.358207
-0.354855
-0.350953
-0.346542
-0.341682
-0.336576
-0.331532
-0.326912
-0.323166
-0.32069
-0.319773
-0.32049
-0.322705
-0.326123
-0.330329
-0.334885
-0.339425
-0.343681
-0.347445
-0.350655
-0.353321
-0.355442
-0.357059
-0.358171
-0.358789
-0.358929
-0.358616
-0.357969
-0.357148
-0.356375
-0.355891
-0.355896
-0.356524
-0.357806
-0.359689
-0.362008
-0.364569
-0.367169
-0.369602
-0.371679
-0.373233
-0.374074
-0.374031
-0.372906
-0.370488
-0.366655
-0.361501
-0.355452
-0.349441
-0.344784
-0.342836
-0.34438
-0.34926
-0.356447
-0.364621
-0.372661
-0.379921
-0.386164
-0.391434
-0.395859
-0.399578
-0.402659
-0.405136
-0.407015
-0.408268
-0.408888
-0.408859
-0.408221
-0.407046
-0.405416
-0.403427
-0.401173
-0.398729
-0.396139
-0.393407
-0.390539
-0.387506
-0.384261
-0.380758
-0.376926
-0.372682
-0.367949
-0.362709
-0.357081
-0.351408
-0.346367
-0.342949
-0.342207
-0.344759
-0.350552
-0.358843
-0.368557
-0.378645
-0.388357
-0.397239
-0.405044
-0.411657
-0.417001
-0.421109
-0.424051
-0.425926
-0.426906
-0.427157
-0.426887
-0.426247
-0.425352
-0.424221
-0.422795
-0.420947
-0.418491
-0.415262
-0.411137
-0.406098
-0.400306
-0.394096
-0.388066
-0.382997
-0.379743
-0.378933
-0.380654
-0.384392
-0.389163
-0.393892
-0.397755
-0.400248
-0.401213
-0.400713
-0.398964
-0.396234
-0.392799
-0.388976
-0.385057
-0.381329
-0.378054
-0.375434
-0.373581
-0.372549
-0.372292
-0.372732
-0.373693
-0.375037
-0.376593
-0.378215
-0.379773
-0.381158
-0.382271
-0.382992
-0.383188
-0.38268
-0.381214
-0.378464
-0.374035
-0.36752
-0.358688
-0.347817
-0.336071
-0.325678
-0.319289
-0.318643
-0.323431
-0.331485
-0.340122
-0.347375
-0.352336
-0.354847
-0.35514
-0.353448
-0.349892
-0.34441
-0.33687
-0.327354
-0.316564
-0.306261
-0.29913
-0.297684
-0.302698
-0.312543
-0.324171
-0.334726
-0.342453
-0.346692
-0.347621
-0.345904
-0.342648
-0.339238
-0.337108
-0.337288
-0.340039
-0.344769
-0.350405
-0.355863
-0.360339
-0.363387
-0.36489
-0.364913
-0.363655
-0.361349
-0.358335
-0.354984
-0.351725
-0.349018
-0.347212
-0.346543
-0.347015
-0.348445
-0.350502
-0.352772
-0.354832
-0.356289
-0.356801
-0.356081
-0.35391
-0.350211
-0.345152
-0.339237
-0.333419
-0.328956
-0.327078
-0.328488
-0.333064
-0.339928
-0.347908
-0.355965
-0.363401
-0.369894
-0.375329
-0.379786
-0.383349
-0.386152
-0.388324
-0.389968
-0.391176
-0.392021
-0.392566
-0.392844
-0.392869
-0.392671
-0.39225
-0.391649
-0.390912
-0.390133
-0.38937
-0.388667
-0.387979
-0.387162
-0.385994
-0.38424
-0.381718
-0.378391
-0.374379
-0.369958
-0.365515
-0.361582
-0.358797
-0.357939
-0.359668
-0.364232
-0.371183
-0.379427
-0.387532
-0.394259
-0.398775
-0.400736
-0.40018
-0.397421
-0.392957
-0.387407
-0.38149
-0.376014
-0.371801
-0.369554
-0.369762
-0.372531
-0.377543
-0.384156
-0.391444
-0.398401
-0.403967
-0.407143
-0.407035
-0.402921
-0.394492
-0.382363
-0.368586
-0.356603
-0.350107
-0.351041
-0.358605
-0.370187
-0.38304
-0.395307
-0.406026
-0.414808
-0.421643
-0.426671
-0.430101
-0.432222
-0.433269
-0.433429
-0.432827
-0.43152
-0.429508
-0.426774
-0.423288
-0.419066
-0.414215
-0.408972
-0.403723
-0.398981
-0.395229
-0.392844
-0.391929
-0.392316
-0.393648
-0.395466
-0.397388
-0.399157
-0.400703
-0.402034
-0.40325
-0.404422
-0.405618
-0.406797
-0.407882
-0.408723
-0.409188
-0.409195
-0.408691
-0.407729
-0.406354
-0.40464
-0.402647
-0.400382
-0.397879
-0.395202
-0.392533
-0.390195
-0.388617
-0.38827
-0.389548
-0.392585
-0.397188
-0.402918
-0.409182
-0.415389
-0.421046
-0.425755
-0.429256
-0.431351
-0.431862
-0.430639
-0.427522
-0.422433
-0.415532
-0.407342
-0.398941
-0.391826
-0.387509
-0.386851
-0.389593
-0.394562
-0.400266
-0.405488
-0.409579
-0.412325
-0.413832
-0.41431
-0.413988
-0.413044
-0.411649
-0.40993
-0.407987
-0.405921
-0.403837
-0.401844
-0.40003
-0.398473
-0.397241
-0.396415
-0.396065
-0.3963
-0.397191
-0.398737
-0.400853
-0.40336
-0.406
-0.408497
-0.410654
-0.412286
-0.41335
-0.413878
-0.413935
-0.413649
-0.413131
-0.412481
-0.411791
-0.411076
-0.410335
-0.409534
-0.408601
-0.407459
-0.406048
-0.404327
-0.40227
-0.399865
-0.397144
-0.394159
-0.390999
-0.387773
-0.384605
-0.381663
-0.379102
-0.377077
-0.3757
-0.375094
-0.375287
-0.37628
-0.377993
-0.380323
-0.383096
-0.386119
-0.389177
-0.392043
-0.394518
-0.396427
-0.39764
-0.398101
-0.397829
-0.396892
-0.395418
-0.39355
-0.391439
-0.389165
-0.386702
-0.38396
-0.380715
-0.376736
-0.371909
-0.366424
-0.360968
-0.356739
-0.355062
-0.35678
-0.361657
-0.368539
-0.375891
-0.38249
-0.38766
-0.391251
-0.393451
-0.39452
-0.394687
-0.394122
-0.392908
-0.391049
-0.388496
-0.385199
-0.381118
-0.376282
-0.370832
-0.365003
-0.359194
-0.353947
-0.349795
-0.347132
-0.346105
-0.346565
-0.348175
-0.35059
-0.353516
-0.356802
-0.360374
-0.364108
-0.36786
-0.371411
-0.374516
-0.376968
-0.37861
-0.379393
-0.379332
-0.378557
-0.377246
-0.375614
-0.373888
-0.372331
-0.371141
-0.370467
-0.370386
-0.370922
-0.372007
-0.373554
-0.375431
-0.377513
-0.379667
-0.381787
-0.383811
-0.385663
-0.387305
-0.388716
-0.389847
-0.390691
-0.391224
-0.391475
-0.391426
-0.391094
-0.390451
-0.38953
-0.388337
-0.386908
-0.385272
-0.383476
-0.381604
-0.379719
-0.377901
-0.376189
-0.374598
-0.373123
-0.371671
-0.370207
-0.368691
-0.367138
-0.365597
-0.364125
-0.36283
-0.361827
-0.361478
-0.362056
-0.363974
-0.36759
-0.372997
-0.379841
-0.387383
-0.394652
-0.400667
-0.404648
-0.406096
-0.404877
-0.401367
-0.396546
-0.391904
-0.38905
-0.38897
-0.391481
-0.395383
-0.39907
-0.401245
-0.401236
-0.399028
-0.395101
-0.390224
-0.385282
-0.381115
-0.378302
-0.377043
-0.377255
-0.378516
-0.380294
-0.382089
-0.383483
-0.384208
-0.38419
-0.383464
-0.382189
-0.380588
-0.378883
-0.377307
-0.376039
-0.375177
-0.374735
-0.374614
-0.374645
-0.374645
-0.374478
-0.374124
-0.373739
-0.373632
-0.374192
-0.375751
-0.378498
-0.382346
-0.387054
-0.392216
-0.397474
-0.402502
-0.407108
-0.411177
-0.414658
-0.417545
-0.419862
-0.421641
-0.422945
-0.423821
-0.424332
-0.424541
-0.424499
-0.424254
-0.423863
-0.423355
-0.422756
-0.422107
-0.421436
-0.420736
-0.420058
-0.419384
-0.418706
-0.418061
-0.417432
-0.416806
-0.416176
-0.415536
-0.414847
-0.414099
-0.413291
-0.412418
-0.411478
-0.410503
-0.40953
-0.408576
-0.40772
-0.407046
-0.406682
-0.406777
-0.407467
-0.408842
-0.410916
-0.413544
-0.416455
-0.41929
-0.421642
-0.423126
-0.423412
-0.422226
-0.419444
-0.415085
-0.409376
-0.402736
-0.395811
-0.389372
-0.384214
-0.381002
-0.380121
-0.3816
-0.385083
-0.389982
-0.395593
-0.401262
-0.406487
-0.41093
-0.414429
-0.416941
-0.418483
-0.419114
-0.418878
-0.417832
-0.415996
-0.413397
-0.410072
-0.406066
-0.40147
-0.396435
-0.391169
-0.385996
-0.381273
-0.377425
-0.374889
-0.374029
-0.37498
-0.37761
-0.381496
-0.386054
-0.390659
-0.394805
-0.39811
-0.400424
-0.401728
-0.402108
-0.401742
-0.400802
-0.399469
-0.397838
-0.395958
-0.393802
-0.391249
-0.38812
-0.384219
-0.379366
-0.373489
-0.366728
-0.359544
-0.352754
-0.347353
-0.344241
-0.343821
-0.345813
-0.349407
-0.353589
-0.357511
-0.360652
-0.362814
-0.36398
-0.364293
-0.36388
-0.36292
-0.36155
-0.359865
-0.357948
-0.355861
-0.353636
-0.351358
-0.349062
-0.346854
-0.344823
-0.343075
-0.341718
-0.340848
-0.340496
-0.340664
-0.341307
-0.342304
-0.343523
-0.344834
-0.346065
-0.347125
-0.347921
-0.3484
-0.348567
-0.348488
-0.348228
-0.347883
-0.347548
-0.347306
-0.347208
-0.34728
-0.347485
-0.347754
-0.348017
-0.348135
-0.34802
-0.347551
-0.346627
-0.345184
-0.343177
-0.340612
-0.337588
-0.334282
-0.330938
-0.327896
-0.325489
-0.324072
-0.323873
-0.324942
-0.327151
-0.330244
-0.333848
-0.337583
-0.341126
-0.344237
-0.34676
-0.348619
-0.349814
-0.350387
-0.350433
-0.350077
-0.349442
-0.34865
-0.347824
-0.347001
-0.346194
-0.345341
-0.344385
-0.343244
-0.341856
-0.340231
-0.338412
-0.336504
-0.334611
-0.332862
-0.331306
-0.330003
-0.328998
-0.32836
-0.328197
-0.328644
-0.329875
-0.331983
-0.334977
-0.338726
-0.342981
-0.347402
-0.351622
-0.355318
-0.358209
-0.360169
-0.361141
-0.361198
-0.360541
-0.359456
-0.358338
-0.357544
-0.357379
-0.357962
-0.359241
-0.36099
-0.3629
-0.364683
-0.366131
-0.367163
-0.367795
-0.368141
-0.368352
-0.368599
-0.369011
-0.369667
-0.370612
-0.371796
-0.373146
-0.374559
-0.375941
-0.377172
-0.378154
-0.378761
-0.378838
-0.378226
-0.376684
-0.373913
-0.369654
-0.363606
-0.355667
-0.345962
-0.335006
-0.323752
-0.313554
-0.305866
-0.301937
-0.30237
-0.306854
-0.31432
-0.323287
-0.332273
-0.340123
-0.346054
-0.349686
-0.350991
-0.350362
-0.348602
-0.346851
-0.346261
-0.347557
-0.350763
-0.355237
-0.36004
-0.364382
-0.367798
-0.370176
-0.371646
-0.37244
-0.372794
-0.372876
-0.372779
-0.372528
-0.372094
-0.371391
-0.370352
-0.36884
-0.366703
-0.363761
-0.359837
-0.354749
-0.34836
-0.340634
-0.331686
-0.321792
-0.311411
-0.301137
-0.291567
-0.28329
-0.276865
-0.27275
-0.271204
-0.272138
-0.275082
-0.27929
-0.283924
-0.288257
-0.291795
-0.294297
-0.295752
-0.296321
-0.296316
-0.296111
-0.296054
-0.296436
-0.297437
-0.299078
-0.301251
-0.303778
-0.306418
-0.308964
-0.311247
-0.313139
-0.314591
-0.315597
-0.316178
-0.316393
-0.316291
-0.315944
-0.315422
-0.314772
-0.314049
-0.313296
-0.312555
-0.311859
-0.311215
-0.310646
-0.310163
-0.309774
-0.309483
-0.309278
-0.309163
-0.309124
-0.309143
-0.309204
-0.309262
-0.3093
-0.309272
-0.309127
-0.308833
-0.308327
-0.307599
-0.306594
-0.305366
-0.303932
-0.302411
-0.300945
-0.299723
-0.298917
-0.298688
-0.299091
-0.30008
-0.301521
-0.303216
-0.304964
-0.306621
-0.308071
-0.309315
-0.310404
-0.311435
-0.312539
-0.313802
-0.315295
-0.317038
-0.319024
-0.321237
-0.323657
-0.326273
-0.329097
-0.332097
-0.335192
-0.338232
-0.341001
-0.343246
-0.344756
-0.345358
-0.34501
-0.343822
-0.342117
-0.34038
-0.339286
-0.339476
-0.341405
-0.345127
-0.350219
-0.355909
-0.361283
-0.365489
-0.367917
-0.368304
-0.366808
-0.364102
-0.361307
-0.359701
-0.360186
-0.362828
-0.366739
-0.370482
-0.372519
-0.371631
-0.367002
-0.35823
-0.345422
-0.329354
-0.311774
-0.295555
-0.284152
-0.280536
-0.285856
-0.298932
-0.316927
-0.336655
-0.35556
-0.372094
-0.385625
-0.396137
-0.403963
-0.409537
-0.41332
-0.415703
-0.417023
-0.417518
-0.417366
-0.416695
-0.415572
-0.414066
-0.412223
-0.410062
-0.407585
-0.404826
-0.401783
-0.398502
-0.39502
-0.391422
-0.387866
-0.384537
-0.381638
-0.379386
-0.37795
-0.377438
-0.377873
-0.379199
-0.381263
-0.38388
-0.386802
-0.389823
-0.392737
-0.395378
-0.397576
-0.399241
-0.400256
-0.400547
-0.400016
-0.398568
-0.396116
-0.392584
-0.388087
-0.383006
-0.378108
-0.374501
-0.373294
-0.375081
-0.379699
-0.386144
-0.39318
-0.399703
-0.405057
-0.409005
-0.411587
-0.413035
-0.413605
-0.413588
-0.413251
-0.412803
-0.412428
-0.412249
-0.412341
-0.412723
-0.413421
-0.414371
-0.415523
-0.416835
-0.418246
-0.419716
-0.421205
-0.422717
-0.424215
-0.425671
-0.427067
-0.428372
-0.42955
-0.430532
-0.431276
-0.431724
-0.431811
-0.431476
-0.430665
-0.429325
-0.427406
-0.424876
-0.421726
-0.417948
-0.413573
-0.408645
-0.403239
-0.397455
-0.3915
-0.385699
-0.380639
-0.377048
-0.375642
-0.37678
-0.380251
-0.385312
-0.390987
-0.396375
-0.400879
-0.404241
-0.40645
-0.407622
-0.408
-0.40776
-0.407075
-0.406076
-0.404849
-0.40346
-0.40195
-0.400356
-0.398761
-0.397224
-0.395853
-0.394793
-0.394192
-0.39417
-0.394844
-0.396233
-0.398332
-0.401047
-0.404207
-0.407633
-0.411105
-0.414453
-0.417515
-0.420181
-0.422393
-0.424094
-0.425265
-0.425926
-0.426049
-0.425644
-0.424687
-0.423139
-0.420955
-0.418088
-0.414463
-0.410015
-0.404685
-0.398472
-0.39145
-0.383743
-0.375618
-0.367468
-0.359736
-0.352885
-0.347334
-0.343394
-0.341225
-0.340855
-0.342211
-0.34514
-0.349395
-0.354681
-0.360653
-0.366951
-0.373218
-0.37921
-0.384732
-0.389667
-0.393996
-0.397726
-0.400896
-0.403547
-0.405722
-0.407437
-0.408708
-0.409489
-0.409752
-0.409427
-0.408432
-0.406674
-0.404076
-0.400602
-0.396293
-0.391295
-0.385909
-0.380599
-0.375889
-0.372312
-0.370245
-0.369796
-0.370755
-0.372676
-0.374978
-0.377112
-0.378674
-0.379442
-0.379404
-0.378717
-0.377659
-0.37653
-0.37564
-0.375246
-0.375484
-0.376424
-0.378014
-0.380166
-0.382726
-0.385515
-0.388373
-0.39115
-0.393753
-0.396112
-0.398211
-0.400062
-0.401698
-0.403176
-0.404549
-0.405874
-0.407159
-0.408408
-0.409572
-0.410596
-0.411393
-0.411895
-0.412018
-0.411725
-0.411005
-0.409896
-0.408497
-0.406979
-0.405523
-0.404319
-0.403529
-0.403198
-0.403273
-0.403615
-0.404018
-0.404246
-0.404105
-0.403442
-0.402178
-0.400298
-0.397848
-0.394913
-0.391638
-0.388196
-0.38481
-0.381786
-0.379437
-0.378058
-0.377907
-0.37915
-0.381803
-0.385741
-0.390705
-0.396327
-0.40226
-0.408154
-0.413702
-0.418691
-0.42294
-0.426308
-0.428706
-0.430071
-0.430343
-0.429467
-0.427417
-0.42424
-0.420023
-0.414966
-0.409384
-0.403639
-0.398111
-0.393106
-0.388805
-0.385308
-0.38264
-0.380809
-0.379846
-0.379774
-0.380643
-0.382475
-0.385232
-0.388835
-0.393132
-0.397884
-0.402813
-0.407596
-0.411931
-0.415594
-0.418375
-0.420217
-0.421074
-0.420971
-0.419995
-0.41827
-0.415946
-0.413218
-0.410294
-0.407392
-0.404695
-0.402325
-0.400385
-0.398873
-0.397735
-0.396861
-0.396129
-0.395339
-0.394358
-0.393052
-0.391346
-0.389253
-0.386863
-0.384342
-0.381922
-0.379879
-0.378442
-0.377774
-0.377894
-0.378707
-0.380014
-0.381544
-0.383104
-0.384543
-0.385813
-0.386913
-0.387897
-0.388868
-0.389911
-0.391113
-0.392505
-0.394105
-0.395872
-0.397739
-0.39965
-0.401505
-0.403232
-0.404783
-0.406092
-0.407138
-0.407903
-0.408374
-0.408546
-0.408405
-0.407937
-0.407136
-0.405939
-0.404304
-0.402209
-0.399555
-0.396304
-0.392403
-0.387849
-0.382748
-0.377257
-0.371664
-0.366382
-0.361925
-0.35882
-0.35747
-0.358059
-0.360531
-0.364535
-0.369511
-0.374822
-0.379835
-0.384001
-0.386944
-0.388455
-0.388522
-0.387301
-0.385082
-0.382262
-0.379263
-0.376459
-0.374181
-0.372651
-0.372062
-0.372539
-0.37413
-0.376786
-0.380326
-0.384445
-0.388816
-0.393118
-0.397042
-0.400403
-0.403088
-0.405009
-0.406106
-0.406314
-0.405574
-0.403871
-0.401188
-0.397597
-0.393246
-0.388423
-0.383532
-0.379004
-0.375278
-0.372661
-0.371236
-0.370823
-0.371056
-0.371482
-0.371709
-0.371521
-0.370942
-0.370193
-0.369662
-0.36971
-0.3706
-0.372354
-0.374791
-0.377583
-0.380377
-0.382839
-0.384759
-0.386003
-0.386549
-0.38646
-0.385775
-0.384615
-0.383076
-0.381263
-0.379244
-0.377109
-0.37491
-0.372677
-0.370472
-0.368348
-0.366371
-0.364591
-0.36308
-0.361879
-0.361023
-0.360537
-0.360395
-0.360572
-0.361025
-0.36166
-0.362448
-0.363331
-0.364269
-0.365242
-0.366229
-0.367211
-0.368187
-0.369141
-0.370029
-0.370848
-0.371561
-0.372131
-0.372539
-0.372745
-0.372728
-0.372448
-0.37186
-0.370923
-0.369601
-0.367793
-0.365447
-0.362458
-0.358724
-0.354183
-0.348791
-0.342597
-0.335789
-0.32873
-0.32186
-0.315677
-0.310558
-0.306703
-0.304127
-0.302721
-0.302432
-0.303252
-0.305181
-0.308129
-0.311876
-0.316086
-0.320413
-0.324572
-0.328401
-0.331816
-0.334816
-0.337442
-0.339707
-0.34164
-0.34325
-0.344506
-0.345409
-0.34592
-0.346052
-0.345842
-0.345328
-0.344548
-0.343585
-0.342528
-0.341439
-0.340416
-0.339476
-0.338657
-0.33794
-0.337326
-0.336753
-0.336216
-0.335685
-0.33516
-0.334672
-0.334269
-0.334023
-0.333974
-0.334174
-0.334609
-0.33525
-0.335972
-0.336657
-0.337171
-0.337377
-0.337189
-0.336575
-0.335536
-0.33416
-0.332566
-0.330954
-0.329558
-0.328585
