1	0.00764	0.00764	0
2	-0.03976	-0.01606	0.0237
3	0.00944	-0.00756	0.0161084
4	-0.00128	-0.00599	0.011498
5	0.02632	0.000472	0.0110037
6	-0.04768	-0.00755333	0.0120468
7	0.0206	-0.00353143	0.010947
8	0.0394	0.001835	0.0108939
9	-0.04128	-0.00295556	0.0107356
10	-0.03416	-0.006076	0.0100965
11	-0.01136	-0.00655636	0.00914528
12	-0.02172	-0.00782	0.00844355
13	0.01168	-0.00632	0.00791046
14	-0.00524	-0.00624286	0.00732406
15	0.00192	-0.00569867	0.00684002
16	-0.02744	-0.0070575	0.00654095
17	-0.0068	-0.00704235	0.00614417
18	-0.0648	-0.0102511	0.00662212
19	-0.00332	-0.00988632	0.00627451
20	4e-05	-0.00939	0.00597318
21	0.0382	-0.00712381	0.0061169
22	-0.0208	-0.00774545	0.00586527
23	-0.0332	-0.00885217	0.00571269
24	-0.05232	-0.0106633	0.00576156
25	-0.01504	-0.0108384	0.00552906
26	-0.01176	-0.0108738	0.00531227
27	-0.02692	-0.0114681	0.00514617
28	-0.00772	-0.0113343	0.00496078
29	0.01156	-0.0105448	0.00485133
30	0.00276	-0.0101013	0.00470776
31	0.01616	-0.00925419	0.0046315
32	0.01876	-0.00837875	0.00456908
33	-0.05224	-0.00970788	0.00462362
34	-0.05644	-0.0110824	0.00469143
35	0.02516	-0.0100469	0.00467163
36	-0.06344	-0.01153	0.00477612
37	0.02164	-0.0106335	0.00473096
38	-0.02136	-0.0109158	0.00461342
39	-0.01548	-0.0110328	0.0044951
40	-0.0562	-0.012162	0.00452445
41	-0.0148	-0.0122263	0.00441319
42	-0.01376	-0.0122629	0.00430698
43	-0.0084	-0.012173	0.00420659
44	0.04784	-0.0108091	0.00433028
45	-0.00448	-0.0106684	0.0042353
46	0.0516	-0.00931478	0.00435778
47	0.03572	-0.0083566	0.00437039
48	-0.01644	-0.008525	0.00428168
49	0.04812	-0.00736898	0.00434982
50	-0.00236	-0.0072688	0.00426311
51	0.03004	-0.00653725	0.00424223
52	0.05172	-0.00541692	0.00430808
53	0.01844	-0.00496679	0.00424991
54	0.01288	-0.0046363	0.00418354
55	-0.041	-0.00529745	0.00415966
56	-0.00936	-0.00537	0.00408535
57	-0.00308	-0.00532982	0.00401323
58	0.03116	-0.00470069	0.0039933
59	0.01628	-0.00434508	0.00394111
60	-0.00788	-0.004404	0.00387532
61	0.04236	-0.00363738	0.0038876
62	0.02104	-0.00323935	0.00384504
63	0.0054	-0.00310222	0.003786
64	0.04968	-0.0022775	0.00381654
65	0.0098	-0.00209169	0.00376196
66	-0.02524	-0.00244242	0.00372109
67	0.00188	-0.00237791	0.0036657
68	0.00696	-0.00224059	0.003614
69	0.02048	-0.0019113	0.00357643
70	0.00252	-0.001848	0.00352553
71	-0.02412	-0.00216169	0.00348965
72	-0.04312	-0.00273056	0.00348755
73	-0.03496	-0.00317205	0.00346766
74	0.02308	-0.0028173	0.00343883
75	0.08232	-0.00168213	0.00357754
76	0.0654	-0.000799474	0.00363883
77	-0.02748	-0.00114597	0.00360794
78	0.02188	-0.000850769	0.00357359
79	0.03692	-0.000372658	0.00356032
80	-0.08224	-0.001396	0.00366145
81	0.00716	-0.00129037	0.0036175
82	0.07528	-0.000356585	0.00369312
83	0.01088	-0.000221205	0.00365086
84	-0.00828	-0.000317143	0.00360841
85	0.02016	-7.62353e-05	0.00357384
86	0.03636	0.000347442	0.00355736
87	-0.00796	0.000251954	0.00351753
88	-0.017	5.59091e-05	0.00348285
89	0.01432	0.00021618	0.00344722
90	-0.04208	-0.000253778	0.00344094
91	-0.00092	-0.000261099	0.00340293
92	-0.0022	-0.000282174	0.0033658
93	-0.0214	-0.000509247	0.00333715
94	0.03692	-0.000111064	0.00332538
95	0.0218	0.000119579	0.00329827
96	-0.01208	-7.5e-06	0.0032662
97	0.01028	9.85567e-05	0.00323409
98	-0.05636	-0.000477551	0.00325235
99	-0.03284	-0.000804444	0.00323589
100	0.02268	-0.0005696	0.00321196
