1	2.48357	2.48357	0
2	2.448	2.46579	0.0177867
3	2.34997	2.42718	0.0399469
4	2.44907	2.43265	0.0287717
5	3.02048	2.55022	0.119659
6	2.17131	2.48707	0.116334
7	2.63067	2.50758	0.100438
8	2.44624	2.49991	0.0873191
9	2.52768	2.503	0.0770699
10	2.69333	2.52203	0.0715129
11	3.38165	2.60018	0.101446
12	1.91835	2.54336	0.108649
13	2.32299	2.52641	0.10137
14	2.58576	2.53065	0.0939457
15	2.53707	2.53108	0.0874597
16	2.19253	2.50992	0.084503
17	2.22443	2.49312	0.0811338
18	2.29056	2.48187	0.077317
19	2.42032	2.47863	0.0732063
20	2.40603	2.475	0.0695444
21	2.19451	2.46164	0.0674849
22	3.11563	2.49137	0.0708792
23	2.61291	2.49665	0.0679332
24	2.26059	2.48682	0.0657807
25	2.31168	2.47981	0.0634823
26	2.73355	2.48957	0.0617677
27	2.40144	2.48631	0.0595255
28	2.67173	2.49293	0.0577413
29	2.36795	2.48862	0.0558811
30	2.71451	2.49615	0.0545088
31	2.26976	2.48885	0.0532245
32	2.45435	2.48777	0.0515457
33	2.81195	2.49759	0.0509159
34	2.40976	2.49501	0.0494632
35	2.40997	2.49258	0.0480906
36	2.4256	2.49072	0.0467727
37	2.83963	2.50015	0.0464581
38	2.46709	2.49928	0.0452274
39	2.45072	2.49803	0.04407
40	3.02523	2.51121	0.0449307
41	2.50027	2.51095	0.0438219
42	2.57643	2.51251	0.0427942
43	2.75189	2.51807	0.0421564
44	2.66059	2.52131	0.0413143
45	2.90976	2.52994	0.041298
46	3.03605	2.54095	0.041862
47	2.33168	2.53649	0.0412029
48	2.95525	2.54522	0.041268
49	1.99184	2.53392	0.0419652
50	2.21083	2.52746	0.041622
51	2.69627	2.53077	0.0409318
52	2.48048	2.52981	0.0401486
53	1.94853	2.51884	0.0408823
54	2.28277	2.51447	0.0403556
55	2.70512	2.51793	0.0397664
56	2.47584	2.51718	0.0390571
57	2.73584	2.52102	0.0385571
58	2.64848	2.52321	0.0379501
59	2.42181	2.5215	0.037341
60	2.22992	2.51664	0.0370336
61	2.20005	2.51145	0.0367893
62	2.49941	2.51125	0.0361916
63	2.34203	2.50857	0.0357136
64	2.10251	2.50222	0.0357192
65	2.04773	2.49523	0.0358538
66	2.17179	2.49033	0.0356448
67	2.48347	2.49023	0.035109
68	2.11232	2.48467	0.0350324
69	2.72875	2.48821	0.0347017
70	2.40592	2.48703	0.0342226
71	2.29317	2.4843	0.0338474
72	2.76747	2.48823	0.033605
73	2.07531	2.48258	0.0336207
74	2.50043	2.48282	0.0331641
75	2.76075	2.48652	0.0329281
76	2.44795	2.48602	0.0324959
77	2.67632	2.48849	0.0321662
78	2.48763	2.48848	0.0317512
79	2.22981	2.4852	0.0315172
80	3.19883	2.49412	0.0323739
81	2.67397	2.49634	0.0320488
82	2.50901	2.4965	0.0316559
83	2.74869	2.49954	0.0314194
84	2.78309	2.50291	0.0312262
85	2.84352	2.50692	0.0311157
86	2.19291	2.50327	0.0309678
87	2.67344	2.50522	0.0306722
88	2.87163	2.50939	0.0306062
89	2.83744	2.51307	0.030484
90	2.7248	2.51543	0.030235
91	2.42341	2.51441	0.029918
92	2.78864	2.5174	0.0297408
93	2.31419	2.51521	0.0295003
94	3.09915	2.52142	0.0298386
95	2.76443	2.52398	0.0296334
96	2.38347	2.52252	0.0293596
97	2.4968	2.52225	0.0290566
98	2.37989	2.5208	0.0287952
99	2.18171	2.51737	0.0287079
100	2.33275	2.51553	0.0284793
