1	0.294027	0.294027	0
2	0.295534	0.29478	0.000753778
3	0.306329	0.29863	0.00387419
4	0.273488	0.292344	0.00685668
5	0.296928	0.293261	0.0053897
6	0.307108	0.295569	0.00496912
7	0.281697	0.293587	0.00464374
8	0.29848	0.294199	0.00406782
9	0.296334	0.294436	0.00359532
10	0.300072	0.295	0.00326476
11	0.325652	0.297786	0.00406029
12	0.306704	0.298529	0.00378028
13	0.302475	0.298833	0.00349057
14	0.294031	0.29849	0.00324979
15	0.323958	0.300188	0.00346927
16	0.313808	0.301039	0.003355
17	0.27879	0.29973	0.00341244
18	0.296744	0.299564	0.00322155
19	0.299765	0.299575	0.0030473
20	0.27493	0.298343	0.00314259
21	0.31115	0.298953	0.00305079
22	0.289068	0.298503	0.0029433
23	0.292031	0.298222	0.00282647
24	0.311507	0.298775	0.00276217
25	0.280844	0.298058	0.00274475
26	0.29912	0.298099	0.00263739
27	0.28074	0.297456	0.00261801
28	0.274794	0.296647	0.00264943
29	0.282734	0.296167	0.00260106
30	0.299014	0.296262	0.00251465
31	0.289695	0.29605	0.00244139
32	0.317087	0.296707	0.00245358
33	0.31333	0.297211	0.00243083
34	0.280772	0.296728	0.00240731
35	0.308408	0.297061	0.00236122
36	0.257404	0.29596	0.00254541
37	0.298805	0.296037	0.00247686
38	0.281076	0.295643	0.00244273
39	0.300341	0.295763	0.00238232
40	0.268675	0.295086	0.00241874
41	0.286589	0.294879	0.0023681
42	0.289988	0.294763	0.00231396
43	0.29036	0.29466	0.00226182
44	0.276139	0.294239	0.00224955
45	0.302352	0.294419	0.00220637
46	0.313412	0.294832	0.00219702
47	0.290588	0.294742	0.00215166
48	0.32542	0.295381	0.00220119
49	0.28631	0.295196	0.00216374
50	0.263684	0.294566	0.00221171
51	0.290688	0.29449	0.00216925
52	0.289394	0.294392	0.00212938
53	0.276198	0.294049	0.00211683
54	0.285621	0.293892	0.00208312
55	0.298468	0.293976	0.00204658
56	0.30555	0.294182	0.00202031
57	0.304399	0.294362	0.00199262
58	0.289603	0.29428	0.00195968
59	0.323618	0.294777	0.00198933
60	0.298832	0.294844	0.00195706
61	0.268281	0.294409	0.00197336
62	0.277902	0.294143	0.00195944
63	0.277388	0.293877	0.00194634
64	0.3021	0.294005	0.00192
65	0.304412	0.294165	0.00189699
66	0.299502	0.294246	0.00186978
67	0.262417	0.293771	0.00190195
68	0.290775	0.293727	0.00187429
69	0.274111	0.293443	0.00186867
70	0.303627	0.293588	0.00184752
71	0.284774	0.293464	0.00182554
72	0.285409	0.293352	0.00180348
73	0.278894	0.293154	0.0017896
74	0.26368	0.292756	0.00180963
75	0.301223	0.292869	0.0017889
76	0.289915	0.29283	0.00176563
77	0.262905	0.292441	0.00178536
78	0.289776	0.292407	0.00176266
79	0.290361	0.292381	0.0017404
80	0.28683	0.292312	0.0017199
81	0.314185	0.292582	0.00171987
82	0.278458	0.29241	0.00170747
83	0.288943	0.292368	0.00168729
84	0.290727	0.292348	0.0016672
85	0.295335	0.292383	0.00164784
86	0.279015	0.292228	0.00163597
87	0.317707	0.292521	0.00164336
88	0.289373	0.292485	0.00162498
89	0.301052	0.292581	0.0016095
90	0.303655	0.292704	0.00159626
91	0.284882	0.292618	0.00158096
92	0.280819	0.29249	0.00156893
93	0.279266	0.292348	0.00155847
94	0.287787	0.292299	0.00154257
95	0.295014	0.292328	0.00152651
96	0.287257	0.292275	0.00151145
97	0.299843	0.292353	0.00149782
98	0.288412	0.292313	0.001483
99	0.300236	0.292393	0.00147012
100	0.292878	0.292398	0.00145536
