1	-0.594	-0.594	0
2	-0.5796	-0.5868	0.0072
3	-0.58088	-0.584827	0.00460153
4	-0.58568	-0.58504	0.00326076
5	-0.5868	-0.585392	0.00255018
6	-0.57904	-0.584333	0.00233589
7	-0.58832	-0.584903	0.0020547
8	-0.58832	-0.58533	0.00182997
9	-0.5904	-0.585893	0.00170937
10	-0.58088	-0.585392	0.00160901
11	-0.60128	-0.586836	0.00205046
12	-0.57464	-0.58582	0.00212994
13	-0.5788	-0.58528	0.00203231
14	-0.58512	-0.585269	0.00188159
15	-0.57896	-0.584848	0.00180145
16	-0.58048	-0.584575	0.00170707
17	-0.59448	-0.585158	0.00170609
18	-0.58312	-0.585044	0.00161249
19	-0.58608	-0.585099	0.00152624
20	-0.5864	-0.585164	0.00144938
21	-0.5708	-0.58448	0.00153899
22	-0.59464	-0.584942	0.00153833
23	-0.58272	-0.584845	0.00147309
24	-0.58768	-0.584963	0.00141532
25	-0.58832	-0.585098	0.00136415
26	-0.59168	-0.585351	0.00133486
27	-0.58056	-0.585173	0.00129667
28	-0.58528	-0.585177	0.0012495
29	-0.5916	-0.585399	0.00122582
30	-0.59352	-0.585669	0.0012148
31	-0.58072	-0.58551	0.00118576
32	-0.57528	-0.58519	0.00119178
33	-0.58688	-0.585241	0.00115624
34	-0.58144	-0.585129	0.00112727
35	-0.57984	-0.584978	0.00110498
36	-0.59016	-0.585122	0.00108345
37	-0.5844	-0.585103	0.00105394
38	-0.58576	-0.58512	0.00102597
39	-0.5748	-0.584855	0.00103376
40	-0.58872	-0.584952	0.00101221
41	-0.58712	-0.585005	0.000988626
42	-0.5804	-0.584895	0.00097101
43	-0.59184	-0.585057	0.000961817
44	-0.5856	-0.585069	0.000939784
45	-0.59376	-0.585262	0.000938744
46	-0.58888	-0.585341	0.000921472
47	-0.58384	-0.585309	0.000902219
48	-0.57336	-0.58506	0.000917633
49	-0.58872	-0.585135	0.00090181
50	-0.56504	-0.584733	0.000970695
51	-0.5768	-0.584577	0.000964102
52	-0.59192	-0.584718	0.000955867
53	-0.58176	-0.584663	0.000939319
54	-0.57784	-0.584536	0.000930378
55	-0.59312	-0.584692	0.000926544
56	-0.5808	-0.584623	0.0009125
57	-0.58112	-0.584561	0.000898452
58	-0.57784	-0.584446	0.000890399
59	-0.57936	-0.584359	0.000879412
60	-0.57768	-0.584248	0.000871768
61	-0.58744	-0.5843	0.000858953
62	-0.568	-0.584037	0.000884941
63	-0.57632	-0.583915	0.000879355
64	-0.58528	-0.583936	0.000865769
65	-0.5888	-0.584011	0.000855624
66	-0.57016	-0.583801	0.000868303
67	-0.58872	-0.583875	0.000858391
68	-0.59464	-0.584033	0.000860364
69	-0.58272	-0.584014	0.000848017
70	-0.57912	-0.583944	0.000838733
71	-0.57672	-0.583842	0.000833072
72	-0.59232	-0.58396	0.000829817
73	-0.5844	-0.583966	0.000818393
74	-0.576	-0.583858	0.000814404
75	-0.5756	-0.583748	0.000810981
76	-0.58048	-0.583705	0.000801394
77	-0.58856	-0.583768	0.000793427
78	-0.58032	-0.583724	0.000784436
79	-0.5744	-0.583606	0.000783384
80	-0.5892	-0.583676	0.000776684
81	-0.58664	-0.583713	0.000767908
82	-0.58264	-0.5837	0.000758598
83	-0.59704	-0.58386	0.000766445
84	-0.57856	-0.583797	0.00075989
85	-0.58944	-0.583864	0.000753826
86	-0.58208	-0.583843	0.000745297
87	-0.58088	-0.583809	0.000737468
88	-0.58496	-0.583822	0.000729157
89	-0.5892	-0.583882	0.000723445
90	-0.58616	-0.583908	0.00071581
91	-0.58712	-0.583943	0.00070878
92	-0.57464	-0.583842	0.000708288
93	-0.58776	-0.583884	0.000701896
94	-0.588	-0.583928	0.000695769
95	-0.58576	-0.583947	0.000688676
96	-0.5812	-0.583918	0.000682065
97	-0.57784	-0.583856	0.000677899
98	-0.5768	-0.583784	0.000674798
99	-0.57264	-0.583671	0.000677365
100	-0.59584	-0.583793	0.00068151
