1	0.04612	0.04612	0
2	0.04644	0.04628	0.00016
3	0.02548	0.0393467	0.00693395
4	0.06232	0.04509	0.00755154
5	0.05652	0.047376	0.00628022
6	0.03432	0.0452	0.00557038
7	0.03548	0.0438114	0.00490834
8	0.05496	0.045205	0.00447335
9	0.0528	0.0460489	0.00403437
10	0.02024	0.043468	0.00443643
11	0.03468	0.0426691	0.00409166
12	0.03968	0.04242	0.00374345
13	0.0196	0.0406646	0.00386509
14	0.00548	0.0381514	0.00437274
15	0.00984	0.036264	0.00448707
16	0.07552	0.0387175	0.00486176
17	0.03364	0.0384188	0.00457659
18	0.02788	0.0378333	0.00435439
19	0.06388	0.0392042	0.00434099
20	0.0406	0.039274	0.00411881
21	-0.00348	0.0372381	0.00441518
22	0.01364	0.0361655	0.00434422
23	0.03756	0.0362261	0.00415149
24	0.03344	0.03611	0.00397644
25	0.01844	0.0354032	0.00387901
26	0.03384	0.0353431	0.00372731
27	0.04348	0.0356444	0.00359925
28	0.02204	0.0351586	0.00350219
29	0.02992	0.0349779	0.00338409
30	0.03972	0.035136	0.00327316
31	0.03636	0.0351755	0.00316606
32	0.02784	0.0349462	0.00307409
33	0.03644	0.0349915	0.00297982
34	0.06232	0.0357953	0.00300051
35	0.02676	0.0355371	0.00292494
36	-0.00188	0.0344978	0.00302659
37	-0.00912	0.0333189	0.00317093
38	0.04188	0.0335442	0.00309457
39	0.06852	0.034441	0.00314476
40	0.05388	0.034927	0.00310342
41	0.05804	0.0354907	0.00307883
42	-0.00744	0.0344686	0.00317374
43	0.0104	0.0339088	0.0031492
44	0.04632	0.0341909	0.00308969
45	0.031	0.03412	0.00302109
46	0.02736	0.033973	0.00295833
47	0.04644	0.0342383	0.00290683
48	0.00788	0.0336892	0.00289813
49	0.08348	0.0347053	0.00301478
50	0.02144	0.03444	0.00296576
51	0.04116	0.0345718	0.00291001
52	0.06936	0.0352408	0.00293087
53	0.02536	0.0350543	0.00288108
54	0.02908	0.0349437	0.00282939
55	0.01016	0.0344931	0.00281378
56	0.02668	0.0343536	0.0027666
57	0.01348	0.0339874	0.00274219
58	0.01772	0.0337069	0.00270905
59	0.04512	0.0339003	0.00266976
60	-0.0142	0.0330987	0.00274458
61	0.039	0.0331954	0.00270094
62	0.01468	0.0328968	0.00267375
63	0.03516	0.0329327	0.00263121
64	0.02948	0.0328787	0.00259034
65	0.02228	0.0327157	0.00255538
66	0.0038	0.0322776	0.00255422
67	0.05328	0.032591	0.00253526
68	0.01944	0.0323976	0.00250518
69	0.01844	0.0321954	0.00247688
70	0.03988	0.0323051	0.00244371
71	0.0224	0.0321656	0.00241308
72	0.06024	0.0325556	0.00241106
73	0.04348	0.0327052	0.00238251
74	0.04224	0.0328341	0.00235362
75	0.04468	0.032992	0.0023274
76	0.0344	0.0330105	0.00229664
77	0.02456	0.0329008	0.00226928
78	0.03324	0.0329051	0.00224
79	0.00964	0.0326106	0.00223098
80	0.0098	0.0323255	0.0022213
81	0.00824	0.0320281	0.00221376
82	0.03136	0.03202	0.00218661
83	0.01564	0.0318227	0.00216911
84	0.02216	0.0317076	0.00214621
85	0.02628	0.0316438	0.00212177
86	0.05188	0.0318791	0.00211012
87	0.04184	0.0319936	0.00208886
88	0.0324	0.0319982	0.00206499
89	0.07664	0.0324998	0.00210237
90	0.03284	0.0325036	0.00207888
91	0.01992	0.0323653	0.00206056
92	0.00096	0.0320239	0.00206643
93	-0.0422	0.0312258	0.00219437
94	0.01644	0.0310685	0.00217659
95	0.03724	0.0311335	0.00215454
96	0.0664	0.0315008	0.0021634
97	0.04984	0.0316899	0.00214931
98	0.01528	0.0315224	0.00213384
99	-0.0042	0.0311616	0.00214278
100	0.03044	0.0311544	0.00212126
