1	-0.482682	-0.482682	0
2	-0.481489	-0.482086	0.0005968
3	-0.47787	-0.48068	0.00144696
4	-0.477086	-0.479782	0.00136165
5	-0.49449	-0.482724	0.00312509
6	-0.491726	-0.484224	0.0029601
7	-0.48327	-0.484088	0.00250546
8	-0.485259	-0.484234	0.00217473
9	-0.479936	-0.483757	0.00197649
10	-0.480805	-0.483461	0.0017923
11	-0.484374	-0.483544	0.00162332
12	-0.495434	-0.484535	0.00178258
13	-0.487032	-0.484727	0.00165095
14	-0.48243	-0.484563	0.00153727
15	-0.476517	-0.484027	0.00152834
16	-0.48775	-0.484259	0.00144846
17	-0.476753	-0.483818	0.00143045
18	-0.487118	-0.484001	0.00136104
19	-0.493598	-0.484506	0.00138295
20	-0.489372	-0.484749	0.00133434
21	-0.48569	-0.484794	0.00127001
22	-0.482593	-0.484694	0.00121503
23	-0.492511	-0.485034	0.00120973
24	-0.483949	-0.484989	0.00115911
25	-0.483169	-0.484916	0.00111416
26	-0.492197	-0.485196	0.00110647
27	-0.48319	-0.485122	0.00106729
28	-0.472281	-0.484663	0.00112608
29	-0.479958	-0.484501	0.0010986
30	-0.476074	-0.48422	0.00109789
31	-0.484967	-0.484244	0.00106216
32	-0.477117	-0.484021	0.00105227
33	-0.482009	-0.48396	0.00102171
34	-0.479566	-0.483831	0.000999593
35	-0.487095	-0.483924	0.000975083
36	-0.488602	-0.484054	0.000956478
37	-0.481418	-0.483983	0.000932994
38	-0.474278	-0.483728	0.000943344
39	-0.48953	-0.483877	0.000930806
40	-0.488918	-0.484003	0.000915949
41	-0.486281	-0.484058	0.000895056
42	-0.482331	-0.484017	0.000874452
43	-0.481088	-0.483949	0.000856586
44	-0.492606	-0.484146	0.000859711
45	-0.49166	-0.484313	0.000856819
46	-0.480627	-0.484233	0.000841807
47	-0.484049	-0.484229	0.000823711
48	-0.487918	-0.484305	0.000810022
49	-0.48551	-0.48433	0.000793699
50	-0.486749	-0.484378	0.000779166
51	-0.491623	-0.48452	0.000776834
52	-0.479547	-0.484425	0.000767729
53	-0.481947	-0.484378	0.000754554
54	-0.488662	-0.484457	0.000744686
55	-0.476123	-0.484306	0.000746561
56	-0.482934	-0.484281	0.000733517
57	-0.48035	-0.484212	0.000723828
58	-0.472354	-0.484008	0.00074004
59	-0.489382	-0.484099	0.000733071
60	-0.475076	-0.483949	0.000736271
61	-0.48662	-0.483992	0.000725423
62	-0.482614	-0.48397	0.000713973
63	-0.486383	-0.484008	0.000703592
64	-0.48299	-0.483993	0.000692694
65	-0.482126	-0.483964	0.000682559
66	-0.474076	-0.483814	0.000688632
67	-0.478986	-0.483742	0.000682094
68	-0.487029	-0.48379	0.000673724
69	-0.492049	-0.48391	0.000674591
70	-0.478238	-0.483829	0.000669804
71	-0.483168	-0.48382	0.000660368
72	-0.480805	-0.483778	0.000652477
73	-0.48383	-0.483778	0.000643477
74	-0.499885	-0.483996	0.000671003
75	-0.474174	-0.483865	0.000674826
76	-0.486608	-0.483901	0.000666865
77	-0.474171	-0.483775	0.000670169
78	-0.494825	-0.483917	0.00067652
79	-0.486593	-0.48395	0.00066876
80	-0.486116	-0.483978	0.000660902
81	-0.486965	-0.484014	0.000653733
82	-0.473427	-0.483885	0.000658493
83	-0.474553	-0.483773	0.000660157
84	-0.481483	-0.483746	0.00065282
85	-0.488766	-0.483805	0.000647792
86	-0.488478	-0.483859	0.000642517
87	-0.485077	-0.483873	0.000635243
88	-0.484408	-0.483879	0.000628012
89	-0.488973	-0.483936	0.000623548
90	-0.490737	-0.484012	0.000621193
91	-0.477918	-0.483945	0.000617968
92	-0.479459	-0.483896	0.000613155
93	-0.478916	-0.483843	0.000608886
94	-0.484089	-0.483845	0.000602379
95	-0.472265	-0.483723	0.000608343
96	-0.482368	-0.483709	0.000602138
97	-0.479317	-0.483664	0.000597616
98	-0.482706	-0.483654	0.000591567
99	-0.480236	-0.48362	0.000586579
100	-0.485089	-0.483634	0.000580869
