1	1.45124	1.45124	0
2	1.37149	1.41137	0.0398737
3	1.56004	1.46093	0.0546439
4	1.52025	1.47576	0.0413878
5	1.58118	1.49684	0.0383708
6	1.55326	1.50625	0.0327104
7	1.43272	1.49574	0.0295737
8	1.45314	1.49042	0.0261594
9	1.60952	1.50365	0.0265963
10	1.44935	1.49822	0.0244004
11	1.28029	1.47841	0.0296583
12	1.73718	1.49997	0.0346126
13	1.43166	1.49472	0.0322696
14	1.43246	1.49027	0.030205
15	1.45659	1.48803	0.0282088
16	1.73331	1.50336	0.0305169
17	1.54909	1.50605	0.0287916
18	1.49032	1.50517	0.027159
19	1.75903	1.51853	0.0289566
20	1.69486	1.52735	0.0288508
21	1.52914	1.52743	0.0274427
22	1.51693	1.52696	0.02617
23	1.396	1.52126	0.0256463
24	1.57162	1.52336	0.024644
25	1.52956	1.52361	0.0236389
26	1.48994	1.52231	0.0227485
27	1.77865	1.53181	0.0238599
28	1.58143	1.53358	0.0230602
29	1.35469	1.52741	0.02309
30	1.33638	1.52104	0.0231982
31	1.42202	1.51785	0.0226636
32	1.51714	1.51783	0.0219439
33	1.38581	1.51383	0.0216415
34	1.52564	1.51417	0.0209983
35	1.35617	1.50966	0.0208833
36	1.44029	1.50773	0.0203862
37	1.47293	1.50679	0.0198498
38	1.43432	1.50489	0.0194143
39	1.6728	1.50919	0.0193939
40	1.74387	1.51506	0.0197924
41	1.96947	1.52614	0.0222592
42	1.46476	1.52468	0.0217718
43	1.49667	1.52403	0.0212695
44	1.64152	1.5267	0.0209513
45	1.81562	1.53312	0.0214632
46	1.63528	1.53534	0.0211086
47	1.33781	1.53114	0.0210779
48	1.64114	1.53343	0.0207609
49	1.56425	1.53406	0.0203426
50	1.96059	1.54259	0.0216804
51	1.91381	1.54987	0.022463
52	1.51453	1.54919	0.0220373
53	1.52244	1.54868	0.0216234
54	1.60804	1.54978	0.0212476
55	1.45592	1.54808	0.0209274
56	1.52425	1.54765	0.0205547
57	1.54025	1.54752	0.0201913
58	1.34674	1.54406	0.0201399
59	1.41095	1.5418	0.0199238
60	1.30295	1.53782	0.0199893
61	1.3272	1.53437	0.0199598
62	1.52164	1.53416	0.0196363
63	1.49503	1.53354	0.0193321
64	1.35305	1.53072	0.0192355
65	1.47507	1.52987	0.0189566
66	1.28661	1.52618	0.0190275
67	1.26661	1.52231	0.0191376
68	1.25575	1.51839	0.0192573
69	1.66387	1.52049	0.0190929
70	1.57217	1.52123	0.0188327
71	1.55116	1.52165	0.0185703
72	1.50846	1.52147	0.0183115
73	1.7864	1.5251	0.0184199
74	1.49457	1.52469	0.018174
75	1.35465	1.52242	0.0180728
76	1.42274	1.52111	0.0178816
77	1.64749	1.52275	0.017724
78	1.68425	1.52482	0.0176174
79	1.68813	1.52689	0.0175154
80	1.49907	1.52654	0.0172985
81	1.64674	1.52802	0.017148
82	1.39731	1.52643	0.0170124
83	1.48097	1.52588	0.0168151
84	1.43848	1.52484	0.0166463
85	1.90295	1.52929	0.0170401
86	1.51617	1.52914	0.0168415
87	1.48606	1.52864	0.0166542
88	1.52093	1.52856	0.0164641
89	1.55571	1.52886	0.0162809
90	1.75869	1.53141	0.0163002
91	1.31705	1.52906	0.0162913
92	1.63006	1.53016	0.0161506
93	1.51086	1.52995	0.0159774
94	1.41697	1.52875	0.0158521
95	1.24072	1.52571	0.0159747
96	1.59596	1.52645	0.0158244
97	1.6256	1.52747	0.0156937
98	1.39857	1.52615	0.0155883
99	1.55137	1.52641	0.0154322
100	1.37335	1.52488	0.0153536
