1	0.225242	0.225242	0
2	0.230368	0.227805	0.00256304
3	0.197477	0.217696	0.0102171
4	0.21428	0.216842	0.00727491
5	0.217742	0.217022	0.005638
6	0.210986	0.216016	0.00471204
7	0.200685	0.213826	0.00454487
8	0.211263	0.213505	0.00394899
9	0.207445	0.212832	0.00354717
10	0.218935	0.213442	0.00323085
11	0.223264	0.214335	0.00305579
12	0.21703	0.21456	0.00279856
13	0.218459	0.21486	0.00259172
14	0.207999	0.21437	0.002449
15	0.209899	0.214072	0.00229929
16	0.200025	0.213194	0.00232307
17	0.228124	0.214072	0.00235224
18	0.206478	0.21365	0.00225748
19	0.226498	0.214326	0.00223987
20	0.198922	0.213556	0.00226021
21	0.219816	0.213854	0.00217046
22	0.211259	0.213736	0.00207281
23	0.212199	0.213669	0.00198176
24	0.223982	0.214099	0.00194544
25	0.190929	0.213172	0.00208349
26	0.19385	0.212429	0.00213525
27	0.21587	0.212557	0.0020586
28	0.220502	0.21284	0.0020039
29	0.212818	0.21284	0.00193357
30	0.222574	0.213164	0.00189598
31	0.198997	0.212707	0.00188989
32	0.213884	0.212744	0.00183025
33	0.223003	0.213055	0.00180095
34	0.208129	0.21291	0.00175318
35	0.215335	0.212979	0.00170376
36	0.213404	0.212991	0.0016558
37	0.205391	0.212786	0.00162347
38	0.221913	0.213026	0.00159833
39	0.216488	0.213114	0.00155933
40	0.226616	0.213452	0.00155688
41	0.21172	0.21341	0.00151902
42	0.205453	0.21322	0.00149446
43	0.201307	0.212943	0.00148536
44	0.219074	0.213083	0.00145789
45	0.24303	0.213748	0.00157285
46	0.205524	0.213569	0.00154863
47	0.223793	0.213787	0.00153086
48	0.219154	0.213899	0.00150279
49	0.213813	0.213897	0.0014718
50	0.214648	0.213912	0.00144214
51	0.240144	0.214426	0.00150426
52	0.219957	0.214533	0.00147887
53	0.218492	0.214607	0.00145262
54	0.21144	0.214549	0.00142668
55	0.210765	0.21448	0.00140219
56	0.212355	0.214442	0.00137744
57	0.197853	0.214151	0.00138401
58	0.22556	0.214348	0.00137409
59	0.226606	0.214555	0.00136648
60	0.213884	0.214544	0.00134356
61	0.224694	0.214711	0.00133179
62	0.205348	0.21456	0.00131881
63	0.222633	0.214688	0.00130402
64	0.220611	0.21478	0.00128681
65	0.222896	0.214905	0.001273
66	0.212868	0.214874	0.00125394
67	0.21544	0.214883	0.00123511
68	0.201322	0.214683	0.00123305
69	0.230744	0.214916	0.00123714
70	0.226663	0.215084	0.00123083
71	0.213987	0.215068	0.00121347
72	0.19573	0.2148	0.00122627
73	0.238961	0.215131	0.00125383
74	0.203909	0.214979	0.00124603
75	0.227211	0.215142	0.00124008
76	0.19932	0.214934	0.00124124
77	0.233659	0.215177	0.00124892
78	0.206421	0.215065	0.0012379
79	0.206923	0.214962	0.00122647
80	0.209493	0.214894	0.00121297
81	0.208462	0.214814	0.00120053
82	0.208697	0.21474	0.00118814
83	0.212282	0.21471	0.00117411
84	0.213864	0.2147	0.00116009
85	0.209225	0.214635	0.00114817
86	0.198593	0.214449	0.00114997
87	0.223823	0.214557	0.00114177
88	0.224836	0.214673	0.00113475
89	0.205796	0.214574	0.00112636
90	0.205842	0.214477	0.00111799
91	0.211174	0.21444	0.00110623
92	0.211513	0.214409	0.0010946
93	0.218068	0.214448	0.00108348
94	0.198817	0.214282	0.00108472
95	0.20498	0.214184	0.00107769
96	0.212708	0.214168	0.00106652
97	0.228599	0.214317	0.0010659
98	0.204862	0.214221	0.00105937
99	0.205311	0.214131	0.00105247
100	0.196158	0.213951	0.00105728
