1	0.27448	0.27448	0
2	-0.28456	-0.00504	0.27952
3	0.00096	-0.00304	0.161393
4	0.27864	0.06738	0.1341
5	0.10508	0.07492	0.104147
6	-0.34936	0.00420667	0.110596
7	-0.18868	-0.0233486	0.0974476
8	0.16336	-1e-05	0.0875597
9	0.10508	0.0116667	0.0780983
10	-0.1316	-0.00266	0.0713073
11	0.06488	0.00348	0.0647914
12	0.10616	0.0120367	0.059762
13	0.34408	0.0375785	0.0606169
14	-0.20344	0.0203629	0.0587016
15	0.10764	0.0261813	0.0549571
16	0.28804	0.0425475	0.0539499
17	0.13824	0.0481765	0.0509888
18	-0.06952	0.0416378	0.0485154
19	-0.42108	0.0172842	0.0519526
20	0.24472	0.028656	0.0505815
21	-0.12288	0.02144	0.0486507
22	0.17936	0.0286182	0.0469387
23	0.09196	0.0313722	0.044936
24	-0.2086	0.0213733	0.0441695
25	-0.11208	0.0160352	0.0427009
26	-0.22488	0.00676923	0.0420591
27	0.3024	0.0177185	0.0419264
28	0.07652	0.0198186	0.0404558
29	-0.00104	0.0190993	0.0390425
30	-0.05668	0.0165733	0.0378031
31	-0.07068	0.0137587	0.0366715
32	0.39052	0.0255325	0.0374082
33	-0.25788	0.0169442	0.0372601
34	-0.11896	0.0129471	0.036368
35	0.15136	0.0169017	0.0355344
36	-0.11496	0.0132389	0.0347269
37	0.40708	0.0238832	0.0354129
38	0.053	0.0246495	0.0344769
39	-0.12344	0.0208523	0.0337952
40	-0.30412	0.012728	0.0339266
41	-0.02204	0.01188	0.0330997
42	-0.3006	0.00444	0.0331477
43	-0.17052	0.000371163	0.0326224
44	0.27092	0.00652	0.0324601
45	-0.46464	-0.00395022	0.0334133
46	-0.16116	-0.00736783	0.0328571
47	0.11776	-0.00470553	0.0322605
48	0.04236	-0.003725	0.0315964
49	0.1646	-0.000289796	0.031135
50	-0.00068	-0.0002976	0.0305059
51	0.33352	0.00624784	0.0306098
52	-0.082	0.00455077	0.0300633
53	-0.30564	-0.00130189	0.0300658
54	0.12392	0.00101704	0.0295947
55	-0.08024	-0.000460364	0.0290892
56	0.17352	0.00264643	0.0287335
57	-0.08176	0.00116561	0.0282637
58	0.33964	0.00700138	0.0283787
59	-0.11748	0.00489153	0.0279732
60	0.0368	0.00542333	0.0275082
61	0.26292	0.00964459	0.0273808
62	0.3226	0.0146923	0.0274044
63	0.17204	0.0171898	0.0270814
64	-0.09216	0.0154813	0.0267096
65	-0.0144	0.0150215	0.0262994
66	-0.17056	0.0122097	0.0260501
67	-0.01112	0.0118615	0.0256607
68	-0.35172	0.00651471	0.0258398
69	-0.29064	0.00220812	0.0258241
70	0.20236	0.00506743	0.0256127
71	0.00472	0.00506254	0.0252493
72	-0.09848	0.00362444	0.0249377
73	0.19452	0.00623945	0.0247323
74	0.34156	0.0107708	0.0248131
75	0.25812	0.0140688	0.0247012
76	0.22968	0.0169058	0.0245385
77	-0.04896	0.0160504	0.0242329
78	0.30672	0.0197769	0.0242087
79	-0.00292	0.0194896	0.023902
80	-0.6324	0.011341	0.0249685
81	0.01856	0.0114301	0.0246584
82	0.22916	0.0140854	0.0245002
83	-0.49108	0.00799904	0.0249567
84	-0.2598	0.00481095	0.0248631
85	0.03688	0.00518824	0.0245717
86	0.17092	0.00711535	0.0243607
87	-0.02292	0.00677011	0.0240815
88	0.23856	0.00940409	0.0239516
89	0.0274	0.00960629	0.0236818
90	-0.1232	0.00813067	0.0234636
91	-0.148	0.00641495	0.0232677
92	0.25228	0.00908739	0.023168
93	-0.13672	0.00751957	0.0229711
94	-0.31148	0.00412596	0.0229774
95	0.1362	0.00551621	0.0227767
96	-0.30632	0.00226792	0.0227711
97	0.13904	0.00367794	0.0225792
98	0.08072	0.00446408	0.0223614
99	-0.0348	0.00406747	0.022138
100	0.3836	0.0078628	0.0222417
