1	12.2765	12.2765	0
2	24.5837	18.4301	6.1536
3	26.7164	21.1922	4.50016
4	19.4982	20.7687	3.21015
5	13.8597	19.3869	2.84471
6	22.6453	19.93	2.38534
7	10.2105	18.5415	2.44788
8	22.0358	18.9783	2.16446
9	18.4302	18.9174	1.90984
10	15.7487	18.6005	1.73736
11	15.8362	18.3492	1.59147
12	18.5598	18.3667	1.45291
13	15.7169	18.1629	1.35194
14	12.4542	17.7551	1.3164
15	12.8793	17.4301	1.26788
16	20.3628	17.6134	1.20007
17	24.0102	17.9897	1.18841
18	14.2957	17.7844	1.13909
19	29.7819	18.4159	1.24886
20	13.1345	18.1518	1.21385
21	11.5482	17.8374	1.19665
22	28.1222	18.3049	1.23303
23	34.0899	18.9912	1.36351
24	13.3021	18.7541	1.32681
25	17.4052	18.7002	1.27378
26	20.0898	18.7536	1.22497
27	20.0122	18.8002	1.17965
28	16.6169	18.7222	1.13941
29	11.5217	18.4739	1.12711
30	8.56096	18.1435	1.13792
31	14.2727	18.0187	1.10766
32	24.0349	18.2067	1.08884
33	16.7431	18.1623	1.05626
34	13.4795	18.0246	1.03394
35	20.1263	18.0846	1.00576
36	23.1027	18.224	0.987312
37	18.5061	18.2316	0.960288
38	16.3568	18.1823	0.935977
39	19.8633	18.2254	0.91268
40	27.6093	18.46	0.919984
41	28.1597	18.6966	0.92793
42	18.4123	18.6898	0.905592
43	16.0944	18.6295	0.886338
44	17.3275	18.5999	0.866466
45	35.7171	18.9802	0.928486
46	13.9056	18.8699	0.914754
47	10.9446	18.7013	0.910825
48	19.5679	18.7194	0.89183
49	8.19552	18.5046	0.899458
50	14.2693	18.4199	0.885346
51	16.0265	18.373	0.869081
52	17.4829	18.3558	0.852376
53	19.1847	18.3715	0.836285
54	19.4899	18.3922	0.820913
55	11.3229	18.2637	0.816036
56	14.5879	18.198	0.804015
57	12.3349	18.0952	0.796453
58	19.3755	18.1172	0.782912
59	20.0816	18.1505	0.770248
60	8.23211	17.9852	0.775134
61	21.2729	18.0391	0.764224
62	21.3155	18.092	0.753651
63	12.0342	17.9958	0.7478
64	14.0299	17.9338	0.738627
65	19.5806	17.9592	0.727616
66	13.7325	17.8951	0.719363
67	13.9716	17.8366	0.71096
68	18.3491	17.8441	0.700468
69	9.98229	17.7302	0.699582
70	14.485	17.6838	0.691072
71	13.2429	17.6213	0.684135
72	24.8175	17.7212	0.68193
73	18.3798	17.7302	0.672584
74	24.6557	17.8238	0.670001
75	17.4484	17.8188	0.661027
76	16.1024	17.7962	0.652662
77	17.7227	17.7953	0.644131
78	23.3299	17.8662	0.639766
79	10.1533	17.7686	0.639117
80	32.1197	17.948	0.656079
81	11.7909	17.872	0.652372
82	23.352	17.9388	0.647823
83	24.5661	18.0186	0.644932
84	21.4032	18.0589	0.638481
85	21.3598	18.0978	0.632119
86	18.8874	18.107	0.624793
87	10.2339	18.0165	0.624164
88	23.0165	18.0733	0.619642
89	12.9834	18.0161	0.615303
90	19.1473	18.0287	0.608558
91	17.8884	18.0271	0.601835
92	16.6695	18.0124	0.595441
93	21.9268	18.0545	0.590505
94	21.0742	18.0866	0.585072
95	29.3187	18.2048	0.590832
96	22.9999	18.2548	0.586774
97	19.5887	18.2685	0.580857
98	15.5607	18.2409	0.575562
99	29.3111	18.3527	0.580589
100	25.9823	18.429	0.579796
