1	0.36199	0.36199	0
2	0.477466	0.419728	0.057738
3	0.334734	0.391397	0.043748
4	0.419038	0.398307	0.031697
5	0.390101	0.396666	0.0246072
6	0.452151	0.405913	0.0221176
7	0.462782	0.414037	0.0203819
8	0.468696	0.42087	0.0189274
9	0.45669	0.42485	0.0171603
10	0.429832	0.425348	0.0153567
11	0.385022	0.421682	0.0143663
12	0.415671	0.421181	0.0131242
13	0.361076	0.416558	0.0129275
14	0.386498	0.41441	0.0121596
15	0.367636	0.411292	0.0117416
16	0.469774	0.414947	0.0115755
17	0.543746	0.422524	0.0132526
18	0.389115	0.420668	0.0126318
19	0.563498	0.428185	0.0141165
20	0.418952	0.427723	0.0134001
21	0.405112	0.426647	0.0127914
22	0.43109	0.426849	0.0121978
23	0.538251	0.431692	0.0126218
24	0.361813	0.428781	0.0124302
25	0.372306	0.426522	0.0121348
26	0.465351	0.428015	0.011754
27	0.463143	0.429316	0.0113849
28	0.347532	0.426395	0.0113529
29	0.484636	0.428404	0.011137
30	0.364032	0.426258	0.0109712
31	0.364189	0.424256	0.0107987
32	0.494788	0.42646	0.0106856
33	0.406414	0.425852	0.0103745
34	0.360218	0.423922	0.0102482
35	0.442575	0.424455	0.00996533
36	0.51603	0.426999	0.0100131
37	0.464754	0.428019	0.009792
38	0.504508	0.430032	0.00974107
39	0.387272	0.428935	0.00955115
40	0.352547	0.427026	0.00950317
41	0.513251	0.429129	0.00950409
42	0.536738	0.431691	0.00962241
43	0.548008	0.434396	0.00977761
44	0.46148	0.435012	0.00957262
45	0.473941	0.435877	0.00939738
46	0.376311	0.434582	0.00928159
47	0.377961	0.433377	0.00916152
48	0.426237	0.433228	0.00896985
49	0.304069	0.430592	0.00917182
50	0.417154	0.430324	0.00899053
51	0.447032	0.430651	0.00881857
52	0.424868	0.43054	0.00864803
53	0.456058	0.431021	0.00849695
54	0.371862	0.429926	0.00840977
55	0.344556	0.428374	0.00840011
56	0.337168	0.426745	0.00840799
57	0.41718	0.426577	0.00826087
58	0.397762	0.42608	0.00813238
59	0.409185	0.425794	0.00799848
60	0.381292	0.425052	0.00789894
61	0.394809	0.424557	0.00778418
62	0.422702	0.424527	0.00765766
63	0.311239	0.422728	0.00774672
64	0.356634	0.421696	0.00769434
65	0.356862	0.420698	0.00764043
66	0.342514	0.419514	0.00761646
67	0.423854	0.419578	0.0075022
68	0.37543	0.418929	0.00741951
69	0.314206	0.417412	0.00746706
70	0.417337	0.41741	0.00735961
71	0.434474	0.417651	0.0072592
72	0.534018	0.419267	0.00733787
73	0.431285	0.419432	0.00723852
74	0.48016	0.420252	0.00718704
75	0.377924	0.419688	0.00711299
76	0.3439	0.418691	0.00708926
77	0.457586	0.419196	0.0070148
78	0.37979	0.418691	0.00694269
79	0.351341	0.417838	0.00690706
80	0.437561	0.418085	0.00682463
81	0.411327	0.418001	0.00674036
82	0.452375	0.41842	0.00667084
83	0.419485	0.418433	0.00658999
84	0.407005	0.418297	0.00651249
85	0.420964	0.418329	0.00643549
86	0.4389	0.418568	0.00636472
87	0.310475	0.417325	0.00641265
88	0.467612	0.417897	0.00636506
89	0.263735	0.416165	0.00652717
90	0.464757	0.416705	0.00647678
91	0.36202	0.416104	0.00643334
92	0.487032	0.416875	0.00640956
93	0.364566	0.416312	0.00636517
94	0.452535	0.416697	0.00630887
95	0.421473	0.416748	0.00624231
96	0.490027	0.417511	0.00622393
97	0.416345	0.417499	0.00615944
98	0.478467	0.418121	0.00612793
99	0.466489	0.41861	0.00608536
100	0.399573	0.418419	0.0060272
