1	-0.86936	-0.86936	0
2	-0.87584	-0.8726	0.00324
3	-0.8928	-0.879333	0.00698835
4	-0.87224	-0.87756	0.00525007
5	-0.85392	-0.872832	0.00623634
6	-0.86416	-0.871387	0.0052931
7	-0.85968	-0.869714	0.00477587
8	-0.87912	-0.87089	0.00429989
9	-0.8612	-0.869813	0.00394202
10	-0.85648	-0.86848	0.00376954
11	-0.86416	-0.868087	0.00343222
12	-0.86584	-0.8679	0.00313876
13	-0.87712	-0.868609	0.00297308
14	-0.87176	-0.868834	0.00276172
15	-0.87664	-0.869355	0.00262316
16	-0.8748	-0.869695	0.00247723
17	-0.87888	-0.870235	0.00238885
18	-0.85976	-0.869653	0.0023262
19	-0.87408	-0.869886	0.00221267
20	-0.84648	-0.868716	0.00240332
21	-0.86664	-0.868617	0.00228815
22	-0.8948	-0.869807	0.00248517
23	-0.89472	-0.87089	0.00261003
24	-0.856	-0.87027	0.00257478
25	-0.86672	-0.870128	0.00247373
26	-0.872	-0.8702	0.00237777
27	-0.86872	-0.870145	0.00228867
28	-0.86784	-0.870063	0.00220695
29	-0.8408	-0.869054	0.00235647
30	-0.8568	-0.868645	0.00231291
31	-0.86144	-0.868413	0.0022491
32	-0.88128	-0.868815	0.0022145
33	-0.86408	-0.868672	0.00215113
34	-0.85616	-0.868304	0.0021191
35	-0.87952	-0.868624	0.00208247
36	-0.88432	-0.86906	0.00207023
37	-0.86056	-0.86883	0.00202656
38	-0.85896	-0.868571	0.00198954
39	-0.87544	-0.868747	0.00194584
40	-0.89864	-0.869494	0.0020385
41	-0.88792	-0.869943	0.00203832
42	-0.86032	-0.869714	0.00200235
43	-0.84416	-0.86912	0.00204355
44	-0.86384	-0.869	0.00200017
45	-0.8984	-0.869653	0.00206149
46	-0.85968	-0.869437	0.0020278
47	-0.85632	-0.869157	0.00200371
48	-0.86128	-0.868993	0.00196838
49	-0.85984	-0.868807	0.00193682
50	-0.85512	-0.868533	0.00191733
51	-0.86808	-0.868524	0.00187938
52	-0.86952	-0.868543	0.00184298
53	-0.86752	-0.868524	0.00180798
54	-0.86752	-0.868505	0.00177428
55	-0.86752	-0.868487	0.00174181
56	-0.86888	-0.868494	0.00171044
57	-0.83792	-0.867958	0.00176371
58	-0.88424	-0.868239	0.00175562
59	-0.87784	-0.868401	0.00173326
60	-0.84552	-0.86802	0.00174628
61	-0.872	-0.868085	0.00171865
62	-0.86504	-0.868036	0.00169142
63	-0.8536	-0.867807	0.00168006
64	-0.86784	-0.867808	0.0016536
65	-0.87584	-0.867931	0.00163264
66	-0.84944	-0.867651	0.00163194
67	-0.85696	-0.867491	0.0016153
68	-0.87936	-0.867666	0.00160091
69	-0.86576	-0.867638	0.00157778
70	-0.8576	-0.867495	0.00156168
71	-0.85392	-0.867304	0.00155135
72	-0.88288	-0.86752	0.00154488
73	-0.87128	-0.867572	0.00152444
74	-0.88504	-0.867808	0.00152211
75	-0.87672	-0.867926	0.00150637
76	-0.86536	-0.867893	0.0014868
77	-0.85256	-0.867694	0.00148082
78	-0.8816	-0.867872	0.00147254
79	-0.85224	-0.867674	0.00146719
80	-0.89656	-0.868035	0.00149305
81	-0.86736	-0.868027	0.00147453
82	-0.88424	-0.868224	0.00146979
83	-0.87456	-0.868301	0.00145398
84	-0.87352	-0.868363	0.00143791
85	-0.8836	-0.868542	0.00143216
86	-0.86912	-0.868549	0.00141542
87	-0.86704	-0.868531	0.00139917
88	-0.8804	-0.868666	0.00138973
89	-0.87184	-0.868702	0.00137449
90	-0.86896	-0.868705	0.00135914
91	-0.85552	-0.86856	0.00135191
92	-0.84664	-0.868322	0.00135819
93	-0.86952	-0.868335	0.00134357
94	-0.88184	-0.868478	0.00133694
95	-0.88984	-0.868703	0.00134177
96	-0.882	-0.868842	0.00133493
97	-0.88096	-0.868967	0.00132699
98	-0.85696	-0.868844	0.00131908
99	-0.888	-0.869038	0.00131994
100	-0.874	-0.869087	0.00130762
