1	-0.826457	-0.826457	0
2	-0.827277	-0.826867	0.00041
3	-0.821961	-0.825231	0.00165238
4	-0.824326	-0.825005	0.00119011
5	-0.79841	-0.819686	0.00539826
6	-0.814184	-0.818769	0.00450204
7	-0.806819	-0.817062	0.00417034
8	-0.819466	-0.817363	0.00362411
9	-0.818446	-0.817483	0.00319843
10	-0.808018	-0.816536	0.00301329
11	-0.833554	-0.818084	0.00313408
12	-0.809371	-0.817358	0.0029517
13	-0.823073	-0.817797	0.00275053
14	-0.810517	-0.817277	0.00259905
15	-0.812026	-0.816927	0.00244478
16	-0.808829	-0.816421	0.00234223
17	-0.814056	-0.816282	0.00220453
18	-0.812046	-0.816046	0.00209173
19	-0.804314	-0.815429	0.00207271
20	-0.793558	-0.814335	0.00224998
21	-0.807994	-0.814033	0.00216135
22	-0.818183	-0.814222	0.00206938
23	-0.786606	-0.813021	0.00231337
24	-0.823155	-0.813444	0.00225477
25	-0.794798	-0.812698	0.00228768
26	-0.836745	-0.813623	0.0023846
27	-0.80981	-0.813481	0.00229893
28	-0.810071	-0.81336	0.00221865
29	-0.822708	-0.813682	0.00216491
30	-0.834123	-0.814363	0.00219969
31	-0.800146	-0.813905	0.00217642
32	-0.813147	-0.813881	0.00210745
33	-0.829703	-0.814361	0.0020981
34	-0.81767	-0.814458	0.00203779
35	-0.808403	-0.814285	0.00198626
36	-0.805753	-0.814048	0.00194479
37	-0.815921	-0.814099	0.00189217
38	-0.811998	-0.814043	0.00184254
39	-0.825302	-0.814332	0.00181774
40	-0.828803	-0.814694	0.00180827
41	-0.800263	-0.814342	0.0017984
42	-0.808238	-0.814196	0.00176106
43	-0.813103	-0.814171	0.00171981
44	-0.818446	-0.814268	0.00168307
45	-0.826589	-0.814542	0.00166787
46	-0.802179	-0.814273	0.0016532
47	-0.804504	-0.814065	0.00163094
48	-0.814302	-0.81407	0.00159661
49	-0.828888	-0.814373	0.00159266
50	-0.796897	-0.814023	0.00159915
51	-0.80959	-0.813936	0.00156989
52	-0.808494	-0.813832	0.00154295
53	-0.816571	-0.813883	0.00151444
54	-0.807942	-0.813773	0.0014902
55	-0.820066	-0.813888	0.00146732
56	-0.816169	-0.813928	0.00144146
57	-0.810488	-0.813868	0.00141723
58	-0.810687	-0.813813	0.00139366
59	-0.81601	-0.81385	0.00137034
60	-0.820845	-0.813967	0.00135234
61	-0.824676	-0.814143	0.00134152
62	-0.803582	-0.813972	0.00133066
63	-0.831297	-0.814247	0.00133793
64	-0.805001	-0.814103	0.00132476
65	-0.82475	-0.814267	0.00131447
66	-0.820022	-0.814354	0.00129733
67	-0.798791	-0.814121	0.00129876
68	-0.828912	-0.814339	0.00129787
69	-0.79759	-0.814096	0.00130176
70	-0.825922	-0.814265	0.0012941
71	-0.816319	-0.814294	0.00127607
72	-0.799382	-0.814087	0.00127516
73	-0.811469	-0.814051	0.00125808
74	-0.825465	-0.814205	0.00125051
75	-0.792505	-0.813916	0.0012672
76	-0.819343	-0.813987	0.00125245
77	-0.803345	-0.813849	0.00124378
78	-0.817073	-0.813891	0.00122843
79	-0.802303	-0.813744	0.00122162
80	-0.814105	-0.813748	0.00120626
81	-0.819292	-0.813817	0.00119324
82	-0.817722	-0.813864	0.00117956
83	-0.802579	-0.813728	0.00117317
84	-0.818306	-0.813783	0.0011604
85	-0.806774	-0.813701	0.00114962
86	-0.800634	-0.813549	0.00114629
87	-0.807355	-0.813477	0.00113527
88	-0.809912	-0.813437	0.00112303
89	-0.822876	-0.813543	0.00111539
90	-0.814626	-0.813555	0.001103
91	-0.820374	-0.81363	0.00109338
92	-0.817101	-0.813668	0.00108209
93	-0.813475	-0.813666	0.00107039
94	-0.799633	-0.813516	0.00106941
95	-0.796447	-0.813337	0.00107324
96	-0.812602	-0.813329	0.00106203
97	-0.820706	-0.813405	0.00105377
98	-0.811858	-0.813389	0.00104308
99	-0.808435	-0.813339	0.00103371
100	-0.807506	-0.813281	0.00102498
