1	13.5489	13.5489	0
2	15.1172	14.333	0.784133
3	16.9388	15.2016	0.979481
4	14.536	15.0352	0.712306
5	12.5503	14.5382	0.742573
6	10.518	13.8682	0.903631
7	11.4407	13.5214	0.838754
8	12.3348	13.3731	0.741371
9	12.8178	13.3114	0.656732
10	12.7186	13.2521	0.590383
11	15.1475	13.4244	0.561131
12	13.2629	13.411	0.512417
13	14.2177	13.473	0.475423
14	13.0791	13.4449	0.441054
15	11.7993	13.3352	0.425002
16	10.8201	13.178	0.427502
17	8.87556	12.9249	0.474667
18	9.72862	12.7473	0.481462
19	8.35858	12.5163	0.510646
20	10.2614	12.4036	0.497389
21	12.0479	12.3867	0.473414
22	13.7306	12.4477	0.455497
23	7.42089	12.2292	0.487036
24	13.4044	12.2782	0.468866
25	8.46044	12.1254	0.47494
26	17.198	12.3205	0.496266
27	11.4074	12.2867	0.478728
28	13.8419	12.3423	0.464645
29	14.4975	12.4166	0.454455
30	16.0078	12.5363	0.455072
31	12.2092	12.5257	0.440274
32	10.6684	12.4677	0.430226
33	17.5071	12.6204	0.444069
34	13.8619	12.6569	0.432355
35	8.76373	12.5457	0.434306
36	11.1363	12.5065	0.423882
37	9.44044	12.4237	0.420512
38	10.3002	12.3678	0.413093
39	11.1014	12.3353	0.40367
40	13.5947	12.3668	0.394707
41	10.225	12.3146	0.388488
42	11.3767	12.2922	0.379782
43	11.6205	12.2766	0.371174
44	10.9086	12.2455	0.36397
45	13.9292	12.2829	0.357752
46	9.66418	12.226	0.354489
47	8.06293	12.1374	0.357996
48	10.4259	12.1018	0.352268
49	17.1492	12.2048	0.360053
50	9.41307	12.1489	0.35717
51	10.4502	12.1156	0.351677
52	12.2592	12.1184	0.344859
53	13.1099	12.1371	0.338806
54	12.5572	12.1449	0.332564
55	13.4161	12.168	0.327278
56	11.934	12.1638	0.321408
57	12.437	12.1686	0.315756
58	11.2618	12.153	0.310657
59	13.0701	12.1685	0.305742
60	12.5307	12.1746	0.300664
61	13.8102	12.2014	0.296907
62	8.15511	12.1361	0.299281
63	16.3498	12.203	0.301992
64	11.7802	12.1964	0.297309
65	15.8834	12.2531	0.298145
66	12.1971	12.2523	0.293594
67	9.65716	12.2135	0.291762
68	13.3008	12.2295	0.287883
69	10.3469	12.2022	0.28499
70	9.35884	12.1616	0.283811
71	14.3142	12.1919	0.281423
72	9.42933	12.1536	0.280127
73	9.97564	12.1237	0.277869
74	18.5288	12.2103	0.28743
75	10.2831	12.1846	0.284734
76	10.8609	12.1672	0.281502
77	9.22516	12.129	0.280437
78	12.5306	12.1341	0.276866
79	10.0467	12.1077	0.274613
80	13.2572	12.1221	0.271539
81	11.2666	12.1115	0.268374
82	11.9051	12.109	0.265092
83	11.2612	12.0988	0.262078
84	10.5047	12.0798	0.259634
85	9.09991	12.0447	0.258945
86	11.381	12.037	0.256033
87	13.3431	12.052	0.253518
88	12.5477	12.0577	0.250684
89	13.8586	12.0779	0.248676
90	13.5222	12.0939	0.24642
91	12.2012	12.0951	0.2437
92	12.6658	12.1013	0.241116
93	11.8018	12.0981	0.238531
94	7.90604	12.0535	0.240157
95	10.8892	12.0412	0.237932
96	12.5454	12.0465	0.235499
97	9.74364	12.0228	0.234264
98	12.9763	12.0325	0.232066
99	11.4411	12.0265	0.229787
100	11.8748	12.025	0.227483
