1	0.29484	0.29484	0
2	0.29184	0.29334	0.0015
3	0.43004	0.338907	0.0455749
4	0.26032	0.31926	0.0377429
5	0.18452	0.292312	0.0397607
6	0.1812	0.273793	0.0373749
7	0.22896	0.267389	0.0322303
8	0.21332	0.26063	0.0287189
9	0.22632	0.256818	0.025613
10	0.16888	0.248024	0.0245387
11	0.32572	0.255087	0.0232929
12	0.19256	0.249877	0.0218925
13	0.22164	0.247705	0.020255
14	0.16984	0.242143	0.0195599
15	0.27328	0.244219	0.0183272
16	0.26544	0.245545	0.0171947
17	0.0788	0.235736	0.0188966
18	0.24628	0.236322	0.0178255
19	0.21168	0.235025	0.0169111
20	0.11388	0.228968	0.0171487
21	0.17972	0.226623	0.0164793
22	0.32116	0.23092	0.0162895
23	0.15428	0.227588	0.0159178
24	0.29776	0.230512	0.0155181
25	0.09192	0.224968	0.0158833
26	0.42524	0.232671	0.017094
27	0.14252	0.229332	0.0167842
28	0.32356	0.232697	0.01652
29	0.2834	0.234446	0.0160358
30	0.30616	0.236836	0.0156754
31	0.06728	0.231366	0.0161177
32	0.17736	0.229679	0.0156969
33	0.33316	0.232815	0.0155336
34	0.20752	0.232071	0.0150882
35	0.15616	0.229902	0.0148104
36	0.22364	0.229728	0.0143942
37	0.24004	0.230006	0.0140025
38	0.13988	0.227635	0.0138339
39	0.18108	0.226441	0.0135273
40	0.24816	0.226984	0.0131959
41	0.03716	0.222354	0.0136775
42	0.11592	0.21982	0.0135863
43	0.12716	0.217665	0.0134404
44	0.20632	0.217407	0.013134
45	0.32144	0.219719	0.0130453
46	0.19296	0.219137	0.0127718
47	0.0252	0.215011	0.0131607
48	0.10708	0.212762	0.0130783
49	0.2804	0.214143	0.0128828
50	-0.00716	0.209717	0.013376
51	0.25948	0.210693	0.0131474
52	0.22472	0.210962	0.0128949
53	0.21656	0.211068	0.0126497
54	0.29712	0.212661	0.0125151
55	0.27932	0.213873	0.0123451
56	0.16444	0.212991	0.0121547
57	0.2604	0.213822	0.0119685
58	0.09036	0.211694	0.0119514
59	0.27652	0.212793	0.0117984
60	0.28624	0.214017	0.0116645
61	0.3218	0.215784	0.011607
62	0.17908	0.215192	0.0114336
63	0.32084	0.216869	0.0113749
64	0.16204	0.216012	0.0112285
65	0.36152	0.21825	0.0112788
66	0.17708	0.217627	0.0111241
67	0.06756	0.215387	0.0111834
68	0.2456	0.215831	0.0110267
69	0.15148	0.214899	0.0109056
70	0.18812	0.214516	0.0107555
71	0.33996	0.216283	0.0107491
72	0.11712	0.214906	0.0106879
73	0.15744	0.214118	0.0105698
74	0.32124	0.215566	0.010526
75	0.19324	0.215268	0.010389
76	0.06716	0.213319	0.010435
77	0.13124	0.212254	0.0103536
78	0.00964	0.209656	0.0105449
79	0.17116	0.209169	0.010422
80	0.16124	0.208569	0.0103083
81	0.2966	0.209656	0.0102381
82	0.19808	0.209515	0.0101135
83	0.16096	0.20893	0.010008
84	0.21928	0.209053	0.0098889
85	0.19072	0.208838	0.00977425
86	0.17568	0.208452	0.00966762
87	0.26776	0.209134	0.00958013
88	0.1476	0.208435	0.00949642
89	0.1078	0.207304	0.00945695
90	0.21532	0.207393	0.00935171
91	0.26268	0.208	0.00926831
92	0.21104	0.208033	0.00916707
93	0.18576	0.207794	0.00907113
94	0.11364	0.206792	0.00902983
95	0.12636	0.205946	0.0089743
96	0.25808	0.206489	0.00889692
97	0.18728	0.206291	0.00880695
98	0.14092	0.205624	0.0087421
99	0.26176	0.206191	0.00867191
100	0.23132	0.206442	0.00858843
