1	0.493742	0.493742	0
2	0.411012	0.452377	0.041365
3	0.503139	0.469297	0.0292689
4	0.49993	0.476956	0.0220677
5	0.533766	0.488318	0.0205252
6	0.45605	0.48294	0.0176005
7	0.475293	0.481847	0.0149152
8	0.451633	0.478071	0.0134578
9	0.53977	0.484926	0.0137063
10	0.488503	0.485284	0.0122645
11	0.461064	0.483082	0.01131
12	0.570176	0.49034	0.0126204
13	0.469383	0.488728	0.0117205
14	0.527025	0.491463	0.0111905
15	0.45357	0.488937	0.0107197
16	0.426135	0.485012	0.0107683
17	0.459628	0.483519	0.0102246
18	0.449542	0.481631	0.00982295
19	0.447501	0.479835	0.00946363
20	0.526961	0.482191	0.00928204
21	0.494988	0.4828	0.00884999
22	0.449389	0.481282	0.00857371
23	0.437178	0.479364	0.00841389
24	0.467605	0.478874	0.00807058
25	0.403552	0.475861	0.00830669
26	0.47795	0.475942	0.00798121
27	0.448294	0.474918	0.00774789
28	0.445485	0.473867	0.00753969
29	0.542961	0.476249	0.00765526
30	0.504096	0.477177	0.0074537
31	0.427509	0.475575	0.00738514
32	0.456073	0.474966	0.00717656
33	0.564334	0.477674	0.00746428
34	0.416698	0.47588	0.00746019
35	0.430209	0.474575	0.0073605
36	0.52105	0.475866	0.00726868
37	0.438837	0.474866	0.00713999
38	0.388001	0.47258	0.00731585
39	0.421496	0.47127	0.00724518
40	0.409468	0.469725	0.00722878
41	0.498095	0.470417	0.00708414
42	0.445082	0.469814	0.00693968
43	0.486114	0.470193	0.00678696
44	0.451723	0.469773	0.00664419
45	0.42889	0.468864	0.0065581
46	0.470159	0.468893	0.00641401
47	0.404891	0.467531	0.00642209
48	0.388867	0.465892	0.00649696
49	0.520249	0.467001	0.00645896
50	0.401081	0.465683	0.00646434
51	0.483254	0.466027	0.00634568
52	0.445534	0.465633	0.00623492
53	0.464909	0.46562	0.00611616
54	0.466588	0.465638	0.00600186
55	0.457081	0.465482	0.00589378
56	0.403519	0.464376	0.0058924
57	0.391058	0.463089	0.0059293
58	0.50039	0.463732	0.00586156
59	0.455926	0.4636	0.00576287
60	0.462833	0.463587	0.00566603
61	0.499368	0.464174	0.00560315
62	0.400577	0.463148	0.00560667
63	0.591225	0.465181	0.00587961
64	0.518532	0.466015	0.00584674
65	0.506498	0.466637	0.00578969
66	0.442389	0.46627	0.00571312
67	0.482057	0.466506	0.00563213
68	0.489092	0.466838	0.00555862
69	0.416135	0.466103	0.00552654
70	0.393341	0.465064	0.00554531
71	0.525812	0.465919	0.0055332
72	0.452728	0.465736	0.00545888
73	0.478124	0.465906	0.00538626
74	0.524387	0.466696	0.00537143
75	0.495036	0.467074	0.00531278
76	0.458013	0.466955	0.00524376
77	0.427409	0.466441	0.00520064
78	0.472218	0.466515	0.00513406
79	0.416231	0.465879	0.00510847
80	0.474066	0.465981	0.00504525
81	0.426979	0.465499	0.00500578
82	0.478278	0.465655	0.00494681
83	0.501076	0.466082	0.00490545
84	0.4646	0.466064	0.00484673
85	0.491894	0.466368	0.004799
86	0.467493	0.466381	0.00474289
87	0.52762	0.467085	0.0047406
88	0.476186	0.467189	0.00468756
89	0.509461	0.467664	0.00465887
90	0.474199	0.467736	0.00460739
91	0.384964	0.466827	0.00464638
92	0.458531	0.466736	0.00459648
93	0.470908	0.466781	0.00454701
94	0.424258	0.466329	0.00452106
95	0.399087	0.465621	0.00452887
96	0.486535	0.465839	0.00448674
97	0.406856	0.465231	0.00448169
98	0.469924	0.465279	0.00443598
99	0.527721	0.46591	0.00443601
100	0.50787	0.466329	0.00441143
