1	-0.934	-0.934	0
2	-0.93896	-0.93648	0.00248
3	-0.9944	-0.955787	0.0193597
4	-0.99632	-0.96592	0.0170318
5	-0.97456	-0.967648	0.0133055
6	-0.9716	-0.968307	0.0108838
7	-0.97936	-0.969886	0.00933306
8	-0.98936	-0.97232	0.00844129
9	-0.97216	-0.972302	0.00744454
10	-0.98552	-0.973624	0.00678852
11	-0.98888	-0.975011	0.00629513
12	-0.9928	-0.976493	0.00593476
13	-0.99368	-0.977815	0.00561699
14	-0.9448	-0.975457	0.00571005
15	-0.96224	-0.974576	0.0053883
16	-0.9484	-0.97294	0.00529915
17	-0.96616	-0.972541	0.00499364
18	-0.97592	-0.972729	0.00471179
19	-0.97224	-0.972703	0.00445698
20	-0.98048	-0.973092	0.00424611
21	-0.97928	-0.973387	0.00404959
22	-0.97248	-0.973345	0.00386135
23	-0.9816	-0.973704	0.00370706
24	-0.9724	-0.97365	0.00354966
25	-0.98528	-0.974115	0.00343635
26	-0.98352	-0.974477	0.00332129
27	-0.99016	-0.975058	0.00324827
28	-0.97024	-0.974886	0.00313484
29	-0.94888	-0.973989	0.00315494
30	-0.94728	-0.973099	0.00317532
31	-0.96504	-0.972839	0.00308217
32	-0.96424	-0.97257	0.00299637
33	-0.97832	-0.972744	0.00290937
34	-0.97424	-0.972788	0.00282285
35	-0.97752	-0.972923	0.00274434
36	-0.95328	-0.972378	0.00272227
37	-0.96376	-0.972145	0.0026579
38	-0.94616	-0.971461	0.00267585
39	-0.96776	-0.971366	0.00260807
40	-0.95016	-0.970836	0.00259672
41	-0.99232	-0.97136	0.00258624
42	-0.95576	-0.970989	0.00255109
43	-0.98384	-0.971287	0.00250892
44	-0.97832	-0.971447	0.00245645
45	-0.98336	-0.971712	0.00241579
46	-0.98968	-0.972103	0.00239476
47	-0.9836	-0.972347	0.00235598
48	-0.96552	-0.972205	0.00231076
49	-0.95696	-0.971894	0.0022844
50	-0.97112	-0.971878	0.0022383
51	-0.97768	-0.971992	0.00219692
52	-0.9592	-0.971746	0.00216825
53	-0.98464	-0.971989	0.00214082
54	-0.97864	-0.972113	0.00210441
55	-0.99064	-0.972449	0.00209308
56	-0.95672	-0.972169	0.00207446
57	-0.97728	-0.972258	0.00203972
58	-0.9776	-0.97235	0.00200635
59	-0.9824	-0.972521	0.0019794
60	-0.96992	-0.972477	0.00194661
61	-0.96904	-0.972421	0.00191526
62	-0.97784	-0.972508	0.00188614
63	-0.94784	-0.972117	0.00189682
64	-0.96792	-0.972051	0.0018681
65	-0.9756	-0.972106	0.00183994
66	-0.96472	-0.971994	0.0018153
67	-0.97488	-0.972037	0.00178852
68	-0.9624	-0.971895	0.00176771
69	-0.9968	-0.972256	0.00177891
70	-0.98128	-0.972385	0.00175804
71	-0.99648	-0.972725	0.00176602
72	-0.96472	-0.972613	0.00174486
73	-0.98	-0.972715	0.00172377
74	-0.97688	-0.972771	0.00170125
75	-0.9508	-0.972478	0.00170378
76	-0.98912	-0.972697	0.00169542
77	-0.99256	-0.972955	0.00169302
78	-0.98672	-0.973131	0.00168047
79	-0.9892	-0.973335	0.00167148
80	-0.97312	-0.973332	0.00165046
81	-0.94704	-0.973007	0.00166196
82	-0.98168	-0.973113	0.00164497
83	-0.99864	-0.973421	0.00165388
84	-0.99816	-0.973715	0.0016604
85	-0.98232	-0.973816	0.00164387
86	-0.97344	-0.973812	0.00162465
87	-0.99272	-0.974029	0.0016205
88	-0.9484	-0.973738	0.00162824
89	-0.97776	-0.973783	0.00161048
90	-0.97176	-0.973761	0.00159264
91	-0.99488	-0.973993	0.00159205
92	-0.99488	-0.97422	0.00159093
93	-0.9884	-0.974372	0.0015811
94	-0.97184	-0.974346	0.00156442
95	-0.94992	-0.974088	0.00156908
96	-0.99176	-0.974272	0.00156352
97	-0.97216	-0.974251	0.00154747
98	-0.99856	-0.974499	0.00155156
99	-0.9724	-0.974478	0.00153595
100	-0.9712	-0.974445	0.00152087
