1	0.33072	0.33072	0
2	0.313384	0.322052	0.00866816
3	0.096128	0.246744	0.0754741
4	0.0587315	0.199741	0.0711158
5	0.277601	0.215313	0.0572448
6	0.382688	0.243209	0.0544318
7	0.252718	0.244567	0.0460233
8	0.165518	0.234686	0.0410639
9	0.328827	0.245146	0.0376953
10	0.189746	0.239606	0.0341679
11	0.153189	0.23175	0.0318888
12	0.109952	0.2216	0.0308291
13	0.0982515	0.212112	0.0299039
14	0.465792	0.230232	0.0330882
15	0.336916	0.237344	0.0316139
16	0.390368	0.246908	0.0310802
17	0.376411	0.254526	0.0301722
18	0.461311	0.266014	0.0306788
19	0.377076	0.271859	0.0296021
20	0.254034	0.270968	0.0280971
21	0.348056	0.274639	0.0269766
22	0.31701	0.276565	0.0257932
23	0.349568	0.279739	0.0248498
24	0.463328	0.287389	0.0249914
25	0.222904	0.284809	0.0241093
26	0.219602	0.282301	0.0232988
27	0.143195	0.277149	0.0230037
28	0.337428	0.279302	0.0222712
29	0.341349	0.281442	0.0215957
30	0.37468	0.284549	0.0210937
31	0.56324	0.293539	0.0222948
32	0.408564	0.297134	0.0218841
33	0.304076	0.297344	0.0212116
34	0.289684	0.297119	0.0205795
35	0.29957	0.297189	0.019983
36	0.331448	0.298141	0.0194433
37	0.327412	0.298932	0.018927
38	0.338011	0.29996	0.0184509
39	0.379636	0.302003	0.0180873
40	0.379995	0.303953	0.0177368
41	0.111084	0.299249	0.017927
42	0.331764	0.300023	0.0175121
43	0.221691	0.298201	0.0171968
44	0.286156	0.297928	0.0168036
45	0.210862	0.295993	0.0165395
46	0.15662	0.292963	0.0164573
47	0.270048	0.292475	0.0161107
48	0.436786	0.295482	0.0160555
49	0.389832	0.297407	0.0158418
50	0.305509	0.297569	0.0155226
51	0.277964	0.297185	0.0152201
52	0.358272	0.29836	0.0149707
53	0.334254	0.299037	0.0147011
54	0.27099	0.298518	0.0144356
55	0.150158	0.29582	0.0144252
56	0.353688	0.296854	0.0142029
57	0.3422	0.297649	0.0139742
58	0.291328	0.29754	0.0137315
59	0.235008	0.29648	0.0135383
60	0.377119	0.297824	0.0133785
61	0.342056	0.298549	0.0131773
62	0.261467	0.297951	0.0129768
63	0.344187	0.298685	0.0127902
64	0.537855	0.302422	0.0131318
65	0.327648	0.30281	0.012934
66	0.492184	0.30568	0.0130557
67	0.296197	0.305538	0.0128601
68	0.495488	0.308331	0.0129739
69	0.051712	0.304612	0.0133145
70	0.270392	0.304123	0.013132
71	0.0538419	0.300598	0.0134171
72	0.348824	0.301268	0.0132464
73	0.24512	0.300499	0.0130863
74	0.311653	0.30065	0.0129091
75	0.495072	0.303242	0.0129969
76	0.173445	0.301534	0.012938
77	0.113089	0.299087	0.0130013
78	0.230968	0.298213	0.0128632
79	0.157152	0.296428	0.0128243
80	0.295813	0.29642	0.0126629
81	0.322248	0.296739	0.0125097
82	0.282316	0.296563	0.0123575
83	0.0213901	0.293248	0.0126498
84	0.0287629	0.290099	0.0128888
85	0.238284	0.28949	0.0127509
86	0.286433	0.289454	0.0126018
87	0.13404	0.287668	0.0125836
88	0.400608	0.288951	0.0125058
89	0.267156	0.288706	0.0123669
90	0.34866	0.289372	0.0122468
91	0.0766771	0.287035	0.012335
92	0.0766771	0.284749	0.0124126
93	0.163808	0.283448	0.012347
94	0.338043	0.284029	0.0122288
95	0.332959	0.284544	0.0121103
96	0.11826	0.282812	0.0121081
97	0.451707	0.284553	0.0121084
98	0.0226253	0.28188	0.0122787
99	0.304608	0.28211	0.0121562
100	0.445952	0.283748	0.012145
