1	37.6317	37.6317	0
2	38.0325	37.8321	0.2004
3	97.872	57.8454	20.0136
4	99.0368	68.1432	17.502
5	72.679	69.0504	13.5873
6	78.6198	70.6453	11.208
7	83.5571	72.4899	9.65043
8	92.4862	74.9894	8.72329
9	74.4109	74.9251	7.69349
10	89.4512	76.3777	7.03292
11	91.6539	77.7665	6.51133
12	96.56	79.3326	6.14687
13	96.4397	80.6485	5.8054
14	51.7502	78.5844	5.7575
15	69.4238	77.9737	5.39462
16	51.4997	76.319	5.31055
17	67.6147	75.807	5.0146
18	83.647	76.2426	4.74783
19	84.0643	76.6542	4.50983
20	84.423	77.0427	4.296
21	89.3413	77.6283	4.12806
22	77.789	77.6356	3.93596
23	86.732	78.0311	3.78168
24	79.6882	78.1002	3.62134
25	86.9395	78.4537	3.49142
26	89.4411	78.8763	3.38096
27	92.9888	79.399	3.29505
28	73.7594	79.1976	3.18157
29	50.2432	78.1992	3.22818
30	47.6723	77.1816	3.28052
31	79.8875	77.2689	3.17414
32	68.5178	76.9954	3.08549
33	82.6762	77.1676	2.99548
34	75.8918	77.1301	2.90628
35	81.9133	77.2667	2.82533
36	52.1934	76.5702	2.83269
37	66.6579	76.3023	2.76806
38	57.4467	75.8061	2.73954
39	75.1914	75.7904	2.66842
40	50.1344	75.149	2.67877
41	97.1906	75.6866	2.66736
42	57.1026	75.2441	2.64041
43	91.8904	75.6312	2.60718
44	84.4219	75.831	2.55506
45	89.0971	76.1258	2.51497
46	95.1467	76.5393	2.49421
47	91.1686	76.8506	2.46033
48	74.593	76.8035	2.40899
49	62.4272	76.5101	2.37748
50	74.501	76.47	2.3298
51	85.901	76.6549	2.29113
52	60.7998	76.35	2.26724
53	91.3842	76.6336	2.24206
54	84.3018	76.7756	2.20473
55	95.7813	77.1212	2.19168
56	58.1157	76.7818	2.17879
57	81.6717	76.8676	2.14194
58	78.444	76.8948	2.10486
59	88.4162	77.0901	2.07807
60	79.0248	77.1223	2.0434
61	70.6549	77.0163	2.01242
62	79.0198	77.0486	1.97996
63	53.0978	76.6684	1.98502
64	79.2802	76.7092	1.95418
65	78.3557	76.7346	1.92405
66	76.9154	76.7373	1.89468
67	73.7614	76.6929	1.86671
68	70.7979	76.6062	1.8411
69	98.3774	76.9217	1.84145
70	87.9592	77.0794	1.82179
71	98.6283	77.3829	1.82142
72	70.3507	77.2852	1.79859
73	85.3485	77.3957	1.77722
74	83.0571	77.4722	1.75471
75	58.8506	77.2239	1.74887
76	93.0027	77.4315	1.73815
77	96.6624	77.6813	1.73351
78	92.7437	77.8744	1.722
79	93.9944	78.0784	1.71227
80	77.6474	78.073	1.69074
81	52.7882	77.7609	1.69866
82	84.9614	77.8487	1.68012
83	99.7008	78.112	1.6805
84	99.2184	78.3632	1.67928
85	85.656	78.449	1.66162
86	76.0464	78.4211	1.64243
87	95.9602	78.6227	1.63591
88	57.3666	78.3812	1.63515
89	81.3578	78.4146	1.61702
90	80.22	78.4347	1.59908
91	98.064	78.6504	1.59605
92	97.9741	78.8604	1.59252
93	93.6043	79.0189	1.58326
94	81.3002	79.0432	1.56651
95	50.759	78.7455	1.57827
96	93.5571	78.8998	1.56935
97	80.1142	78.9123	1.55314
98	99.647	79.1239	1.5517
99	76.8874	79.1013	1.53611
100	79.0797	79.1011	1.52067
