1	-0.24352	-0.24352	0
2	-0.18828	-0.2159	0.02762
3	-0.9876	-0.473133	0.257727
4	-0.9948	-0.60355	0.224099
5	-0.71904	-0.626648	0.175116
6	-0.81392	-0.65786	0.146349
7	-0.88504	-0.690314	0.127874
8	-0.17372	-0.62574	0.128194
9	0.75976	-0.471796	0.190999
10	0.55432	-0.369184	0.199283
11	-0.9402	-0.421095	0.187584
12	-0.97904	-0.46759	0.17744
13	-0.97744	-0.506809	0.167867
14	-0.50628	-0.506771	0.155414
15	-0.7902	-0.525667	0.145912
16	0.27692	-0.475505	0.145414
17	0.74264	-0.403849	0.154246
18	0.81608	-0.336076	0.160442
19	-0.3824	-0.338514	0.151783
20	0.0688	-0.318148	0.145427
21	-0.9338	-0.347465	0.141401
22	-0.19828	-0.340684	0.134991
23	0.8398	-0.289358	0.138825
24	-0.70236	-0.306567	0.134024
25	0.88752	-0.258803	0.137138
26	0.93324	-0.212955	0.139507
27	0.94952	-0.169901	0.140976
28	-0.68976	-0.188467	0.137111
29	-0.5564	-0.201154	0.132905
30	-0.48872	-0.21074	0.128756
31	0.84364	-0.176728	0.129094
32	0.61928	-0.151852	0.127446
33	0.87016	-0.120882	0.127347
34	-0.31872	-0.126701	0.123682
35	-0.8288	-0.146761	0.12176
36	-0.09892	-0.145432	0.118337
37	-0.4112	-0.152615	0.115318
38	-0.45656	-0.160614	0.112527
39	-0.48784	-0.169004	0.109924
40	-0.09856	-0.167243	0.107155
41	0.9842	-0.139159	0.108217
42	0.3134	-0.128384	0.106157
43	-0.95132	-0.147522	0.105411
44	-0.5318	-0.156255	0.103357
45	0.92556	-0.132215	0.103855
46	0.9702	-0.10825	0.104361
47	0.94432	-0.0858545	0.104543
48	0.79664	-0.0674692	0.10398
49	-0.24768	-0.0711469	0.101903
50	0.37652	-0.0621936	0.100244
51	-0.91076	-0.0788322	0.0996579
52	0.25876	-0.07234	0.0979381
53	-0.92788	-0.0884823	0.0974191
54	-0.1768	-0.0901178	0.095612
55	0.97484	-0.0707549	0.095834
56	0.41796	-0.0620279	0.0945109
57	-0.83064	-0.0755123	0.0938122
58	-0.77508	-0.0875738	0.0929663
59	-0.9186	-0.101659	0.0924562
60	-0.68716	-0.111417	0.0914245
61	0.67388	-0.0985436	0.0908302
62	-0.7984	-0.109832	0.0900634
63	-0.28748	-0.112651	0.0886671
64	-0.76164	-0.122792	0.0878578
65	0.35708	-0.115409	0.0868101
66	-0.02588	-0.114053	0.0854955
67	-0.77748	-0.123955	0.0847899
68	-0.65108	-0.131706	0.0838926
69	-0.98948	-0.144138	0.0835973
70	-0.91532	-0.155155	0.0831277
71	-0.99212	-0.166943	0.082792
72	-0.78376	-0.17551	0.0820823
73	0.85248	-0.161428	0.0821658
74	0.87556	-0.147415	0.0822504
75	0.23696	-0.14229	0.081308
76	0.95292	-0.127879	0.0815149
77	0.97992	-0.113492	0.0817257
78	0.95336	-0.0998144	0.0818224
79	0.96148	-0.0863803	0.0818895
80	-0.374	-0.0899755	0.0809393
81	-0.5544	-0.0957091	0.0801391
82	-0.87588	-0.105223	0.0797255
83	-0.9984	-0.115985	0.0794909
84	-0.99548	-0.126455	0.0792337
85	0.0184	-0.124751	0.0783145
86	-0.61904	-0.130498	0.0776117
87	0.9678	-0.117874	0.0777462
88	-0.00772	-0.116622	0.0768678
89	0.86624	-0.105579	0.0767974
90	-0.14284	-0.105993	0.0759404
91	-0.98896	-0.115696	0.0757255
92	-0.98848	-0.125183	0.0754963
93	-0.96012	-0.13416	0.0752178
94	-0.87432	-0.142034	0.0748287
95	-0.24296	-0.143097	0.0740445
96	-0.95448	-0.151549	0.073755
97	-0.78968	-0.158127	0.0732865
98	-0.99808	-0.166698	0.0730395
99	0.4844	-0.160122	0.0725965
100	0.84056	-0.150115	0.0725602
