1	-0.63136	-0.63136	0
2	-0.62784	-0.6296	0.00176
3	-0.62888	-0.62936	0.00104409
4	-0.62152	-0.6274	0.00209444
5	-0.61088	-0.624096	0.00368082
6	-0.6332	-0.625613	0.00336669
7	-0.62816	-0.625977	0.00286853
8	-0.6256	-0.62593	0.00248467
9	-0.62344	-0.625653	0.00220867
10	-0.6424	-0.627328	0.0025898
11	-0.62544	-0.627156	0.00234885
12	-0.6296	-0.62736	0.00215384
13	-0.63736	-0.628129	0.00212534
14	-0.6224	-0.62772	0.00200978
15	-0.62888	-0.627797	0.0018726
16	-0.63688	-0.628365	0.00184135
17	-0.6264	-0.628249	0.0017335
18	-0.6392	-0.628858	0.00174392
19	-0.63768	-0.629322	0.00171368
20	-0.62904	-0.629308	0.00162581
21	-0.6252	-0.629112	0.00155877
22	-0.63512	-0.629385	0.00151111
23	-0.62664	-0.629266	0.00144884
24	-0.62584	-0.629123	0.00139449
25	-0.62616	-0.629005	0.00134279
26	-0.63256	-0.629142	0.00129733
27	-0.62664	-0.629049	0.00125179
28	-0.6236	-0.628854	0.00122185
29	-0.63008	-0.628897	0.00117973
30	-0.63688	-0.629163	0.00117038
31	-0.63816	-0.629453	0.00116861
32	-0.63368	-0.629585	0.00113919
33	-0.63336	-0.629699	0.00111004
34	-0.63728	-0.629922	0.00109973
35	-0.63576	-0.630089	0.0010808
36	-0.62312	-0.629896	0.00106804
37	-0.63336	-0.629989	0.00104298
38	-0.6348	-0.630116	0.00102303
39	-0.6304	-0.630123	0.000996477
40	-0.62904	-0.630096	0.000971623
41	-0.63008	-0.630096	0.000947628
42	-0.62952	-0.630082	0.000924892
43	-0.63336	-0.630158	0.000906339
44	-0.6292	-0.630136	0.000885768
45	-0.63136	-0.630164	0.000866288
46	-0.62824	-0.630122	0.000848278
47	-0.6276	-0.630068	0.000831765
48	-0.6368	-0.630208	0.000826242
49	-0.63016	-0.630207	0.000809205
50	-0.6208	-0.630019	0.000814874
51	-0.62416	-0.629904	0.000806956
52	-0.62888	-0.629885	0.000791531
53	-0.62512	-0.629795	0.00078164
54	-0.62488	-0.629704	0.000772409
55	-0.62272	-0.629577	0.000768794
56	-0.62448	-0.629486	0.000760407
57	-0.6304	-0.629502	0.000747119
58	-0.63248	-0.629553	0.000735919
59	-0.62256	-0.629435	0.000732985
60	-0.63528	-0.629532	0.00072722
61	-0.6372	-0.629658	0.000726162
62	-0.6208	-0.629515	0.0007285
63	-0.6204	-0.62937	0.000731298
64	-0.63744	-0.629496	0.000730741
65	-0.6316	-0.629529	0.000720139
66	-0.62776	-0.629502	0.00070965
67	-0.63336	-0.629559	0.000701346
68	-0.62784	-0.629534	0.000691418
69	-0.62232	-0.62943	0.000689299
70	-0.62448	-0.629359	0.00068305
71	-0.62744	-0.629332	0.000673903
72	-0.63304	-0.629383	0.00066647
73	-0.64104	-0.629543	0.000676396
74	-0.61672	-0.62937	0.000689328
75	-0.62696	-0.629338	0.000680834
76	-0.61832	-0.629193	0.000687279
77	-0.64088	-0.629344	0.000695069
78	-0.61816	-0.629201	0.000700924
79	-0.63192	-0.629235	0.00069285
80	-0.6348	-0.629305	0.000687661
81	-0.62376	-0.629237	0.00068256
82	-0.63432	-0.629299	0.000677029
83	-0.63728	-0.629395	0.0006757
84	-0.6428	-0.629554	0.000686417
85	-0.63264	-0.629591	0.000679264
86	-0.62696	-0.62956	0.000672016
87	-0.62968	-0.629561	0.000664248
88	-0.62096	-0.629464	0.000663891
89	-0.63312	-0.629505	0.000657673
90	-0.62792	-0.629487	0.000650563
91	-0.62488	-0.629436	0.000645363
92	-0.62944	-0.629437	0.00063831
93	-0.62144	-0.629351	0.000637237
94	-0.62712	-0.629327	0.000630868
95	-0.62544	-0.629286	0.000625531
96	-0.63664	-0.629363	0.000623703
97	-0.6372	-0.629443	0.000622506
98	-0.61744	-0.629321	0.000628177
99	-0.6332	-0.62936	0.000623033
100	-0.63256	-0.629392	0.000617601
