1	3.59822	3.59822	0
2	3.62056	3.60939	0.0111704
3	3.49393	3.5709	0.0390255
4	2.92089	3.4084	0.16483
5	2.8403	3.29478	0.170912
6	3.92036	3.39904	0.174197
7	3.23277	3.37529	0.149128
8	3.3357	3.37034	0.129243
9	3.24018	3.35588	0.114895
10	3.51532	3.37182	0.103995
11	3.08646	3.34588	0.0975788
12	3.70193	3.37555	0.0938883
13	3.25547	3.36631	0.0868573
14	3.12782	3.34928	0.0821988
15	3.13559	3.33503	0.0778377
16	3.55111	3.34854	0.0740524
17	2.72954	3.31213	0.0785138
18	3.5421	3.3249	0.075118
19	3.14625	3.3155	0.0716739
20	3.37588	3.31852	0.0680629
21	2.75016	3.29145	0.0701701
22	3.17481	3.28615	0.0671143
23	3.0512	3.27594	0.0649385
24	3.36759	3.27976	0.062291
25	3.87923	3.30373	0.0643797
26	3.41428	3.30799	0.062
27	3.38364	3.31079	0.0597253
28	3.33588	3.31168	0.0575597
29	3.15081	3.30614	0.0558158
30	3.38412	3.30874	0.0539858
31	3.21517	3.30572	0.0523024
32	3.46258	3.31062	0.0508783
33	3.40877	3.31359	0.049402
34	4.03176	3.33472	0.0523752
35	3.31034	3.33402	0.0508615
36	2.71372	3.31679	0.0523457
37	3.10957	3.31119	0.0512184
38	3.13404	3.30653	0.0500699
39	3.64338	3.31517	0.049528
40	3.81938	3.32777	0.0498926
41	3.19953	3.32464	0.0487609
42	3.22193	3.3222	0.0476486
43	3.10222	3.31708	0.0468077
44	3.4768	3.32071	0.0458753
45	3.82281	3.33187	0.0462116
46	3.22121	3.32946	0.0452598
47	3.14607	3.32556	0.0444579
48	3.41748	3.32748	0.0435639
49	3.18868	3.32464	0.0427595
50	2.79793	3.31411	0.0431997
51	3.6496	3.32069	0.0428521
52	2.96249	3.3138	0.0425808
53	2.78121	3.30375	0.0429614
54	2.77636	3.29398	0.0432748
55	3.1251	3.29091	0.0425916
56	3.13819	3.28819	0.0419129
57	3.55236	3.29282	0.0414311
58	3.42542	3.29511	0.0407746
59	3.1907	3.29334	0.0401166
60	3.8288	3.30226	0.0404394
61	3.02892	3.29778	0.0400226
62	2.87384	3.29094	0.0399611
63	3.31443	3.29132	0.0393234
64	3.75473	3.29856	0.0393756
65	3.1043	3.29557	0.0388801
66	3.26892	3.29516	0.0382886
67	3.03022	3.29121	0.0379196
68	2.8352	3.2845	0.0379549
69	3.48486	3.28741	0.0375133
70	3.50613	3.29053	0.0371054
71	2.83781	3.28416	0.0371306
72	3.06329	3.28109	0.0367396
73	3.24237	3.28056	0.0362367
74	2.85807	3.27485	0.0361967
75	2.7475	3.26782	0.0363965
76	2.91532	3.26318	0.0362126
77	3.18507	3.26216	0.0357537
78	3.29547	3.26259	0.0352949
79	3.37961	3.26407	0.0348767
80	3.30821	3.26462	0.0344424
81	2.73102	3.25804	0.0346466
82	3.02933	3.25525	0.0343349
83	3.49724	3.25816	0.0340438
84	2.99271	3.255	0.0337842
85	3.39176	3.25661	0.0334231
86	3.13511	3.2552	0.0330624
87	3.28124	3.2555	0.0326815
88	3.38945	3.25702	0.0323439
89	3.30062	3.25751	0.0319821
90	3.13541	3.25615	0.0316539
91	3.26886	3.25629	0.0313044
92	3.10193	3.25462	0.0310077
93	3.04101	3.25232	0.0307584
94	3.38335	3.25371	0.0304613
95	3.1827	3.25297	0.0301482
96	3.30447	3.2535	0.0298373
97	3.45849	3.25562	0.0296037
98	3.37677	3.25685	0.0293261
99	3.12859	3.25556	0.0290573
100	3.70667	3.26007	0.0291168
