1	0.329804	0.329804	0
2	0.342193	0.335998	0.00619457
3	0.312657	0.328218	0.00856312
4	0.318971	0.325906	0.00648133
5	0.324741	0.325673	0.00502582
6	0.346737	0.329184	0.00540034
7	0.319227	0.327761	0.00478064
8	0.330026	0.328044	0.00414982
9	0.345749	0.330012	0.00415501
10	0.322915	0.329302	0.00378351
11	0.328845	0.32926	0.00342256
12	0.321159	0.328585	0.00319647
13	0.320423	0.327957	0.00300661
14	0.320895	0.327453	0.00282891
15	0.347071	0.328761	0.00294045
16	0.315431	0.327928	0.00287394
17	0.336259	0.328418	0.00274372
18	0.274594	0.325428	0.00395384
19	0.312741	0.32476	0.0037991
20	0.349626	0.326003	0.00381257
21	0.333919	0.32638	0.00364601
22	0.344543	0.327206	0.00357302
23	0.337139	0.327638	0.00344135
24	0.31406	0.327072	0.00334305
25	0.31852	0.32673	0.00322474
26	0.327524	0.32676	0.00309838
27	0.32555	0.326716	0.00298176
28	0.343787	0.327325	0.00293727
29	0.336527	0.327643	0.00285188
30	0.33615	0.327926	0.00276973
31	0.31385	0.327472	0.00271711
32	0.351124	0.328211	0.00273268
33	0.341528	0.328615	0.00267914
34	0.337619	0.32888	0.00261261
35	0.305372	0.328208	0.00262427
36	0.354586	0.328941	0.0026535
37	0.318703	0.328664	0.00259558
38	0.337431	0.328895	0.00253686
39	0.351447	0.329473	0.00253772
40	0.333473	0.329573	0.00247549
41	0.330557	0.329597	0.00241447
42	0.324274	0.32947	0.00235969
43	0.313084	0.329089	0.00233546
44	0.305124	0.328544	0.00234587
45	0.351576	0.329056	0.00234957
46	0.359311	0.329714	0.0023902
47	0.31148	0.329326	0.00237075
48	0.347373	0.329702	0.00235109
49	0.341135	0.329935	0.0023144
50	0.299264	0.329322	0.00234915
51	0.321808	0.329175	0.00230734
52	0.335483	0.329296	0.00226578
53	0.341229	0.329521	0.00223399
54	0.336466	0.32965	0.002196
55	0.345432	0.329937	0.00217472
56	0.30312	0.329458	0.00218856
57	0.314574	0.329197	0.00216562
58	0.313796	0.328931	0.00214446
59	0.378992	0.32978	0.00227217
60	0.360387	0.33029	0.00229148
61	0.357623	0.330738	0.00229772
62	0.318227	0.330536	0.00226935
63	0.35678	0.330953	0.00227156
64	0.352742	0.331293	0.00226156
65	0.336588	0.331374	0.00222798
66	0.338277	0.331479	0.00219646
67	0.320458	0.331315	0.00216967
68	0.302511	0.330891	0.00217909
69	0.331704	0.330903	0.00214731
70	0.360009	0.331319	0.00215687
71	0.324715	0.331226	0.00212831
72	0.332279	0.33124	0.00209859
73	0.341304	0.331378	0.00207423
74	0.352802	0.331668	0.00206639
75	0.287505	0.331079	0.00212198
76	0.366364	0.331543	0.00214473
77	0.30444	0.331191	0.00214576
78	0.312094	0.330946	0.00213218
79	0.325144	0.330873	0.0021063
80	0.32514	0.330801	0.00208104
81	0.323563	0.330712	0.00205713
82	0.345365	0.33089	0.00203973
83	0.323572	0.330802	0.00201693
84	0.315132	0.330616	0.00200149
85	0.33177	0.330629	0.00197785
86	0.326133	0.330577	0.00195541
87	0.319097	0.330445	0.0019373
88	0.328227	0.33042	0.00191533
89	0.330553	0.330421	0.00189369
90	0.333467	0.330455	0.00187283
91	0.334359	0.330498	0.00185263
92	0.311585	0.330293	0.00184388
93	0.364892	0.330665	0.0018615
94	0.316766	0.330517	0.00184752
95	0.321822	0.330425	0.00183026
96	0.336107	0.330484	0.00181206
97	0.283176	0.329997	0.00185842
98	0.372671	0.330432	0.0018902
99	0.297574	0.3301	0.00190022
100	0.33525	0.330152	0.00188183
