1	-0.03528	-0.03528	0
2	0.01868	-0.0083	0.02698
3	-0.00408	-0.00689333	0.0156403
4	-0.02112	-0.01045	0.0116172
5	0.01432	-0.005496	0.0102722
6	-0.02704	-0.00908667	0.00912349
7	-0.05548	-0.0157143	0.0101676
8	-0.00736	-0.01467	0.00886715
9	0.00288	-0.01272	0.00805955
10	-0.00308	-0.011756	0.00727285
11	0.03152	-0.00782182	0.00766518
12	-0.01536	-0.00845	0.00702546
13	-0.0188	-0.00924615	0.00651134
14	-0.03328	-0.0109629	0.006268
15	-0.00548	-0.0105973	0.00584663
16	0.04196	-0.0073125	0.00637968
17	-0.01668	-0.00786353	0.00601795
18	-0.03572	-0.00941111	0.00588105
19	0.00124	-0.00885053	0.00559109
20	0.02352	-0.007232	0.00554562
21	0.03284	-0.00532381	0.00560947
22	0.019	-0.00421818	0.0054615
23	-0.01636	-0.00474609	0.00524528
24	0.04136	-0.002825	0.00537687
25	-0.00816	-0.0030384	0.00516173
26	-0.03944	-0.00443846	0.00515307
27	-0.03148	-0.00544	0.00505868
28	0.05836	-0.00316143	0.00538091
29	0.02856	-0.00206759	0.00530602
30	-0.02356	-0.002784	0.00517593
31	-0.0056	-0.00287484	0.005007
32	0.0126	-0.00239125	0.00487207
33	-0.01684	-0.00282909	0.00474238
34	0.03016	-0.00185882	0.00470198
35	0.0284	-0.000994286	0.00464679
36	-0.0516	-0.0024	0.0047296
37	0.05008	-0.000981622	0.00481371
38	-0.01612	-0.00138	0.00470222
39	-0.01216	-0.00165641	0.0045884
40	-0.01088	-0.001887	0.00447816
41	0.00216	-0.00178829	0.00436869
42	-0.00672	-0.00190571	0.00426502
43	-0.00288	-0.00192837	0.00416471
44	0.02612	-0.00129091	0.00411859
45	-0.04824	-0.00233422	0.00415901
46	0.0416	-0.00137913	0.00417822
47	0.00104	-0.00132766	0.00408868
48	-0.04176	-0.00217	0.00409027
49	0.02404	-0.0016351	0.00404148
50	-0.0054	-0.0017104	0.00396054
51	0.03164	-0.00105647	0.0039368
52	0.03048	-0.00045	0.00390769
53	-0.01428	-0.000710943	0.00384213
54	-0.00436	-0.000778519	0.00377091
55	0.05176	0.000176727	0.00382298
56	-0.01668	-0.000124286	0.00376614
57	0.026	0.000334035	0.00372776
58	-0.01224	0.000117241	0.00366933
59	-0.04876	-0.000711186	0.00370053
60	-0.0066	-0.000809333	0.00363965
61	0.00468	-0.000719344	0.00358062
62	0.0028	-0.000662581	0.00352285
63	0.05388	0.000203175	0.00357296
64	0.03548	0.000754375	0.00355962
65	0.0242	0.00111508	0.00352295
66	0.02548	0.00148424	0.00348874
67	-0.00916	0.00132537	0.00343995
68	0.01288	0.00149529	0.00339324
69	0.01892	0.00174783	0.00335322
70	-0.05272	0.000969714	0.00339534
71	-0.04552	0.00031493	0.00341062
72	-0.00396	0.000255556	0.00336344
73	0.01988	0.000524384	0.00332792
74	0.00376	0.000568108	0.00328293
75	0.02296	0.000866667	0.00325259
76	-0.01088	0.000712105	0.00321323
77	-0.00824	0.000595844	0.00317336
78	0.00796	0.000690256	0.00313383
79	0.01348	0.000852152	0.00309814
80	-0.01544	0.0006485	0.00306594
81	0.00344	0.000682963	0.00302805
82	-0.00976	0.00055561	0.0029936
83	0.0364	0.00098747	0.00298868
84	0.02776	0.00130619	0.00297004
85	-0.00488	0.00123341	0.00293579
86	-0.02524	0.000925581	0.00291774
87	-0.01012	0.000798621	0.0028868
88	0.00756	0.000875455	0.00285484
89	-0.06544	0.000130337	0.00291927
90	-0.01104	6.22222e-06	0.00288932
91	0.01928	0.000218022	0.00286523
92	0.00476	0.000267391	0.00283435
93	-0.01132	0.000142796	0.00280647
94	0.06264	0.00080766	0.00285495
95	-0.01448	0.000646737	0.00282932
96	0.0222	0.00087125	0.00280868
97	0.04416	0.00131753	0.00281517
98	-0.02004	0.00109959	0.00279481
99	0.0298	0.00138949	0.00278158
100	0.0232	0.0016076	0.00276225
