1	0.323165	0.323165	0
2	0.343587	0.333376	0.0102108
3	0.353774	0.340175	0.00899922
4	0.315855	0.334095	0.00880116
5	0.31332	0.32994	0.00798372
6	0.31559	0.327548	0.00694362
7	0.302872	0.324023	0.00684584
8	0.355557	0.327965	0.00711939
9	0.337647	0.329041	0.00637021
10	0.370891	0.333226	0.00706951
11	0.308706	0.330997	0.006772
12	0.369063	0.334169	0.00694834
13	0.366853	0.336683	0.00686824
14	0.339717	0.3369	0.00636245
15	0.328371	0.336331	0.00595034
16	0.331188	0.33601	0.00557531
17	0.374619	0.338281	0.00570835
18	0.318228	0.337167	0.00549598
19	0.297234	0.335065	0.00560745
20	0.351197	0.335872	0.0053805
21	0.336352	0.335895	0.00511793
22	0.344447	0.336283	0.00489521
23	0.341615	0.336515	0.00468328
24	0.345136	0.336874	0.00449826
25	0.310055	0.335802	0.00444595
26	0.367429	0.337018	0.00444136
27	0.326778	0.336639	0.0042905
28	0.316096	0.335905	0.00419902
29	0.353022	0.336495	0.0040944
30	0.290121	0.334949	0.00424689
31	0.338454	0.335063	0.00410916
32	0.335817	0.335086	0.00397875
33	0.325194	0.334786	0.00386793
34	0.347039	0.335147	0.00376971
35	0.331859	0.335053	0.00366162
36	0.32169	0.334682	0.00357776
37	0.315454	0.334162	0.00351831
38	0.327498	0.333987	0.00342896
39	0.357679	0.334594	0.00339468
40	0.32717	0.334408	0.00331393
41	0.33507	0.334425	0.00323213
42	0.35815	0.334989	0.00320442
43	0.304096	0.334271	0.00321043
44	0.318985	0.333924	0.0031558
45	0.334759	0.333942	0.00308493
46	0.350078	0.334293	0.00303744
47	0.311343	0.333805	0.00301196
48	0.317859	0.333472	0.0029672
49	0.338661	0.333578	0.00290794
50	0.341484	0.333736	0.00285357
51	0.335926	0.333779	0.00279739
52	0.379585	0.33466	0.00288103
53	0.311821	0.334229	0.00285881
54	0.323308	0.334027	0.00281265
55	0.334347	0.334033	0.00276105
56	0.327213	0.333911	0.00271403
57	0.337065	0.333966	0.00266656
58	0.352354	0.334283	0.00263929
59	0.381088	0.335077	0.00271276
60	0.339894	0.335157	0.00266837
61	0.371885	0.335759	0.00269245
62	0.319842	0.335502	0.00266108
63	0.318145	0.335227	0.00263295
64	0.323073	0.335037	0.00259844
65	0.337526	0.335075	0.00255843
66	0.326384	0.334944	0.00252281
67	0.321734	0.334746	0.00249268
68	0.318755	0.334511	0.00246699
69	0.364779	0.33495	0.00247023
70	0.313741	0.334647	0.00245347
71	0.318616	0.334421	0.00242918
72	0.355748	0.334717	0.00241345
73	0.327942	0.334625	0.00238197
74	0.315376	0.334364	0.00236391
75	0.357918	0.334678	0.00235323
76	0.323659	0.334533	0.00232658
77	0.294114	0.334009	0.00235541
78	0.336743	0.334044	0.00232528
79	0.331131	0.334007	0.00229595
80	0.310012	0.333707	0.00228682
81	0.366349	0.33411	0.00229409
82	0.313048	0.333853	0.00228045
83	0.342391	0.333956	0.00225515
84	0.386216	0.334578	0.00231337
85	0.356902	0.334841	0.00230103
86	0.339088	0.33489	0.00227465
87	0.330534	0.33484	0.00224891
88	0.327365	0.334755	0.00222483
89	0.310771	0.334485	0.00221614
90	0.32878	0.334422	0.00219229
91	0.30699	0.334121	0.00218893
92	0.361817	0.334422	0.00218583
93	0.326374	0.334335	0.00216393
94	0.321237	0.334196	0.00214532
95	0.362651	0.334495	0.00214365
96	0.310215	0.334242	0.00213622
97	0.295218	0.33384	0.00215203
98	0.332784	0.333829	0.00212998
99	0.328773	0.333778	0.00210897
100	0.319465	0.333635	0.00209268
