1	0.13628	0.13628	0
2	0.03588	0.08608	0.0502
3	0.09908	0.0904133	0.0293051
4	0.0666	0.08446	0.0215601
5	0.02444	0.072456	0.0205669
6	0.04236	0.06744	0.017526
7	0.02008	0.0606743	0.0162842
8	0.04256	0.05841	0.0142831
9	0.0782	0.0606089	0.012787
10	0.03416	0.057964	0.0117389
11	0.10828	0.0625382	0.0115616
12	0.10584	0.0661467	0.0111541
13	0.05172	0.0650369	0.0103201
14	0.06088	0.06474	0.00955914
15	0.01056	0.061128	0.00960417
16	0.05704	0.0608725	0.00898751
17	0.0612	0.0608918	0.00844232
18	0.11828	0.06408	0.00857429
19	0.05596	0.0636526	0.00812172
20	0.0122	0.06108	0.00812308
21	0.04796	0.0604552	0.00775181
22	0.0692	0.0608527	0.00740174
23	0.05036	0.0603965	0.00708731
24	0.13572	0.063535	0.00747624
25	0.03244	0.0622912	0.00727803
26	0.0552	0.0620185	0.00699782
27	0.06164	0.0620044	0.00673367
28	0.03992	0.0612157	0.00653649
29	0.0602	0.0611807	0.00630716
30	0.10304	0.062576	0.00625101
31	0.0732	0.0629187	0.00605571
32	0.08368	0.0635675	0.0058992
33	0.02956	0.062537	0.00580977
34	0.03224	0.0616459	0.00570631
35	0.11172	0.0630766	0.0057226
36	0.06384	0.0630978	0.00556141
37	0.0696	0.0632735	0.00541187
38	0.08872	0.0639432	0.00530992
39	0.04752	0.0635221	0.00518909
40	0.13384	0.06528	0.0053545
41	0.13056	0.0668722	0.0054596
42	0.07572	0.0670829	0.00533219
43	0.023	0.0660577	0.00530667
44	0.02432	0.0651091	0.00527073
45	0.17712	0.0675982	0.00572203
46	0.07576	0.0677757	0.00559907
47	0.03484	0.0670749	0.00552328
48	0.0588	0.0669025	0.00540973
49	0.08244	0.0672196	0.00530766
50	0.00696	0.0660144	0.00533825
51	0.08412	0.0663694	0.00524456
52	0.0676	0.0663931	0.00514277
53	0.09448	0.066923	0.00507256
54	0.07768	0.0671222	0.00498172
55	0.0592	0.0669782	0.00489243
56	0.08	0.0672107	0.00480989
57	0.08392	0.0675039	0.00473384
58	0.06116	0.0673945	0.00465279
59	0.06816	0.0674075	0.00457327
60	0.05008	0.0671187	0.00450567
61	0.13592	0.0682466	0.00457248
62	0.07868	0.0684148	0.00450127
63	0.0978	0.0688813	0.00445374
64	0.0614	0.0687644	0.00438516
65	0.0994	0.0692357	0.00434282
66	0.03536	0.0687224	0.0043072
67	0.07008	0.0687427	0.00424247
68	0.03916	0.0683076	0.0042022
69	0.06808	0.0683043	0.00414085
70	0.12424	0.0691034	0.00415876
71	0.04292	0.0687346	0.00411632
72	0.08452	0.0689539	0.00406466
73	0.0976	0.0693463	0.00402776
74	0.09904	0.0697476	0.00399317
75	0.08564	0.0699595	0.00394526
76	0.06544	0.0699	0.00389346
77	0.0814	0.0700494	0.00384546
78	0.08584	0.0702518	0.00380124
79	0.14956	0.0712557	0.00388477
80	0.11872	0.071849	0.00388151
81	0.0824	0.0719793	0.0038355
82	0.04684	0.0716727	0.00380082
83	0.02516	0.0711123	0.00379634
84	0.04508	0.0708024	0.00376366
85	0.0896	0.0710235	0.00372568
86	0.11088	0.071487	0.00371116
87	0.0372	0.0710929	0.00368936
88	0.04976	0.0708505	0.00365524
89	0.00936	0.0701596	0.00367939
90	0.11312	0.0706369	0.00366946
91	0.05528	0.0704681	0.00363283
92	0.07584	0.0705265	0.0035936
93	0.05536	0.0703634	0.00355849
94	0.05412	0.0701906	0.00352467
95	0.08844	0.0703827	0.00349266
96	0.04888	0.0701588	0.00346333
97	0.074	0.0701984	0.00342767
98	0.08408	0.07034	0.00339547
99	0.07288	0.0703657	0.0033611
100	0.09052	0.0705672	0.00333341
