1	-0.652486	-0.652486	0
2	-0.626958	-0.639722	0.012764
3	-0.626942	-0.635462	0.008512
4	-0.636612	-0.635749	0.00602576
5	-0.633449	-0.635289	0.00469015
6	-0.634047	-0.635082	0.00383509
7	-0.624962	-0.633636	0.00354908
8	-0.625811	-0.632658	0.00322548
9	-0.632604	-0.632652	0.00284461
10	-0.626283	-0.632015	0.0026228
11	-0.628486	-0.631694	0.00239402
12	-0.628357	-0.631416	0.00220305
13	-0.627834	-0.631141	0.00204516
14	-0.633858	-0.631335	0.00190337
15	-0.635811	-0.631633	0.0017969
16	-0.626581	-0.631317	0.00171025
17	-0.632024	-0.631359	0.00160703
18	-0.633086	-0.631455	0.00151816
19	-0.641679	-0.631993	0.00153355
20	-0.631604	-0.631974	0.00145498
21	-0.628239	-0.631796	0.00139534
22	-0.632184	-0.631813	0.00133052
23	-0.626687	-0.631591	0.00129075
24	-0.632154	-0.631614	0.00123602
25	-0.632169	-0.631636	0.00118576
26	-0.628864	-0.63153	0.00114422
27	-0.627153	-0.631367	0.00111289
28	-0.624318	-0.631116	0.00110156
29	-0.630324	-0.631088	0.00106325
30	-0.635021	-0.63122	0.00103553
31	-0.632264	-0.631253	0.00100213
32	-0.642874	-0.631616	0.00103604
33	-0.637311	-0.631789	0.00101887
34	-0.634805	-0.631878	0.000992423
35	-0.631914	-0.631879	0.000963651
36	-0.629197	-0.631804	0.000939459
37	-0.633232	-0.631843	0.00091453
38	-0.629534	-0.631782	0.000892209
39	-0.63999	-0.631992	0.000894154
40	-0.641797	-0.632238	0.000905326
41	-0.618531	-0.631903	0.000944135
42	-0.634794	-0.631972	0.000923949
43	-0.63774	-0.632106	0.000912123
44	-0.649606	-0.632504	0.00097588
45	-0.636502	-0.632593	0.000958076
46	-0.631915	-0.632578	0.000937133
47	-0.624697	-0.63241	0.000932184
48	-0.639976	-0.632568	0.000926068
49	-0.632209	-0.632561	0.000907001
50	-0.627019	-0.63245	0.000895561
51	-0.630402	-0.63241	0.000878743
52	-0.637112	-0.6325	0.00086641
53	-0.63965	-0.632635	0.000860544
54	-0.631394	-0.632612	0.00084477
55	-0.626704	-0.632505	0.000836197
56	-0.6384	-0.63261	0.00082785
57	-0.640478	-0.632748	0.00082483
58	-0.625383	-0.632621	0.000820371
59	-0.632163	-0.632613	0.000806384
60	-0.619082	-0.632388	0.000824283
61	-0.647598	-0.632637	0.000848141
62	-0.639414	-0.632746	0.000841478
63	-0.638836	-0.632843	0.000833636
64	-0.618748	-0.632623	0.00084955
65	-0.624788	-0.632502	0.000845019
66	-0.628147	-0.632436	0.000834729
67	-0.619882	-0.632249	0.000843259
68	-0.622703	-0.632109	0.000842543
69	-0.622402	-0.631968	0.000842076
70	-0.628645	-0.63192	0.000831316
71	-0.620218	-0.631756	0.000835933
72	-0.64001	-0.63187	0.000832177
73	-0.634032	-0.6319	0.000821232
74	-0.631261	-0.631891	0.000810104
75	-0.628913	-0.631851	0.000800216
76	-0.633309	-0.631871	0.000789849
77	-0.627708	-0.631817	0.000781396
78	-0.635637	-0.631866	0.000772867
79	-0.633071	-0.631881	0.000763173
80	-0.640374	-0.631987	0.000761016
81	-0.638768	-0.632071	0.00075621
82	-0.651257	-0.632305	0.00078272
83	-0.632743	-0.63231	0.00077325
84	-0.634662	-0.632338	0.000764502
85	-0.631152	-0.632324	0.000755584
86	-0.633818	-0.632341	0.000746948
87	-0.622664	-0.63223	0.000746645
88	-0.625395	-0.632152	0.000742187
89	-0.636747	-0.632204	0.000735614
90	-0.634902	-0.632234	0.000728012
91	-0.632706	-0.632239	0.000719986
92	-0.630317	-0.632218	0.000712424
93	-0.633267	-0.63223	0.000704812
94	-0.629722	-0.632203	0.000697783
95	-0.630249	-0.632182	0.000690706
96	-0.630498	-0.632165	0.000683698
97	-0.6294	-0.632136	0.000677213
98	-0.633922	-0.632155	0.000670515
99	-0.633378	-0.632167	0.000663822
100	-0.64453	-0.632291	0.00066868
