1	4.42874	4.42874	0
2	3.09422	3.76148	0.667259
3	3.52504	3.68267	0.393222
4	3.6835	3.68287	0.27805
5	3.14898	3.57609	0.240393
6	3.1453	3.5043	0.209
7	3.07401	3.44283	0.187027
8	3.28415	3.42299	0.16318
9	3.6509	3.44832	0.146122
10	2.5939	3.36287	0.156146
11	3.30696	3.35779	0.141331
12	3.64456	3.38169	0.131212
13	3.25636	3.37205	0.121082
14	3.33724	3.36956	0.112127
15	3.15117	3.355	0.105395
16	3.30501	3.35188	0.0986379
17	3.37493	3.35323	0.0926641
18	3.44338	3.35824	0.087508
19	3.39561	3.36021	0.0827976
20	3.67615	3.37601	0.0801214
21	3.10015	3.36287	0.0773345
22	3.03194	3.34783	0.0752543
23	3.31111	3.34623	0.0719256
24	4.24539	3.3837	0.0783953
25	3.19508	3.37615	0.0755717
26	2.6899	3.34976	0.0772556
27	3.05926	3.339	0.0751138
28	3.54916	3.3465	0.0727696
29	3.11141	3.3384	0.0706819
30	3.3805	3.3398	0.0682996
31	3.68	3.35077	0.066965
32	3.87247	3.36708	0.0668568
33	3.62684	3.37495	0.0652756
34	3.14726	3.36825	0.0636797
35	3.85476	3.38215	0.0633766
36	3.77067	3.39294	0.0625294
37	3.50021	3.39584	0.060885
38	3.89677	3.40903	0.0607095
39	3.36083	3.40779	0.0591453
40	3.61612	3.413	0.0578825
41	3.19016	3.40756	0.0567141
42	3.83923	3.41784	0.0562935
43	2.76687	3.4027	0.0570153
44	3.74436	3.41047	0.056243
45	3.9648	3.42279	0.0563421
46	3.04367	3.41454	0.0557166
47	2.9155	3.40393	0.0555426
48	3.82068	3.41261	0.055062
49	3.6131	3.4167	0.0540816
50	3.16883	3.41174	0.0532203
51	3.72557	3.4179	0.052528
52	3.42258	3.41799	0.051508
53	3.45825	3.41875	0.0505325
54	3.13636	3.41352	0.0498629
55	3.18281	3.40932	0.0491273
56	3.99479	3.41978	0.0493619
57	3.76142	3.42577	0.0488572
58	2.76083	3.41431	0.0493574
59	3.27846	3.412	0.0485682
60	2.96059	3.40448	0.0483409
61	4.42121	3.42115	0.050379
62	2.9168	3.41301	0.0502229
63	3.81316	3.41936	0.0498258
64	3.65055	3.42298	0.0491739
65	2.67964	3.41154	0.0497439
66	3.01582	3.40555	0.04935
67	3.25665	3.40332	0.0486586
68	3.71218	3.40786	0.0481524
69	3.21256	3.40503	0.0475337
70	3.84036	3.41125	0.0472607
71	2.8867	3.40387	0.0471725
72	3.40356	3.40386	0.0465127
73	3.69754	3.40788	0.0460472
74	3.10317	3.40377	0.0456069
75	3.32427	3.40271	0.0450072
76	3.64812	3.40594	0.0445283
77	3.24119	3.4038	0.0439982
78	3.49084	3.40491	0.0434448
79	3.80913	3.41003	0.0431955
80	3.30335	3.40869	0.042673
81	3.01665	3.40385	0.0424199
82	3.43425	3.40423	0.041901
83	3.31953	3.4032	0.0414057
84	3.60397	3.4056	0.0409795
85	3.82696	3.41055	0.0407969
86	3.54655	3.41213	0.0403507
87	2.91295	3.4064	0.0402948
88	2.80379	3.39955	0.0404186
89	3.6339	3.40218	0.0400485
90	3.61636	3.40456	0.0396724
91	3.70773	3.40789	0.0393753
92	3.4547	3.4084	0.0389482
93	3.7229	3.41178	0.0386753
94	3.41233	3.41179	0.0382616
95	3.50785	3.4128	0.0378703
96	2.90513	3.40751	0.037845
97	2.9952	3.40326	0.0376932
98	3.84036	3.40772	0.0375723
99	3.09321	3.40454	0.0373263
100	3.32581	3.40376	0.0369595
