1	0.294471	0.294471	0
2	0.273594	0.284032	0.010438
3	0.292281	0.286782	0.00662406
4	0.28614	0.286622	0.00468667
5	0.285266	0.28635	0.00364039
6	0.284881	0.286106	0.00298244
7	0.292358	0.286999	0.00267418
8	0.280815	0.286226	0.0024415
9	0.295256	0.287229	0.00237549
10	0.301122	0.288618	0.0025386
11	0.29994	0.289648	0.00251636
12	0.304788	0.290909	0.0026208
13	0.267516	0.28911	0.0030083
14	0.311658	0.29072	0.00321729
15	0.329525	0.293307	0.0039577
16	0.271138	0.291922	0.00395289
17	0.299716	0.29238	0.00374129
18	0.271351	0.291212	0.00371576
19	0.282971	0.290778	0.00354142
20	0.278318	0.290155	0.00341696
21	0.28486	0.289903	0.00325995
22	0.292156	0.290005	0.00310992
23	0.28408	0.289748	0.00298278
24	0.271872	0.289003	0.00295133
25	0.298409	0.289379	0.00285571
26	0.279938	0.289016	0.0027676
27	0.309709	0.289783	0.00277121
28	0.287482	0.2897	0.00267167
29	0.2994	0.290035	0.0025995
30	0.304139	0.290505	0.00255499
31	0.292022	0.290554	0.00247168
32	0.292263	0.290607	0.00239379
33	0.284143	0.290411	0.00232837
34	0.309461	0.290972	0.0023273
35	0.284951	0.2908	0.00226637
36	0.305275	0.291202	0.00223892
37	0.283084	0.290982	0.00218859
38	0.302592	0.291288	0.00215201
39	0.294638	0.291374	0.00209787
40	0.331819	0.292385	0.00228109
41	0.318838	0.29303	0.00231642
42	0.290126	0.292961	0.00226166
43	0.289662	0.292884	0.00220977
44	0.27512	0.292481	0.00219638
45	0.271153	0.292007	0.00219871
46	0.321592	0.29265	0.0022445
47	0.300683	0.292821	0.00220287
48	0.293248	0.29283	0.00215651
49	0.293203	0.292837	0.00211205
50	0.299666	0.292974	0.00207388
51	0.305169	0.293213	0.00204683
52	0.301486	0.293372	0.00201337
53	0.302876	0.293551	0.00198315
54	0.297799	0.29363	0.00194766
55	0.327905	0.294253	0.00201092
56	0.308306	0.294504	0.00199057
57	0.305389	0.294695	0.00196464
58	0.266342	0.294206	0.0019914
59	0.305977	0.294406	0.0019675
60	0.315512	0.294757	0.00196615
61	0.296903	0.294793	0.00193397
62	0.269881	0.294391	0.00194449
63	0.308729	0.294618	0.00192686
64	0.308537	0.294836	0.00190894
65	0.319726	0.295219	0.00191796
66	0.296022	0.295231	0.00188872
67	0.304976	0.295376	0.00186599
68	0.283671	0.295204	0.00184639
69	0.295481	0.295208	0.00181944
70	0.327024	0.295663	0.00184996
71	0.286554	0.295535	0.00182823
72	0.303508	0.295645	0.00180605
73	0.293123	0.295611	0.00178148
74	0.266672	0.29522	0.00180023
75	0.257419	0.294716	0.00184619
76	0.293666	0.294702	0.00182179
77	0.274164	0.294435	0.00181765
78	0.296931	0.294467	0.00179448
79	0.292351	0.29444	0.00177182
80	0.279202	0.29425	0.00175987
81	0.332196	0.294718	0.00180004
82	0.299098	0.294772	0.00177876
83	0.305234	0.294898	0.00176171
84	0.275217	0.294663	0.00175631
85	0.264494	0.294309	0.00177145
86	0.304502	0.294427	0.00175474
87	0.302863	0.294524	0.00173716
88	0.331655	0.294946	0.00176838
89	0.315214	0.295174	0.00176317
90	0.277404	0.294976	0.00175461
91	0.27838	0.294794	0.00174478
92	0.301039	0.294862	0.00172705
93	0.315806	0.295087	0.00172315
94	0.286706	0.294998	0.00170705
95	0.308363	0.295139	0.00169484
96	0.309248	0.295285	0.00168352
97	0.27462	0.295072	0.00167964
98	0.294159	0.295063	0.00166244
99	0.296509	0.295078	0.00164562
100	0.300012	0.295127	0.00162983
