1	-0.58016	-0.58016	0
2	-0.57864	-0.5794	0.00076
3	-0.58688	-0.581893	0.00253165
4	-0.57928	-0.58124	0.00190564
5	-0.57344	-0.57968	0.00214767
6	-0.58616	-0.58076	0.00205946
7	-0.58152	-0.580869	0.00174395
8	-0.58312	-0.58115	0.0015363
9	-0.58176	-0.581218	0.00135658
10	-0.58848	-0.581944	0.00141409
11	-0.57944	-0.581716	0.00129919
12	-0.58248	-0.58178	0.0011877
13	-0.5804	-0.581674	0.00109767
14	-0.58272	-0.581749	0.00101899
15	-0.5844	-0.581925	0.000964954
16	-0.58648	-0.58221	0.000946457
17	-0.578	-0.581962	0.000922888
18	-0.60064	-0.583	0.00135418
19	-0.58152	-0.582922	0.00128329
20	-0.57808	-0.58268	0.00124128
21	-0.57808	-0.582461	0.00120084
22	-0.59392	-0.582982	0.00125786
23	-0.57936	-0.582824	0.0012122
24	-0.5856	-0.58294	0.00116634
25	-0.58424	-0.582992	0.00111992
26	-0.58576	-0.583098	0.00108124
27	-0.58152	-0.58304	0.00104207
28	-0.57904	-0.582897	0.00101427
29	-0.57768	-0.582717	0.000995069
30	-0.58312	-0.582731	0.000961422
31	-0.59512	-0.58313	0.00101214
32	-0.5844	-0.58317	0.000980801
33	-0.58088	-0.583101	0.000953145
34	-0.5848	-0.583151	0.000926036
35	-0.58352	-0.583161	0.000899251
36	-0.58048	-0.583087	0.000877082
37	-0.58696	-0.583191	0.000859448
38	-0.5904	-0.583381	0.000857765
39	-0.58584	-0.583444	0.000837857
40	-0.5816	-0.583398	0.000817942
41	-0.57896	-0.58329	0.000805053
42	-0.58056	-0.583225	0.000788335
43	-0.57168	-0.582956	0.000815261
44	-0.58648	-0.583036	0.000800532
45	-0.59072	-0.583207	0.000800952
46	-0.58384	-0.583221	0.000783468
47	-0.57856	-0.583122	0.000773004
48	-0.5848	-0.583157	0.000757536
49	-0.58432	-0.58318	0.000742295
50	-0.58592	-0.583235	0.000729358
51	-0.58728	-0.583315	0.0007193
52	-0.58208	-0.583291	0.000705731
53	-0.5904	-0.583425	0.000705163
54	-0.5672	-0.583124	0.000754397
55	-0.57568	-0.582989	0.000752821
56	-0.5748	-0.582843	0.00075358
57	-0.58848	-0.582942	0.000746819
58	-0.58224	-0.58293	0.000733929
59	-0.58408	-0.582949	0.000721646
60	-0.58672	-0.583012	0.000712295
61	-0.5936	-0.583186	0.000721704
62	-0.5856	-0.583225	0.000711036
63	-0.57544	-0.583101	0.000710485
64	-0.58408	-0.583116	0.000699463
65	-0.59056	-0.583231	0.000698076
66	-0.58512	-0.583259	0.000688013
67	-0.58968	-0.583355	0.000684409
68	-0.58168	-0.583331	0.000674719
69	-0.5744	-0.583201	0.000677349
70	-0.56824	-0.582987	0.000700981
71	-0.58104	-0.58296	0.000691581
72	-0.57752	-0.582884	0.000686081
73	-0.58592	-0.582926	0.000677894
74	-0.57264	-0.582787	0.000682965
75	-0.5764	-0.582702	0.000679158
76	-0.57048	-0.582541	0.000689187
77	-0.58728	-0.582603	0.000682956
78	-0.56808	-0.582416	0.000699382
79	-0.59224	-0.582541	0.00070158
80	-0.58464	-0.582567	0.000693252
81	-0.58704	-0.582622	0.000686863
82	-0.59496	-0.582773	0.000694919
83	-0.57856	-0.582722	0.000688369
84	-0.59128	-0.582824	0.000687713
85	-0.58608	-0.582862	0.000680653
86	-0.57496	-0.58277	0.000678939
87	-0.58912	-0.582843	0.000675047
88	-0.58056	-0.582817	0.000667836
89	-0.58744	-0.582869	0.000662329
90	-0.57984	-0.582836	0.000655793
91	-0.57904	-0.582794	0.000649886
92	-0.59112	-0.582884	0.000649123
93	-0.57464	-0.582796	0.000648196
94	-0.5832	-0.5828	0.000641278
95	-0.57856	-0.582755	0.000636059
96	-0.5888	-0.582818	0.00063254
97	-0.57808	-0.582769	0.000627888
98	-0.58112	-0.582753	0.000621676
99	-0.58104	-0.582735	0.000615608
100	-0.59104	-0.582818	0.000615053
