1	0.01448	0.01448	0
2	-0.0088	0.00284	0.01164
3	-0.0562	-0.01684	0.0207958
4	-0.01496	-0.01637	0.0147124
5	-0.02936	-0.018968	0.0116885
6	0.03328	-0.01026	0.0129194
7	0.0314	-0.00430857	0.0124355
8	-0.01708	-0.005905	0.0108871
9	0.01268	-0.00384	0.00982109
10	-0.00572	-0.004028	0.00878626
11	0.00816	-0.00292	0.00802434
12	-0.00608	-0.00318333	0.00732992
13	-0.0142	-0.00403077	0.00679559
14	0.00488	-0.00339429	0.00632361
15	-0.0114	-0.003928	0.0059111
16	-0.06192	-0.0075525	0.00661139
17	0.01784	-0.00605882	0.00638742
18	0.03176	-0.00395778	0.00637811
19	-0.01252	-0.00440842	0.0060499
20	0.04744	-0.001816	0.00629776
21	-0.00944	-0.00217905	0.00600135
22	-0.01988	-0.00298364	0.00577836
23	-0.02728	-0.00404	0.00562156
24	0.013	-0.00333	0.00542886
25	0.01844	-0.0024592	0.00527949
26	-0.00748	-0.00265231	0.00507604
27	0.02004	-0.00181185	0.0049562
28	-0.01964	-0.00244857	0.00481817
29	-0.03116	-0.00343862	0.00475331
30	0.0478	-0.00173067	0.00489947
31	-0.01536	-0.00217032	0.00475914
32	0.02068	-0.00145625	0.00466302
33	0.0186	-0.000848485	0.00456019
34	-0.00116	-0.000857647	0.00442404
35	-0.0014	-0.000873143	0.00429581
36	0.01012	-0.000567778	0.00418593
37	-0.01688	-0.00100865	0.00409503
38	-0.04024	-0.00204105	0.00411734
39	-0.02276	-0.00257231	0.00404541
40	0.00784	-0.002312	0.00395156
41	-0.01324	-0.00257854	0.00386319
42	0.04212	-0.00151429	0.00391742
43	0.0068	-0.00132093	0.00383011
44	-0.00712	-0.00145273	0.00374437
45	-0.00272	-0.00148089	0.00366033
46	0.00368	-0.0013687	0.00358163
47	-0.0098	-0.00154809	0.00350918
48	0.02996	-0.000891667	0.00349745
49	0.01092	-0.000650612	0.0034338
50	-0.02212	-0.00108	0.00339171
51	-0.03688	-0.00178196	0.00339784
52	-0.02904	-0.00230615	0.00337284
53	-0.01168	-0.00248302	0.00331332
54	0.04432	-0.0016163	0.00336492
55	0.01724	-0.00127345	0.00332092
56	-0.02132	-0.00163143	0.00328066
57	-0.01328	-0.00183579	0.00322907
58	-0.02808	-0.00228828	0.00320501
59	-0.03044	-0.00276542	0.00318615
60	0.00256	-0.00267667	0.00313385
61	-0.01444	-0.00286951	0.00308808
62	0.01336	-0.00260774	0.00304912
63	-0.0276	-0.00300444	0.00302644
64	-0.04796	-0.00370688	0.00306048
65	-0.02472	-0.00403015	0.00303032
66	-0.0054	-0.00405091	0.00298412
67	0.0102	-0.00383821	0.00294693
68	0.01	-0.00363471	0.0029104
69	-0.04388	-0.00421797	0.00292662
70	-0.02192	-0.00447086	0.00289557
71	-0.02244	-0.00472394	0.00286569
72	-0.05084	-0.00536444	0.0028973
73	0.00268	-0.00525425	0.00285946
74	-0.00328	-0.00522757	0.00282068
75	-0.0162	-0.00537387	0.00278666
76	-0.0414	-0.00584789	0.0027903
77	-0.00148	-0.00579117	0.00275441
78	0.041	-0.00519128	0.00278426
79	0.01128	-0.00498278	0.00275669
80	-0.0044	-0.0049755	0.00272202
81	-0.00792	-0.00501185	0.00268845
82	-0.0148	-0.00513122	0.00265815
83	0.01176	-0.00492771	0.0026338
84	-0.00456	-0.00492333	0.00260226
85	-0.00964	-0.00497882	0.00257206
86	-0.03648	-0.00534512	0.00256823
87	-0.05328	-0.00589609	0.00259765
88	0.01496	-0.00565909	0.00257887
89	-0.00216	-0.00561978	0.00255003
90	-0.01296	-0.00570133	0.00252286
91	0.00232	-0.00561319	0.00249654
92	0.02496	-0.00528087	0.00249151
93	0.02656	-0.00493849	0.00248825
94	-0.03688	-0.0052783	0.00248497
95	-0.00548	-0.00528042	0.00245868
96	-0.00824	-0.00531125	0.00243313
97	-0.00476	-0.00530557	0.00240792
98	0.01852	-0.00506245	0.00239559
99	0.05824	-0.00442303	0.00245597
100	-0.02	-0.0045788	0.00243627
