1	2.536	2.536	0
2	2.33888	2.43744	0.09856
3	2.60528	2.49339	0.0798001
4	2.55947	2.50991	0.0587957
5	2.40992	2.48991	0.0497399
6	2.70219	2.52529	0.0538617
7	2.26181	2.48765	0.0590671
8	3.24411	2.58221	0.107507
9	2.3864	2.56045	0.0972764
10	2.83451	2.58786	0.0912207
11	2.63957	2.59256	0.0826461
12	2.5568	2.58958	0.0755041
13	2.27888	2.56568	0.0734507
14	2.58709	2.56721	0.0680194
15	2.76848	2.58063	0.0647286
16	2.68267	2.587	0.060883
17	2.536	2.584	0.0572683
18	2.91723	2.60252	0.0570786
19	2.80752	2.61331	0.0550585
20	2.35989	2.60063	0.0537479
21	2.01259	2.57263	0.058291
22	2.8968	2.58737	0.0574983
23	2.17899	2.56961	0.0577394
24	2.41637	2.56323	0.0556488
25	2.50405	2.56086	0.0534289
26	2.54533	2.56026	0.0513363
27	2.26704	2.5494	0.0505781
28	2.34395	2.54206	0.0492875
29	2.58917	2.54369	0.0475853
30	2.71067	2.54926	0.0463075
31	2.74581	2.5556	0.0452354
32	2.7352	2.56121	0.0441571
33	2.54576	2.56074	0.0428007
34	2.50747	2.55917	0.0415523
35	2.51269	2.55785	0.0403695
36	2.56955	2.55817	0.0392334
37	2.512	2.55692	0.0381787
38	2.85568	2.56478	0.037983
39	2.85381	2.5722	0.0377313
40	2.69088	2.57516	0.0368954
41	2.54501	2.57443	0.0359918
42	2.46885	2.57191	0.0352142
43	2.14912	2.56208	0.0357637
44	2.80149	2.56752	0.0353625
45	2.50123	2.56605	0.0345991
46	2.65088	2.56789	0.0338888
47	2.15109	2.55903	0.0343253
48	2.41403	2.556	0.0337381
49	2.69445	2.55883	0.033163
50	2.39472	2.55555	0.0326583
51	2.6656	2.55771	0.0320842
52	2.77483	2.56188	0.031737
53	2.50699	2.56085	0.0311496
54	2.74496	2.56425	0.0307569
55	2.37829	2.56087	0.0303813
56	2.35259	2.55715	0.0300648
57	2.73739	2.56032	0.0297014
58	2.54165	2.55999	0.0291866
59	2.51685	2.55926	0.0286969
60	2.59029	2.55978	0.0282193
61	2.78821	2.56353	0.0280044
62	2.59637	2.56406	0.0275541
63	2.26603	2.55932	0.0275228
64	2.39557	2.55677	0.0272099
65	2.52341	2.55625	0.0267929
66	2.40901	2.55402	0.026478
67	2.79781	2.55766	0.0263324
68	2.36203	2.55478	0.0261013
69	2.25435	2.55043	0.0260862
70	2.55477	2.55049	0.0257109
71	2.43707	2.54889	0.0253965
72	2.19792	2.54402	0.0255114
73	2.34693	2.54132	0.0253039
74	2.12981	2.53576	0.0255716
75	2.32005	2.53288	0.0253917
76	2.44507	2.53173	0.025082
77	2.65509	2.53333	0.0248059
78	2.43835	2.53211	0.0245161
79	2.6672	2.53382	0.0242641
80	2.37728	2.53186	0.0240387
81	3.02667	2.53797	0.0245134
82	2.77973	2.54092	0.0243914
83	2.43915	2.5397	0.0241269
84	2.52128	2.53948	0.023839
85	2.3992	2.53783	0.0236146
86	2.26112	2.53461	0.0235591
87	2.31541	2.53209	0.0234227
88	2.47552	2.53145	0.0231639
89	2.45387	2.53057	0.0229187
90	2.39328	2.52905	0.0227139
91	2.79296	2.53195	0.0226494
92	2.92235	2.53619	0.0228002
93	2.66357	2.53756	0.0225953
94	2.50368	2.5372	0.0223565
95	2.98544	2.54192	0.0226175
96	2.79669	2.54457	0.0225375
97	2.39163	2.543	0.0223596
98	2.52539	2.54282	0.022131
99	2.69664	2.54437	0.0219613
100	2.46763	2.5436	0.0217542
