1	0.07088	0.07088	0
2	0.04432	0.0576	0.01328
3	0.07704	0.06408	0.0100388
4	0.14504	0.08432	0.0214487
5	0.10396	0.088248	0.0170721
6	0.03988	0.0801867	0.0161025
7	0.07332	0.0792057	0.0136444
8	0.08808	0.080315	0.0118683
9	0.05724	0.0777511	0.0107763
10	0.06688	0.076664	0.00969975
11	0.07048	0.0761018	0.00879175
12	0.04496	0.0735067	0.00843488
13	-0.002	0.0676985	0.0096921
14	0.05632	0.0668857	0.00900987
15	-0.0048	0.0621067	0.00965367
16	0.1694	0.0688125	0.0112478
17	0.05452	0.0679718	0.0105988
18	0.01164	0.0648422	0.0104713
19	0.09756	0.0665642	0.0100534
20	0.0712	0.066796	0.00954032
21	0.0066	0.0639295	0.00951662
22	0.00016	0.0610309	0.00952548
23	0.04044	0.0601357	0.00914583
24	0.11736	0.06252	0.00907529
25	0.0458	0.0618512	0.00873036
26	0.09972	0.0633077	0.00851338
27	0.07336	0.06368	0.00820046
28	0.03248	0.0625657	0.00798034
29	0.06808	0.0627559	0.00770258
30	0.0622	0.0627373	0.00744143
31	0.03288	0.0617742	0.00726153
32	0.06576	0.0618988	0.00703205
33	0.10224	0.0631212	0.00692439
34	0.081	0.0636471	0.0067382
35	0.0182	0.0623486	0.00667045
36	0.03532	0.0615978	0.00652585
37	0.01708	0.0603946	0.00646006
38	0.08992	0.0611716	0.00633558
39	0.11312	0.0625036	0.00631311
40	0.05908	0.062418	0.00615386
41	0.0262	0.0615346	0.00606655
42	0.0158	0.0604457	0.00601965
43	0.04268	0.0600326	0.0058925
44	0.10196	0.0609855	0.00583535
45	0.06744	0.0611289	0.005706
46	0.03668	0.0605974	0.00560583
47	0.08736	0.0611668	0.00551474
48	0.06444	0.061235	0.00539906
49	0.09956	0.0620171	0.00534526
50	0.05384	0.0618536	0.00523981
51	0.06592	0.0619333	0.00513666
52	0.1316	0.0632731	0.00521204
53	0.08316	0.0636483	0.00512651
54	0.0498	0.0633919	0.00503721
55	0.0354	0.0628829	0.0049709
56	0.109	0.0637064	0.00495031
57	0.03804	0.0632561	0.00488349
58	0.0192	0.0624966	0.0048583
59	0.08908	0.0629471	0.00479645
60	0.0374	0.0625213	0.00473502
61	0.11268	0.0633436	0.00472879
62	0.09448	0.0638458	0.00467892
63	0.0602	0.0637879	0.00460442
64	0.09888	0.0643362	0.00456495
65	-0.01932	0.0630492	0.00467483
66	0.08088	0.0633194	0.00461137
67	0.10236	0.0639021	0.00457925
68	0.07072	0.0640024	0.00451252
69	0.04004	0.0636551	0.00446018
70	0.11616	0.0644051	0.00445953
71	0.0828	0.0646642	0.0044039
72	0.05704	0.0645583	0.0043436
73	0.13048	0.0654614	0.00437783
74	0.0594	0.0653795	0.00431904
75	0.07392	0.0654933	0.00426259
76	0.0418	0.0651816	0.00421766
77	0.0542	0.065039	0.00416497
78	0.06032	0.0649785	0.00411167
79	0.09772	0.0653929	0.00408039
80	0.00468	0.064634	0.00409992
81	0.05028	0.0644568	0.00405286
82	0.06108	0.0644156	0.00400334
83	0.05528	0.0643055	0.00395635
84	0.10556	0.0647967	0.0039397
85	0.046	0.0645755	0.00389935
86	0.1188	0.065206	0.00390498
87	0.1166	0.0657968	0.00390478
88	0.05016	0.0656191	0.00386424
89	0.1264	0.066302	0.00388113
90	0.06804	0.0663213	0.00383781
91	0.05976	0.0662492	0.00379609
92	0.03444	0.0659035	0.00377048
93	0.00424	0.0652404	0.0037882
94	0.02756	0.0648396	0.00376906
95	0.06992	0.0648931	0.00372956
96	0.11664	0.0654321	0.00372966
97	0.10344	0.0658239	0.00371175
98	0.05288	0.0656918	0.00367605
99	0.031	0.0653414	0.00365557
100	0.04032	0.0650912	0.00362747
