1	3.08705	3.08705	0
2	3.43455	3.2608	0.173748
3	3.19597	3.23919	0.102615
4	3.32065	3.25956	0.0753634
5	3.73956	3.35556	0.112356
6	3.16486	3.32377	0.0970876
7	2.70939	3.236	0.120151
8	3.48741	3.26743	0.108695
9	3.58939	3.3032	0.102318
10	4.24841	3.39772	0.131565
11	3.61695	3.41765	0.120662
12	3.70264	3.4414	0.11268
13	2.79597	3.39175	0.114928
14	3.0912	3.37029	0.108547
15	3.72444	3.3939	0.103773
16	4.23686	3.44658	0.110447
17	3.3027	3.43812	0.104091
18	2.8253	3.40407	0.103876
19	3.66963	3.41805	0.0992459
20	3.47461	3.42088	0.0941954
21	3.38483	3.41916	0.0896142
22	3.65286	3.42978	0.0861015
23	3.12255	3.41643	0.0833502
24	3.91479	3.43719	0.0824591
25	3.83887	3.45326	0.0807075
26	3.49967	3.45504	0.0775619
27	3.82661	3.4688	0.0758921
28	3.31662	3.46337	0.0733331
29	2.97683	3.44659	0.072721
30	3.25801	3.44031	0.0705358
31	3.5725	3.44457	0.0683557
32	3.23319	3.43796	0.0665139
33	3.14892	3.42921	0.0650592
34	3.71644	3.43765	0.0636795
35	3.12041	3.42859	0.0624942
36	3.49375	3.4304	0.0607604
37	3.27034	3.42607	0.0592535
38	3.74839	3.43456	0.0582935
39	3.28865	3.43081	0.0569022
40	3.98453	3.44466	0.0571629
41	3.32379	3.44171	0.0558292
42	2.93624	3.42967	0.0557971
43	2.84308	3.41603	0.0561659
44	3.8557	3.42603	0.0557769
45	4.40794	3.44785	0.0587275
46	3.48071	3.44856	0.0574411
47	3.67028	3.45328	0.0564033
48	3.1184	3.4463	0.0556547
49	2.92557	3.43567	0.0555334
50	3.63864	3.43973	0.0545626
51	3.55105	3.44192	0.0535266
52	3.66921	3.44629	0.0526688
53	3.05321	3.43887	0.0521951
54	3.51721	3.44032	0.05124
55	3.4467	3.44044	0.0502998
56	3.65778	3.44432	0.0495457
57	4.18827	3.45737	0.0503884
58	2.53321	3.44144	0.0520127
59	3.1683	3.43681	0.0513327
60	3.13096	3.43171	0.0507267
61	3.64723	3.43524	0.0500131
62	3.13422	3.43039	0.0494388
63	3.00237	3.42359	0.0491199
64	2.60101	3.41074	0.0500256
65	3.39182	3.41045	0.0492508
66	2.86246	3.40215	0.0492044
67	2.95591	3.39549	0.04892
68	2.64936	3.38451	0.0494284
69	3.53653	3.38672	0.0487566
70	3.29932	3.38547	0.0480713
71	3.50424	3.38714	0.0474189
72	3.14714	3.38381	0.0468743
73	3.79319	3.38942	0.0465667
74	3.11959	3.38577	0.0460776
75	3.67076	3.38957	0.0456176
76	2.75917	3.38127	0.0457712
77	3.67757	3.38512	0.0453365
78	3.01274	3.38035	0.0450054
79	3.31775	3.37956	0.0444391
80	3.47064	3.38069	0.0438949
81	3.31384	3.37987	0.0433574
82	3.19449	3.37761	0.0428851
83	3.76178	3.38224	0.0426173
84	3.79336	3.38713	0.0423904
85	2.89624	3.38136	0.042285
86	3.15236	3.37869	0.0418751
87	3.50999	3.3802	0.0414185
88	3.17487	3.37787	0.0410116
89	3.29647	3.37695	0.0405585
90	3.40676	3.37729	0.0401067
91	3.05505	3.37374	0.0398212
92	3.89908	3.37946	0.0397978
93	2.72024	3.37237	0.0400006
94	2.71899	3.36542	0.0401786
95	2.73185	3.35875	0.0403089
96	3.94418	3.36485	0.0403503
97	3.37114	3.36491	0.0399322
98	3.59123	3.36722	0.03959
99	3.27058	3.36624	0.0392003
100	3.27929	3.36537	0.038816
