1	0.332453	0.332453	0
2	0.337191	0.334822	0.00236925
3	0.327969	0.332538	0.00266261
4	0.32224	0.329963	0.00318939
5	0.322762	0.328523	0.00285962
6	0.360774	0.333898	0.00586031
7	0.320174	0.331938	0.00532679
8	0.349981	0.334193	0.00513497
9	0.335724	0.334363	0.00453181
10	0.333337	0.33426	0.00405468
11	0.350419	0.335729	0.00395084
12	0.327838	0.335072	0.00366607
13	0.336994	0.33522	0.00337554
14	0.338754	0.335472	0.00313532
15	0.342012	0.335908	0.0029512
16	0.328365	0.335437	0.00280057
17	0.316332	0.334313	0.00286066
18	0.307142	0.332803	0.00309072
19	0.316515	0.331946	0.00304664
20	0.327505	0.331724	0.00289881
21	0.341424	0.332186	0.00279574
22	0.319777	0.331622	0.00272465
23	0.33277	0.331672	0.00260397
24	0.357005	0.332727	0.00270736
25	0.328234	0.332548	0.00260303
26	0.295627	0.331128	0.00287593
27	0.306352	0.33021	0.00291553
28	0.359226	0.331246	0.0029945
29	0.340968	0.331582	0.00290878
30	0.345271	0.332038	0.00284696
31	0.348526	0.33257	0.00280449
32	0.317822	0.332109	0.00275427
33	0.333305	0.332145	0.00266974
34	0.318777	0.331752	0.00261971
35	0.318414	0.331371	0.00257214
36	0.346521	0.331792	0.00253485
37	0.319092	0.331448	0.00248917
38	0.425045	0.333912	0.00345493
39	0.335208	0.333945	0.00336534
40	0.334493	0.333958	0.00328016
41	0.371836	0.334882	0.00332987
42	0.321771	0.33457	0.00326458
43	0.315282	0.334122	0.00321916
44	0.396782	0.335546	0.00345254
45	0.351627	0.335903	0.00339381
46	0.35009	0.336211	0.00333351
47	0.324235	0.335957	0.00327175
48	0.349805	0.336245	0.00321583
49	0.373954	0.337015	0.00324218
50	0.307718	0.336429	0.00323026
51	0.317073	0.336049	0.00318895
52	0.34847	0.336288	0.00313613
53	0.29952	0.335594	0.00315364
54	0.307051	0.335066	0.00313951
55	0.340256	0.33516	0.00308334
56	0.341591	0.335275	0.00302996
57	0.297558	0.334613	0.00304899
58	0.331801	0.334565	0.00299636
59	0.371404	0.335189	0.00301059
60	0.329184	0.335089	0.00296168
61	0.363505	0.335555	0.00294974
62	0.325582	0.335394	0.00290623
63	0.352981	0.335673	0.00287332
64	0.309186	0.335259	0.00285819
65	0.351316	0.335506	0.0028247
66	0.34447	0.335642	0.00278488
67	0.357004	0.335961	0.00276147
68	0.360532	0.336322	0.00274445
69	0.322289	0.336119	0.00271202
70	0.345088	0.336247	0.00267606
71	0.315727	0.335958	0.00265389
72	0.35613	0.336238	0.00263172
73	0.345331	0.336363	0.00259841
74	0.348148	0.336522	0.002568
75	0.322596	0.336336	0.00254032
76	0.330208	0.336256	0.00250797
77	0.321566	0.336065	0.00248253
78	0.312379	0.335761	0.00246924
79	0.345481	0.335884	0.00244088
80	0.317954	0.33566	0.00242058
81	0.320255	0.33547	0.00239806
82	0.328373	0.335384	0.00237022
83	0.33248	0.335349	0.00234175
84	0.315558	0.335113	0.00232566
85	0.287775	0.334556	0.00236466
86	0.317257	0.334355	0.00234564
87	0.309806	0.334073	0.00233563
88	0.304231	0.333734	0.00233371
89	0.326259	0.33365	0.00230886
90	0.328695	0.333595	0.00228373
91	0.317362	0.333416	0.00226553
92	0.337077	0.333456	0.00224112
93	0.350619	0.333641	0.00222456
94	0.326009	0.333559	0.00220226
95	0.337013	0.333596	0.00217926
96	0.324845	0.333505	0.00215837
97	0.325362	0.333421	0.00213765
98	0.340428	0.333492	0.00211693
99	0.317136	0.333327	0.00210194
100	0.315633	0.33315	0.00208833
