1	-0.635498	-0.635498	0
2	-0.645286	-0.640392	0.0048944
3	-0.630661	-0.637148	0.00430196
4	-0.637701	-0.637286	0.00304508
5	-0.643759	-0.638581	0.00269061
6	-0.624878	-0.636297	0.00316898
7	-0.618826	-0.633801	0.00366091
8	-0.627122	-0.632966	0.00327854
9	-0.642105	-0.633982	0.00306451
10	-0.641978	-0.634781	0.00285523
11	-0.63565	-0.63486	0.00258386
12	-0.630819	-0.634523	0.00238264
13	-0.62796	-0.634019	0.00224911
14	-0.633686	-0.633995	0.00208241
15	-0.626864	-0.633519	0.00199606
16	-0.639948	-0.633921	0.00190988
17	-0.62789	-0.633566	0.00182876
18	-0.628793	-0.633301	0.00174445
19	-0.648991	-0.634127	0.00184518
20	-0.627984	-0.63382	0.00177723
21	-0.633332	-0.633797	0.00169065
22	-0.629763	-0.633613	0.00162236
23	-0.635369	-0.63369	0.0015521
24	-0.633067	-0.633664	0.00148625
25	-0.621236	-0.633167	0.00150975
26	-0.639034	-0.633392	0.00146797
27	-0.646667	-0.633884	0.00149567
28	-0.61809	-0.63332	0.00154772
29	-0.628562	-0.633156	0.00150239
30	-0.625084	-0.632887	0.00147617
31	-0.625698	-0.632655	0.00144647
32	-0.621075	-0.632293	0.00144653
33	-0.631165	-0.632259	0.00140243
34	-0.63874	-0.632449	0.00137384
35	-0.637084	-0.632582	0.00134057
36	-0.625106	-0.632374	0.00131924
37	-0.624822	-0.63217	0.00129923
38	-0.639478	-0.632362	0.00127912
39	-0.639542	-0.632546	0.00125942
40	-0.635742	-0.632626	0.00123012
41	-0.635084	-0.632686	0.00120124
42	-0.627356	-0.632559	0.00117914
43	-0.622694	-0.63233	0.00117403
44	-0.638439	-0.632469	0.00115541
45	-0.636869	-0.632567	0.00113367
46	-0.617774	-0.632245	0.00115445
47	-0.633187	-0.632265	0.00112979
48	-0.639849	-0.632423	0.00111723
49	-0.632871	-0.632432	0.00109423
50	-0.622117	-0.632226	0.0010918
51	-0.638038	-0.63234	0.00107623
52	-0.630552	-0.632305	0.00105589
53	-0.624063	-0.63215	0.00104738
54	-0.644916	-0.632386	0.00105464
55	-0.637908	-0.632487	0.00104014
56	-0.62282	-0.632314	0.00103588
57	-0.629481	-0.632264	0.00101876
58	-0.628544	-0.6322	0.0010031
59	-0.633542	-0.632223	0.000986211
60	-0.618988	-0.632002	0.000994408
61	-0.641694	-0.632161	0.000990791
62	-0.63493	-0.632206	0.000975702
63	-0.631764	-0.632199	0.000960115
64	-0.634058	-0.632228	0.00094544
65	-0.639374	-0.632338	0.000937251
66	-0.628978	-0.632287	0.000924344
67	-0.633087	-0.632299	0.000910522
68	-0.624134	-0.632179	0.000905032
69	-0.638321	-0.632268	0.00089625
70	-0.625923	-0.632177	0.000887992
71	-0.625736	-0.632087	0.000880084
72	-0.636181	-0.632143	0.000869636
73	-0.63053	-0.632121	0.000857925
74	-0.646228	-0.632312	0.000867457
75	-0.640678	-0.632423	0.000863053
76	-0.636276	-0.632474	0.000853129
77	-0.629964	-0.632442	0.000842607
78	-0.635526	-0.632481	0.000832674
79	-0.632674	-0.632484	0.00082207
80	-0.630894	-0.632464	0.000811972
81	-0.629246	-0.632424	0.000802869
82	-0.629222	-0.632385	0.000793978
83	-0.630626	-0.632364	0.00078464
84	-0.630271	-0.632339	0.000775643
85	-0.63524	-0.632373	0.000767223
86	-0.632136	-0.63237	0.000758255
87	-0.643132	-0.632494	0.000759628
88	-0.622523	-0.632381	0.000759445
89	-0.633328	-0.632391	0.000750939
90	-0.637281	-0.632446	0.000744534
91	-0.622875	-0.63234	0.000743779
92	-0.633169	-0.632349	0.000735705
93	-0.617925	-0.632194	0.000744096
94	-0.619511	-0.632059	0.000748401
95	-0.615798	-0.631888	0.000760007
96	-0.620093	-0.631765	0.00076202
97	-0.632069	-0.631768	0.000754129
98	-0.629138	-0.631742	0.000746877
99	-0.64102	-0.631835	0.000745211
100	-0.625926	-0.631776	0.000740084
