1	-0.0214	-0.0214	0
2	0.00424	-0.00858	0.01282
3	-0.00628	-0.00781333	0.00744123
4	-0.00144	-0.00622	0.0054977
5	-0.00056	-0.005088	0.00440638
6	-0.03548	-0.0101533	0.00621303
7	0.01684	-0.00629714	0.00651482
8	0.00336	-0.00509	0.00576969
9	-0.0322	-0.00810222	0.00591314
10	-0.00876	-0.008168	0.00528928
11	-0.00836	-0.00818545	0.00478437
12	-0.01	-0.00833667	0.00437013
13	0.00156	-0.00757538	0.00409138
14	-0.01228	-0.00791143	0.00380276
15	-0.00184	-0.00750667	0.00356324
16	0.00876	-0.00649	0.00348471
17	0.00364	-0.00589412	0.00332711
18	-0.05024	-0.00835778	0.00398865
19	-0.0046	-0.00816	0.00377807
20	0.01848	-0.006828	0.00382369
21	0.00808	-0.0061181	0.00370569
22	0.0104	-0.00536727	0.00361213
23	-0.03028	-0.00645043	0.00361748
24	-0.03476	-0.00763	0.00365883
25	0.00136	-0.0072704	0.0035278
26	0.00992	-0.00660923	0.00345329
27	-0.03088	-0.00750815	0.00344237
28	0.0076	-0.00696857	0.00336075
29	0.01584	-0.00618207	0.00333681
30	-0.00932	-0.00628667	0.00322536
31	0.00472	-0.00593161	0.00313972
32	0.01848	-0.00516875	0.00313427
33	-0.05924	-0.00680727	0.00345153
34	-0.06116	-0.00840588	0.0037105
35	0.01936	-0.00761257	0.00368923
36	-0.04452	-0.00863778	0.00372899
37	0.01832	-0.00790919	0.00369927
38	-0.01352	-0.00805684	0.00360363
39	-0.02156	-0.00840308	0.00352705
40	-0.01064	-0.008459	0.00343819
41	0.00776	-0.00806341	0.00337654
42	-0.02672	-0.00850762	0.00332497
43	0.00192	-0.00826512	0.00325577
44	0.0388	-0.00719545	0.00335595
45	-0.00932	-0.00724267	0.00328086
46	0.03344	-0.00635826	0.0033284
47	0.00676	-0.00607915	0.00326875
48	-0.03492	-0.00668	0.00325585
49	0.0426	-0.00567429	0.00334355
50	0.0106	-0.0053488	0.00329213
51	-4e-05	-0.00524471	0.00322861
52	0.02072	-0.00474538	0.00320505
53	0.01176	-0.00443396	0.00315938
54	-0.0064	-0.00447037	0.00310053
55	-0.0402	-0.00512	0.00311219
56	-0.00356	-0.00509214	0.00305624
57	-0.02688	-0.00547439	0.00302638
58	0.00204	-0.00534483	0.00297656
59	0.01608	-0.00498169	0.00294813
60	-0.01104	-0.00508267	0.00290033
61	0.00224	-0.00496262	0.00285492
62	0.02812	-0.00442903	0.00285873
63	0.01924	-0.00405333	0.00283797
64	0.02512	-0.0035975	0.00283022
65	0.0188	-0.00325292	0.00280756
66	-0.02128	-0.00352606	0.00277816
67	-0.00032	-0.00347821	0.0027368
68	0.027	-0.00303	0.00273325
69	-0.00464	-0.00305333	0.00269345
70	0.01104	-0.002852	0.00266231
71	-0.01016	-0.00295493	0.00262657
72	-0.0312	-0.00334722	0.00261937
73	-0.02584	-0.00365534	0.00260155
74	-0.00048	-0.00361243	0.00256651
75	0.06308	-0.0027232	0.00268367
76	0.04932	-0.00203842	0.00273523
77	-0.01584	-0.00221766	0.00270542
78	0.03472	-0.0017441	0.00271217
79	0.01972	-0.00147241	0.00269137
80	-0.0578	-0.0021765	0.0027492
81	-0.00216	-0.0021763	0.00271505
82	0.057	-0.00145463	0.00277714
83	0.002	-0.00141301	0.00274379
84	-0.039	-0.00186048	0.00274761
85	0.01384	-0.00167576	0.00272137
86	0.02172	-0.00140372	0.00270326
87	-0.01616	-0.00157333	0.00267739
88	-0.00412	-0.00160227	0.00264695
89	0.01424	-0.00142427	0.00262308
90	-0.03588	-0.00180711	0.00262188
91	-0.002	-0.00180923	0.0025929
92	0.00144	-0.00177391	0.00256481
93	-0.02048	-0.00197505	0.00254504
94	0.02056	-0.00173532	0.00252921
95	0.02452	-0.00145895	0.00251766
96	-0.00984	-0.00154625	0.00249282
97	0.00808	-0.00144701	0.00246899
98	-0.01852	-0.00162122	0.00244986
99	-0.03088	-0.00191677	0.00244294
100	0.00156	-0.001882	0.00241863
