1	0.210664	0.210664	0
2	0.214337	0.2125	0.00183614
3	0.223167	0.216056	0.00371013
4	0.200466	0.212158	0.00469809
5	0.21165	0.212057	0.00364055
6	0.221757	0.213673	0.0033837
7	0.223408	0.215064	0.00317994
8	0.212588	0.214755	0.00277125
9	0.203798	0.213537	0.00273041
10	0.202516	0.212435	0.00267932
11	0.197555	0.211082	0.00277549
12	0.221272	0.211932	0.00267216
13	0.218679	0.212451	0.00251224
14	0.211925	0.212413	0.00232618
15	0.223908	0.213179	0.00229716
16	0.210259	0.212997	0.00215653
17	0.209704	0.212803	0.00203495
18	0.233765	0.213968	0.00224434
19	0.206136	0.213555	0.00216258
20	0.197293	0.212742	0.00220686
21	0.202956	0.212276	0.00215025
22	0.194808	0.211482	0.00219857
23	0.228222	0.21221	0.00222331
24	0.20769	0.212022	0.00213697
25	0.216602	0.212205	0.00205788
26	0.215436	0.212329	0.00198105
27	0.210828	0.212274	0.00190708
28	0.209483	0.212174	0.0018404
29	0.203091	0.211861	0.00180322
30	0.213035	0.2119	0.00174252
31	0.206252	0.211718	0.00169519
32	0.201396	0.211395	0.00167275
33	0.21916	0.21163	0.00163826
34	0.219485	0.211861	0.00160604
35	0.233961	0.212493	0.00168246
36	0.200712	0.212166	0.00166749
37	0.229286	0.212628	0.00168651
38	0.240973	0.213374	0.00180306
39	0.225304	0.21368	0.00178266
40	0.217869	0.213785	0.00174067
41	0.208867	0.213665	0.00170192
42	0.219289	0.213799	0.00166629
43	0.19629	0.213392	0.00167725
44	0.206695	0.213239	0.00164574
45	0.212734	0.213228	0.0016088
46	0.205956	0.21307	0.00158136
47	0.216093	0.213134	0.00154868
48	0.21644	0.213203	0.00151764
49	0.207381	0.213084	0.00149108
50	0.20296	0.212882	0.00147492
51	0.208875	0.212803	0.00144785
52	0.215462	0.212855	0.00142065
53	0.215592	0.212906	0.00139455
54	0.203495	0.212732	0.00137953
55	0.23473	0.213132	0.00141205
56	0.224441	0.213334	0.00140123
57	0.213441	0.213336	0.00137643
58	0.211337	0.213301	0.00135293
59	0.226925	0.213532	0.0013497
60	0.195371	0.21323	0.0013611
61	0.208713	0.213155	0.00134064
62	0.195845	0.212876	0.00134807
63	0.198891	0.212654	0.00134495
64	0.22331	0.212821	0.00133419
65	0.213732	0.212835	0.00131358
66	0.201953	0.21267	0.00130399
67	0.215866	0.212718	0.00128527
68	0.219459	0.212817	0.0012701
69	0.19983	0.212629	0.00126563
70	0.197832	0.212417	0.0012652
71	0.194872	0.21217	0.0012715
72	0.224762	0.212345	0.00126586
73	0.213249	0.212357	0.00124846
74	0.206529	0.212279	0.00123399
75	0.216088	0.212329	0.00121848
76	0.203218	0.212209	0.0012083
77	0.200011	0.212051	0.00120298
78	0.20751	0.211993	0.00118889
79	0.234822	0.212282	0.00120879
80	0.219305	0.21237	0.00119681
81	0.219566	0.212458	0.00118528
82	0.211193	0.212443	0.00117083
83	0.217227	0.212501	0.00115808
84	0.214258	0.212522	0.0011444
85	0.210181	0.212494	0.00113119
86	0.194715	0.212287	0.00113691
87	0.20564	0.212211	0.00112636
88	0.203645	0.212114	0.00111774
89	0.226319	0.212273	0.00111657
90	0.208912	0.212236	0.00110473
91	0.209294	0.212204	0.001093
92	0.205764	0.212134	0.00108332
93	0.19451	0.211944	0.00108823
94	0.22301	0.212062	0.00108301
95	0.210524	0.212046	0.00107167
96	0.215741	0.212084	0.00106115
97	0.199282	0.211952	0.00105841
98	0.216587	0.211999	0.00104863
99	0.210879	0.211988	0.00103804
100	0.217671	0.212045	0.00102918
