1	1.58952	1.58952	0
2	1.69196	1.64074	0.0512211
3	1.50143	1.5943	0.0550522
4	1.53785	1.58019	0.0414069
5	1.36792	1.53773	0.0532083
6	1.38707	1.51262	0.050179
7	1.33107	1.48669	0.0497111
8	1.58964	1.49956	0.0449334
9	1.53411	1.5034	0.039813
10	1.53663	1.50672	0.0357646
11	1.88316	1.54094	0.0470921
12	1.28067	1.51925	0.0481504
13	1.44535	1.51357	0.0446553
14	1.58581	1.51873	0.0416636
15	1.36665	1.50859	0.0400898
16	1.39297	1.50136	0.0381905
17	1.52771	1.50291	0.0359072
18	1.26316	1.48959	0.0363797
19	1.58236	1.49448	0.0347564
20	1.37331	1.48842	0.0335248
21	1.21457	1.47538	0.0344517
22	1.34307	1.46936	0.0333944
23	1.51895	1.47152	0.0319822
24	1.53276	1.47407	0.0307268
25	1.32076	1.46794	0.0301033
26	1.58189	1.47232	0.0292526
27	1.38215	1.46898	0.0283457
28	1.74206	1.47873	0.0290036
29	1.39613	1.47589	0.0281302
30	1.44484	1.47485	0.027196
31	1.3936	1.47223	0.0264344
32	1.60463	1.47637	0.0259273
33	1.51592	1.47757	0.0251579
34	1.38312	1.47479	0.0245643
35	1.66872	1.48033	0.0244872
36	1.63701	1.48468	0.024192
37	1.56758	1.48692	0.0236355
38	1.51975	1.48779	0.0230214
39	1.5272	1.4888	0.0224461
40	1.77347	1.49591	0.0230062
41	1.76556	1.50249	0.023382
42	1.56185	1.5039	0.0228623
43	1.64404	1.50716	0.0225609
44	1.86585	1.51531	0.0235014
45	1.59583	1.5171	0.0230428
46	1.65255	1.52005	0.0227278
47	1.38354	1.51714	0.0224278
48	1.6232	1.51935	0.0220665
49	1.5512	1.52	0.0216213
50	1.75676	1.52474	0.0217072
51	1.51634	1.52457	0.0212779
52	1.41701	1.5225	0.020967
53	1.57844	1.52356	0.0205946
54	1.34164	1.52019	0.0204885
55	1.60829	1.52179	0.0201762
56	1.54573	1.52222	0.0198173
57	1.53322	1.52241	0.0194675
58	1.56451	1.52314	0.0191426
59	1.48867	1.52255	0.0188245
60	1.59385	1.52374	0.0185462
61	1.31419	1.52031	0.0185603
62	1.49411	1.51989	0.0182634
63	1.28349	1.51613	0.0183587
64	1.40118	1.51434	0.0181586
65	1.35469	1.51188	0.018045
66	1.35941	1.50957	0.017919
67	1.42021	1.50824	0.0176998
68	1.35912	1.50604	0.017575
69	1.52615	1.50634	0.0173208
70	1.39865	1.5048	0.0171408
71	1.42804	1.50372	0.0169322
72	1.71966	1.50672	0.0169626
73	1.43646	1.50575	0.0167563
74	1.49937	1.50567	0.0165285
75	1.66935	1.50785	0.016452
76	1.64813	1.50969	0.0163387
77	1.58669	1.51069	0.0161561
78	1.46577	1.51012	0.015958
79	1.73149	1.51292	0.016002
80	1.7192	1.5155	0.0160097
81	1.66931	1.5174	0.0159245
82	1.62665	1.51873	0.0157854
83	1.32244	1.51637	0.0157723
84	1.45301	1.51561	0.0156017
85	1.81844	1.51917	0.0158233
86	1.4456	1.51832	0.0156617
87	1.38055	1.51674	0.0155614
88	1.64636	1.51821	0.0154539
89	1.65457	1.51974	0.0153559
90	1.50556	1.51958	0.0151851
91	1.66838	1.52122	0.0151061
92	1.42291	1.52015	0.0149791
93	1.46821	1.51959	0.0148277
94	1.36236	1.51792	0.0147642
95	1.72829	1.52013	0.0147749
96	1.55394	1.52048	0.0146244
97	1.3392	1.51862	0.014593
98	1.45882	1.51801	0.0144562
99	1.29853	1.51579	0.0144802
100	1.60956	1.51673	0.0143653
