1	-0.48304	-0.48304	0
2	-0.47968	-0.48136	0.00168
3	-0.4784	-0.480373	0.00138359
4	-0.48536	-0.48162	0.00158472
5	-0.47856	-0.481008	0.00137162
6	-0.48384	-0.48148	0.00121532
7	-0.47672	-0.4808	0.00123183
8	-0.48704	-0.48158	0.00132154
9	-0.4904	-0.48256	0.00152275
10	-0.48464	-0.482768	0.00137778
11	-0.49416	-0.483804	0.00162039
12	-0.47392	-0.48298	0.00169306
13	-0.4844	-0.483089	0.00156121
14	-0.4892	-0.483526	0.00150987
15	-0.47952	-0.483259	0.00143075
16	-0.48032	-0.483075	0.00135089
17	-0.49392	-0.483713	0.00142027
18	-0.47768	-0.483378	0.00138036
19	-0.48184	-0.483297	0.00130819
20	-0.48136	-0.4832	0.00124483
21	-0.4704	-0.48259	0.00133175
22	-0.48888	-0.482876	0.00130156
23	-0.48296	-0.48288	0.00124368
24	-0.48912	-0.48314	0.00121879
25	-0.48736	-0.483309	0.00118115
26	-0.49176	-0.483634	0.00118045
27	-0.4768	-0.483381	0.00116374
28	-0.49096	-0.483651	0.00115362
29	-0.48976	-0.483862	0.00113288
30	-0.48416	-0.483872	0.00109451
31	-0.4772	-0.483657	0.00108027
32	-0.472	-0.483292	0.00110759
33	-0.4752	-0.483047	0.00110115
34	-0.48352	-0.483061	0.00106837
35	-0.47456	-0.482818	0.00106545
36	-0.49512	-0.48316	0.00109036
37	-0.48464	-0.4832	0.00106123
38	-0.47688	-0.483034	0.00104623
39	-0.48136	-0.482991	0.00101996
40	-0.47896	-0.48289	0.000999225
41	-0.48488	-0.482939	0.000975757
42	-0.47904	-0.482846	0.000956755
43	-0.4928	-0.483077	0.000962493
44	-0.4852	-0.483125	0.000941601
45	-0.4888	-0.483252	0.000929037
46	-0.48648	-0.483322	0.000911322
47	-0.47888	-0.483227	0.000896715
48	-0.47272	-0.483008	0.000904717
49	-0.48176	-0.482983	0.000886427
50	-0.47848	-0.482893	0.000873174
51	-0.486	-0.482954	0.000858047
52	-0.49168	-0.483122	0.000857956
53	-0.48344	-0.483128	0.000841634
54	-0.47856	-0.483043	0.000830222
55	-0.49072	-0.483183	0.000826854
56	-0.4836	-0.48319	0.000811988
57	-0.47632	-0.483069	0.000806671
58	-0.48344	-0.483076	0.000792666
59	-0.47992	-0.483022	0.000780949
60	-0.48504	-0.483056	0.000768559
61	-0.48928	-0.483158	0.00076271
62	-0.478	-0.483075	0.000754906
63	-0.48128	-0.483046	0.000743373
64	-0.47776	-0.482964	0.000736313
65	-0.48752	-0.483034	0.000728278
66	-0.46768	-0.482801	0.000753946
67	-0.49448	-0.482976	0.000762791
68	-0.4852	-0.483008	0.000752202
69	-0.48864	-0.48309	0.0007457
70	-0.48376	-0.483099	0.000735033
71	-0.4752	-0.482988	0.000733098
72	-0.48392	-0.483001	0.00072296
73	-0.48728	-0.48306	0.000715393
74	-0.4808	-0.483029	0.00070632
75	-0.48128	-0.483006	0.000697229
76	-0.48304	-0.483006	0.000687994
77	-0.49	-0.483097	0.000685048
78	-0.48256	-0.48309	0.000676243
79	-0.47568	-0.482996	0.000674186
80	-0.48504	-0.483022	0.000666195
81	-0.4756	-0.48293	0.000664269
82	-0.47528	-0.482837	0.000662718
83	-0.48776	-0.482896	0.000657366
84	-0.4744	-0.482795	0.000657322
85	-0.4856	-0.482828	0.00065038
86	-0.48992	-0.482911	0.000648041
87	-0.48088	-0.482887	0.000640974
88	-0.478	-0.482832	0.000636078
89	-0.48752	-0.482884	0.000631093
90	-0.48768	-0.482938	0.000626312
91	-0.4904	-0.48302	0.000624796
92	-0.47344	-0.482916	0.000626679
93	-0.49064	-0.482999	0.000625443
94	-0.48104	-0.482978	0.000619104
95	-0.4916	-0.483069	0.00061924
96	-0.47896	-0.483026	0.000614248
97	-0.48344	-0.48303	0.000607898
98	-0.482	-0.48302	0.000601755
99	-0.47744	-0.482963	0.000598306
100	-0.4944	-0.483078	0.000603233
