1	-0.51679	-0.51679	0
2	-0.51467	-0.51573	0.0010596
3	-0.521238	-0.517566	0.00193536
4	-0.516713	-0.517353	0.00138504
5	-0.523434	-0.518569	0.00162174
6	-0.5177	-0.518424	0.00133204
7	-0.521682	-0.51889	0.00121821
8	-0.517652	-0.518735	0.00106629
9	-0.519389	-0.518808	0.000943178
10	-0.521506	-0.519077	0.000885723
11	-0.516609	-0.518853	0.000832005
12	-0.52487	-0.519354	0.000910116
13	-0.517537	-0.519215	0.000848781
14	-0.517492	-0.519092	0.000795393
15	-0.515846	-0.518875	0.000771429
16	-0.523142	-0.519142	0.000769296
17	-0.507683	-0.518468	0.000988191
18	-0.517572	-0.518418	0.000933004
19	-0.531877	-0.519126	0.00113165
20	-0.523359	-0.519338	0.00109424
21	-0.514934	-0.519128	0.00106174
22	-0.519302	-0.519136	0.00101236
23	-0.525219	-0.519401	0.00100285
24	-0.519242	-0.519394	0.000960177
25	-0.519078	-0.519382	0.000921056
26	-0.52457	-0.519581	0.000907147
27	-0.51901	-0.51956	0.000873159
28	-0.50219	-0.51894	0.00104536
29	-0.511627	-0.518687	0.00103971
30	-0.509096	-0.518368	0.00105411
31	-0.51837	-0.518368	0.00101954
32	-0.508679	-0.518065	0.00103255
33	-0.517634	-0.518052	0.00100085
34	-0.51405	-0.517934	0.000978078
35	-0.521463	-0.518035	0.000955059
36	-0.518444	-0.518046	0.00092822
37	-0.51736	-0.518028	0.000902975
38	-0.513195	-0.517901	0.000888045
39	-0.521102	-0.517983	0.00086886
40	-0.525773	-0.518178	0.000868965
41	-0.522813	-0.518291	0.000855013
42	-0.518614	-0.518298	0.000834443
43	-0.507832	-0.518055	0.000850384
44	-0.527113	-0.518261	0.000855957
45	-0.524587	-0.518401	0.000848448
46	-0.514245	-0.518311	0.000834704
47	-0.517678	-0.518298	0.000816862
48	-0.51906	-0.518313	0.000799821
49	-0.520646	-0.518361	0.000784773
50	-0.515286	-0.5183	0.000771374
51	-0.526485	-0.51846	0.000772944
52	-0.513624	-0.518367	0.000763619
53	-0.516022	-0.518323	0.000750377
54	-0.524904	-0.518445	0.000746368
55	-0.506687	-0.518231	0.000763221
56	-0.515333	-0.518179	0.000751253
57	-0.512846	-0.518086	0.000743864
58	-0.51156	-0.517973	0.000739535
59	-0.521732	-0.518037	0.000729679
60	-0.510051	-0.517904	0.000729655
61	-0.521488	-0.517962	0.000719996
62	-0.516821	-0.517944	0.000708527
63	-0.519494	-0.517969	0.000697624
64	-0.516714	-0.517949	0.000686917
65	-0.514758	-0.5179	0.000678046
66	-0.510117	-0.517782	0.000678028
67	-0.514241	-0.517729	0.00066992
68	-0.521833	-0.517789	0.000662748
69	-0.526823	-0.51792	0.000666066
70	-0.514378	-0.51787	0.00065843
71	-0.508724	-0.517741	0.000661748
72	-0.516947	-0.51773	0.000652586
73	-0.521574	-0.517783	0.000645734
74	-0.539316	-0.518074	0.000700271
75	-0.505909	-0.517911	0.000709655
76	-0.519662	-0.517934	0.000700634
77	-0.506491	-0.517786	0.000707265
78	-0.525966	-0.517891	0.000705971
79	-0.51851	-0.517899	0.000697022
80	-0.519999	-0.517925	0.000688755
81	-0.520151	-0.517952	0.000680753
82	-0.510368	-0.51786	0.000678732
83	-0.510052	-0.517766	0.000677071
84	-0.518952	-0.51778	0.000669111
85	-0.525046	-0.517865	0.000666695
86	-0.522759	-0.517922	0.00066135
87	-0.518297	-0.517927	0.000653718
88	-0.515723	-0.517902	0.000646732
89	-0.524382	-0.517974	0.000643557
90	-0.523711	-0.518038	0.00063955
91	-0.506217	-0.517908	0.000645686
92	-0.511786	-0.517842	0.000642087
93	-0.511847	-0.517777	0.000638408
94	-0.511696	-0.517712	0.000634884
95	-0.501501	-0.517542	0.000650933
96	-0.516078	-0.517527	0.000644297
97	-0.513042	-0.51748	0.000639294
98	-0.518758	-0.517493	0.000632871
99	-0.514627	-0.517464	0.000627115
100	-0.517987	-0.51747	0.000620834
