1	0.253923	0.253923	0
2	0.259829	0.256876	0.00295284
3	0.240339	0.251363	0.00576984
4	0.24612	0.250053	0.00428528
5	0.239696	0.247981	0.00391258
6	0.244559	0.247411	0.00324514
7	0.223878	0.244049	0.00433867
8	0.234084	0.242804	0.0039585
9	0.24206	0.242721	0.00349205
10	0.232548	0.241704	0.00328488
11	0.241416	0.241677	0.0029714
12	0.259332	0.243149	0.00308579
13	0.258948	0.244364	0.00308775
14	0.238425	0.24394	0.00289001
15	0.244628	0.243986	0.00269084
16	0.229145	0.243058	0.00268252
17	0.250609	0.243502	0.00255864
18	0.255796	0.244185	0.00250713
19	0.25512	0.244761	0.00244035
20	0.220577	0.243552	0.00261187
21	0.241428	0.24345	0.00248644
22	0.252083	0.243843	0.00240298
23	0.240421	0.243694	0.00230094
24	0.263634	0.244525	0.00235445
25	0.21692	0.243421	0.00251381
26	0.220019	0.242521	0.00257746
27	0.255717	0.243009	0.00252786
28	0.259731	0.243607	0.00250805
29	0.240563	0.243502	0.00242229
30	0.263177	0.244157	0.00243032
31	0.243501	0.244136	0.00235071
32	0.244728	0.244155	0.00227614
33	0.23682	0.243932	0.00221726
34	0.241455	0.24386	0.00215229
35	0.243036	0.243836	0.00209002
36	0.244121	0.243844	0.00203115
37	0.227573	0.243404	0.00202385
38	0.255351	0.243719	0.0019948
39	0.238106	0.243575	0.0019483
40	0.232541	0.243299	0.0019189
41	0.233206	0.243053	0.00188763
42	0.243052	0.243053	0.00184214
43	0.23434	0.24285	0.00181017
44	0.249552	0.243002	0.0017751
45	0.265425	0.243501	0.00180533
46	0.230668	0.243222	0.00178755
47	0.240589	0.243166	0.00175
48	0.249752	0.243303	0.00171864
49	0.240148	0.243239	0.00168443
50	0.230664	0.242987	0.00166945
51	0.268367	0.243485	0.00171039
52	0.243461	0.243484	0.00167717
53	0.240428	0.243427	0.00164623
54	0.239448	0.243353	0.00161714
55	0.220163	0.242931	0.0016425
56	0.251248	0.24308	0.00161973
57	0.226215	0.242784	0.00161834
58	0.23219	0.242601	0.00160064
59	0.254837	0.242809	0.00158689
60	0.243912	0.242827	0.00156033
61	0.255943	0.243042	0.00154952
62	0.225665	0.242762	0.00154988
63	0.244956	0.242797	0.00152548
64	0.250294	0.242914	0.00150602
65	0.262087	0.243209	0.00151172
66	0.251019	0.243327	0.00149334
67	0.251457	0.243448	0.00147588
68	0.238253	0.243372	0.00145602
69	0.248903	0.243452	0.001437
70	0.267796	0.2438	0.00145839
71	0.231666	0.243629	0.00144782
72	0.224394	0.243362	0.00145235
73	0.252712	0.24349	0.00143804
74	0.242502	0.243477	0.00141853
75	0.256534	0.243651	0.00141028
76	0.223722	0.243388	0.00141609
77	0.264977	0.243669	0.00142542
78	0.227316	0.243459	0.00142256
79	0.241213	0.243431	0.00140473
80	0.243574	0.243433	0.00138706
81	0.232858	0.243302	0.00137603
82	0.2408	0.243272	0.00135949
83	0.254565	0.243408	0.00134989
84	0.235699	0.243316	0.00133687
85	0.231576	0.243178	0.00132825
86	0.232381	0.243052	0.00131871
87	0.263693	0.243289	0.00132488
88	0.264181	0.243527	0.00133108
89	0.220209	0.243265	0.00134186
90	0.236095	0.243185	0.00132926
91	0.231863	0.243061	0.00132044
92	0.241004	0.243038	0.0013062
93	0.256637	0.243185	0.00130033
94	0.223785	0.242978	0.00130287
95	0.242056	0.242969	0.00128912
96	0.231667	0.242851	0.00128104
97	0.241068	0.242832	0.0012679
98	0.242936	0.242833	0.0012549
99	0.241903	0.242824	0.00124219
100	0.230141	0.242697	0.00123623
