1	1.71488	1.71488	0
2	1.61755	1.66622	0.0486629
3	1.76411	1.69885	0.0430608
4	1.88238	1.74473	0.055066
5	1.88864	1.77351	0.0514562
6	1.70601	1.76226	0.0434941
7	1.73993	1.75907	0.0368974
8	1.77221	1.76071	0.0319962
9	1.84027	1.76955	0.0295703
10	1.70427	1.76303	0.0272422
11	1.52818	1.74168	0.0326037
12	2.09938	1.77149	0.0421236
13	1.74688	1.76959	0.0387943
14	1.74789	1.76804	0.03595
15	1.76402	1.76777	0.0334687
16	2.17001	1.79291	0.0401515
17	1.85253	1.79642	0.0378784
18	1.73097	1.79278	0.0358968
19	2.22181	1.81536	0.0407774
20	1.91776	1.82048	0.0390222
21	1.77865	1.81849	0.0371709
22	1.83109	1.81906	0.0354457
23	1.67506	1.8128	0.0344433
24	1.93477	1.81789	0.0333662
25	1.93929	1.82274	0.0323701
26	1.90651	1.82596	0.0312667
27	2.06656	1.83487	0.0313782
28	1.86094	1.83581	0.0302512
29	1.55127	1.82599	0.0307943
30	1.67433	1.82094	0.0301766
31	1.51424	1.81105	0.0308181
32	1.83045	1.81165	0.0298457
33	1.59017	1.80494	0.0296955
34	1.9163	1.80822	0.0289945
35	1.80256	1.80805	0.0281543
36	1.76251	1.80679	0.0273903
37	1.8357	1.80757	0.0266512
38	1.6672	1.80388	0.0262021
39	1.90935	1.80658	0.0256643
40	2.10048	1.81393	0.0260712
41	2.12416	1.82149	0.0265293
42	1.79479	1.82086	0.0258978
43	1.69975	1.81804	0.0254447
44	1.83593	1.81845	0.024863
45	2.18825	1.82667	0.025656
46	2.0213	1.8309	0.0254463
47	1.66299	1.82733	0.0251539
48	1.91419	1.82914	0.0246907
49	1.87365	1.83004	0.0241987
50	2.13856	1.83621	0.0244995
51	2.42779	1.84781	0.026669
52	1.95173	1.84981	0.0262274
53	1.70277	1.84704	0.0258769
54	1.93243	1.84862	0.0254424
55	1.60206	1.84414	0.0253747
56	1.81431	1.8436	0.0249231
57	2.02181	1.84673	0.0246808
58	1.55584	1.84171	0.0247647
59	1.49911	1.83591	0.0250244
60	1.53719	1.83093	0.0251025
61	1.47081	1.82503	0.0253836
62	1.78642	1.8244	0.0249786
63	1.69225	1.8223	0.0246682
64	1.65627	1.81971	0.0244179
65	1.74011	1.81849	0.0240705
66	1.50656	1.81376	0.0241696
67	1.59227	1.81045	0.0240345
68	1.74853	1.80954	0.0236959
69	2.06423	1.81323	0.0236399
70	1.89531	1.81441	0.0233293
71	1.6944	1.81272	0.0230604
72	1.69966	1.81115	0.022792
73	2.00379	1.81379	0.022632
74	1.90139	1.81497	0.0223554
75	1.68137	1.81319	0.0221271
76	1.66885	1.81129	0.0219165
77	1.78377	1.81093	0.021633
78	1.7403	1.81003	0.021373
79	1.96901	1.81204	0.0211965
80	1.96677	1.81397	0.021019
81	2.05957	1.817	0.0209782
82	1.61198	1.8145	0.0208711
83	1.71552	1.81331	0.0206525
84	1.71099	1.81209	0.0204415
85	2.21097	1.81679	0.0207375
86	1.8512	1.81719	0.0204989
87	1.84654	1.81752	0.0202647
88	1.77737	1.81707	0.0200383
89	1.78661	1.81673	0.0198148
90	2.0656	1.81949	0.0197876
91	1.57472	1.8168	0.0197529
92	1.91442	1.81786	0.0195658
93	1.87589	1.81849	0.0193644
94	1.51095	1.81521	0.0194346
95	1.59177	1.81286	0.0193723
96	2.06153	1.81545	0.0193436
97	1.83918	1.8157	0.0191447
98	1.64462	1.81395	0.0190286
99	1.91845	1.81501	0.018865
100	1.86094	1.81547	0.018681
