1	0.05548	0.05548	0
2	0.04952	0.0525	0.00298
3	0.04992	0.05164	0.00192347
4	0.07964	0.05864	0.00713091
5	0.05568	0.058048	0.00555521
6	0.033	0.0538733	0.00616453
7	0.04012	0.0519086	0.00556814
8	0.0626	0.053245	0.00500392
9	0.04544	0.0523778	0.00449744
10	0.01132	0.048272	0.00574796
11	0.03844	0.0473782	0.00527549
12	0.04352	0.0470567	0.00482656
13	0.00884	0.0441169	0.00532483
14	0.0106	0.0417229	0.00548041
15	0.00832	0.039496	0.00556679
16	0.09308	0.042845	0.00619122
17	0.04816	0.0431576	0.00582404
18	0.0266	0.0422378	0.00556748
19	0.08984	0.0447432	0.00583189
20	0.05996	0.045504	0.00558468
21	-0.00128	0.0432762	0.00576034
22	0.02108	0.0422673	0.00558416
23	0.04496	0.0423843	0.00533714
24	0.06212	0.0432067	0.00517566
25	0.01792	0.0421952	0.00506632
26	0.05252	0.0425923	0.00488373
27	0.05448	0.0430326	0.00471995
28	0.00152	0.04155	0.0047838
29	0.02136	0.0408538	0.0046681
30	0.0588	0.041452	0.00454932
31	0.02248	0.04084	0.00444248
32	0.02596	0.040375	0.00432647
33	0.02972	0.0400521	0.00420573
34	0.06652	0.0408306	0.00415376
35	0.02516	0.0403829	0.00405811
36	0.0062	0.0394333	0.00405647
37	0.004	0.0384757	0.00405987
38	0.05976	0.0390358	0.00399109
39	0.07908	0.0400626	0.00402072
40	0.07264	0.040877	0.00400265
41	0.03664	0.0407737	0.00390517
42	0.00268	0.0398667	0.0039175
43	0.0316	0.0396744	0.00383014
44	0.04364	0.0397645	0.00374316
45	0.04136	0.0398	0.0036592
46	0.02424	0.0394617	0.00359472
47	0.05192	0.0397268	0.00352738
48	0.017	0.0392533	0.00348542
49	0.09632	0.040418	0.00360675
50	0.02028	0.0400152	0.00355676
51	0.05224	0.0402549	0.00349455
52	0.0572	0.0405808	0.00344215
53	0.03712	0.0405155	0.00337721
54	0.0332	0.04038	0.00331685
55	0.01836	0.0399796	0.00328051
56	0.05064	0.04017	0.00322701
57	0.01028	0.0396456	0.00321297
58	0.026	0.0394103	0.00316585
59	0.0546	0.0396678	0.00312236
60	0.01056	0.0391827	0.00310797
61	0.0464	0.039301	0.00305889
62	0.01704	0.0389419	0.00303049
63	0.03472	0.0388749	0.00298275
64	0.03572	0.0388256	0.00293619
65	0.02188	0.0385649	0.0029024
66	0.01384	0.0381903	0.00288253
67	0.07204	0.0386955	0.00288378
68	0.03164	0.0385918	0.00284295
69	0.00516	0.0381072	0.00284304
70	0.07488	0.0386326	0.00285094
71	0.0322	0.038542	0.00281196
72	0.05536	0.0387756	0.00278246
73	0.05068	0.0389386	0.00274892
74	0.0578	0.0391935	0.00272347
75	0.05944	0.0394635	0.00270044
76	0.02312	0.0392484	0.00267333
77	0.02856	0.0391096	0.00264203
78	0.02228	0.0388938	0.00261685
79	0.00952	0.038522	0.00261013
80	0.01596	0.03824	0.00259268
81	0.00356	0.0378119	0.00259603
82	0.0464	0.0379166	0.00256631
83	0.0226	0.037732	0.00254191
84	0.0396	0.0377543	0.00251156
85	0.04028	0.037784	0.00248202
86	0.06996	0.0381581	0.00248136
87	0.05084	0.0383039	0.002457
88	0.03816	0.0383023	0.00242892
89	0.08712	0.0388508	0.00246332
90	0.01756	0.0386142	0.00244725
91	0.02284	0.0384409	0.00242641
92	0.00128	0.038037	0.00243365
93	-0.03164	0.0372877	0.00252123
94	0.0168	0.0370698	0.00250377
95	0.03504	0.0370484	0.00247736
96	0.06392	0.0373283	0.00246735
97	0.03608	0.0373155	0.00244181
98	0.02592	0.0371992	0.00241957
99	-0.00064	0.036817	0.00242531
100	0.04336	0.0368824	0.00240182
