1	-0.945657	-0.945657	0
2	-0.996646	-0.971152	0.0254948
3	-0.991396	-0.9779	0.0161926
4	-1.01548	-0.987295	0.014811
5	-0.99582	-0.989	0.0115986
6	-1.00562	-0.99177	0.00986716
7	-1.01678	-0.995344	0.00907253
8	-1.01179	-0.9974	0.00812168
9	-1.01536	-0.999395	0.00743535
10	-0.999257	-0.999381	0.00665039
11	-1.01755	-1.00103	0.00623813
12	-0.999237	-1.00088	0.00569658
13	-1.01538	-1.002	0.00535743
14	-1.00152	-1.00196	0.00496014
15	-1.0108	-1.00255	0.00465507
16	-1.00218	-1.00253	0.00435448
17	-1.01803	-1.00344	0.00419075
18	-0.99006	-1.0027	0.00402042
19	-1.00308	-1.00272	0.00380299
20	-0.983996	-1.00178	0.0037273
21	-1.00965	-1.00216	0.00356513
22	-0.990634	-1.00163	0.00343933
23	-1.01325	-1.00214	0.003325
24	-1.01745	-1.00278	0.00324676
25	-1.01567	-1.00329	0.0031566
26	-1.00325	-1.00329	0.00303276
27	-1.01471	-1.00371	0.00294876
28	-0.995631	-1.00342	0.00285612
29	-0.989165	-1.00293	0.0027994
30	-1.0118	-1.00323	0.00272056
31	-0.995959	-1.00299	0.00264177
32	-1.01622	-1.00341	0.00259105
33	-1.01894	-1.00388	0.00255506
34	-0.976144	-1.00306	0.00260954
35	-0.999758	-1.00297	0.00253564
36	-0.982141	-1.00239	0.00253121
37	-0.945156	-1.00084	0.00290748
38	-1.00422	-1.00093	0.00283133
39	-1.01159	-1.0012	0.00277128
40	-1.0036	-1.00126	0.00270178
41	-0.972349	-1.00056	0.00272781
42	-0.987394	-1.00025	0.00268046
43	-1.01287	-1.00054	0.00263381
44	-1.01273	-1.00082	0.00258813
45	-1.01628	-1.00116	0.00255318
46	-1.01327	-1.00142	0.00251089
47	-1.01531	-1.00172	0.00247458
48	-1.01534	-1.002	0.00243904
49	-0.995718	-1.00187	0.00239219
50	-0.997421	-1.00179	0.00234555
51	-1.01712	-1.00209	0.00231869
52	-1.00542	-1.00215	0.00227457
53	-0.98356	-1.0018	0.00225864
54	-0.980435	-1.0014	0.00225145
55	-0.925642	-1.00003	0.00260426
56	-1.01221	-1.00024	0.00256657
57	-0.94027	-0.999192	0.00273189
58	-0.950882	-0.998359	0.00281063
59	-0.974418	-0.997953	0.00279222
60	-1.01821	-0.998291	0.00276597
61	-1.01511	-0.998567	0.00273419
62	-0.99647	-0.998533	0.00268994
63	-0.978496	-0.998215	0.00266594
64	-1.00961	-0.998393	0.00262999
65	-1.01365	-0.998628	0.00259983
66	-0.983392	-0.998397	0.00257052
67	-1.01854	-0.998697	0.00254965
68	-1.01787	-0.998979	0.00252765
69	-0.98661	-0.9988	0.00249719
70	-0.98567	-0.998612	0.00246839
71	-1.00007	-0.998633	0.00243347
72	-0.948146	-0.997932	0.00249979
73	-1.01289	-0.998137	0.00247381
74	-1.00783	-0.998268	0.00244366
75	-1.01663	-0.998512	0.00242325
76	-1.01556	-0.998737	0.00240165
77	-1.00142	-0.998772	0.00237051
78	-0.994908	-0.998722	0.00234045
79	-1.01476	-0.998925	0.00231954
80	-1.0133	-0.999105	0.0022974
81	-0.997298	-0.999082	0.00226897
82	-1.00184	-0.999116	0.00224138
83	-1.01326	-0.999286	0.00222075
84	-1.01082	-0.999424	0.00219845
85	-1.01879	-0.999651	0.00218434
86	-0.957896	-0.999166	0.00221272
87	-1.01051	-0.999296	0.00219102
88	-1.01877	-0.999518	0.00217726
89	-0.995846	-0.999476	0.00215305
90	-1.01395	-0.999637	0.00213506
91	-0.989627	-0.999527	0.00211433
92	-1.0105	-0.999647	0.00209462
93	-0.991573	-0.99956	0.00207379
94	-0.961176	-0.999151	0.00209186
95	-1.00791	-0.999244	0.00207177
96	-1.00963	-0.999352	0.00205293
97	-1.01739	-0.999538	0.00204014
98	-1.00142	-0.999557	0.00201931
99	-1.01406	-0.999703	0.00200417
100	-1.01514	-0.999858	0.00199003
