1	-0.68116	-0.68116	0
2	0.89232	0.10558	0.78674
3	0.9018	0.370987	0.52608
4	0.994	0.52674	0.403286
5	0.899	0.601192	0.321134
6	0.95316	0.659853	0.268686
7	0.99512	0.707749	0.232077
8	0.98572	0.742495	0.203966
9	0.99184	0.7702	0.182002
10	0.93884	0.787064	0.163659
11	0.99748	0.806193	0.149266
12	0.92584	0.816163	0.136625
13	0.989	0.829458	0.126378
14	0.89984	0.834486	0.117111
15	0.97208	0.843659	0.10941
16	0.9532	0.850505	0.102572
17	0.99768	0.859162	0.0967379
18	0.903	0.861598	0.0912379
19	0.9258	0.864977	0.0863686
20	0.8518	0.864318	0.0819391
21	0.96668	0.869192	0.0780919
22	0.85972	0.868762	0.0744589
23	0.96268	0.872845	0.071265
24	0.9966	0.878002	0.0684256
25	0.99548	0.882701	0.0657996
26	0.96644	0.885922	0.0633002
27	0.99148	0.889831	0.061036
28	0.86556	0.888964	0.0588221
29	0.87824	0.888594	0.0567587
30	0.96976	0.8913	0.0549009
31	0.90196	0.891644	0.0531015
32	0.99496	0.894872	0.0515165
33	0.9992	0.898034	0.050031
34	0.7672	0.894186	0.0486895
35	0.91992	0.894921	0.0472836
36	0.81504	0.892702	0.046005
37	0.3018	0.876732	0.047509
38	0.95904	0.878898	0.0462926
39	0.98352	0.881581	0.0451697
40	0.9282	0.882746	0.0440414
41	0.73744	0.879202	0.0430997
42	0.87768	0.879166	0.0420611
43	0.98772	0.88169	0.0411488
44	0.98864	0.884121	0.0402761
45	0.99376	0.886557	0.0394462
46	0.99136	0.888836	0.0386464
47	0.99344	0.891061	0.0378806
48	0.991	0.893143	0.0371414
49	0.91788	0.893648	0.0363791
50	0.88704	0.893516	0.0356443
51	0.9962	0.895529	0.0349964
52	0.94724	0.896524	0.0343312
53	0.794	0.894589	0.0337327
54	0.82976	0.893389	0.0331239
55	-0.34988	0.870784	0.0396014
56	0.9784	0.872706	0.0389353
57	0.02152	0.857773	0.041058
58	0.51212	0.851813	0.0407817
59	0.74492	0.850001	0.0401255
60	0.99856	0.852477	0.0395287
61	0.99164	0.854759	0.0389421
62	0.92748	0.855932	0.0383268
63	0.7848	0.854803	0.0377305
64	0.9764	0.856702	0.0371848
65	0.9866	0.858701	0.0366628
66	0.8896	0.859169	0.0361061
67	0.99892	0.861255	0.0356242
68	0.99748	0.863258	0.0351535
69	0.85848	0.863189	0.0346404
70	0.83548	0.862793	0.0341442
71	0.67168	0.860101	0.0337673
72	0.12328	0.849868	0.0348323
73	0.98436	0.85171	0.0344012
74	0.97128	0.853326	0.0339716
75	0.99528	0.855219	0.0335689
76	0.994	0.857045	0.0331746
77	0.93908	0.85811	0.0327583
78	0.9094	0.858768	0.0323422
79	0.99024	0.860432	0.0319736
80	0.98484	0.861987	0.0316096
81	0.87292	0.862122	0.0312172
82	0.93576	0.86302	0.0308473
83	0.98292	0.864465	0.0305076
84	0.97696	0.865804	0.0301719
85	0.99932	0.867375	0.0298562
86	0.3188	0.860996	0.0301886
87	0.96952	0.862243	0.0298657
88	0.99872	0.863794	0.029565
89	0.92428	0.864474	0.0292388
90	0.98964	0.865864	0.0289456
91	0.80136	0.865156	0.0286345
92	0.9728	0.866326	0.0283457
93	0.87464	0.866415	0.0280394
94	0.6108	0.863696	0.0278725
95	0.95532	0.86466	0.0275944
96	0.97748	0.865835	0.0273307
97	0.99736	0.867191	0.0270814
98	0.94312	0.867966	0.0268149
99	0.98724	0.869171	0.02657
100	0.9892	0.870371	0.0263303
