1	0.266351	0.266351	0
2	0.320814	0.293583	0.0272318
3	0.388605	0.325257	0.0353614
4	0.0728706	0.26216	0.0678704
5	0.317298	0.273188	0.0537163
6	0.21336	0.263216	0.0449784
7	0.0510543	0.232908	0.0486176
8	0.138918	0.221159	0.0437125
9	0.0727093	0.204664	0.0419312
10	0.280737	0.212272	0.0382682
11	0.0388333	0.196505	0.0380367
12	0.302265	0.205318	0.0358237
13	0.0816146	0.195802	0.0342994
14	0.303622	0.203504	0.0326756
15	0.159525	0.200572	0.0305603
16	0.248317	0.203556	0.0287419
17	0.0314568	0.193432	0.0288339
18	0.426824	0.206399	0.0301187
19	0.248486	0.208614	0.0285754
20	0.479153	0.222141	0.0302965
21	0.15865	0.219117	0.0289759
22	0.395312	0.227126	0.0287649
23	0.113055	0.222167	0.0279297
24	0.0405968	0.214601	0.0277902
25	0.0670321	0.208698	0.0273012
26	0.327684	0.213275	0.0266263
27	0.0818948	0.208409	0.0260792
28	0.321457	0.212446	0.0254528
29	0.411797	0.21932	0.0255033
30	0.128449	0.216291	0.0248241
31	0.31282	0.219405	0.024211
32	0.0619798	0.214486	0.0239528
33	0.0169336	0.208499	0.0239751
34	0.493502	0.216882	0.0247236
35	0.273635	0.218503	0.0240615
36	0.489571	0.226033	0.024566
37	0.507715	0.233646	0.0250764
38	0.227673	0.233489	0.0244081
39	0.128682	0.230801	0.0239254
40	0.2546	0.231396	0.0233272
41	0.41744	0.235934	0.0231992
42	0.430379	0.240564	0.0231086
43	0.107965	0.23748	0.0227746
44	0.117922	0.234763	0.0224162
45	0.0589091	0.230855	0.0222582
46	0.101513	0.228043	0.0219498
47	0.0728386	0.224741	0.02173
48	0.0732442	0.221585	0.0215054
49	0.305109	0.223289	0.0211308
50	0.317158	0.225167	0.0207888
51	0.0456198	0.221646	0.020679
52	0.209301	0.221409	0.0202788
53	0.414681	0.225055	0.020224
54	0.615503	0.232286	0.0211221
55	0.18646	0.231453	0.0207512
56	0.119966	0.229462	0.0204743
57	0.222974	0.229348	0.0201122
58	0.558077	0.235016	0.0205591
59	0.422693	0.238197	0.0204565
60	0.0284506	0.234701	0.0204142
61	0.0762195	0.232103	0.0202441
62	0.29928	0.233186	0.0199444
63	0.570064	0.238534	0.0203407
64	0.155488	0.237236	0.0200624
65	0.103559	0.235179	0.0198581
66	0.606181	0.240801	0.0203468
67	0.02331	0.237555	0.020302
68	0.0340093	0.234561	0.0202239
69	0.497656	0.238374	0.0202902
70	0.493543	0.24202	0.0203277
71	0.292305	0.242728	0.0200519
72	0.404826	0.244979	0.0198992
73	0.111605	0.243152	0.0197096
74	0.188928	0.242419	0.0194552
75	0.0532967	0.239898	0.019359
76	0.0744158	0.23772	0.0192263
77	0.249414	0.237872	0.0189755
78	0.346902	0.23927	0.0187828
79	0.0815806	0.237274	0.0186506
80	0.103422	0.235601	0.0184918
81	0.311185	0.236534	0.018286
82	0.289985	0.237186	0.0180733
83	0.110108	0.235655	0.0179198
84	0.137871	0.234491	0.0177434
85	0.0193433	0.231959	0.0177152
86	0.53794	0.235517	0.0178658
87	0.144386	0.23447	0.0176903
88	0.0197303	0.23203	0.0176576
89	0.296019	0.232749	0.0174728
90	0.0929078	0.231195	0.0173473
91	0.460777	0.233718	0.0173401
92	0.152202	0.232832	0.0171735
93	0.355106	0.234146	0.0170386
94	0.516947	0.237155	0.0171228
95	0.17998	0.236553	0.0169523
96	0.160063	0.235756	0.0167937
97	0.0413114	0.233752	0.0167401
98	0.253289	0.233951	0.0165696
99	0.0975933	0.232574	0.0164591
100	0.0793878	0.231042	0.0163655
