1	62.9784	62.9784	0
2	84.8218	73.9001	10.9217
3	84.1989	77.333	7.17956
4	98.8998	82.7247	7.40564
5	84.7032	83.1204	5.75002
6	92.4286	84.6718	4.94455
7	99.1261	86.7367	4.66123
8	97.4802	88.0796	4.25426
9	98.5165	89.2393	3.92704
10	90.0667	89.322	3.51342
11	99.5227	90.2494	3.31054
12	88.0893	90.0693	3.02746
13	98.0824	90.6857	2.85225
14	85.9584	90.3481	2.66217
15	95.423	90.6864	2.50134
16	92.0691	90.7728	2.34138
17	99.5677	91.2902	2.25937
18	84.4386	90.9095	2.1639
19	88.781	90.7975	2.04991
20	78.8133	90.1983	2.03493
21	94.6661	90.411	1.94727
22	83.717	90.1068	1.88141
23	95.3771	90.3359	1.8123
24	99.3691	90.7123	1.7755
25	99.1582	91.0501	1.73618
26	94.2914	91.1748	1.67272
27	98.4456	91.4441	1.63195
28	82.2414	91.1154	1.60656
29	81.5366	90.7851	1.58497
30	95.151	90.9306	1.53813
31	85.0584	90.7412	1.4997
32	99.0803	91.0018	1.47527
33	99.8458	91.2698	1.45477
34	68.2752	90.5935	1.56501
35	88.2026	90.5252	1.52117
36	73.4931	90.0521	1.55218
37	43.8264	88.8027	1.95956
38	93.2048	88.9186	1.91081
39	97.0608	89.1273	1.87284
40	89.8168	89.1446	1.8255
41	64.3072	88.5388	1.88066
42	80.5526	88.3486	1.84516
43	97.7694	88.5677	1.81501
44	97.9501	88.781	1.78606
45	98.865	89.0051	1.76024
46	98.3837	89.2089	1.73358
47	98.7901	89.4128	1.7085
48	98.3842	89.5997	1.68293
49	86.6107	89.5387	1.64936
50	83.9021	89.426	1.61996
51	99.2926	89.6194	1.59962
52	91.5755	89.657	1.56901
53	71.903	89.3221	1.57515
54	76.9146	89.0923	1.56269
55	35.1467	88.1115	1.82078
56	96.3363	88.2583	1.79399
57	42.496	87.4555	1.9365
58	48.0907	86.7768	2.02024
59	65.4424	86.4152	2.01836
60	99.7232	86.637	1.99679
61	98.4856	86.8312	1.97337
62	87.9042	86.8485	1.94135
63	74.6176	86.6544	1.92013
64	95.9344	86.7994	1.89545
65	97.6747	86.9667	1.87354
66	82.3309	86.8965	1.84627
67	99.7915	87.0889	1.82866
68	99.5262	87.2718	1.81083
69	79.5357	87.1597	1.78791
70	77.069	87.0156	1.76807
71	88.903	87.0421	1.7432
72	45.5478	86.4658	1.81286
73	97.2187	86.6131	1.79391
74	95.0544	86.7272	1.77318
75	99.1475	86.8928	1.75719
76	98.8922	87.0507	1.74109
77	89.9371	87.0882	1.71874
78	85.5179	87.0681	1.69668
79	98.2675	87.2098	1.68106
80	97.3509	87.3366	1.66474
81	83.9256	87.2945	1.6446
82	90.0749	87.3284	1.62478
83	97.133	87.4465	1.60942
84	95.9709	87.548	1.59338
85	99.8674	87.6929	1.58118
86	54.5235	87.3072	1.60958
87	94.9158	87.3947	1.59337
88	99.7584	87.5352	1.58142
89	87.3627	87.5332	1.56355
90	98.117	87.6508	1.55054
91	79.8294	87.5649	1.53582
92	95.5856	87.6521	1.52153
93	81.0934	87.5815	1.50673
94	59.777	87.2858	1.51968
95	92.8587	87.3444	1.50474
96	96.0296	87.4349	1.49173
97	99.5059	87.5593	1.48151
98	90.5254	87.5896	1.46663
99	97.7502	87.6922	1.45536
100	98.1059	87.7964	1.44449
