1	0.372953	0.372953	0
2	0.53553	0.454242	0.0812885
3	0.483616	0.464033	0.0479425
4	0.404881	0.449245	0.0369855
5	0.431635	0.445723	0.0288645
6	0.560578	0.464866	0.0303624
7	0.553909	0.477586	0.0286408
8	0.349343	0.461556	0.0295329
9	0.426751	0.457689	0.0263311
10	0.587176	0.470637	0.0268762
11	0.542371	0.477159	0.0251699
12	0.545565	0.482859	0.0236735
13	0.33349	0.471369	0.0246217
14	0.377438	0.46466	0.0237622
15	0.525439	0.468712	0.0224894
16	0.602102	0.477049	0.0226286
17	0.472849	0.476802	0.0212573
18	0.498301	0.477996	0.0200772
19	0.513991	0.47989	0.0190854
20	0.375582	0.474675	0.0188422
21	0.535558	0.477574	0.0181554
22	0.347906	0.47168	0.0182864
23	0.444052	0.470479	0.0175145
24	0.543374	0.473516	0.0170417
25	0.745431	0.484393	0.0196338
26	0.405354	0.481353	0.019107
27	0.558903	0.484225	0.0186087
28	0.420937	0.481965	0.0180737
29	0.703952	0.48962	0.0190453
30	0.489948	0.48963	0.0183995
31	0.507575	0.490209	0.0178055
32	0.46391	0.489387	0.0172597
33	0.459349	0.488477	0.0167532
34	0.386031	0.485464	0.01653
35	0.633332	0.489689	0.0165974
36	0.412973	0.487558	0.01627
37	0.43536	0.486147	0.0158869
38	0.309027	0.481486	0.0161504
39	0.319589	0.477335	0.0162693
40	0.419363	0.475886	0.0159235
41	0.320685	0.4721	0.0159849
42	0.383487	0.46999	0.0157417
43	0.549939	0.47185	0.0154833
44	0.385659	0.469891	0.0152536
45	0.356094	0.467362	0.0151237
46	0.671276	0.471795	0.0154413
47	0.442026	0.471161	0.0151224
48	0.503502	0.471835	0.0148194
49	0.422528	0.470829	0.0145486
50	0.775837	0.476929	0.0155051
51	0.365434	0.474743	0.0153545
52	0.411975	0.473536	0.0151046
53	0.500644	0.474047	0.0148257
54	0.567169	0.475772	0.0146504
55	0.416002	0.474685	0.0144226
56	0.416799	0.473651	0.0142003
57	0.509474	0.47428	0.0139631
58	0.41204	0.473207	0.0137622
59	0.309635	0.470434	0.0138081
60	0.47438	0.4705	0.0135762
61	0.451404	0.470187	0.0133554
62	0.406382	0.469158	0.0131785
63	0.431858	0.468566	0.0129811
64	0.660735	0.471569	0.0131248
65	0.392446	0.470351	0.0129785
66	0.35801	0.468649	0.0128932
67	0.615101	0.470835	0.012886
68	0.566532	0.472242	0.0127729
69	0.373986	0.470818	0.0126667
70	0.530489	0.471671	0.0125135
71	0.436886	0.471181	0.0123457
72	0.384208	0.469973	0.0122328
73	0.396753	0.46897	0.0121057
74	0.420417	0.468314	0.011959
75	0.358641	0.466851	0.0118888
76	0.459045	0.466749	0.0117317
77	0.405114	0.465948	0.011606
78	0.539545	0.466892	0.011495
79	0.284247	0.46458	0.0115817
80	0.435974	0.464222	0.0114416
81	0.569606	0.465523	0.0113741
82	0.558476	0.466657	0.0112916
83	0.464609	0.466632	0.0111548
84	0.554692	0.467681	0.0110709
85	0.378072	0.466626	0.0109906
86	0.495745	0.466965	0.0108673
87	0.429449	0.466534	0.0107503
88	0.506499	0.466988	0.0106371
89	0.412833	0.466379	0.0105345
90	0.489762	0.466639	0.0104201
91	0.33378	0.465179	0.0104078
92	0.427054	0.464765	0.0103024
93	0.280473	0.462783	0.0103819
94	0.459599	0.462749	0.0102709
95	0.598328	0.464176	0.010262
96	0.339299	0.462876	0.0102375
97	0.463449	0.462882	0.0101314
98	0.426245	0.462508	0.0100345
99	0.371867	0.461592	0.00997468
100	0.53793	0.462356	0.0099039
