1	-0.915383	-0.915383	0
2	-0.902529	-0.908956	0.0064272
3	-0.940566	-0.919493	0.0111711
4	-0.962282	-0.93019	0.0132976
5	-0.94237	-0.932626	0.0105845
6	-0.919174	-0.930384	0.00892827
7	-0.941605	-0.931987	0.00771415
8	-0.937844	-0.932719	0.00672065
9	-0.955832	-0.935287	0.0064595
10	-0.911527	-0.932911	0.00624704
11	-0.946137	-0.934114	0.00577715
12	-0.943921	-0.934931	0.00533675
13	-0.94948	-0.93605	0.00503505
14	-0.940234	-0.936349	0.00467112
15	-0.959976	-0.937924	0.00462506
16	-0.930342	-0.93745	0.00435223
17	-0.962902	-0.938947	0.00435374
18	-0.933816	-0.938662	0.00411463
19	-0.930091	-0.938211	0.00391811
20	-0.914534	-0.937027	0.00390101
21	-0.954015	-0.937836	0.00379775
22	-0.894002	-0.935844	0.00413301
23	-0.933584	-0.935745	0.00395045
24	-0.920146	-0.935095	0.00383771
25	-0.925093	-0.934695	0.00370268
26	-0.937857	-0.934817	0.0035595
27	-0.959478	-0.93573	0.00354483
28	-0.925334	-0.935359	0.003436
29	-0.951501	-0.935916	0.0033618
30	-0.933381	-0.935831	0.00324891
31	-0.908211	-0.93494	0.00326623
32	-0.94691	-0.935314	0.00318455
33	-0.970763	-0.936388	0.00326813
34	-0.929621	-0.936189	0.0031768
35	-0.946091	-0.936472	0.00309764
36	-0.95595	-0.937013	0.0030586
37	-0.94864	-0.937328	0.00299134
38	-0.989872	-0.93871	0.00322322
39	-0.930251	-0.938493	0.00314697
40	-0.975977	-0.939431	0.00320723
41	-0.978051	-0.940372	0.00326678
42	-0.912566	-0.93971	0.00325608
43	-0.927002	-0.939415	0.00319316
44	-0.961514	-0.939917	0.00315992
45	-0.937325	-0.93986	0.00308943
46	-0.953697	-0.94016	0.00303646
47	-0.940018	-0.940157	0.00297116
48	-0.965176	-0.940679	0.00295493
49	-0.97283	-0.941335	0.00296745
50	-0.927882	-0.941066	0.00291992
51	-0.935743	-0.940961	0.002864
52	-0.936109	-0.940868	0.00280993
53	-0.918398	-0.940444	0.00278882
54	-0.928398	-0.940221	0.00274576
55	-0.956281	-0.940513	0.00271115
56	-0.922614	-0.940193	0.00268141
57	-0.943977	-0.94026	0.00263479
58	-0.928025	-0.940049	0.00259754
59	-0.901302	-0.939392	0.00263625
60	-0.944829	-0.939483	0.00259352
61	-0.958443	-0.939793	0.00256952
62	-0.950708	-0.939969	0.00253386
63	-0.952322	-0.940166	0.00250101
64	-0.922512	-0.93989	0.00247703
65	-0.895672	-0.939209	0.00253173
66	-0.913222	-0.938816	0.00252398
67	-0.940932	-0.938847	0.00248622
68	-0.958732	-0.93914	0.00246678
69	-0.980637	-0.939741	0.00250406
70	-0.933096	-0.939646	0.00246985
71	-0.929054	-0.939497	0.00243938
72	-0.920546	-0.939234	0.00241962
73	-0.950361	-0.939386	0.00239111
74	-0.954746	-0.939594	0.00236769
75	-0.966842	-0.939957	0.002364
76	-0.946234	-0.94004	0.00233414
77	-0.915218	-0.939717	0.00232608
78	-0.949933	-0.939848	0.00229979
79	-0.925566	-0.939668	0.00227768
80	-0.952952	-0.939834	0.00225515
81	-0.933088	-0.93975	0.00222869
82	-0.96186	-0.94002	0.0022178
83	-0.937152	-0.939985	0.00219119
84	-0.924197	-0.939797	0.00217309
85	-0.966092	-0.940107	0.00216954
86	-0.958917	-0.940325	0.00215529
87	-0.948542	-0.94042	0.00213246
88	-0.958936	-0.94063	0.00211857
89	-0.929762	-0.940508	0.00209818
90	-0.93776	-0.940478	0.00207496
91	-0.963252	-0.940728	0.00206724
92	-0.922498	-0.94053	0.00205423
93	-0.930536	-0.940422	0.00203486
94	-0.924812	-0.940256	0.00201993
95	-0.919476	-0.940038	0.00201049
96	-0.978502	-0.940438	0.00202938
97	-0.968786	-0.94073	0.00202951
98	-0.958026	-0.940907	0.00201643
99	-0.974249	-0.941244	0.00202417
100	-0.962988	-0.941461	0.00201559
