1	0.28116	0.28116	0
2	-0.34956	-0.0342	0.31536
3	0.74032	0.223973	0.315918
4	0.68608	0.3395	0.251492
5	0.69852	0.411304	0.207617
6	0.37468	0.4052	0.169629
7	0.66824	0.442777	0.148205
8	0.4962	0.449455	0.128523
9	0.7276	0.48036	0.117484
10	0.48836	0.48116	0.105084
11	0.57084	0.489313	0.0954014
12	0.76404	0.512207	0.090048
13	0.61	0.519729	0.083173
14	0.70372	0.532871	0.0781167
15	0.7308	0.546067	0.0739101
16	0.66508	0.553505	0.0695356
17	0.83312	0.569953	0.0673564
18	0.5308	0.567778	0.0635415
19	0.32456	0.554977	0.0614523
20	0.48672	0.551564	0.0583985
21	0.75676	0.561335	0.0564009
22	8e-05	0.535824	0.0595208
23	0.6272	0.539797	0.0570126
24	0.51528	0.538775	0.054595
25	0.48664	0.53669	0.0524072
26	0.51684	0.535926	0.050357
27	0.80992	0.546074	0.0495073
28	0.22268	0.534524	0.0490846
29	0.59504	0.536611	0.0474077
30	0.64104	0.540092	0.0459323
31	0.09856	0.525849	0.0466532
32	0.63748	0.529338	0.0453063
33	0.85016	0.539059	0.0449752
34	0.36504	0.533941	0.0439316
35	0.66056	0.537559	0.042811
36	0.52148	0.537112	0.0416073
37	0.368	0.532542	0.0407244
38	0.9416	0.543306	0.0410739
39	0.52456	0.542826	0.0400098
40	0.89484	0.551626	0.0399774
41	0.89456	0.55999	0.0398772
42	0.28828	0.553521	0.0394502
43	0.30608	0.547767	0.0389493
44	0.66772	0.550493	0.0381513
45	0.56624	0.550843	0.0372955
46	0.58884	0.551669	0.0364851
47	0.63688	0.553482	0.0357463
48	0.8588	0.559843	0.0355671
49	0.87752	0.566326	0.0354319
50	0.55808	0.566161	0.0347164
51	0.49916	0.564847	0.0340542
52	0.64144	0.56632	0.0334254
53	0.42388	0.563632	0.0328986
54	0.28392	0.558453	0.0326965
55	0.58204	0.558881	0.0320994
56	0.57868	0.559235	0.031523
57	0.68284	0.561404	0.0310409
58	0.56124	0.561401	0.030501
59	0.11308	0.553802	0.0309275
60	0.76144	0.557263	0.030604
61	0.78616	0.561015	0.0303311
62	0.7554	0.56415	0.0300022
63	0.82012	0.568213	0.0298004
64	0.5056	0.567235	0.0293474
65	0.2196	0.561887	0.0293832
66	0.24908	0.557147	0.0293201
67	0.5906	0.557647	0.0288835
68	0.8166	0.561455	0.0287093
69	0.88784	0.566185	0.0286829
70	0.4028	0.563851	0.0283664
71	0.30872	0.560257	0.0281939
72	0.43532	0.558522	0.0278537
73	0.69004	0.560324	0.0275285
74	0.82128	0.56385	0.027382
75	0.85012	0.567667	0.0272827
76	0.66372	0.568931	0.026951
77	0.56092	0.568827	0.0265989
78	0.45264	0.567337	0.0262979
79	0.10632	0.561502	0.0266106
80	0.7956	0.564428	0.0264383
81	0.5544	0.564304	0.0261102
82	0.729	0.566313	0.0258679
83	0.5296	0.56587	0.0255581
84	0.64184	0.566775	0.0252682
85	0.8366	0.569949	0.0251702
86	0.56984	0.569948	0.0248758
87	0.45912	0.568674	0.0246212
88	0.7788	0.571062	0.0244566
89	0.47612	0.569995	0.0242038
90	0.732	0.571795	0.0240009
91	0.7346	0.573584	0.023803
92	0.38492	0.571533	0.023632
93	0.5428	0.571225	0.0233786
94	0.4686	0.570133	0.0231543
95	0.4418	0.568782	0.0229491
96	0.89312	0.57216	0.0229587
97	0.81532	0.574667	0.0228587
98	0.72928	0.576245	0.0226791
99	0.87244	0.579237	0.0226474
100	0.8134	0.581578	0.0225417
