1	27.5758	27.5758	0
2	30.4511	29.0134	1.43766
3	47.2062	35.0777	6.12079
4	50.1457	38.8447	5.73781
5	43.9957	39.8749	4.56232
6	31.096	38.4117	4.00216
7	41.6564	38.8753	3.41406
8	31.6966	37.9779	3.08983
9	49.6975	39.2801	3.02012
10	31.6703	38.5191	2.80642
11	47.8992	39.3718	2.6779
12	49.4315	40.2102	2.58432
13	39.6354	40.1659	2.37764
14	43.5071	40.4046	2.21417
15	50.7855	41.0967	2.17435
16	44.4713	41.3076	2.04483
17	57.3593	42.2518	2.14031
18	37.1173	41.9665	2.03797
19	38.8679	41.8035	1.93461
20	34.207	41.4236	1.87422
21	52.0006	41.9273	1.85253
22	17.4966	40.8168	2.08639
23	41.6239	40.8519	1.99393
24	36.8574	40.6855	1.91628
25	38.4423	40.5957	1.84022
26	35.5403	40.4013	1.77869
27	55.5687	40.9631	1.80137
28	35.3636	40.7631	1.74733
29	53.4439	41.2003	1.74178
30	38.9418	41.1251	1.6844
31	33.8624	40.8908	1.64592
32	43.6319	40.9764	1.59596
33	59.2315	41.5296	1.64278
34	33.9737	41.3074	1.60915
35	46.9204	41.4678	1.57071
36	53.8921	41.8129	1.56498
37	50.5292	42.0485	1.54022
38	69.6372	42.7745	1.66569
39	31.4804	42.4849	1.64806
40	64.1778	43.0272	1.69541
41	63.7268	43.5321	1.7289
42	22.4474	43.0301	1.76033
43	36.8871	42.8872	1.72483
44	50.6564	43.0638	1.6944
45	38.3185	42.9583	1.65967
46	46.9808	43.0458	1.62555
47	40.8894	42.9999	1.59125
48	59.9217	43.3524	1.59714
49	62.0194	43.7334	1.60993
50	40.8537	43.6758	1.57845
51	40.533	43.6142	1.54842
52	38.9442	43.5244	1.521
53	39.6654	43.4515	1.4938
54	42.8079	43.4396	1.46593
55	52.7809	43.6095	1.44902
56	37.5531	43.5013	1.42701
57	45.7483	43.5407	1.4023
58	32.5961	43.352	1.39078
59	13.7168	42.8497	1.45636
60	48.7801	42.9486	1.43529
61	52.1762	43.0999	1.41965
62	49.0975	43.1966	1.39991
63	54.4092	43.3746	1.38896
64	34.5378	43.2365	1.37404
65	16.3298	42.8226	1.41465
66	20.9783	42.4916	1.43183
67	44.9562	42.5284	1.41078
68	57.0844	42.7424	1.40626
69	64.2484	43.0541	1.42035
70	44.9339	43.081	1.40017
71	32.8313	42.9366	1.38784
72	28.0636	42.73	1.38393
73	45.0042	42.7612	1.3652
74	54.6905	42.9224	1.35624
75	58.7115	43.1329	1.35449
76	45.2203	43.1604	1.33683
77	31.8401	43.0134	1.32752
78	52.5824	43.136	1.31612
79	30.7156	42.9788	1.30883
80	52.0908	43.0927	1.29738
81	44.8042	43.1138	1.28144
82	56.09	43.2721	1.27557
83	40.3151	43.2365	1.26061
84	39.0144	43.1862	1.24652
85	57.3803	43.3532	1.24304
86	54.2294	43.4797	1.23499
87	45.9796	43.5084	1.22105
88	53.087	43.6172	1.212
89	29.9568	43.4638	1.20809
90	46.9452	43.5024	1.19522
91	48.8331	43.561	1.18346
92	29.9071	43.4126	1.1799
93	31.6266	43.2859	1.174
94	34.1808	43.189	1.16548
95	31.3643	43.0645	1.15984
96	63.6943	43.2794	1.16764
97	57.4891	43.4259	1.16479
98	50.4687	43.4978	1.15508
99	61.3097	43.6777	1.15742
100	57.5516	43.8164	1.15416
