1	2.62725	2.62725	0
2	2.20891	2.41808	0.209173
3	2.19344	2.3432	0.142097
4	2.43307	2.36567	0.102959
5	2.62987	2.41851	0.095668
6	2.33477	2.40455	0.0793495
7	2.2208	2.3783	0.072017
8	2.55387	2.40025	0.066117
9	2.71771	2.43552	0.0681486
10	2.69765	2.46173	0.0663515
11	2.49323	2.4646	0.0600854
12	3.09819	2.5174	0.0761335
13	2.23392	2.49559	0.0733489
14	2.11835	2.46864	0.0730586
15	2.8192	2.49201	0.0719171
16	3.39461	2.54843	0.0877948
17	2.38256	2.53867	0.083044
18	2.17349	2.51838	0.0808804
19	3.04283	2.54598	0.0813322
20	2.90043	2.56371	0.0791676
21	2.75803	2.57296	0.0758698
22	2.87392	2.58664	0.0736212
23	2.436	2.58009	0.0706517
24	2.73872	2.5867	0.067966
25	2.77552	2.59425	0.0656268
26	2.87344	2.60499	0.06396
27	2.77627	2.61133	0.0618716
28	2.88731	2.62119	0.0604301
29	2.12203	2.60398	0.0607966
30	2.7928	2.61027	0.0590713
31	2.42149	2.60418	0.0574577
32	2.59984	2.60405	0.0556333
33	2.42293	2.59856	0.0541997
34	3.17248	2.61544	0.0552245
35	2.05317	2.59937	0.0559781
36	2.86757	2.60682	0.0549087
37	2.37675	2.60061	0.0537648
38	2.43424	2.59623	0.0525137
39	2.57184	2.5956	0.0511533
40	3.12949	2.60895	0.0516137
41	2.81707	2.61403	0.0505944
42	2.52693	2.61195	0.0494186
43	2.46704	2.60858	0.0483732
44	3.104	2.61984	0.0485837
45	2.94267	2.62702	0.0480306
46	2.53035	2.62491	0.0470218
47	2.50037	2.62226	0.0460867
48	2.81648	2.62631	0.0452974
49	2.35579	2.62079	0.0447056
50	2.59643	2.6203	0.043805
51	2.99483	2.62765	0.043561
52	2.80032	2.63097	0.0428439
53	2.28043	2.62435	0.042545
54	2.70512	2.62585	0.0417765
55	2.53333	2.62417	0.0410444
56	2.97509	2.63043	0.040789
57	3.12016	2.63902	0.0409779
58	1.90997	2.62645	0.0421816
59	2.26997	2.62041	0.0418984
60	2.4776	2.61803	0.0412629
61	2.432	2.61498	0.0406952
62	2.29733	2.60986	0.04036
63	2.36368	2.60595	0.039906
64	2.15163	2.59885	0.0399138
65	2.45765	2.59668	0.039355
66	2.16128	2.59008	0.0393116
67	2.08752	2.58258	0.0394402
68	2.27408	2.57805	0.0391199
69	2.64048	2.57895	0.0385594
70	2.57669	2.57892	0.0380045
71	2.74405	2.58124	0.0375376
72	2.16565	2.57547	0.0374599
73	3.04939	2.58196	0.0375093
74	2.08368	2.57523	0.0376067
75	2.32011	2.57183	0.0372575
76	2.49264	2.57079	0.0367787
77	2.81515	2.57396	0.0364364
78	2.43931	2.57223	0.0360077
79	2.7448	2.57442	0.035616
80	2.68768	2.57583	0.0351965
81	2.60603	2.57621	0.0347612
82	2.11333	2.57056	0.0347956
83	2.42048	2.56875	0.0344213
84	2.51925	2.56816	0.0340142
85	2.51707	2.56756	0.033617
86	2.6208	2.56818	0.0332296
87	2.90475	2.57205	0.0330725
88	2.55973	2.57191	0.0326948
89	2.67979	2.57312	0.0323481
90	2.87291	2.57645	0.0321596
91	2.01808	2.57032	0.0323907
92	2.95216	2.57447	0.0323044
93	2.24683	2.57095	0.0321488
94	2.36	2.5687	0.031884
95	2.16763	2.56448	0.0318279
96	3.27189	2.57185	0.0323452
97	2.65691	2.57273	0.032022
98	2.72789	2.57431	0.0317331
99	2.56341	2.5742	0.0314111
100	2.48459	2.5733	0.0311083
