1	-0.588857	-0.588857	0
2	-0.595716	-0.592286	0.0034296
3	-0.585297	-0.589957	0.00305761
4	-0.587856	-0.589431	0.00222492
5	-0.588774	-0.5893	0.00172842
6	-0.580762	-0.587877	0.00200408
7	-0.5776	-0.586409	0.00224149
8	-0.578705	-0.585446	0.00216694
9	-0.590594	-0.586018	0.00199484
10	-0.58729	-0.586145	0.00178877
11	-0.583477	-0.585903	0.00163609
12	-0.588361	-0.586107	0.00150752
13	-0.586005	-0.5861	0.00138674
14	-0.579748	-0.585646	0.00136167
15	-0.584958	-0.5856	0.00126848
16	-0.588295	-0.585769	0.00119845
17	-0.582193	-0.585558	0.00114523
18	-0.585474	-0.585554	0.00107974
19	-0.602313	-0.586436	0.00134951
20	-0.589985	-0.586613	0.00129249
21	-0.585671	-0.586568	0.00123022
22	-0.588218	-0.586643	0.00117537
23	-0.58255	-0.586465	0.00113712
24	-0.580342	-0.58621	0.00111821
25	-0.575463	-0.58578	0.00115548
26	-0.590233	-0.585951	0.00112328
27	-0.595343	-0.586299	0.00113547
28	-0.577574	-0.585988	0.00113768
29	-0.58021	-0.585788	0.00111569
30	-0.579223	-0.58557	0.00109985
31	-0.577919	-0.585323	0.00109203
32	-0.576818	-0.585057	0.00109024
33	-0.581557	-0.584951	0.00106199
34	-0.587664	-0.585031	0.00103337
35	-0.586826	-0.585082	0.00100472
36	-0.584071	-0.585054	0.000976819
37	-0.581816	-0.584966	0.000954073
38	-0.583032	-0.584916	0.000930021
39	-0.59048	-0.585058	0.000917028
40	-0.592053	-0.585233	0.000910753
41	-0.585486	-0.585239	0.000888283
42	-0.58107	-0.58514	0.00087254
43	-0.580449	-0.585031	0.000858963
44	-0.595554	-0.58527	0.000872625
45	-0.594234	-0.585469	0.000875965
46	-0.577862	-0.585304	0.000872525
47	-0.585171	-0.585301	0.000853763
48	-0.591538	-0.585431	0.000845828
49	-0.583559	-0.585393	0.000829267
50	-0.58195	-0.585324	0.000815426
51	-0.590057	-0.585417	0.000804646
52	-0.586838	-0.585444	0.000789494
53	-0.576717	-0.585279	0.000791767
54	-0.589722	-0.585362	0.000781311
55	-0.586307	-0.585379	0.000767166
56	-0.583417	-0.585344	0.000754156
57	-0.578518	-0.585224	0.000750425
58	-0.57648	-0.585073	0.000752627
59	-0.586746	-0.585102	0.000740304
60	-0.580121	-0.585019	0.00073258
61	-0.583584	-0.584995	0.000720854
62	-0.583278	-0.584967	0.000709673
63	-0.585514	-0.584976	0.000698371
64	-0.583633	-0.584955	0.000687693
65	-0.584764	-0.584952	0.000677037
66	-0.575043	-0.584802	0.000683395
67	-0.582666	-0.58477	0.000673873
68	-0.580937	-0.584714	0.000666278
69	-0.598343	-0.584911	0.000685621
70	-0.586366	-0.584932	0.000676074
71	-0.584185	-0.584922	0.000666567
72	-0.586667	-0.584946	0.000657691
73	-0.583235	-0.584922	0.000649042
74	-0.594753	-0.585055	0.000653849
75	-0.583192	-0.58503	0.00064555
76	-0.591228	-0.585112	0.000642198
77	-0.575882	-0.584992	0.000645039
78	-0.588657	-0.585039	0.000638447
79	-0.57938	-0.584967	0.000634371
80	-0.583299	-0.584947	0.000626738
81	-0.583126	-0.584924	0.000619361
82	-0.575822	-0.584813	0.00062175
83	-0.57393	-0.584682	0.000628055
84	-0.584224	-0.584677	0.000620557
85	-0.588726	-0.584724	0.00061506
86	-0.590995	-0.584797	0.000612224
87	-0.592578	-0.584886	0.000611719
88	-0.58159	-0.584849	0.000605887
89	-0.58633	-0.584866	0.000599272
90	-0.60281	-0.585065	0.00062522
91	-0.563834	-0.584832	0.000660863
92	-0.585246	-0.584836	0.000653656
93	-0.570942	-0.584687	0.000663624
94	-0.574968	-0.584583	0.000664617
95	-0.571572	-0.584446	0.000671696
96	-0.571704	-0.584314	0.000677787
97	-0.582025	-0.58429	0.000671178
98	-0.583126	-0.584278	0.0006644
99	-0.584296	-0.584278	0.000657654
100	-0.584522	-0.584281	0.000651049
