1	0.288726	0.288726	0
2	0.317197	0.302962	0.0142357
3	0.297286	0.30107	0.00843391
4	0.285619	0.297207	0.00710534
5	0.291726	0.296111	0.00561187
6	0.294635	0.295865	0.00458867
7	0.289192	0.294912	0.00399357
8	0.305282	0.296208	0.00369346
9	0.307409	0.297453	0.00348701
10	0.308958	0.298603	0.00332431
11	0.293717	0.298159	0.00303959
12	0.333292	0.301087	0.00403375
13	0.285711	0.299904	0.00389446
14	0.293192	0.299425	0.0036373
15	0.294564	0.2991	0.00340161
16	0.310829	0.299834	0.00326527
17	0.311953	0.300546	0.00314895
18	0.284363	0.299647	0.00310201
19	0.28349	0.298797	0.00305495
20	0.288408	0.298278	0.00294437
21	0.323904	0.299498	0.00305497
22	0.291933	0.299154	0.00293302
23	0.299015	0.299148	0.0028026
24	0.315977	0.299849	0.00277339
25	0.266213	0.298504	0.00298103
26	0.27528	0.29761	0.00300014
27	0.30516	0.29789	0.00290039
28	0.327161	0.298935	0.00298399
29	0.285537	0.298473	0.00291609
30	0.314958	0.299023	0.0028703
31	0.308241	0.29932	0.00279205
32	0.287151	0.29894	0.00273
33	0.314757	0.299419	0.00268904
34	0.282213	0.298913	0.00265739
35	0.267181	0.298007	0.00273499
36	0.298796	0.298029	0.00265803
37	0.284332	0.297658	0.00261156
38	0.340104	0.298775	0.0027765
39	0.286845	0.298469	0.00272162
40	0.320779	0.299027	0.0027107
41	0.325417	0.299671	0.00272099
42	0.307227	0.299851	0.0026615
43	0.290219	0.299627	0.0026085
44	0.324055	0.300182	0.0026083
45	0.291658	0.299993	0.00255671
46	0.297226	0.299932	0.00250123
47	0.284602	0.299606	0.00246907
48	0.32135	0.300059	0.00245917
49	0.300274	0.300064	0.00240846
50	0.304603	0.300154	0.00236155
51	0.309536	0.300338	0.00232208
52	0.282266	0.299991	0.00230336
53	0.279502	0.299604	0.00229231
54	0.297442	0.299564	0.00224982
55	0.304816	0.29966	0.00221059
56	0.294757	0.299572	0.00217253
57	0.275579	0.299151	0.00217519
58	0.282172	0.298858	0.00215731
59	0.308708	0.299025	0.00212699
60	0.285568	0.298801	0.00210324
61	0.328962	0.299296	0.00212674
62	0.282782	0.299029	0.00210904
63	0.315683	0.299294	0.00209207
64	0.28524	0.299074	0.00207079
65	0.295438	0.299018	0.00203945
66	0.291859	0.29891	0.00201124
67	0.292987	0.298821	0.00198297
68	0.302248	0.298872	0.00195424
69	0.29219	0.298775	0.00192814
70	0.307852	0.298904	0.00190481
71	0.277675	0.298605	0.00190145
72	0.293331	0.298532	0.00187629
73	0.309684	0.298685	0.0018567
74	0.292853	0.298606	0.00183313
75	0.293895	0.298543	0.00180962
76	0.279138	0.298288	0.00180381
77	0.305694	0.298384	0.00178282
78	0.266915	0.297981	0.00180547
79	0.286386	0.297834	0.0017885
80	0.267972	0.297461	0.00180502
81	0.276954	0.297207	0.00180049
82	0.287485	0.297089	0.00178234
83	0.301116	0.297137	0.00176141
84	0.283593	0.296976	0.00174776
85	0.291442	0.296911	0.00172831
86	0.276441	0.296673	0.0017246
87	0.268976	0.296355	0.00173413
88	0.289408	0.296276	0.00171613
89	0.292589	0.296234	0.00169724
90	0.313952	0.296431	0.00168978
91	0.277796	0.296226	0.00168361
92	0.290028	0.296159	0.00166657
93	0.310463	0.296313	0.00165572
94	0.289854	0.296244	0.00163945
95	0.313695	0.296428	0.00163247
96	0.285339	0.296312	0.0016195
97	0.270549	0.296047	0.00162457
98	0.296853	0.296055	0.00160793
99	0.313548	0.296232	0.00160138
100	0.277726	0.296047	0.00159605
