1	0.08284	0.08284	0
2	0.0538	0.06832	0.01452
3	0.05684	0.0644933	0.00921521
4	0.1048	0.07457	0.012
5	0.05872	0.0714	0.00982082
6	0.04212	0.06652	0.00938687
7	0.06	0.0655886	0.00798785
8	0.07924	0.067295	0.00712504
9	0.06572	0.06712	0.00628613
10	0.01252	0.06166	0.00783734
11	0.05784	0.0613127	0.00709764
12	0.04204	0.0597067	0.00667532
13	0.01224	0.0560554	0.00714398
14	0.0114	0.0528657	0.00734299
15	0.03192	0.0514693	0.00697711
16	0.13876	0.056925	0.00850643
17	0.05364	0.0567318	0.00799274
18	0.00972	0.05412	0.0079754
19	0.12364	0.0577789	0.00838447
20	0.05524	0.057652	0.00795522
21	-0.00844	0.0545048	0.00819533
22	0.03088	0.0534309	0.00788739
23	0.03948	0.0528243	0.00756103
24	0.06908	0.0535017	0.00727075
25	0.02916	0.052528	0.0070415
26	0.07164	0.0532631	0.00680507
27	0.08316	0.0543704	0.00664115
28	0.03868	0.05381	0.00642405
29	0.05448	0.0538331	0.00619862
30	0.08116	0.054744	0.00605732
31	0.01196	0.0533639	0.00601903
32	0.04492	0.0531	0.00583387
33	0.06184	0.0533648	0.00566052
34	0.0832	0.0542424	0.00556118
35	0.02132	0.0533017	0.00548127
36	0.01556	0.0522533	0.00542902
37	0.0388	0.0518897	0.00529276
38	0.0596	0.0520926	0.00515559
39	0.072	0.0526031	0.00504753
40	0.09464	0.053654	0.00503072
41	0.05032	0.0535727	0.00490715
42	0.01752	0.0527143	0.00486522
43	0.05044	0.0526614	0.00475102
44	0.08968	0.0535027	0.00471742
45	0.04772	0.0533742	0.00461318
46	0.02512	0.05276	0.0045534
47	0.07456	0.0532238	0.00447954
48	0.06492	0.0534675	0.00439199
49	0.10196	0.0544571	0.0044138
50	0.05748	0.0545176	0.00432505
51	0.04284	0.0542886	0.00424557
52	0.10192	0.0552046	0.00426271
53	0.05184	0.0551411	0.00418199
54	0.05812	0.0551963	0.00410418
55	0.05536	0.0551993	0.00402887
56	0.09484	0.0559071	0.0040191
57	0.04188	0.0556611	0.00395562
58	0.044	0.05546	0.00389202
59	0.08528	0.0559654	0.00385873
60	0.01404	0.0552667	0.00385769
61	0.0792	0.055659	0.00381415
62	0.05188	0.0555981	0.00375262
63	0.04372	0.0554095	0.00369739
64	0.08564	0.0558819	0.00366968
65	0.0222	0.0553637	0.00364976
66	0.06016	0.0554364	0.00359477
67	0.07732	0.055763	0.00355574
68	0.08684	0.05622	0.00353275
69	-0.00284	0.0553641	0.00358486
70	0.07828	0.0556914	0.00354841
71	0.08124	0.0560513	0.00351653
72	0.04536	0.0559028	0.00347052
73	0.09376	0.0564214	0.00346172
74	0.05764	0.0564378	0.00341466
75	0.0676	0.0565867	0.00337211
76	0.0174	0.0560711	0.00336715
77	0.02208	0.0556296	0.00335233
78	0.04084	0.05544	0.0033145
79	0.057	0.0554597	0.00327233
80	-0.00304	0.0547285	0.00331288
81	0.05228	0.0546983	0.00327187
82	0.05908	0.0547517	0.00323216
83	0.00448	0.054146	0.00324992
84	0.0832	0.0544919	0.00322957
85	0.04428	0.0543718	0.00319361
86	0.08176	0.0546902	0.00317228
87	0.05688	0.0547154	0.00313571
88	0.03948	0.0545423	0.0031047
89	0.10848	0.0551483	0.00312888
90	0.06452	0.0552524	0.00309567
91	0.01572	0.054818	0.00309213
92	0.02628	0.0545078	0.00307402
93	-0.02088	0.0536972	0.00314698
94	0.0444	0.0535983	0.0031149
95	0.0626	0.0536931	0.00308339
96	0.0812	0.0539796	0.00306453
97	0.08924	0.0543431	0.00305448
98	0.04032	0.0542	0.00302653
99	-0.0092	0.0535596	0.00306349
100	-0.01392	0.0528848	0.00310687
